3 2 10 0 12 0 8 
1 1 8 
1 3 9 
1 2 7 
1 4 8 
1 3 6 
1 5 7 
1 4 5 
1 6 6 
1 5 4 
1 7 5 
1 6 3 
0 
1 7 2 
1 9 3 
0 
1 10 2 
0 
0 
2 11 0 6 0 
0 
0 
1 5 1 
0 
1 4 2 
0 
1 2 3 
0 
0 
0 
0 
1 1 4 
0 
0 
0 
0 
0 
0 
0 
0 
0 
0 
0 
0 
0 
0 
0 
0 
0 
0 
0 
0 
0 
0 
0 
0 
1 3 11 
1 2 13 
1 4 12 
1 3 14 
1 5 13 
0 
1 7 14 
1 5 16 
2 6 16 6 12 
1 8 15 
0 
1 9 16 
1 8 18 
1 10 17 
0 
1 11 18 
0 
1 12 19 
0 
2 14 20 7 20 
0 
1 13 18 
1 15 19 
1 14 17 
1 16 18 
1 15 16 
1 17 17 
1 16 15 
1 18 16 
1 17 14 
1 19 15 
1 18 13 
0 
1 19 11 
1 20 17 
0 
0 
1 19 18 
0 
1 18 19 
0 
0 
1 16 19 
1 15 20 
0 
0 
0 
0 
0 
0 
0 
0 
0 
0 
0 
2 17 12 19 8 
1 20 10 
0 
0 
1 16 11 
1 17 9 
1 14 10 
0 
0 
0 
1 14 14 
1 12 12 
1 13 14 
1 17 13 
1 12 15 
1 9 14 
0 
1 10 12 
0 
1 9 11 
0 
0 
0 
0 
1 9 8 
1 11 9 
1 10 7 
1 12 8 
1 11 6 
1 13 7 
0 
1 14 6 
1 13 4 
1 15 5 
1 14 3 
1 16 4 
1 15 2 
1 17 3 
0 
1 17 2 
2 20 1 14 1 
2 17 0 20 6 
0 
1 19 4 
0 
0 
0 
0 
1 18 5 
0 
2 18 6 17 6 
1 14 7 
0 
