3 0 15 0 18 2 16 
2 1 15 1 18 
1 4 17 
0 
2 3 19 3 15 
1 5 16 
2 4 15 4 14 
0 
0 
1 5 18 
0 
1 6 19 
1 5 22 
0 
2 7 21 3 21 
0 
0 
0 
0 
3 4 23 5 23 3 23 
1 1 22 
0 
1 2 24 
0 
0 
2 0 26 0 21 
0 
1 2 25 
1 1 27 
1 3 26 
1 2 28 
1 4 27 
1 3 29 
1 5 28 
1 4 30 
1 6 29 
1 5 31 
1 7 30 
0 
1 8 31 
0 
2 10 32 3 32 
0 
1 9 30 
0 
1 10 29 
1 13 30 
0 
1 12 28 
1 14 29 
3 13 27 14 27 12 27 
1 15 28 
0 
0 
0 
0 
0 
1 14 31 
0 
1 11 32 
0 
1 15 29 
0 
0 
1 14 30 
0 
1 20 29 
0 
2 19 31 19 27 
1 21 28 
1 20 26 
1 22 27 
1 21 25 
1 23 26 
1 22 24 
1 24 25 
1 23 23 
1 25 24 
1 24 22 
1 26 23 
1 25 21 
1 27 22 
2 26 20 25 20 
1 28 21 
0 
0 
0 
0 
0 
0 
0 
0 
0 
0 
0 
0 
0 
0 
0 
0 
0 
1 22 30 
0 
1 21 32 
1 23 29 
0 
1 24 28 
0 
1 25 27 
0 
0 
0 
1 27 25 
0 
1 28 24 
0 
1 29 23 
0 
1 31 22 
1 29 20 
0 
0 
1 31 19 
2 32 25 32 17 
0 
0 
1 30 18 
1 31 16 
1 29 17 
1 30 15 
1 28 16 
1 29 14 
1 27 15 
1 28 13 
1 26 14 
1 27 11 
0 
1 29 12 
0 
1 30 11 
1 29 9 
1 31 10 
1 30 8 
0 
0 
2 32 12 32 6 
0 
1 30 7 
1 31 5 
1 29 6 
1 30 4 
1 28 5 
1 29 3 
1 27 4 
1 28 2 
1 26 3 
1 27 1 
1 25 2 
0 
1 24 1 
0 
2 29 0 22 0 
0 
1 23 2 
1 21 1 
1 22 3 
1 20 2 
1 21 4 
1 19 3 
1 20 5 
1 18 4 
1 19 6 
1 17 5 
0 
1 16 6 
1 17 8 
1 15 7 
0 
1 14 8 
1 15 10 
0 
1 14 11 
1 12 10 
1 13 12 
1 10 11 
0 
2 11 13 11 9 
1 9 12 
1 10 14 
1 8 13 
1 9 15 
1 7 14 
1 8 16 
1 6 15 
3 7 17 8 17 5 17 
0 
1 8 18 
0 
0 
1 7 20 
1 9 19 
1 8 21 
0 
1 9 22 
1 11 21 
1 10 23 
1 12 22 
1 11 24 
1 13 23 
1 12 25 
1 14 24 
0 
1 15 25 
0 
2 18 26 10 26 
0 
0 
1 17 24 
1 20 25 
1 18 23 
1 19 23 
1 21 24 
1 20 22 
0 
3 21 21 22 21 20 21 
0 
0 
3 23 19 24 20 21 20 
0 
0 
0 
0 
1 22 18 
0 
1 21 17 
1 18 18 
0 
1 19 21 
1 17 17 
1 18 15 
1 16 16 
1 17 14 
1 15 15 
0 
1 14 14 
2 18 12 14 12 
1 13 13 
0 
1 16 10 
0 
1 19 13 
0 
1 20 14 
0 
1 21 15 
0 
1 23 16 
0 
1 22 14 
1 24 15 
1 23 13 
0 
1 24 11 
0 
0 
0 
1 22 12 
1 23 10 
1 21 11 
0 
1 20 10 
1 21 7 
0 
2 24 8 18 8 
1 22 6 
1 23 6 
0 
0 
1 25 7 
0 
1 26 6 
1 25 4 
0 
0 
0 
0 
3 28 9 29 8 25 8 
0 
0 
1 27 10 
0 
0 
0 
0 
0 
0 
0 
0 
0 
0 
0 
0 
0 
0 
0 
0 
0 
0 
0 
0 
0 
0 
0 
0 
0 
0 
0 
0 
0 
0 
0 
0 
0 
0 
0 
0 
0 
0 
0 
0 
0 
0 
0 
0 
0 
0 
0 
0 
0 
0 
0 
0 
0 
0 
0 
0 
0 
0 
1 16 19 
0 
1 17 21 
1 15 18 
0 
0 
0 
0 
1 16 23 
0 
0 
0 
0 
0 
2 19 22 13 22 
0 
0 
1 12 21 
1 13 19 
1 11 20 
0 
1 10 19 
1 11 17 
1 9 18 
1 10 15 
0 
1 12 16 
1 11 14 
1 14 15 
1 12 13 
1 13 18 
0 
1 15 17 
0 
0 
0 
0 
0 
0 
0 
0 
0 
0 
0 
0 
0 
0 
0 
0 
0 
0 
0 
0 
0 
0 
0 
0 
0 
0 
0 
0 
0 
0 
0 
0 
0 
0 
0 
0 
0 
0 
0 
0 
0 
0 
0 
0 
0 
1 16 24 
0 
0 
0 
0 
0 
0 
0 
0 
0 
0 
0 
0 
0 
0 
0 
0 
0 
0 
0 
0 
0 
0 
0 
0 
0 
0 
0 
0 
1 8 10 
0 
1 9 9 
1 7 11 
0 
1 6 12 
0 
1 4 13 
1 6 14 
0 
1 3 12 
3 4 10 3 6 2 5 
1 1 11 
0 
2 2 7 4 5 
0 
1 3 13 
0 
0 
0 
0 
0 
0 
0 
0 
0 
0 
0 
0 
0 
0 
0 
0 
0 
0 
0 
0 
0 
0 
0 
0 
0 
0 
0 
0 
0 
0 
0 
0 
0 
0 
0 
0 
0 
0 
0 
0 
0 
1 11 28 
1 9 27 
0 
1 7 28 
0 
2 8 30 8 22 
0 
0 
0 
0 
0 
0 
0 
0 
0 
0 
0 
0 
0 
0 
0 
0 
0 
0 
0 
0 
0 
0 
0 
0 
0 
0 
0 
0 
0 
0 
0 
0 
0 
0 
0 
0 
0 
1 8 9 
0 
0 
0 
0 
0 
0 
0 
0 
0 
0 
0 
1 1 10 
0 
2 1 8 4 8 
0 
1 6 7 
0 
1 5 10 
2 6 8 8 8 
0 
1 6 11 
1 7 6 
0 
1 9 7 
1 8 5 
0 
1 9 3 
0 
2 8 4 11 4 
1 10 1 
0 
2 8 2 12 2 
1 9 0 
1 7 1 
0 
1 5 0 
0 
1 6 2 
2 4 1 3 3 
1 5 3 
1 2 2 
0 
0 
2 2 4 7 4 
0 
0 
1 8 3 
1 7 2 
0 
0 
0 
0 
0 
