3 2 10 0 12 0 8 
1 1 12 
1 4 9 
0 
1 3 7 
1 5 8 
1 4 6 
1 6 7 
1 5 5 
1 7 6 
1 6 4 
1 9 5 
0 
2 8 7 8 3 
0 
0 
1 10 6 
1 9 8 
0 
1 10 9 
1 12 8 
2 11 10 16 11 
1 13 9 
1 12 12 
0 
2 13 11 10 11 
1 11 13 
0 
1 10 14 
1 8 13 
0 
0 
2 10 15 7 15 
1 8 17 
1 6 16 
1 7 18 
1 5 17 
0 
1 4 18 
2 9 19 2 19 
0 
0 
1 10 18 
0 
1 11 17 
0 
1 12 16 
1 11 14 
1 13 15 
1 12 13 
2 14 14 17 12 
1 13 12 
1 15 13 
1 14 11 
1 16 12 
1 15 9 
0 
1 16 10 
1 14 6 
0 
0 
2 15 7 12 7 
1 13 5 
1 11 6 
1 12 4 
1 10 5 
3 11 3 12 3 9 3 
0 
1 10 1 
0 
2 12 2 8 2 
1 11 0 
1 14 1 
0 
1 13 3 
1 15 2 
1 14 5 
0 
1 16 4 
1 15 6 
1 17 5 
0 
0 
0 
0 
0 
0 
0 
0 
0 
0 
0 
1 7 1 
0 
2 10 0 5 0 
0 
1 6 3 
1 4 1 
1 5 3 
2 7 2 3 2 
1 4 5 
1 2 3 
0 
1 5 4 
0 
2 1 6 1 2 
0 
1 0 0 
0 
1 3 1 
0 
0 
0 
0 
0 
0 
0 
0 
0 
0 
0 
0 
0 
0 
0 
0 
0 
0 
0 
0 
0 
0 
0 
0 
0 
0 
0 
0 
0 
0 
0 
0 
0 
1 16 7 
1 18 6 
1 17 8 
0 
0 
2 19 8 19 4 
0 
0 
0 
0 
0 
0 
1 19 14 
0 
0 
