3 1 12 0 14 0 10 
2 1 11 2 11 
0 
1 2 13 
1 1 15 
1 3 14 
1 2 16 
0 
1 3 17 
1 5 16 
1 4 18 
1 6 17 
1 5 19 
1 7 18 
1 6 20 
1 8 19 
1 7 21 
1 9 20 
1 8 22 
1 10 21 
0 
1 11 22 
0 
2 13 23 6 23 
0 
1 12 20 
1 14 22 
1 13 20 
2 15 21 11 21 
1 14 19 
1 16 20 
1 15 18 
1 18 19 
0 
2 17 21 17 17 
1 19 18 
1 18 16 
1 20 17 
1 19 15 
1 21 16 
1 20 14 
1 22 15 
3 21 13 22 13 20 13 
0 
0 
2 23 16 23 11 
0 
1 21 12 
1 22 10 
1 20 11 
1 21 9 
1 19 10 
1 20 8 
1 18 9 
1 19 7 
1 17 8 
1 18 6 
1 16 7 
1 17 5 
1 15 6 
1 16 4 
1 14 5 
1 15 3 
1 13 4 
1 14 2 
1 12 3 
1 13 0 
1 11 2 
1 12 0 
2 16 1 10 1 
0 
1 8 0 
0 
1 9 2 
1 7 1 
1 8 3 
1 6 2 
1 7 4 
1 5 3 
1 6 5 
2 4 4 5 9 
2 5 6 4 10 
1 3 5 
1 4 7 
1 2 6 
1 3 8 
1 1 7 
1 2 9 
0 
0 
1 0 9 
0 
0 
1 3 11 
0 
1 6 10 
1 6 8 
0 
1 7 7 
0 
1 8 6 
0 
1 9 5 
0 
1 10 4 
0 
0 
0 
1 11 5 
0 
1 12 6 
0 
1 13 7 
0 
1 14 8 
0 
1 15 9 
0 
1 16 10 
0 
1 17 11 
0 
1 18 12 
0 
0 
0 
0 
0 
0 
0 
0 
0 
0 
0 
0 
0 
0 
0 
0 
0 
0 
0 
0 
0 
0 
0 
0 
0 
0 
0 
0 
0 
0 
0 
0 
0 
1 0 5 
0 
0 
1 1 4 
0 
1 2 3 
0 
1 3 2 
0 
1 4 1 
0 
0 
0 
2 7 0 2 0 
0 
0 
1 1 1 
0 
0 
0 
0 
0 
0 
0 
0 
0 
0 
0 
0 
0 
0 
0 
0 
0 
0 
0 
0 
0 
0 
0 
0 
0 
0 
0 
0 
0 
0 
0 
0 
0 
0 
0 
0 
0 
0 
0 
0 
0 
0 
0 
0 
0 
0 
0 
0 
0 
0 
0 
0 
0 
1 17 13 
2 18 15 17 15 
1 15 14 
0 
2 16 17 16 11 
1 14 13 
0 
1 14 15 
1 15 17 
2 17 16 13 16 
1 14 18 
1 12 17 
1 13 19 
1 11 18 
0 
1 10 19 
0 
0 
0 
0 
0 
0 
0 
0 
0 
0 
1 15 11 
2 17 12 13 12 
1 14 9 
2 13 11 12 11 
1 12 10 
1 13 8 
1 11 9 
1 12 7 
1 10 8 
0 
2 10 7 8 7 
0 
1 10 5 
1 9 9 
0 
1 7 8 
1 8 10 
2 6 9 5 12 
1 7 12 
0 
2 6 11 9 11 
1 8 13 
1 10 12 
1 9 14 
1 11 13 
1 10 15 
1 12 14 
1 11 17 
0 
1 9 16 
1 10 18 
1 7 17 
1 9 19 
0 
0 
0 
1 14 14 
0 
0 
0 
0 
0 
0 
1 11 10 
0 
0 
0 
0 
0 
0 
0 
0 
0 
0 
0 
0 
1 9 10 
0 
0 
0 
0 
0 
0 
0 
0 
0 
0 
0 
0 
0 
0 
0 
0 
0 
0 
0 
0 
0 
0 
0 
0 
0 
0 
0 
0 
0 
0 
0 
0 
0 
0 
0 
0 
0 
0 
0 
0 
0 
0 
0 
0 
0 
0 
0 
0 
0 
0 
0 
0 
0 
0 
0 
0 
0 
0 
0 
0 
0 
0 
0 
0 
0 
0 
0 
0 
0 
0 
0 
0 
0 
0 
0 
0 
0 
0 
0 
0 
0 
0 
0 
0 
0 
0 
0 
0 
0 
0 
0 
0 
0 
0 
0 
0 
0 
0 
0 
0 
0 
0 
0 
0 
0 
0 
0 
0 
0 
0 
0 
0 
0 
0 
0 
0 
0 
0 
0 
0 
0 
0 
0 
0 
0 
0 
0 
0 
0 
0 
0 
0 
0 
0 
0 
0 
0 
0 
0 
0 
0 
0 
0 
0 
0 
0 
0 
0 
0 
0 
0 
0 
0 
0 
0 
0 
0 
0 
1 19 20 
1 18 22 
1 20 21 
0 
1 21 22 
0 
2 23 23 16 23 
0 
1 22 21 
0 
1 23 19 
0 
0 
0 
0 
0 
0 
0 
0 
0 
0 
0 
0 
0 
0 
0 
0 
0 
0 
0 
0 
0 
0 
0 
0 
0 
1 5 22 
0 
1 4 21 
0 
1 3 20 
0 
1 2 19 
0 
1 0 18 
0 
2 1 20 1 16 
0 
1 0 22 
0 
1 3 21 
0 
1 2 23 
0 
0 
0 
0 
0 
0 
0 
0 
0 
0 
0 
0 
0 
0 
0 
1 5 23 
0 
0 
0 
0 
0 
0 
0 
0 
0 
0 
0 
0 
0 
0 
0 
0 
0 
0 
0 
0 
0 
0 
0 
0 
0 
0 
0 
0 
0 
0 
0 
0 
0 
0 
0 
0 
0 
1 20 20 
1 22 18 
0 
1 19 19 
0 
0 
0 
0 
0 
0 
0 
0 
0 
0 
0 
0 
0 
0 
0 
0 
0 
0 
0 
0 
0 
0 
0 
0 
0 
0 
0 
0 
0 
0 
0 
0 
0 
0 
0 
0 
0 
0 
0 
0 
0 
0 
0 
0 
0 
0 
0 
0 
0 
0 
0 
0 
0 
0 
0 
0 
1 17 2 
0 
1 18 3 
0 
1 19 4 
0 
1 20 5 
0 
0 
0 
0 
0 
0 
0 
0 
0 
0 
0 
0 
0 
0 
0 
0 
0 
0 
0 
0 
0 
0 
0 
0 
0 
0 
0 
0 
0 
0 
0 
0 
0 
0 
0 
0 
0 
0 
0 
0 
0 
0 
0 
0 
0 
0 
0 
0 
0 
0 
0 
0 
0 
0 
0 
0 
0 
0 
0 
0 
0 
0 
0 
0 
0 
0 
0 
0 
0 
0 
0 
0 
0 
0 
0 
0 
1 4 22 
0 
0 
0 
0 
0 
0 
0 
0 
0 
0 
0 
0 
0 
0 
0 
0 
0 
0 
0 
0 
0 
0 
0 
0 
0 
0 
0 
0 
0 
0 
0 
0 
0 
0 
0 
0 
0 
0 
0 
0 
0 
0 
0 
0 
0 
0 
0 
0 
0 
0 
0 
0 
0 
0 
0 
0 
0 
0 
0 
0 
0 
0 
0 
0 
0 
0 
0 
0 
0 
0 
0 
0 
0 
0 
0 
0 
0 
0 
0 
0 
0 
0 
0 
0 
0 
0 
0 
0 
0 
0 
0 
0 
0 
0 
0 
0 
0 
0 
0 
0 
0 
0 
0 
0 
0 
0 
0 
0 
0 
0 
0 
0 
0 
0 
0 
0 
0 
0 
0 
0 
0 
0 
0 
0 
0 
0 
0 
0 
0 
0 
0 
0 
0 
0 
0 
0 
0 
0 
0 
0 
0 
0 
0 
0 
0 
0 
0 
0 
0 
0 
0 
0 
0 
0 
0 
0 
0 
0 
0 
0 
0 
0 
0 
0 
1 8 14 
2 7 16 6 16 
1 6 15 
1 7 13 
1 4 14 
0 
0 
0 
0 
0 
0 
0 
0 
0 
0 
0 
0 
0 
0 
0 
0 
0 
0 
0 
0 
0 
0 
0 
0 
0 
0 
0 
0 
0 
0 
0 
0 
0 
0 
0 
0 
0 
0 
0 
0 
0 
0 
0 
0 
0 
0 
0 
0 
0 
0 
0 
0 
0 
0 
0 
0 
0 
0 
0 
0 
0 
0 
0 
0 
0 
0 
0 
0 
0 
0 
0 
0 
0 
0 
0 
0 
0 
0 
0 
0 
0 
0 
0 
0 
0 
0 
0 
0 
0 
0 
0 
0 
0 
0 
0 
0 
0 
0 
0 
0 
1 0 4 
0 
0 
0 
0 
0 
0 
0 
0 
0 
0 
0 
0 
0 
0 
0 
0 
0 
0 
0 
0 
0 
0 
0 
0 
0 
0 
0 
0 
0 
0 
0 
0 
0 
0 
0 
0 
0 
0 
0 
0 
0 
0 
0 
0 
1 17 0 
0 
0 
0 
0 
0 
0 
0 
0 
0 
1 21 6 
0 
1 22 7 
0 
0 
1 22 9 
0 
0 
0 
0 
0 
0 
0 
0 
0 
0 
0 
0 
0 
0 
0 
0 
0 
0 
0 
0 
0 
0 
0 
0 
0 
0 
0 
0 
0 
0 
0 
0 
0 
0 
0 
0 
0 
0 
0 
0 
0 
0 
0 
0 
0 
0 
0 
0 
0 
0 
0 
0 
0 
0 
0 
0 
0 
0 
0 
0 
0 
0 
0 
0 
0 
0 
0 
0 
0 
0 
0 
0 
0 
0 
0 
0 
0 
0 
0 
0 
0 
0 
0 
0 
0 
0 
0 
0 
0 
0 
0 
0 
0 
0 
0 
0 
0 
0 
0 
0 
0 
0 
0 
0 
0 
0 
0 
0 
0 
0 
0 
0 
0 
0 
0 
1 6 12 
0 
1 3 13 
0 
1 2 12 
0 
0 
