3 2 11 0 13 0 9 
2 1 13 1 9 
1 3 12 
2 2 13 2 14 
0 
0 
1 3 10 
1 2 8 
1 4 9 
1 3 7 
1 5 8 
1 4 6 
1 6 7 
1 5 5 
1 7 6 
1 6 3 
0 
2 8 4 4 4 
1 7 2 
1 9 3 
1 8 1 
1 10 2 
0 
1 11 1 
0 
1 13 0 
0 
1 12 2 
0 
1 13 3 
1 15 2 
1 14 4 
2 17 1 16 3 
1 15 5 
1 17 4 
1 16 6 
1 18 5 
1 17 7 
1 19 6 
1 18 9 
1 20 7 
2 17 8 20 8 
1 19 11 
0 
1 18 10 
2 20 11 20 12 
2 21 14 21 5 
0 
0 
1 19 13 
1 20 15 
0 
1 19 16 
3 16 15 12 14 13 13 
0 
1 17 13 
1 15 14 
1 16 12 
2 14 13 12 12 
1 15 11 
1 13 12 
1 14 9 
0 
2 13 10 16 10 
1 15 8 
0 
0 
0 
1 14 7 
0 
1 13 6 
0 
1 12 5 
0 
1 11 4 
0 
0 
0 
1 10 5 
0 
1 9 6 
0 
1 8 8 
0 
1 9 7 
1 7 9 
0 
1 6 10 
0 
1 5 11 
0 
1 4 13 
1 3 11 
1 6 12 
1 5 14 
1 7 13 
2 6 15 10 13 
1 8 14 
1 7 16 
1 9 15 
1 8 17 
1 10 16 
1 9 18 
1 11 17 
1 10 19 
1 12 18 
0 
1 13 19 
0 
1 14 20 
2 16 21 9 21 
0 
0 
1 8 20 
0 
1 7 19 
0 
0 
0 
1 5 17 
0 
1 2 16 
0 
0 
1 3 18 
1 0 17 
0 
2 1 19 1 14 
0 
1 0 21 
0 
1 2 20 
0 
1 4 21 
0 
0 
0 
0 
0 
0 
0 
0 
0 
0 
0 
0 
0 
0 
0 
0 
0 
0 
0 
0 
0 
0 
0 
0 
0 
1 15 19 
1 17 20 
1 16 18 
1 18 19 
0 
1 19 18 
2 15 17 21 17 
0 
1 13 16 
1 15 15 
1 14 19 
0 
1 13 18 
0 
1 11 16 
1 10 15 
1 11 12 
0 
0 
0 
0 
