3 2 16 0 18 0 14 
2 1 18 1 14 
1 3 17 
1 2 19 
1 4 18 
1 3 20 
1 5 19 
1 4 21 
1 6 20 
1 5 22 
1 7 21 
1 6 22 
0 
0 
0 
0 
0 
1 2 20 
0 
0 
0 
0 
1 3 15 
1 2 13 
0 
1 3 12 
1 5 13 
1 4 11 
1 6 12 
1 5 10 
1 7 11 
1 6 9 
1 8 10 
1 7 7 
0 
2 9 8 5 8 
1 8 6 
1 10 7 
0 
1 11 6 
1 10 4 
0 
1 11 3 
1 13 4 
1 12 2 
1 14 3 
1 13 0 
0 
1 11 1 
0 
1 17 0 
0 
1 16 3 
1 18 1 
1 18 2 
0 
0 
1 17 4 
1 19 3 
1 18 5 
1 20 4 
1 19 6 
1 21 5 
1 20 7 
0 
1 21 8 
1 23 7 
0 
1 24 8 
1 23 10 
1 25 9 
1 24 11 
1 26 10 
1 25 12 
1 27 11 
1 26 14 
0 
2 28 13 24 13 
1 25 15 
1 23 14 
3 24 16 25 16 23 16 
2 23 15 21 15 
0 
0 
0 
0 
1 27 16 
0 
1 29 15 
1 26 17 
0 
0 
0 
0 
1 30 16 
0 
1 32 17 
0 
2 31 20 31 15 
0 
1 29 19 
1 30 21 
1 28 20 
1 29 22 
0 
1 28 23 
1 26 22 
1 27 24 
1 25 23 
1 26 25 
1 24 24 
1 25 26 
1 23 25 
1 24 27 
1 22 26 
1 23 28 
1 21 27 
1 22 29 
1 20 28 
1 21 30 
2 20 27 18 29 
0 
1 19 32 
1 17 28 
2 18 27 18 26 
0 
0 
1 17 30 
0 
2 22 31 15 31 
0 
1 16 28 
1 14 30 
1 15 28 
2 17 29 13 29 
1 14 27 
1 12 28 
1 13 25 
0 
2 14 26 11 26 
1 12 24 
1 10 25 
1 11 23 
1 9 24 
1 10 22 
0 
0 
0 
0 
0 
0 
0 
0 
0 
0 
0 
0 
0 
0 
0 
0 
0 
0 
0 
0 
0 
0 
0 
0 
0 
0 
0 
0 
0 
0 
0 
0 
0 
0 
0 
0 
0 
0 
0 
0 
0 
0 
0 
0 
0 
0 
0 
0 
1 30 13 
1 31 11 
1 28 12 
1 30 10 
1 29 10 
0 
2 28 9 29 9 
0 
1 28 8 
0 
0 
0 
1 25 6 
0 
1 24 5 
0 
1 23 4 
0 
1 22 3 
0 
1 21 2 
0 
1 20 1 
0 
0 
0 
1 22 0 
0 
0 
1 23 1 
0 
0 
0 
0 
0 
0 
0 
0 
0 
0 
0 
0 
0 
0 
0 
0 
0 
0 
0 
0 
0 
0 
0 
0 
0 
0 
0 
0 
0 
1 32 11 
0 
0 
0 
0 
0 
0 
0 
0 
0 
0 
0 
0 
0 
0 
0 
0 
0 
0 
0 
0 
0 
0 
0 
0 
0 
0 
0 
0 
0 
0 
0 
0 
0 
0 
1 24 32 
0 
1 23 29 
1 25 31 
2 24 29 25 29 
2 27 30 22 30 
0 
0 
0 
0 
0 
0 
0 
0 
0 
0 
0 
0 
0 
0 
0 
0 
0 
0 
0 
0 
0 
0 
0 
0 
0 
0 
0 
0 
0 
0 
0 
0 
0 
0 
0 
0 
0 
0 
0 
0 
0 
0 
0 
0 
0 
0 
0 
0 
0 
0 
0 
0 
0 
0 
0 
0 
0 
0 
0 
0 
0 
0 
0 
0 
0 
0 
0 
0 
0 
0 
0 
1 9 0 
0 
1 10 2 
1 8 1 
1 9 4 
1 7 2 
1 8 4 
2 10 3 6 3 
1 7 6 
1 5 4 
0 
1 8 5 
1 4 6 
0 
1 3 7 
0 
1 2 8 
1 3 10 
1 5 9 
1 2 12 
2 1 11 1 7 
0 
1 0 5 
0 
1 3 6 
1 1 4 
1 2 4 
1 4 5 
1 3 3 
0 
1 4 2 
0 
1 5 1 
0 
0 
0 
2 8 0 3 0 
0 
0 
0 
0 
0 
0 
0 
0 
0 
0 
0 
0 
0 
0 
0 
0 
0 
0 
0 
0 
0 
0 
0 
0 
0 
0 
0 
0 
0 
0 
0 
0 
0 
0 
0 
0 
0 
0 
0 
0 
0 
0 
0 
0 
0 
0 
0 
0 
0 
0 
0 
0 
0 
0 
0 
0 
0 
0 
0 
0 
0 
0 
0 
0 
0 
0 
0 
0 
0 
0 
0 
0 
0 
0 
0 
0 
0 
0 
0 
0 
0 
0 
0 
0 
0 
0 
1 26 26 
0 
0 
0 
0 
0 
0 
0 
0 
0 
0 
0 
0 
0 
0 
1 15 32 
0 
0 
0 
0 
0 
0 
0 
0 
0 
0 
0 
0 
0 
0 
0 
1 9 22 
2 8 19 8 25 
1 6 24 
1 7 26 
1 5 25 
1 6 27 
1 4 26 
1 5 28 
1 3 27 
1 4 29 
1 2 28 
1 3 30 
1 1 29 
1 2 31 
0 
0 
0 
1 4 32 
0 
0 
0 
0 
0 
0 
0 
0 
0 
0 
0 
0 
0 
1 6 28 
0 
0 
0 
0 
0 
0 
1 7 22 
0 
1 9 20 
1 7 18 
0 
1 6 17 
0 
1 5 16 
0 
0 
0 
1 7 15 
0 
0 
0 
1 7 13 
1 9 14 
0 
1 8 11 
1 10 13 
1 9 11 
2 11 12 7 12 
1 10 10 
1 12 11 
1 11 9 
1 13 10 
1 12 8 
0 
1 13 7 
1 15 8 
1 14 6 
1 16 7 
1 15 4 
1 18 6 
1 16 4 
1 17 9 
0 
1 20 8 
1 16 10 
0 
0 
0 
1 21 9 
1 20 11 
1 22 10 
1 21 12 
1 23 11 
1 22 13 
0 
0 
0 
0 
0 
0 
0 
0 
0 
0 
1 15 11 
0 
1 14 12 
0 
1 13 13 
0 
1 12 14 
0 
1 11 16 
0 
1 12 15 
0 
1 9 17 
0 
0 
1 7 17 
1 11 18 
3 9 19 16 18 15 19 
0 
1 13 17 
0 
1 12 19 
2 14 18 16 20 
1 13 20 
0 
1 14 21 
0 
2 15 22 18 19 
1 18 21 
2 16 22 16 23 
2 17 20 17 23 
0 
0 
0 
0 
0 
0 
0 
0 
0 
0 
0 
0 
0 
0 
0 
0 
0 
0 
0 
0 
0 
0 
0 
0 
0 
0 
0 
0 
0 
0 
0 
0 
0 
0 
0 
0 
0 
0 
0 
0 
0 
0 
0 
0 
0 
0 
0 
0 
0 
0 
0 
0 
0 
0 
0 
0 
0 
0 
0 
0 
0 
0 
0 
0 
0 
0 
0 
0 
0 
0 
0 
0 
0 
0 
0 
0 
0 
0 
0 
0 
0 
0 
0 
1 0 27 
0 
0 
1 1 26 
0 
0 
0 
1 3 24 
0 
1 4 22 
0 
1 2 23 
1 3 21 
1 0 22 
0 
0 
0 
0 
0 
0 
0 
0 
0 
0 
0 
0 
0 
0 
0 
0 
0 
0 
0 
0 
0 
1 5 29 
0 
0 
0 
0 
0 
0 
0 
0 
0 
0 
0 
0 
0 
0 
0 
0 
0 
0 
0 
0 
0 
0 
0 
0 
0 
0 
0 
0 
0 
0 
0 
0 
0 
0 
0 
0 
0 
0 
0 
0 
0 
0 
0 
0 
0 
0 
0 
0 
0 
0 
0 
0 
0 
0 
0 
0 
0 
0 
0 
0 
0 
0 
0 
0 
0 
0 
0 
0 
0 
0 
0 
0 
0 
0 
0 
0 
0 
1 19 22 
0 
1 20 23 
1 19 26 
2 20 22 21 24 
2 20 26 21 26 
1 16 25 
0 
1 22 22 
0 
2 21 23 24 23 
1 23 21 
1 25 22 
1 24 20 
0 
0 
1 26 19 
0 
1 27 17 
1 28 19 
1 24 18 
0 
1 25 19 
0 
0 
0 
0 
0 
0 
0 
0 
0 
0 
0 
0 
0 
0 
0 
0 
0 
0 
0 
0 
0 
0 
0 
0 
0 
0 
0 
0 
0 
0 
0 
0 
0 
0 
0 
0 
0 
0 
0 
0 
0 
0 
0 
0 
0 
0 
0 
0 
0 
0 
0 
0 
0 
0 
1 17 10 
0 
0 
0 
0 
0 
0 
0 
0 
0 
0 
0 
0 
0 
0 
0 
0 
0 
0 
0 
0 
0 
0 
0 
0 
0 
0 
0 
0 
0 
0 
0 
0 
0 
0 
0 
0 
0 
0 
0 
0 
0 
0 
0 
0 
0 
0 
0 
0 
0 
0 
0 
0 
0 
0 
1 0 26 
0 
1 1 25 
0 
0 
0 
0 
0 
0 
0 
0 
0 
1 1 19 
0 
1 0 25 
0 
0 
0 
0 
0 
0 
0 
0 
0 
0 
0 
0 
0 
0 
0 
0 
0 
0 
0 
0 
0 
0 
0 
0 
0 
0 
0 
0 
0 
0 
0 
0 
0 
0 
0 
0 
0 
0 
0 
0 
0 
0 
0 
0 
0 
0 
0 
0 
0 
0 
0 
0 
0 
0 
0 
0 
0 
0 
0 
0 
1 26 27 
1 28 29 
1 27 27 
2 29 28 24 28 
1 28 26 
1 30 27 
0 
0 
0 
0 
0 
0 
0 
1 28 31 
0 
2 30 32 25 32 
0 
1 29 29 
1 31 31 
1 30 29 
1 28 30 
0 
0 
0 
0 
0 
0 
0 
0 
0 
0 
0 
0 
0 
0 
0 
0 
0 
0 
0 
0 
0 
0 
0 
0 
0 
0 
0 
0 
0 
0 
0 
0 
0 
0 
0 
0 
0 
0 
0 
0 
0 
0 
0 
0 
0 
0 
0 
0 
0 
0 
0 
0 
0 
0 
0 
0 
0 
0 
0 
0 
0 
0 
0 
0 
0 
0 
0 
0 
0 
0 
0 
0 
0 
0 
0 
0 
0 
0 
0 
0 
0 
0 
0 
0 
0 
0 
0 
0 
0 
0 
0 
0 
0 
0 
0 
0 
0 
0 
1 12 20 
0 
0 
0 
0 
0 
0 
0 
0 
0 
0 
0 
0 
0 
0 
0 
0 
0 
0 
0 
0 
0 
0 
0 
0 
0 
0 
0 
0 
0 
0 
1 22 17 
0 
1 23 20 
2 22 18 21 18 
1 21 19 
1 22 21 
1 19 20 
1 21 22 
0 
0 
0 
0 
0 
0 
0 
0 
0 
0 
0 
0 
0 
0 
0 
0 
0 
0 
0 
0 
0 
0 
0 
0 
0 
0 
0 
0 
0 
0 
0 
0 
0 
1 14 22 
0 
0 
0 
0 
0 
0 
0 
0 
0 
0 
0 
0 
0 
0 
0 
0 
0 
0 
0 
0 
0 
0 
0 
0 
0 
0 
0 
0 
0 
0 
0 
0 
0 
0 
0 
0 
0 
0 
0 
0 
0 
0 
0 
0 
0 
0 
0 
0 
0 
0 
0 
0 
0 
0 
0 
0 
0 
0 
0 
0 
0 
0 
0 
0 
0 
0 
0 
0 
0 
0 
0 
0 
0 
0 
0 
0 
0 
0 
0 
0 
0 
0 
0 
0 
1 5 31 
0 
1 8 30 
0 
0 
2 7 32 7 27 
0 
1 9 28 
0 
0 
0 
0 
0 
0 
0 
0 
0 
0 
0 
0 
0 
0 
0 
0 
0 
0 
0 
0 
0 
0 
0 
1 8 26 
0 
0 
0 
0 
0 
0 
0 
0 
0 
0 
0 
0 
0 
0 
0 
0 
0 
0 
0 
0 
0 
0 
0 
0 
0 
0 
0 
0 
0 
0 
0 
0 
0 
0 
0 
0 
0 
0 
0 
0 
0 
0 
0 
0 
0 
0 
0 
0 
0 
0 
0 
0 
0 
0 
0 
0 
0 
0 
0 
0 
0 
0 
0 
0 
0 
0 
0 
0 
0 
0 
0 
0 
0 
0 
0 
0 
0 
0 
0 
0 
0 
0 
0 
0 
0 
0 
0 
0 
0 
0 
0 
0 
0 
0 
0 
1 22 16 
0 
0 
0 
0 
0 
0 
1 20 18 
0 
1 19 17 
0 
2 18 17 18 16 
1 17 16 
1 14 17 
1 16 16 
2 15 18 15 15 
0 
1 14 13 
1 13 15 
2 13 14 16 14 
1 15 12 
1 17 13 
1 16 11 
0 
1 17 11 
0 
0 
0 
0 
0 
0 
0 
0 
0 
0 
0 
0 
0 
0 
0 
0 
0 
0 
0 
0 
0 
0 
0 
0 
0 
0 
0 
0 
0 
0 
0 
0 
0 
0 
0 
0 
0 
0 
0 
0 
0 
0 
0 
0 
1 17 27 
0 
0 
1 15 25 
1 14 25 
0 
0 
0 
0 
0 
0 
0 
0 
0 
0 
0 
0 
0 
0 
0 
0 
0 
0 
0 
0 
0 
0 
0 
0 
0 
0 
0 
0 
0 
0 
0 
0 
0 
0 
0 
0 
0 
0 
0 
0 
0 
0 
0 
0 
0 
0 
0 
0 
0 
0 
0 
0 
0 
0 
0 
0 
0 
0 
0 
0 
0 
0 
0 
0 
0 
0 
0 
0 
0 
0 
0 
0 
0 
0 
0 
0 
0 
0 
0 
0 
0 
0 
0 
0 
0 
0 
0 
0 
0 
0 
0 
0 
0 
0 
0 
0 
0 
0 
0 
0 
0 
1 5 32 
0 
0 
0 
0 
0 
0 
0 
0 
1 11 27 
1 9 25 
3 10 29 12 29 9 29 
0 
1 11 31 
0 
1 9 30 
1 12 32 
1 14 31 
0 
0 
0 
0 
0 
0 
0 
0 
0 
0 
0 
0 
0 
0 
0 
0 
0 
0 
0 
0 
0 
0 
0 
0 
0 
0 
0 
0 
0 
0 
0 
0 
0 
0 
0 
0 
0 
0 
0 
0 
0 
0 
0 
0 
0 
0 
0 
0 
0 
0 
0 
0 
0 
0 
0 
0 
0 
0 
0 
0 
0 
0 
0 
0 
0 
0 
0 
0 
0 
0 
0 
0 
0 
0 
0 
0 
0 
0 
0 
0 
0 
0 
0 
0 
0 
0 
0 
0 
0 
0 
0 
0 
0 
0 
0 
0 
0 
0 
0 
0 
0 
0 
0 
0 
0 
0 
0 
0 
0 
0 
0 
0 
0 
0 
0 
0 
0 
0 
0 
0 
0 
0 
0 
0 
0 
0 
0 
0 
0 
0 
0 
0 
0 
0 
0 
0 
0 
0 
0 
0 
0 
0 
0 
0 
0 
0 
0 
0 
0 
0 
0 
0 
0 
0 
0 
0 
0 
0 
0 
0 
0 
0 
0 
0 
0 
0 
0 
0 
0 
0 
0 
0 
0 
0 
0 
0 
0 
0 
0 
0 
0 
0 
0 
0 
0 
0 
0 
0 
0 
0 
0 
0 
0 
0 
0 
0 
0 
0 
0 
0 
0 
0 
0 
0 
0 
0 
0 
0 
0 
0 
0 
0 
0 
0 
0 
0 
0 
0 
0 
0 
0 
0 
0 
0 
0 
0 
0 
0 
0 
0 
0 
0 
0 
0 
0 
0 
0 
0 
0 
0 
0 
0 
0 
0 
0 
0 
0 
0 
0 
0 
0 
0 
0 
0 
0 
0 
0 
0 
0 
0 
0 
0 
0 
0 
0 
0 
0 
0 
0 
0 
0 
0 
0 
0 
0 
0 
0 
1 31 27 
1 32 24 
0 
1 30 28 
0 
0 
1 29 25 
1 31 22 
1 30 23 
0 
0 
0 
0 
0 
0 
0 
0 
0 
0 
0 
0 
0 
0 
0 
0 
0 
0 
0 
0 
0 
0 
0 
0 
0 
0 
0 
0 
0 
0 
0 
0 
0 
0 
0 
0 
0 
0 
0 
0 
0 
0 
0 
0 
0 
0 
0 
0 
0 
0 
0 
0 
0 
0 
0 
0 
0 
0 
0 
0 
0 
0 
0 
0 
0 
0 
0 
0 
0 
0 
0 
0 
0 
0 
0 
0 
0 
0 
0 
0 
0 
0 
0 
0 
0 
0 
0 
0 
0 
0 
0 
0 
0 
0 
0 
0 
0 
0 
0 
0 
0 
0 
0 
0 
0 
0 
0 
0 
0 
0 
0 
0 
0 
0 
0 
0 
0 
0 
0 
0 
0 
0 
0 
0 
0 
0 
0 
0 
0 
0 
0 
0 
0 
0 
0 
0 
0 
0 
0 
0 
0 
0 
0 
0 
0 
0 
0 
0 
0 
0 
0 
0 
0 
