2 2 16 0 14 
2 1 18 1 14 
1 3 15 
0 
0 
0 
1 4 17 
1 2 20 
0 
0 
0 
2 5 19 0 19 
0 
1 4 21 
1 7 20 
0 
5 6 17 7 18 5 18 6 22 6 18 
0 
0 
1 8 21 
1 7 23 
1 9 22 
1 8 24 
1 11 23 
0 
1 10 21 
1 12 22 
1 11 20 
0 
1 12 19 
1 14 20 
1 13 18 
1 15 19 
1 14 17 
1 16 18 
1 15 16 
1 17 17 
1 16 15 
0 
1 17 14 
0 
1 18 13 
1 20 14 
1 19 12 
1 21 13 
1 20 10 
0 
2 21 11 18 11 
1 19 9 
2 18 12 17 10 
1 18 8 
1 16 9 
1 17 7 
1 15 8 
1 16 6 
1 14 7 
1 15 5 
1 13 6 
0 
2 13 7 11 5 
0 
1 12 7 
1 10 6 
1 11 8 
1 9 7 
1 10 9 
1 8 8 
0 
0 
0 
2 7 11 7 7 
1 5 8 
1 6 6 
1 4 7 
0 
0 
2 7 5 3 5 
1 6 3 
0 
0 
0 
3 4 3 5 3 2 3 
0 
1 3 1 
0 
2 5 2 0 2 
0 
1 6 1 
0 
0 
0 
1 7 3 
1 10 1 
0 
1 9 4 
1 11 2 
0 
2 13 3 8 3 
0 
1 12 0 
1 15 2 
0 
1 14 0 
0 
0 
2 17 1 11 1 
0 
0 
0 
0 
1 19 0 
0 
0 
1 20 1 
1 19 3 
1 21 2 
1 20 4 
1 22 3 
0 
2 23 4 27 6 
1 22 6 
0 
0 
2 24 4 24 3 
1 25 3 
0 
1 26 7 
0 
0 
0 
1 26 0 
0 
0 
1 29 6 
1 31 3 
1 28 2 
3 29 4 29 5 28 8 
1 30 1 
0 
0 
1 31 8 
0 
0 
1 30 10 
0 
0 
