3 2 13 0 15 0 11 
2 1 15 1 11 
1 3 12 
0 
0 
0 
1 4 14 
0 
1 3 16 
1 5 13 
1 4 9 
0 
0 
1 6 10 
0 
1 7 9 
3 6 7 9 7 5 7 
0 
1 7 6 
0 
1 8 4 
0 
2 11 5 6 5 
1 9 3 
0 
0 
0 
0 
0 
1 7 3 
1 5 4 
1 6 2 
0 
0 
0 
2 3 5 3 0 
0 
2 11 1 0 1 
0 
0 
0 
0 
1 8 3 
0 
1 10 3 
1 13 2 
0 
4 12 5 13 4 11 4 12 4 
1 15 3 
0 
1 14 5 
1 16 4 
1 15 6 
0 
0 
0 
0 
3 15 0 11 0 17 2 
0 
1 16 0 
0 
1 17 5 
1 19 4 
1 18 7 
1 20 5 
1 19 7 
1 22 6 
1 20 8 
1 21 4 
0 
0 
0 
0 
0 
0 
0 
0 
0 
0 
0 
0 
0 
0 
0 
0 
0 
0 
0 
0 
1 20 2 
0 
1 23 3 
0 
0 
0 
0 
0 
0 
1 25 0 
0 
0 
0 
0 
0 
0 
1 23 8 
0 
0 
0 
1 23 11 
1 20 10 
0 
2 21 12 21 8 
2 20 11 19 11 
0 
1 18 9 
0 
0 
1 17 10 
2 20 12 17 12 
1 15 11 
0 
0 
1 13 10 
0 
2 14 11 14 7 
1 12 9 
0 
2 15 8 10 8 
0 
0 
0 
1 9 10 
1 10 13 
0 
2 12 12 8 12 
1 11 14 
1 13 13 
1 12 15 
1 14 14 
1 13 16 
1 16 15 
0 
0 
2 18 14 17 19 
1 16 13 
2 17 16 18 20 
1 20 15 
0 
2 19 16 19 12 
1 22 14 
0 
1 21 16 
1 23 15 
1 22 17 
1 24 16 
2 23 17 23 19 
0 
0 
0 
0 
1 23 13 
0 
1 25 12 
0 
1 24 15 
0 
0 
1 25 18 
0 
0 
0 
1 26 20 
0 
1 24 19 
1 25 21 
1 23 20 
1 24 22 
0 
2 23 23 17 21 
1 21 22 
1 22 24 
1 20 23 
1 21 26 
2 20 24 19 24 
1 24 25 
0 
1 17 26 
0 
1 18 24 
2 16 25 15 20 
0 
1 15 24 
0 
0 
0 
2 14 22 13 22 
0 
0 
0 
