3 2 20 0 22 0 18 
2 1 22 1 18 
0 
1 2 17 
0 
0 
0 
0 
1 3 21 
1 2 24 
2 3 22 4 22 
1 4 23 
1 3 26 
0 
2 4 25 1 25 
1 2 27 
0 
2 1 27 1 28 
1 0 30 
0 
0 
1 2 29 
1 1 31 
1 3 30 
1 2 32 
1 4 31 
1 3 33 
1 5 32 
1 4 34 
1 6 33 
1 5 35 
1 7 34 
1 6 36 
1 9 35 
0 
2 8 34 8 37 
0 
1 9 38 
2 10 35 11 37 
0 
1 12 38 
0 
2 14 39 6 39 
0 
1 13 37 
1 15 38 
1 14 36 
1 16 37 
1 15 35 
1 18 36 
0 
2 17 38 17 34 
1 19 35 
1 18 33 
1 20 34 
1 19 32 
1 21 33 
1 20 31 
1 22 32 
1 21 30 
1 23 31 
1 22 29 
1 24 30 
1 23 28 
0 
0 
0 
0 
0 
1 20 30 
0 
0 
0 
0 
0 
0 
0 
0 
1 20 37 
2 21 39 15 39 
0 
1 21 36 
0 
1 22 35 
0 
1 23 34 
0 
1 25 33 
0 
2 24 35 24 31 
1 26 32 
1 25 30 
1 27 31 
1 26 29 
1 28 30 
1 27 28 
0 
1 28 27 
1 30 28 
1 29 26 
1 31 27 
3 30 25 31 25 29 25 
1 32 26 
0 
0 
0 
0 
0 
0 
0 
0 
0 
0 
0 
0 
0 
0 
0 
0 
1 25 36 
1 27 35 
1 26 38 
0 
2 28 37 24 37 
1 27 39 
1 29 38 
0 
1 31 39 
0 
1 30 37 
1 32 38 
1 31 36 
1 33 37 
0 
1 34 36 
1 33 34 
1 35 35 
1 34 33 
1 36 34 
1 35 32 
2 36 35 37 33 
1 36 31 
1 38 32 
1 37 29 
0 
1 35 30 
1 36 28 
1 34 29 
1 35 27 
0 
1 34 26 
0 
1 33 25 
0 
0 
0 
0 
0 
0 
0 
1 38 28 
2 39 34 39 26 
0 
0 
1 36 27 
1 38 25 
1 37 25 
0 
1 36 24 
1 34 25 
1 35 23 
1 33 24 
1 34 22 
1 32 23 
1 33 21 
1 31 22 
1 32 20 
1 30 21 
0 
1 29 20 
1 30 18 
1 28 19 
1 29 17 
1 27 18 
1 28 16 
1 26 17 
1 27 15 
1 25 16 
1 26 14 
0 
1 25 13 
1 23 14 
1 24 12 
1 22 13 
1 23 11 
1 20 12 
0 
1 21 14 
1 19 11 
1 20 9 
1 18 10 
1 19 8 
0 
0 
0 
0 
0 
0 
1 19 13 
1 20 15 
1 18 14 
1 19 16 
0 
2 19 17 17 17 
1 15 16 
2 15 17 15 15 
2 16 18 16 13 
0 
1 14 14 
1 15 12 
1 13 13 
1 14 11 
0 
1 13 10 
1 11 11 
1 12 9 
1 10 10 
0 
0 
0 
0 
0 
0 
0 
0 
0 
0 
1 17 12 
0 
0 
0 
1 15 11 
1 17 9 
2 16 9 15 9 
0 
0 
2 14 7 16 8 
0 
0 
0 
0 
1 15 6 
1 17 7 
1 16 5 
1 19 6 
0 
2 18 8 18 4 
1 21 5 
1 19 3 
1 20 3 
1 22 4 
1 21 2 
1 23 3 
1 22 1 
2 23 4 24 2 
0 
2 24 3 25 1 
2 27 0 20 0 
0 
0 
1 19 1 
0 
1 17 2 
0 
3 19 0 17 0 18 0 
1 15 3 
0 
0 
0 
0 
1 14 2 
0 
1 13 1 
0 
2 16 0 11 0 
0 
1 12 2 
1 10 1 
1 11 3 
1 9 2 
1 10 4 
1 8 3 
0 
1 7 4 
1 8 6 
1 6 5 
0 
2 6 4 5 6 
1 6 8 
1 4 7 
1 5 9 
1 3 8 
1 4 10 
1 2 9 
1 3 11 
2 2 8 1 10 
1 2 12 
0 
1 1 13 
1 0 8 
0 
0 
1 1 6 
0 
0 
1 0 4 
0 
1 2 5 
1 1 2 
1 4 4 
0 
0 
0 
0 
0 
0 
0 
0 
0 
0 
0 
0 
1 2 14 
0 
1 3 15 
0 
1 4 16 
0 
1 5 17 
1 4 19 
1 6 18 
1 5 21 
1 7 19 
1 6 22 
1 3 20 
1 9 21 
0 
2 8 22 8 18 
0 
1 10 19 
1 9 17 
1 11 18 
1 10 16 
1 13 17 
0 
1 12 20 
0 
1 14 19 
1 13 21 
1 15 20 
1 14 22 
1 16 21 
0 
1 17 22 
1 16 24 
1 18 23 
1 17 25 
1 19 24 
1 18 26 
1 20 25 
1 19 27 
1 22 26 
1 20 28 
2 21 29 21 24 
2 22 28 19 28 
0 
0 
0 
0 
0 
0 
0 
0 
0 
0 
0 
0 
0 
0 
0 
1 11 21 
0 
1 10 23 
0 
2 9 22 13 22 
2 11 23 11 24 
1 12 24 
1 14 23 
1 13 25 
1 15 24 
1 14 26 
1 16 25 
1 15 28 
0 
2 14 27 18 27 
2 16 28 16 29 
1 17 29 
0 
1 18 30 
1 20 29 
0 
0 
1 17 31 
0 
1 16 32 
0 
1 15 33 
0 
0 
0 
0 
1 11 35 
0 
1 12 32 
2 11 34 10 34 
2 8 33 8 29 
0 
0 
0 
0 
1 9 31 
1 6 32 
3 8 31 8 30 7 28 
1 7 30 
1 5 31 
1 6 28 
2 5 30 4 30 
1 4 29 
0 
0 
1 5 25 
1 2 28 
1 6 27 
0 
2 6 25 6 24 
1 7 24 
0 
0 
