1 0 12 
1 3 13 
0 
1 2 15 
1 4 12 
1 3 10 
1 5 11 
1 4 9 
1 6 10 
0 
1 7 9 
0 
0 
0 
0 
0 
1 4 13 
0 
0 
0 
1 5 14 
0 
1 4 16 
1 6 15 
1 5 17 
1 7 16 
1 6 18 
1 8 17 
1 7 19 
0 
1 8 20 
1 10 19 
1 9 22 
0 
1 7 21 
1 8 23 
1 6 22 
1 7 24 
1 5 23 
1 6 25 
1 4 24 
1 5 26 
1 3 25 
1 4 27 
1 2 26 
0 
1 1 27 
1 6 28 
0 
0 
0 
0 
0 
0 
0 
0 
0 
3 10 26 12 28 7 28 
0 
1 11 26 
1 13 27 
1 12 25 
1 14 26 
1 13 24 
1 15 25 
0 
1 16 24 
1 15 22 
0 
1 16 21 
1 18 22 
1 17 20 
1 19 21 
1 18 19 
1 20 20 
1 19 17 
0 
2 21 18 17 18 
1 18 16 
1 16 17 
1 17 15 
1 15 16 
1 16 14 
0 
0 
1 13 14 
1 14 12 
1 12 13 
0 
0 
0 
0 
0 
0 
0 
0 
0 
0 
0 
0 
1 20 16 
1 23 17 
0 
2 22 20 22 15 
1 24 16 
1 23 14 
2 24 15 25 15 
0 
0 
0 
1 25 18 
1 23 19 
0 
1 26 17 
0 
1 28 16 
3 26 15 26 14 28 9 
2 27 12 27 20 
1 28 15 
0 
1 24 13 
0 
1 25 11 
1 23 12 
1 24 10 
1 22 11 
1 23 9 
1 21 10 
1 22 8 
1 20 9 
1 21 6 
0 
2 22 7 19 7 
1 20 5 
1 18 6 
1 19 4 
1 17 5 
1 18 3 
1 16 4 
1 17 2 
1 15 3 
1 16 1 
2 15 4 14 2 
0 
1 12 1 
0 
0 
1 11 2 
1 12 4 
1 9 3 
0 
2 10 5 10 1 
1 8 4 
1 9 7 
0 
2 11 6 7 6 
1 10 8 
1 12 7 
1 11 9 
1 13 8 
1 12 10 
1 14 9 
1 13 11 
1 16 10 
0 
1 15 8 
1 18 9 
0 
2 17 11 17 6 
0 
0 
1 16 5 
0 
0 
0 
0 
0 
0 
0 
0 
0 
0 
0 
0 
0 
0 
0 
0 
0 
0 
0 
0 
0 
0 
1 8 9 
1 4 7 
0 
1 9 10 
0 
1 10 11 
0 
1 11 13 
0 
1 9 12 
1 10 14 
1 6 13 
0 
1 8 10 
1 7 10 
0 
1 12 15 
0 
0 
1 10 18 
0 
2 13 17 9 17 
0 
0 
0 
0 
0 
0 
1 14 18 
0 
1 15 19 
0 
0 
0 
1 14 20 
0 
0 
0 
0 
0 
0 
0 
0 
0 
0 
0 
0 
0 
0 
0 
0 
1 5 12 
0 
0 
0 
0 
0 
0 
0 
0 
0 
0 
0 
0 
0 
0 
0 
0 
1 5 5 
1 3 6 
1 4 4 
1 1 5 
2 1 6 1 4 
1 2 2 
2 3 2 1 2 
1 6 3 
0 
1 4 0 
0 
1 7 1 
0 
0 
0 
0 
0 
0 
0 
0 
0 
0 
0 
0 
0 
0 
0 
0 
0 
0 
0 
0 
0 
0 
0 
0 
0 
0 
0 
0 
0 
0 
0 
0 
0 
1 12 0 
0 
1 18 0 
0 
0 
1 20 1 
0 
0 
1 22 0 
0 
1 21 2 
0 
0 
1 23 3 
1 24 0 
0 
1 25 2 
1 24 4 
1 26 3 
2 25 5 27 8 
1 27 4 
1 26 7 
0 
0 
1 28 2 
0 
0 
1 27 1 
0 
0 
0 
0 
0 
0 
0 
0 
0 
0 
0 
0 
0 
0 
0 
0 
0 
0 
0 
0 
0 
0 
0 
0 
0 
0 
0 
0 
0 
0 
0 
0 
0 
0 
0 
0 
0 
0 
0 
0 
0 
0 
0 
0 
0 
0 
0 
0 
0 
0 
0 
0 
0 
0 
0 
0 
0 
0 
0 
0 
0 
0 
0 
0 
0 
0 
0 
0 
0 
0 
0 
0 
0 
0 
0 
0 
0 
0 
0 
0 
0 
0 
0 
0 
0 
0 
0 
0 
0 
0 
0 
0 
0 
0 
0 
0 
0 
0 
0 
0 
0 
0 
0 
0 
0 
0 
0 
0 
0 
0 
0 
0 
0 
0 
0 
0 
0 
0 
0 
0 
0 
0 
0 
1 13 4 
0 
0 
0 
0 
0 
0 
0 
0 
0 
0 
0 
0 
0 
0 
0 
0 
0 
0 
0 
0 
0 
0 
0 
1 23 6 
0 
0 
1 21 5 
0 
2 22 6 22 3 
1 20 4 
0 
0 
0 
0 
0 
0 
0 
0 
0 
0 
0 
0 
0 
0 
0 
0 
0 
0 
0 
0 
0 
0 
0 
0 
0 
0 
0 
0 
0 
0 
0 
0 
0 
0 
0 
0 
0 
0 
0 
0 
0 
0 
0 
0 
1 22 12 
0 
0 
0 
0 
0 
0 
0 
0 
0 
0 
0 
1 26 18 
2 28 19 25 19 
1 26 21 
0 
0 
1 24 22 
0 
1 23 23 
1 21 22 
1 22 24 
0 
1 21 26 
0 
1 23 25 
0 
1 24 26 
1 23 28 
1 25 27 
0 
1 27 28 
0 
1 26 26 
3 28 28 28 26 28 27 
1 27 24 
0 
1 24 25 
0 
1 25 22 
1 23 24 
1 27 23 
0 
0 
0 
0 
0 
0 
1 28 21 
0 
1 27 21 
0 
0 
0 
0 
0 
0 
0 
0 
0 
0 
0 
0 
0 
0 
0 
0 
0 
0 
0 
0 
0 
1 21 21 
0 
0 
0 
0 
0 
0 
0 
0 
0 
0 
0 
0 
0 
0 
0 
0 
0 
0 
0 
0 
0 
0 
0 
0 
0 
0 
0 
0 
0 
0 
0 
0 
0 
0 
0 
0 
0 
0 
0 
0 
0 
0 
0 
0 
0 
0 
0 
0 
0 
0 
0 
0 
0 
0 
0 
0 
0 
0 
0 
0 
0 
0 
0 
1 0 9 
0 
0 
0 
0 
0 
0 
0 
0 
0 
0 
0 
0 
0 
0 
0 
0 
0 
0 
0 
0 
0 
0 
0 
0 
0 
0 
0 
0 
1 18 12 
1 21 11 
0 
1 20 13 
0 
0 
1 23 13 
0 
0 
0 
0 
0 
0 
0 
0 
0 
0 
0 
0 
0 
0 
0 
0 
0 
0 
0 
0 
0 
0 
0 
0 
0 
0 
0 
0 
0 
0 
0 
0 
0 
0 
0 
0 
0 
0 
0 
0 
0 
0 
0 
0 
0 
0 
0 
0 
0 
0 
0 
0 
0 
0 
0 
1 13 21 
0 
0 
0 
1 12 19 
0 
0 
0 
0 
0 
0 
0 
0 
0 
0 
0 
0 
0 
0 
0 
0 
0 
0 
0 
0 
0 
0 
0 
0 
0 
0 
0 
0 
0 
0 
0 
0 
0 
0 
0 
0 
0 
0 
0 
0 
0 
0 
0 
0 
0 
0 
0 
0 
0 
0 
0 
0 
0 
0 
0 
0 
0 
0 
0 
0 
0 
1 18 15 
0 
0 
0 
0 
0 
0 
0 
0 
0 
0 
0 
0 
0 
0 
0 
0 
0 
0 
0 
0 
0 
0 
0 
0 
0 
0 
0 
0 
0 
0 
0 
0 
0 
0 
0 
0 
0 
0 
0 
0 
0 
0 
0 
0 
1 19 3 
0 
0 
0 
0 
0 
0 
0 
0 
0 
0 
0 
0 
1 25 10 
0 
0 
0 
0 
0 
0 
0 
0 
0 
0 
0 
0 
0 
0 
0 
0 
0 
0 
0 
0 
0 
0 
0 
0 
0 
0 
0 
0 
0 
1 15 26 
0 
0 
0 
0 
0 
0 
0 
0 
0 
0 
0 
0 
0 
0 
0 
0 
0 
0 
0 
0 
0 
1 0 25 
0 
0 
1 1 24 
0 
1 2 23 
0 
1 3 22 
0 
0 
2 5 20 2 20 
0 
0 
0 
0 
1 3 18 
1 1 19 
1 2 17 
0 
0 
1 0 21 
0 
0 
0 
0 
0 
0 
0 
0 
0 
0 
0 
0 
0 
0 
0 
0 
0 
0 
0 
0 
0 
0 
0 
0 
0 
1 2 21 
0 
0 
0 
0 
0 
0 
0 
0 
0 
0 
0 
0 
0 
0 
0 
0 
0 
0 
0 
0 
0 
0 
0 
0 
0 
0 
0 
0 
0 
0 
0 
0 
0 
0 
0 
0 
0 
0 
0 
0 
0 
0 
0 
1 19 22 
0 
0 
0 
0 
0 
0 
0 
0 
0 
0 
0 
0 
0 
0 
0 
0 
0 
0 
0 
0 
1 24 14 
0 
0 
0 
0 
0 
0 
0 
0 
0 
0 
0 
0 
0 
0 
0 
0 
0 
0 
0 
0 
0 
0 
0 
0 
0 
0 
0 
0 
0 
0 
0 
0 
0 
0 
0 
0 
0 
0 
0 
0 
0 
0 
0 
0 
0 
0 
0 
0 
0 
0 
0 
0 
0 
0 
0 
0 
0 
0 
0 
0 
0 
0 
0 
0 
0 
0 
0 
0 
0 
0 
0 
0 
0 
0 
0 
0 
0 
0 
0 
0 
0 
0 
0 
0 
0 
0 
0 
0 
0 
0 
0 
0 
0 
0 
0 
0 
0 
0 
0 
0 
0 
0 
0 
0 
0 
0 
0 
0 
0 
0 
0 
0 
0 
0 
0 
0 
0 
0 
0 
0 
0 
1 20 28 
0 
1 18 27 
0 
1 16 28 
0 
0 
0 
0 
0 
0 
0 
0 
0 
0 
0 
1 20 21 
0 
0 
0 
0 
0 
0 
0 
0 
0 
0 
0 
0 
0 
0 
0 
0 
0 
0 
0 
0 
0 
0 
0 
0 
0 
0 
0 
0 
0 
0 
0 
0 
0 
0 
0 
0 
0 
0 
0 
0 
0 
0 
0 
0 
0 
0 
0 
0 
0 
0 
0 
0 
0 
0 
0 
0 
0 
0 
0 
0 
0 
0 
0 
0 
0 
0 
0 
0 
0 
0 
0 
0 
0 
0 
0 
0 
0 
0 
0 
1 1 23 
0 
0 
0 
0 
0 
0 
0 
0 
0 
0 
0 
0 
0 
0 
0 
0 
0 
0 
0 
0 
0 
0 
0 
0 
0 
0 
0 
0 
0 
0 
0 
0 
0 
0 
0 
0 
0 
0 
0 
0 
0 
0 
0 
0 
0 
0 
0 
0 
0 
0 
0 
0 
0 
0 
0 
0 
0 
0 
0 
0 
0 
0 
0 
0 
0 
0 
0 
0 
0 
0 
0 
0 
0 
0 
0 
0 
0 
0 
0 
0 
0 
0 
0 
0 
0 
0 
0 
0 
0 
0 
0 
0 
0 
0 
0 
0 
0 
0 
0 
0 
0 
0 
0 
0 
0 
0 
0 
0 
0 
0 
0 
0 
0 
0 
0 
0 
0 
0 
0 
1 25 1 
0 
0 
0 
0 
0 
0 
0 
0 
0 
0 
0 
0 
0 
0 
0 
0 
0 
0 
0 
0 
0 
0 
0 
0 
0 
0 
0 
0 
0 
0 
0 
0 
0 
0 
0 
0 
0 
0 
0 
0 
0 
0 
0 
0 
0 
0 
0 
0 
0 
0 
0 
0 
0 
0 
0 
0 
0 
0 
0 
0 
0 
0 
0 
0 
0 
0 
0 
0 
0 
0 
0 
0 
0 
0 
0 
0 
0 
0 
0 
0 
1 8 24 
0 
0 
0 
0 
0 
0 
0 
0 
0 
0 
0 
0 
0 
0 
0 
0 
0 
0 
0 
0 
0 
0 
0 
0 
0 
0 
0 
0 
0 
0 
0 
0 
0 
0 
0 
0 
0 
0 
0 
0 
0 
0 
0 
0 
0 
0 
0 
0 
0 
0 
0 
0 
0 
0 
0 
0 
0 
0 
0 
0 
0 
0 
0 
0 
0 
0 
0 
0 
0 
0 
0 
0 
0 
0 
0 
