3 2 16 0 18 0 14 
1 1 18 
1 3 17 
1 2 19 
0 
0 
0 
0 
0 
0 
1 4 15 
1 2 12 
0 
0 
0 
0 
2 3 12 1 12 
1 4 13 
0 
0 
0 
1 0 10 
0 
1 2 11 
1 1 9 
1 3 10 
1 2 8 
1 4 9 
1 3 6 
0 
1 1 7 
0 
1 6 6 
0 
0 
0 
0 
1 2 5 
0 
1 1 4 
1 0 1 
0 
0 
1 3 3 
0 
1 2 1 
0 
0 
0 
0 
0 
0 
0 
0 
0 
0 
0 
0 
0 
1 7 1 
0 
0 
0 
0 
2 9 0 1 0 
0 
1 8 2 
1 10 1 
1 9 3 
1 12 2 
0 
0 
1 13 1 
0 
1 15 0 
0 
1 14 2 
0 
1 15 3 
2 16 0 17 2 
1 16 4 
1 18 3 
0 
1 19 4 
0 
1 20 5 
1 19 7 
1 21 6 
1 20 8 
1 22 7 
1 21 9 
1 23 8 
1 22 10 
1 25 9 
0 
1 24 11 
1 26 10 
1 25 12 
0 
0 
0 
0 
1 26 8 
1 25 6 
1 28 7 
0 
1 27 10 
0 
1 29 9 
1 28 11 
1 30 10 
1 29 12 
1 32 11 
0 
1 31 8 
0 
1 29 13 
1 30 15 
1 28 14 
1 29 16 
1 27 15 
1 28 17 
0 
0 
2 26 18 26 12 
0 
1 25 19 
1 23 18 
0 
0 
1 23 21 
0 
0 
0 
0 
0 
0 
0 
0 
0 
0 
0 
0 
0 
0 
0 
0 
0 
0 
0 
0 
0 
0 
0 
0 
0 
0 
1 24 15 
0 
1 23 14 
1 24 12 
1 22 13 
1 23 11 
1 21 12 
0 
1 20 11 
0 
1 19 10 
0 
1 18 9 
0 
1 17 8 
0 
1 16 7 
0 
1 15 6 
0 
1 12 5 
0 
1 14 7 
2 13 7 13 2 
1 11 6 
0 
1 10 7 
1 11 10 
0 
2 13 9 9 9 
0 
0 
0 
0 
3 10 11 11 11 9 11 
0 
2 7 11 7 9 
1 8 13 
0 
0 
1 7 16 
0 
1 9 14 
0 
2 10 15 6 15 
0 
0 
0 
0 
0 
2 5 18 5 8 
0 
0 
0 
1 6 19 
1 8 18 
1 7 20 
1 9 19 
0 
1 10 20 
1 9 22 
1 11 21 
1 10 23 
1 12 22 
3 11 24 12 24 10 24 
1 15 23 
0 
0 
1 14 24 
1 16 22 
3 15 20 16 20 14 20 
1 18 21 
0 
1 17 19 
1 19 20 
1 18 18 
1 21 19 
1 19 16 
1 20 22 
0 
0 
1 21 23 
1 23 22 
1 22 25 
0 
3 20 24 18 28 19 29 
1 21 27 
0 
2 20 26 23 26 
1 22 28 
1 24 27 
1 23 29 
1 25 28 
0 
2 25 29 26 29 
3 22 30 26 30 18 30 
1 25 32 
1 28 31 
0 
2 27 32 27 29 
1 29 30 
1 28 27 
0 
3 29 28 30 28 26 28 
1 27 25 
0 
1 25 26 
1 26 23 
0 
1 28 24 
0 
1 29 23 
1 28 20 
1 30 22 
0 
2 31 21 26 21 
1 30 19 
0 
1 31 18 
2 32 24 32 16 
0 
0 
1 30 23 
1 31 25 
1 29 24 
1 30 27 
1 28 25 
0 
0 
1 32 29 
0 
0 
1 31 30 
0 
0 
0 
0 
0 
0 
0 
0 
0 
0 
0 
0 
0 
0 
0 
0 
0 
0 
0 
0 
0 
0 
0 
0 
0 
0 
0 
0 
0 
0 
0 
0 
0 
0 
0 
0 
0 
0 
0 
0 
0 
0 
0 
0 
0 
0 
0 
0 
0 
0 
0 
0 
0 
0 
0 
0 
0 
0 
1 21 17 
0 
0 
1 20 15 
1 24 16 
1 21 13 
0 
1 19 14 
1 20 12 
1 17 13 
1 19 11 
1 18 16 
1 16 14 
1 17 18 
2 19 15 15 15 
0 
1 14 16 
1 15 18 
1 13 17 
0 
1 11 18 
0 
1 12 21 
0 
0 
0 
0 
1 8 17 
0 
1 13 16 
1 12 13 
0 
1 10 14 
0 
1 9 13 
1 16 12 
0 
0 
1 14 15 
2 15 14 15 9 
0 
0 
0 
0 
0 
0 
0 
0 
0 
0 
0 
0 
0 
0 
0 
0 
0 
0 
0 
0 
0 
0 
0 
0 
0 
0 
0 
0 
0 
0 
0 
0 
0 
0 
0 
0 
0 
0 
0 
0 
0 
0 
0 
0 
0 
0 
0 
0 
0 
0 
0 
0 
0 
0 
0 
0 
0 
0 
0 
0 
0 
0 
0 
0 
0 
0 
0 
0 
0 
0 
0 
0 
1 3 11 
0 
0 
0 
0 
0 
0 
0 
0 
0 
0 
0 
0 
0 
0 
0 
0 
0 
0 
0 
0 
0 
0 
0 
0 
0 
0 
0 
0 
0 
0 
0 
0 
0 
0 
0 
0 
0 
0 
0 
0 
0 
0 
0 
0 
0 
0 
0 
0 
0 
0 
1 23 32 
1 20 31 
0 
1 21 28 
2 20 30 19 30 
0 
1 20 27 
0 
2 19 26 16 29 
1 17 27 
1 18 25 
1 16 26 
0 
0 
0 
1 16 23 
1 15 26 
1 13 25 
1 14 27 
1 11 26 
0 
1 12 27 
1 9 25 
2 9 26 9 23 
1 10 28 
1 9 24 
2 11 27 8 27 
1 9 30 
0 
1 11 29 
0 
0 
0 
2 12 31 13 31 
1 8 32 
0 
0 
1 14 30 
1 16 31 
1 15 27 
0 
0 
0 
0 
0 
0 
0 
0 
0 
0 
0 
0 
0 
0 
0 
0 
0 
0 
0 
0 
0 
0 
0 
0 
0 
0 
0 
0 
0 
0 
0 
0 
0 
0 
0 
0 
0 
0 
0 
0 
0 
0 
0 
0 
0 
0 
0 
0 
0 
0 
0 
0 
0 
0 
0 
0 
0 
0 
0 
0 
0 
0 
0 
1 16 19 
0 
0 
0 
0 
0 
0 
0 
0 
0 
0 
0 
0 
0 
0 
0 
0 
0 
0 
0 
0 
0 
0 
0 
0 
0 
0 
0 
0 
0 
0 
0 
0 
0 
0 
0 
0 
0 
1 13 8 
0 
0 
0 
0 
0 
0 
0 
0 
0 
0 
0 
0 
0 
0 
0 
0 
0 
0 
0 
0 
0 
0 
0 
0 
0 
0 
0 
0 
0 
0 
0 
0 
0 
0 
0 
0 
0 
0 
0 
0 
1 32 6 
0 
1 30 7 
1 31 4 
1 28 6 
1 30 4 
3 29 4 28 4 29 8 
1 32 5 
0 
0 
0 
0 
2 29 2 24 2 
0 
1 30 1 
0 
1 32 0 
0 
1 31 3 
0 
0 
0 
0 
0 
0 
0 
0 
0 
0 
0 
0 
0 
0 
0 
0 
0 
0 
0 
0 
0 
0 
0 
0 
0 
0 
0 
0 
0 
0 
0 
0 
0 
0 
0 
0 
0 
0 
0 
0 
0 
0 
0 
0 
0 
0 
0 
0 
0 
0 
0 
0 
0 
0 
0 
0 
0 
0 
0 
0 
0 
0 
0 
0 
0 
0 
0 
0 
0 
0 
0 
0 
0 
0 
0 
0 
0 
0 
0 
0 
0 
0 
0 
0 
0 
0 
0 
0 
0 
0 
0 
0 
0 
0 
0 
0 
0 
0 
0 
0 
0 
0 
0 
0 
0 
0 
0 
0 
0 
0 
0 
0 
0 
0 
0 
0 
0 
0 
0 
0 
0 
0 
0 
0 
0 
0 
0 
0 
0 
0 
0 
0 
0 
0 
0 
0 
0 
0 
1 20 23 
0 
0 
0 
0 
0 
0 
0 
0 
0 
0 
0 
0 
0 
0 
0 
0 
0 
0 
0 
0 
0 
0 
0 
0 
0 
2 7 32 7 29 
1 5 30 
1 6 28 
1 4 29 
1 5 27 
1 3 28 
0 
1 2 27 
2 3 24 3 25 
1 1 26 
0 
0 
2 1 24 1 23 
2 0 29 0 20 
0 
0 
0 
1 1 30 
1 3 29 
1 2 32 
2 3 30 4 30 
1 4 31 
0 
0 
0 
0 
0 
0 
0 
0 
0 
0 
0 
0 
0 
0 
0 
0 
0 
0 
0 
0 
0 
0 
0 
0 
0 
0 
0 
0 
0 
0 
0 
0 
0 
0 
0 
0 
0 
0 
0 
0 
0 
0 
0 
0 
0 
0 
0 
0 
0 
0 
0 
0 
0 
0 
0 
0 
0 
0 
0 
0 
0 
0 
0 
0 
0 
0 
0 
0 
0 
0 
0 
0 
0 
0 
0 
0 
0 
0 
0 
0 
0 
0 
0 
0 
0 
0 
0 
0 
0 
0 
0 
0 
0 
0 
0 
0 
0 
0 
0 
0 
0 
0 
0 
1 5 19 
0 
0 
0 
0 
0 
0 
0 
0 
0 
0 
0 
0 
0 
0 
0 
0 
0 
0 
0 
0 
0 
0 
0 
0 
0 
0 
0 
1 17 9 
0 
0 
0 
0 
0 
0 
0 
0 
0 
0 
0 
0 
0 
0 
1 27 12 
0 
0 
0 
0 
0 
0 
0 
0 
0 
0 
0 
0 
0 
0 
0 
0 
0 
0 
0 
0 
0 
0 
0 
0 
0 
0 
0 
0 
0 
1 23 1 
0 
1 22 0 
0 
0 
0 
1 23 3 
2 25 5 24 5 
1 23 2 
0 
1 22 1 
1 19 3 
0 
0 
1 18 2 
0 
0 
0 
0 
0 
0 
0 
0 
0 
0 
0 
0 
0 
0 
0 
0 
0 
0 
0 
0 
0 
0 
0 
0 
0 
0 
0 
0 
0 
0 
0 
0 
0 
0 
0 
0 
0 
0 
0 
0 
0 
0 
0 
0 
0 
0 
0 
0 
0 
0 
0 
0 
0 
0 
0 
0 
0 
0 
0 
0 
0 
2 14 3 12 3 
0 
0 
0 
0 
0 
0 
0 
0 
0 
0 
0 
0 
0 
0 
1 9 5 
0 
0 
0 
1 6 5 
0 
0 
0 
0 
0 
0 
0 
0 
0 
0 
0 
0 
0 
0 
0 
0 
0 
0 
0 
0 
0 
0 
0 
0 
0 
0 
0 
0 
0 
0 
0 
0 
0 
0 
0 
0 
0 
0 
0 
0 
0 
0 
0 
0 
0 
0 
0 
0 
0 
0 
0 
0 
0 
0 
0 
0 
0 
0 
0 
0 
0 
0 
0 
0 
0 
0 
0 
0 
0 
0 
0 
0 
0 
0 
0 
0 
0 
0 
0 
0 
0 
0 
0 
0 
0 
0 
0 
0 
0 
0 
0 
0 
0 
0 
0 
0 
0 
0 
0 
0 
0 
0 
0 
0 
0 
0 
0 
0 
0 
0 
0 
0 
0 
0 
0 
0 
0 
0 
0 
0 
0 
0 
0 
0 
0 
0 
0 
0 
0 
0 
0 
0 
0 
0 
0 
0 
0 
1 13 21 
0 
0 
0 
0 
0 
0 
0 
0 
0 
0 
0 
0 
0 
0 
0 
0 
0 
0 
0 
0 
0 
0 
0 
0 
0 
0 
0 
0 
0 
0 
0 
0 
0 
0 
0 
0 
0 
0 
0 
0 
0 
0 
0 
0 
0 
0 
0 
0 
0 
0 
0 
0 
0 
0 
0 
0 
0 
0 
0 
0 
0 
0 
0 
0 
0 
0 
0 
0 
0 
0 
0 
0 
0 
0 
0 
0 
0 
0 
0 
0 
0 
0 
0 
0 
1 26 0 
0 
0 
0 
0 
0 
0 
0 
0 
0 
0 
0 
0 
0 
0 
0 
0 
0 
0 
0 
0 
0 
0 
0 
0 
0 
0 
0 
0 
0 
0 
0 
0 
0 
0 
0 
0 
0 
0 
0 
0 
0 
0 
0 
0 
0 
0 
0 
0 
0 
0 
0 
0 
0 
0 
0 
0 
0 
0 
0 
0 
0 
0 
0 
0 
0 
0 
0 
0 
0 
0 
0 
0 
0 
0 
0 
0 
0 
0 
0 
0 
0 
0 
0 
0 
0 
0 
0 
0 
0 
0 
0 
0 
0 
0 
0 
0 
0 
0 
0 
0 
0 
0 
0 
0 
0 
0 
0 
0 
0 
0 
0 
0 
0 
0 
0 
0 
0 
0 
0 
0 
0 
0 
1 24 26 
0 
0 
0 
0 
0 
0 
0 
0 
0 
0 
0 
0 
0 
0 
0 
0 
0 
2 25 23 25 22 
2 24 25 24 21 
0 
0 
0 
0 
0 
0 
0 
0 
0 
0 
0 
0 
0 
0 
0 
0 
0 
0 
0 
0 
0 
0 
0 
0 
0 
0 
0 
0 
0 
0 
0 
0 
0 
0 
0 
0 
0 
0 
0 
0 
0 
0 
0 
0 
0 
0 
0 
0 
0 
0 
0 
0 
0 
0 
0 
0 
0 
0 
0 
0 
0 
0 
0 
0 
0 
0 
0 
0 
0 
0 
0 
0 
0 
0 
0 
0 
0 
0 
1 6 32 
0 
0 
0 
0 
0 
0 
0 
0 
0 
0 
0 
0 
0 
0 
0 
0 
0 
0 
0 
0 
0 
0 
0 
0 
0 
0 
0 
0 
0 
0 
0 
0 
0 
0 
1 14 29 
1 17 28 
0 
0 
0 
0 
0 
0 
0 
0 
0 
0 
0 
0 
0 
0 
0 
0 
0 
0 
0 
0 
0 
0 
0 
0 
0 
0 
0 
0 
0 
1 2 21 
0 
2 6 20 5 20 
0 
1 3 21 
1 4 23 
0 
1 8 22 
1 5 26 
0 
1 7 23 
0 
0 
0 
1 6 24 
2 4 25 7 25 
1 6 27 
0 
0 
0 
0 
0 
0 
0 
0 
0 
0 
0 
0 
0 
0 
0 
0 
0 
0 
0 
0 
0 
0 
0 
0 
0 
0 
0 
0 
0 
0 
0 
0 
0 
0 
0 
0 
0 
0 
0 
0 
0 
0 
0 
0 
0 
0 
0 
0 
0 
0 
0 
0 
0 
0 
0 
0 
0 
0 
0 
0 
0 
0 
0 
0 
0 
0 
0 
0 
0 
0 
0 
0 
0 
0 
0 
0 
0 
0 
0 
0 
0 
0 
0 
0 
0 
0 
0 
0 
0 
0 
0 
0 
0 
0 
0 
0 
0 
0 
0 
0 
0 
0 
0 
0 
0 
0 
0 
0 
0 
0 
0 
0 
0 
0 
0 
0 
0 
0 
0 
0 
0 
0 
0 
0 
0 
0 
0 
0 
0 
0 
0 
0 
1 28 32 
0 
0 
0 
0 
0 
0 
0 
0 
0 
0 
0 
0 
1 29 27 
0 
0 
0 
0 
0 
0 
0 
0 
0 
0 
0 
0 
0 
0 
0 
0 
0 
0 
0 
0 
0 
0 
0 
0 
0 
0 
0 
0 
0 
0 
0 
0 
0 
0 
0 
0 
0 
0 
0 
0 
0 
0 
0 
0 
0 
0 
0 
0 
0 
0 
0 
0 
0 
0 
0 
0 
0 
0 
0 
0 
0 
0 
0 
0 
0 
0 
0 
0 
0 
0 
0 
1 16 32 
0 
0 
0 
0 
0 
