2 2 12 0 14 
0 
1 3 11 
1 2 9 
1 4 10 
1 3 8 
1 7 9 
0 
0 
2 6 11 6 7 
1 8 10 
0 
0 
0 
1 9 8 
0 
0 
1 10 9 
1 9 11 
1 11 10 
1 10 12 
1 12 11 
1 11 13 
3 13 12 14 17 13 18 
0 
1 14 13 
1 13 15 
1 15 14 
2 14 16 15 18 
0 
2 15 16 15 17 
2 16 16 16 13 
2 17 16 17 13 
1 19 14 
1 18 12 
1 20 13 
1 19 11 
1 21 12 
1 20 10 
1 22 11 
1 21 8 
0 
0 
2 22 7 21 7 
2 23 15 23 5 
0 
0 
0 
0 
0 
0 
1 20 14 
1 22 16 
1 21 16 
0 
0 
0 
0 
1 18 18 
1 16 17 
1 17 21 
2 16 18 14 20 
0 
1 19 20 
0 
1 14 21 
1 15 23 
1 12 22 
0 
0 
2 12 21 11 21 
0 
1 15 19 
0 
