3 2 17 0 19 0 15 
2 1 19 1 15 
1 3 18 
1 2 20 
1 4 19 
0 
0 
0 
0 
0 
1 5 16 
0 
0 
0 
1 6 15 
1 5 13 
3 6 16 7 14 2 14 
0 
0 
0 
1 3 12 
0 
1 2 11 
0 
1 1 10 
1 0 8 
0 
0 
1 2 9 
1 1 7 
1 4 8 
0 
2 3 11 3 6 
1 5 9 
0 
2 6 10 2 10 
0 
1 7 11 
0 
0 
0 
0 
0 
0 
0 
0 
1 4 5 
2 5 8 6 6 
1 5 4 
1 7 5 
1 6 3 
1 8 4 
1 7 2 
1 9 3 
1 8 1 
1 10 2 
0 
2 10 3 11 1 
0 
2 13 0 6 0 
0 
1 12 2 
0 
1 13 3 
1 15 2 
1 14 4 
1 16 3 
1 15 5 
1 17 4 
1 16 6 
1 18 5 
1 17 7 
1 19 6 
1 18 8 
0 
1 19 9 
1 21 8 
1 20 10 
1 22 9 
3 21 11 22 11 20 11 
1 24 10 
0 
2 23 12 23 8 
1 25 11 
1 24 13 
1 26 12 
1 25 14 
0 
0 
1 28 14 
1 27 16 
1 29 15 
0 
0 
0 
0 
0 
0 
0 
0 
0 
0 
0 
1 25 9 
1 24 7 
1 26 8 
1 25 6 
1 27 7 
1 26 5 
1 28 6 
1 27 4 
1 29 5 
1 28 3 
1 30 4 
1 29 2 
1 31 3 
1 30 1 
1 33 2 
2 33 0 28 0 
2 32 4 32 0 
0 
1 33 6 
0 
1 30 5 
1 32 7 
1 31 7 
1 29 6 
1 30 8 
1 28 7 
1 29 9 
1 27 8 
1 28 10 
0 
1 27 12 
1 25 10 
0 
1 28 13 
1 30 12 
1 29 14 
1 31 13 
1 30 15 
1 32 14 
1 31 16 
0 
1 32 17 
2 33 19 33 12 
0 
0 
1 31 18 
1 32 20 
1 30 19 
1 31 21 
1 29 20 
1 30 22 
0 
1 29 23 
1 27 22 
1 28 24 
1 26 23 
1 27 25 
1 25 24 
1 26 26 
1 24 25 
1 25 27 
1 23 26 
1 24 28 
1 21 27 
0 
2 22 29 22 25 
1 20 28 
1 21 30 
1 19 29 
1 20 32 
1 18 30 
0 
2 22 31 17 31 
0 
1 16 32 
0 
2 19 33 15 33 
0 
0 
0 
0 
0 
0 
0 
0 
0 
0 
0 
0 
1 21 24 
2 19 25 15 22 
1 20 23 
0 
1 19 22 
1 16 23 
0 
2 17 22 17 25 
1 14 24 
2 16 25 16 26 
1 15 26 
1 13 22 
0 
1 13 25 
1 14 27 
1 12 26 
3 13 28 14 28 12 28 
1 10 27 
0 
2 11 26 11 29 
1 9 28 
3 10 30 11 30 9 30 
1 7 29 
0 
2 8 31 8 27 
1 6 28 
1 7 26 
1 5 27 
1 6 25 
1 4 26 
1 5 24 
0 
0 
0 
0 
0 
0 
0 
0 
0 
0 
0 
1 7 32 
1 5 31 
0 
1 3 32 
0 
1 4 30 
1 2 31 
3 3 28 4 29 1 29 
0 
0 
2 2 27 1 27 
0 
0 
1 0 25 
0 
0 
1 1 24 
1 2 23 
0 
0 
1 3 22 
1 5 23 
1 4 20 
1 6 22 
1 5 20 
2 7 21 1 21 
1 6 19 
1 8 20 
1 7 18 
1 9 19 
1 8 17 
1 10 18 
1 9 16 
1 11 17 
1 10 15 
1 13 16 
0 
2 12 17 12 14 
1 14 15 
1 13 13 
1 14 16 
1 14 12 
1 16 13 
1 15 11 
1 18 12 
0 
2 17 14 17 10 
1 19 13 
0 
0 
1 16 9 
0 
1 15 8 
0 
1 14 7 
0 
1 13 6 
0 
1 12 5 
0 
1 10 4 
0 
2 11 6 11 2 
1 8 5 
1 10 7 
1 9 7 
1 7 6 
1 8 8 
1 6 7 
1 7 10 
0 
1 9 9 
1 8 11 
2 9 8 10 10 
1 9 12 
1 11 11 
1 10 13 
1 13 12 
0 
1 12 10 
1 14 11 
3 13 9 15 9 12 9 
1 16 10 
0 
0 
1 12 8 
0 
0 
0 
0 
0 
0 
0 
0 
0 
0 
0 
0 
0 
0 
0 
0 
0 
0 
0 
0 
0 
0 
0 
0 
0 
0 
0 
0 
0 
0 
0 
0 
0 
0 
0 
0 
0 
0 
0 
0 
1 18 16 
0 
2 19 15 20 15 
2 17 16 17 17 
2 16 17 14 20 
0 
1 15 18 
1 13 17 
0 
2 13 18 12 18 
2 17 19 12 19 
0 
1 16 18 
0 
0 
2 11 21 18 21 
1 16 22 
0 
1 20 20 
2 18 19 18 18 
2 19 21 19 16 
2 20 19 21 19 
1 22 18 
0 
1 21 16 
1 23 17 
1 22 14 
1 25 16 
0 
1 21 13 
0 
0 
0 
0 
0 
1 22 13 
0 
0 
0 
0 
0 
0 
0 
0 
0 
1 24 19 
0 
2 23 18 26 18 
1 25 20 
0 
1 26 22 
0 
1 27 21 
1 28 18 
0 
0 
0 
0 
0 
0 
0 
0 
0 
0 
0 
0 
0 
0 
0 
0 
0 
0 
0 
0 
0 
0 
0 
0 
0 
0 
0 
0 
0 
0 
0 
0 
0 
0 
0 
0 
0 
0 
0 
0 
0 
0 
0 
0 
0 
0 
0 
0 
0 
0 
0 
0 
0 
0 
0 
0 
0 
0 
0 
0 
0 
0 
0 
0 
1 1 23 
1 0 24 
0 
0 
0 
0 
0 
0 
0 
0 
0 
0 
0 
0 
0 
0 
0 
0 
0 
0 
0 
0 
0 
0 
0 
0 
0 
0 
1 9 33 
0 
0 
1 10 32 
0 
1 12 31 
0 
0 
1 13 32 
0 
1 10 33 
0 
1 14 31 
0 
1 15 29 
0 
1 16 29 
1 12 30 
1 17 28 
0 
1 18 25 
0 
0 
0 
0 
0 
0 
0 
0 
0 
0 
0 
0 
0 
0 
0 
0 
0 
0 
0 
0 
0 
0 
0 
0 
0 
0 
0 
0 
0 
0 
0 
0 
0 
0 
0 
0 
0 
0 
0 
0 
0 
0 
0 
0 
0 
0 
0 
1 22 24 
0 
0 
0 
0 
0 
0 
0 
0 
0 
0 
0 
0 
0 
0 
0 
0 
0 
0 
0 
0 
0 
0 
0 
0 
0 
0 
0 
1 30 16 
0 
0 
0 
0 
0 
0 
0 
0 
0 
0 
0 
0 
0 
0 
0 
0 
0 
0 
0 
0 
0 
0 
0 
0 
0 
0 
0 
0 
0 
0 
0 
0 
0 
0 
0 
0 
0 
0 
0 
0 
0 
0 
0 
0 
0 
0 
0 
0 
0 
0 
0 
0 
0 
0 
0 
0 
0 
0 
0 
0 
0 
0 
0 
0 
0 
0 
1 5 1 
0 
1 4 2 
0 
1 3 3 
0 
1 2 4 
0 
1 1 5 
0 
0 
0 
1 0 2 
0 
0 
0 
0 
0 
0 
0 
0 
0 
0 
0 
0 
0 
0 
0 
0 
0 
0 
0 
0 
0 
0 
0 
0 
0 
0 
0 
0 
0 
0 
0 
0 
0 
0 
0 
0 
0 
0 
0 
0 
0 
0 
0 
0 
0 
0 
0 
0 
0 
0 
0 
0 
0 
0 
0 
0 
0 
0 
0 
0 
0 
0 
0 
0 
0 
0 
0 
0 
0 
0 
0 
0 
0 
0 
0 
0 
0 
0 
0 
0 
0 
0 
0 
0 
0 
0 
0 
0 
0 
0 
0 
0 
0 
0 
0 
0 
0 
0 
0 
0 
0 
0 
0 
0 
0 
0 
0 
0 
0 
0 
0 
0 
0 
0 
0 
0 
0 
0 
0 
0 
0 
0 
0 
0 
0 
0 
0 
0 
0 
0 
0 
0 
0 
0 
0 
0 
0 
0 
0 
0 
0 
0 
0 
0 
0 
0 
0 
0 
0 
0 
0 
0 
0 
0 
0 
0 
0 
0 
1 16 28 
0 
0 
0 
1 20 27 
0 
0 
0 
0 
0 
0 
0 
0 
0 
0 
0 
0 
0 
0 
0 
0 
0 
0 
0 
0 
0 
0 
0 
0 
0 
0 
0 
0 
0 
0 
0 
0 
0 
1 9 27 
0 
0 
0 
0 
1 12 29 
0 
0 
0 
0 
0 
0 
0 
0 
0 
0 
0 
0 
0 
0 
0 
0 
0 
0 
0 
0 
0 
0 
0 
0 
0 
0 
0 
0 
0 
0 
0 
0 
0 
0 
0 
0 
1 31 17 
1 33 20 
0 
0 
0 
0 
0 
0 
0 
0 
0 
0 
0 
0 
0 
0 
0 
0 
0 
0 
0 
0 
0 
0 
0 
0 
0 
0 
0 
0 
0 
0 
0 
0 
0 
0 
0 
1 26 1 
0 
1 27 3 
1 25 2 
1 26 4 
1 24 3 
1 25 5 
1 23 4 
0 
1 22 5 
1 23 7 
0 
0 
0 
0 
0 
0 
0 
0 
0 
0 
0 
0 
0 
0 
0 
0 
0 
0 
0 
0 
0 
0 
0 
0 
0 
0 
0 
0 
0 
0 
0 
0 
0 
0 
0 
0 
0 
0 
0 
0 
0 
0 
0 
0 
0 
0 
0 
0 
0 
0 
0 
0 
0 
0 
0 
0 
0 
0 
0 
0 
0 
0 
0 
0 
0 
0 
0 
0 
0 
0 
0 
0 
0 
1 24 33 
0 
1 23 31 
3 25 32 25 33 25 31 
1 24 29 
2 25 29 23 29 
2 27 30 22 30 
0 
2 26 32 26 27 
1 28 29 
1 27 27 
2 29 28 25 28 
1 28 25 
1 30 27 
1 29 25 
2 31 26 27 26 
1 30 23 
1 32 25 
1 31 23 
2 33 24 29 24 
0 
0 
0 
0 
0 
0 
0 
0 
0 
0 
0 
1 28 31 
0 
1 29 32 
0 
2 31 33 26 33 
0 
1 30 31 
1 32 32 
1 31 29 
0 
1 28 30 
1 32 28 
1 33 28 
0 
0 
0 
0 
0 
0 
1 33 27 
0 
0 
0 
0 
0 
0 
0 
0 
0 
0 
0 
0 
0 
0 
0 
0 
0 
0 
0 
0 
0 
0 
0 
0 
0 
0 
0 
0 
0 
0 
0 
0 
0 
0 
0 
0 
0 
0 
0 
0 
0 
0 
0 
0 
0 
0 
0 
0 
0 
0 
0 
0 
0 
0 
0 
0 
0 
0 
0 
0 
0 
0 
0 
0 
0 
0 
0 
0 
0 
0 
0 
0 
0 
0 
0 
0 
0 
0 
0 
0 
0 
0 
0 
0 
0 
0 
0 
0 
0 
0 
0 
0 
0 
0 
0 
0 
0 
0 
0 
0 
0 
0 
1 20 6 
1 22 8 
1 21 4 
1 19 5 
0 
0 
0 
0 
0 
0 
0 
0 
0 
0 
0 
0 
0 
0 
0 
0 
0 
0 
0 
0 
0 
0 
0 
0 
0 
0 
0 
0 
0 
0 
0 
0 
0 
0 
0 
0 
0 
0 
0 
0 
0 
0 
0 
0 
0 
0 
0 
0 
0 
0 
0 
0 
0 
0 
0 
0 
0 
0 
0 
0 
0 
0 
0 
0 
0 
0 
0 
0 
0 
0 
0 
0 
0 
0 
0 
0 
0 
0 
0 
0 
0 
0 
0 
0 
0 
0 
0 
0 
0 
0 
0 
0 
0 
0 
0 
0 
0 
0 
0 
0 
0 
0 
0 
0 
0 
1 1 30 
0 
0 
0 
0 
0 
0 
0 
0 
0 
0 
0 
0 
0 
0 
0 
0 
0 
0 
0 
0 
0 
0 
0 
0 
0 
0 
0 
0 
0 
0 
0 
0 
0 
0 
0 
0 
0 
0 
0 
0 
0 
0 
0 
0 
0 
0 
0 
0 
0 
0 
1 12 24 
0 
1 10 23 
0 
2 10 24 9 24 
2 12 25 9 25 
0 
0 
0 
1 8 24 
0 
0 
0 
0 
0 
0 
0 
0 
0 
0 
0 
0 
0 
0 
0 
0 
0 
0 
0 
0 
0 
0 
0 
0 
0 
0 
0 
0 
0 
0 
0 
0 
0 
0 
0 
0 
1 9 15 
0 
0 
0 
0 
0 
0 
0 
1 5 19 
0 
0 
0 
0 
0 
0 
0 
0 
0 
0 
0 
0 
0 
0 
0 
0 
0 
0 
0 
0 
0 
0 
0 
0 
0 
0 
0 
0 
0 
0 
0 
0 
0 
0 
0 
0 
0 
0 
0 
0 
0 
0 
0 
0 
0 
0 
0 
0 
0 
0 
0 
0 
0 
0 
0 
0 
0 
0 
0 
0 
0 
0 
0 
0 
0 
0 
0 
0 
0 
0 
0 
0 
0 
0 
0 
0 
0 
0 
0 
0 
0 
0 
0 
0 
0 
0 
0 
0 
0 
0 
0 
0 
0 
0 
0 
0 
0 
0 
0 
0 
0 
0 
0 
0 
0 
0 
0 
0 
0 
0 
0 
0 
0 
0 
0 
0 
0 
0 
0 
0 
0 
1 20 3 
1 18 4 
1 19 2 
1 17 3 
1 18 1 
1 16 2 
0 
1 15 1 
2 20 0 14 0 
0 
0 
1 21 1 
0 
1 22 2 
0 
0 
0 
1 23 1 
0 
1 21 0 
0 
0 
0 
0 
0 
0 
0 
0 
0 
0 
0 
0 
0 
0 
0 
0 
0 
0 
0 
0 
0 
0 
0 
0 
0 
0 
0 
0 
0 
0 
0 
0 
0 
0 
0 
0 
0 
0 
0 
0 
0 
0 
0 
0 
0 
0 
0 
0 
0 
0 
0 
0 
0 
0 
0 
0 
0 
0 
0 
1 29 10 
0 
0 
0 
0 
0 
0 
0 
0 
0 
0 
0 
0 
0 
0 
0 
0 
0 
0 
0 
0 
0 
0 
0 
0 
0 
0 
0 
0 
0 
0 
0 
0 
0 
0 
1 21 23 
0 
0 
0 
0 
0 
0 
0 
0 
0 
0 
0 
0 
0 
0 
0 
0 
0 
0 
0 
0 
0 
0 
0 
0 
0 
0 
0 
0 
0 
0 
0 
0 
0 
0 
0 
0 
0 
0 
0 
0 
0 
0 
0 
0 
0 
0 
0 
0 
0 
0 
0 
0 
0 
0 
0 
0 
0 
0 
0 
0 
0 
0 
0 
0 
0 
0 
0 
0 
0 
0 
0 
0 
0 
0 
0 
0 
0 
0 
0 
0 
0 
0 
0 
0 
0 
0 
0 
0 
0 
0 
1 18 17 
0 
0 
0 
0 
0 
0 
0 
0 
0 
0 
0 
0 
0 
0 
0 
0 
0 
0 
0 
0 
0 
0 
0 
0 
0 
0 
0 
0 
0 
0 
0 
0 
0 
0 
0 
0 
0 
0 
0 
0 
0 
0 
0 
0 
0 
0 
0 
0 
0 
0 
0 
0 
0 
0 
0 
0 
0 
0 
0 
2 8 16 8 12 
0 
0 
0 
0 
0 
0 
0 
0 
0 
0 
0 
0 
0 
0 
0 
0 
0 
0 
0 
0 
0 
0 
0 
0 
0 
0 
0 
0 
0 
0 
0 
0 
0 
0 
0 
0 
0 
0 
0 
0 
0 
0 
0 
0 
0 
0 
0 
0 
0 
0 
0 
0 
0 
0 
0 
0 
0 
0 
0 
0 
0 
0 
0 
0 
0 
0 
0 
0 
0 
0 
0 
0 
0 
0 
0 
0 
0 
0 
0 
0 
0 
0 
0 
0 
0 
0 
0 
0 
0 
0 
0 
0 
0 
0 
0 
0 
0 
0 
0 
0 
0 
0 
0 
0 
0 
0 
0 
0 
0 
0 
0 
0 
0 
0 
0 
0 
0 
0 
0 
0 
0 
0 
0 
0 
0 
0 
0 
0 
0 
0 
0 
0 
0 
0 
0 
0 
0 
0 
0 
0 
0 
0 
0 
0 
0 
0 
0 
0 
0 
0 
0 
0 
0 
0 
0 
0 
0 
0 
0 
0 
0 
0 
0 
0 
0 
0 
0 
0 
0 
0 
0 
0 
0 
0 
0 
0 
0 
0 
0 
0 
0 
0 
0 
0 
0 
0 
0 
0 
0 
0 
0 
0 
0 
0 
0 
0 
0 
0 
0 
0 
0 
0 
0 
0 
0 
1 4 1 
0 
0 
0 
0 
0 
0 
0 
0 
0 
0 
0 
0 
1 2 1 
0 
0 
0 
2 5 0 0 0 
0 
0 
0 
0 
0 
0 
0 
0 
0 
0 
0 
0 
0 
0 
0 
0 
0 
0 
0 
0 
0 
0 
0 
0 
0 
0 
0 
0 
0 
0 
0 
0 
0 
0 
0 
0 
0 
0 
0 
0 
0 
0 
0 
0 
0 
0 
0 
0 
0 
0 
0 
0 
0 
0 
0 
0 
0 
0 
0 
0 
0 
0 
0 
0 
0 
0 
0 
0 
0 
0 
0 
0 
0 
0 
0 
0 
0 
0 
0 
0 
0 
0 
0 
0 
0 
0 
0 
0 
0 
0 
0 
0 
0 
0 
0 
0 
0 
0 
0 
0 
0 
0 
0 
0 
0 
0 
0 
0 
0 
0 
0 
0 
0 
0 
0 
0 
0 
0 
0 
0 
0 
0 
0 
0 
0 
0 
0 
0 
0 
0 
0 
0 
0 
0 
0 
0 
0 
0 
0 
0 
0 
0 
0 
0 
0 
0 
0 
0 
0 
0 
0 
0 
0 
0 
0 
0 
0 
0 
0 
0 
0 
0 
0 
0 
0 
0 
0 
0 
0 
0 
1 9 20 
0 
0 
0 
0 
0 
0 
0 
0 
0 
0 
0 
0 
0 
0 
0 
0 
0 
0 
0 
0 
0 
0 
0 
0 
0 
0 
0 
0 
0 
0 
0 
0 
0 
0 
0 
0 
0 
0 
0 
0 
0 
0 
0 
0 
0 
0 
0 
0 
0 
0 
0 
0 
0 
0 
0 
1 5 17 
0 
0 
0 
0 
0 
0 
0 
0 
0 
0 
0 
0 
0 
0 
0 
0 
0 
0 
0 
0 
0 
0 
0 
0 
0 
0 
0 
0 
0 
0 
0 
0 
0 
0 
0 
0 
0 
0 
0 
0 
0 
0 
0 
0 
0 
0 
0 
0 
0 
0 
0 
0 
0 
0 
0 
0 
0 
0 
0 
0 
0 
0 
0 
0 
0 
0 
0 
0 
0 
0 
1 6 24 
2 6 23 9 23 
0 
0 
0 
0 
0 
0 
0 
0 
0 
0 
0 
0 
0 
0 
0 
