2 2 18 0 20 
2 1 20 1 16 
0 
0 
1 3 17 
1 2 15 
1 4 16 
0 
1 5 15 
1 4 13 
1 7 14 
0 
1 6 12 
1 8 13 
1 7 11 
1 9 12 
3 8 10 9 10 7 10 
1 11 11 
0 
1 10 12 
1 13 10 
0 
2 12 11 12 8 
1 14 9 
1 13 7 
1 15 8 
1 14 6 
1 16 7 
1 15 5 
1 18 6 
0 
1 17 7 
1 19 5 
1 18 3 
1 20 4 
1 19 2 
1 21 3 
1 20 0 
0 
2 22 1 18 1 
0 
1 24 0 
0 
1 23 3 
1 25 1 
0 
2 26 2 22 2 
1 25 4 
1 28 3 
0 
0 
1 29 2 
0 
1 30 1 
0 
2 32 0 25 0 
0 
3 31 2 32 2 30 2 
1 34 1 
0 
1 33 3 
0 
1 34 4 
1 35 6 
0 
0 
1 33 5 
4 34 8 35 7 33 7 34 7 
0 
0 
1 32 3 
1 30 7 
0 
0 
0 
1 30 5 
1 31 3 
1 33 4 
0 
1 29 7 
1 27 5 
1 28 7 
2 30 6 25 6 
1 27 8 
1 26 8 
1 24 7 
1 25 9 
1 23 8 
1 24 10 
1 22 9 
1 23 11 
2 21 10 18 13 
0 
1 20 11 
1 21 13 
3 18 12 19 12 17 15 
1 20 15 
0 
2 19 14 22 14 
1 21 16 
1 23 15 
1 22 17 
1 24 16 
1 23 19 
0 
1 22 18 
0 
2 25 17 26 19 
1 25 21 
1 27 20 
1 26 23 
0 
1 29 22 
0 
1 28 24 
1 31 23 
1 29 25 
1 30 25 
0 
1 31 26 
0 
1 32 27 
1 34 26 
1 33 29 
0 
1 35 28 
0 
0 
1 34 30 
0 
1 35 32 
0 
1 33 31 
1 34 33 
1 32 32 
0 
1 30 33 
0 
0 
0 
1 30 30 
1 28 31 
0 
0 
0 
0 
0 
0 
0 
0 
0 
0 
0 
0 
0 
0 
0 
0 
0 
0 
0 
0 
0 
0 
0 
0 
0 
0 
0 
0 
0 
0 
0 
0 
0 
0 
0 
0 
0 
0 
0 
0 
0 
0 
0 
0 
0 
0 
0 
0 
0 
0 
0 
0 
0 
0 
0 
0 
0 
0 
0 
0 
0 
0 
0 
0 
0 
0 
0 
0 
0 
0 
0 
0 
0 
0 
0 
0 
0 
0 
0 
0 
0 
0 
0 
0 
0 
0 
0 
0 
0 
0 
0 
0 
0 
0 
0 
0 
0 
0 
0 
1 16 0 
0 
0 
0 
0 
0 
0 
0 
0 
0 
0 
1 26 1 
0 
0 
0 
0 
0 
0 
0 
0 
0 
0 
0 
0 
0 
0 
0 
0 
0 
0 
0 
0 
0 
0 
0 
0 
0 
0 
0 
0 
0 
0 
0 
0 
0 
0 
0 
0 
0 
0 
0 
0 
0 
0 
0 
0 
0 
0 
0 
0 
0 
0 
0 
0 
0 
0 
0 
0 
0 
0 
1 27 19 
0 
0 
0 
0 
0 
0 
0 
0 
0 
0 
0 
0 
0 
0 
0 
0 
1 35 24 
0 
0 
1 34 23 
0 
1 33 22 
0 
1 32 20 
0 
1 34 21 
1 31 19 
0 
1 33 19 
0 
0 
2 35 23 35 16 
0 
0 
1 33 17 
1 34 15 
1 31 16 
1 33 14 
2 32 19 32 14 
0 
0 
0 
0 
0 
0 
0 
0 
0 
0 
0 
0 
0 
0 
0 
0 
0 
0 
0 
0 
0 
0 
0 
0 
0 
0 
0 
0 
0 
0 
0 
0 
0 
0 
0 
0 
0 
0 
0 
0 
0 
0 
0 
0 
0 
0 
0 
0 
0 
0 
0 
0 
0 
0 
0 
0 
0 
0 
0 
0 
0 
0 
0 
0 
0 
0 
0 
0 
0 
0 
0 
0 
0 
0 
0 
0 
0 
0 
0 
0 
0 
0 
0 
0 
0 
0 
0 
0 
0 
0 
0 
0 
0 
0 
0 
0 
0 
0 
0 
0 
0 
0 
0 
0 
0 
0 
0 
0 
1 18 2 
0 
1 17 2 
1 15 1 
1 16 4 
0 
1 14 3 
0 
1 13 4 
0 
1 12 5 
0 
1 11 6 
0 
1 10 7 
0 
1 8 8 
0 
1 9 6 
1 7 7 
1 8 5 
1 6 6 
0 
1 7 8 
0 
0 
0 
1 5 9 
0 
0 
2 6 11 6 7 
1 4 8 
1 5 6 
1 3 7 
1 4 5 
1 2 6 
1 3 4 
1 1 5 
0 
3 3 2 0 2 0 4 
2 5 3 0 3 
0 
1 4 1 
1 6 2 
0 
0 
0 
1 7 4 
0 
0 
1 8 3 
1 8 2 
0 
0 
0 
0 
0 
0 
0 
0 
0 
1 3 8 
0 
1 4 9 
0 
0 
0 
0 
0 
0 
0 
0 
0 
0 
0 
0 
0 
0 
0 
0 
0 
0 
0 
0 
0 
0 
0 
0 
0 
0 
0 
0 
0 
0 
0 
0 
0 
0 
0 
0 
0 
0 
0 
0 
0 
0 
0 
0 
0 
0 
0 
0 
0 
0 
0 
0 
0 
0 
0 
0 
0 
0 
0 
0 
0 
0 
0 
0 
0 
0 
0 
0 
0 
0 
0 
0 
0 
0 
0 
0 
0 
0 
0 
0 
0 
0 
0 
0 
0 
0 
0 
0 
0 
0 
0 
0 
0 
0 
0 
0 
0 
0 
0 
0 
0 
0 
0 
0 
0 
0 
0 
0 
0 
0 
0 
0 
0 
0 
0 
0 
0 
0 
0 
0 
0 
0 
1 29 34 
0 
1 27 35 
0 
1 28 32 
0 
1 25 33 
0 
2 26 35 26 30 
1 24 32 
1 25 30 
2 27 31 23 31 
1 24 29 
0 
0 
0 
0 
0 
0 
1 24 34 
0 
1 21 35 
0 
0 
1 22 33 
1 20 34 
1 21 32 
1 19 33 
1 20 30 
0 
1 18 31 
1 19 29 
0 
0 
0 
1 21 29 
1 22 28 
0 
0 
1 23 27 
1 25 28 
1 24 26 
1 26 27 
1 25 25 
0 
0 
0 
1 24 24 
0 
1 23 23 
0 
0 
1 22 21 
0 
1 21 20 
0 
1 19 19 
0 
2 20 18 20 21 
1 18 20 
1 19 22 
1 16 21 
0 
2 17 20 17 23 
1 15 22 
1 16 24 
1 14 23 
1 15 25 
1 13 24 
1 14 26 
1 12 25 
1 13 27 
0 
1 12 29 
0 
2 14 28 10 28 
1 11 30 
1 9 29 
1 10 31 
1 8 30 
1 9 32 
1 7 31 
1 8 33 
1 6 32 
0 
0 
0 
0 
0 
0 
0 
0 
0 
0 
1 13 30 
1 15 29 
1 14 31 
1 16 30 
1 15 32 
0 
1 16 33 
2 17 33 17 28 
0 
1 18 35 
0 
1 13 34 
0 
0 
0 
0 
1 12 33 
1 13 31 
1 10 32 
0 
1 11 34 
1 9 33 
0 
1 8 34 
0 
1 6 35 
0 
0 
1 5 34 
0 
1 3 33 
0 
1 4 31 
0 
0 
1 2 34 
0 
0 
0 
1 1 35 
2 0 35 0 28 
0 
0 
0 
1 2 29 
1 1 27 
1 3 28 
0 
1 4 27 
1 3 25 
1 5 26 
3 4 23 5 24 2 24 
0 
0 
1 3 22 
1 1 23 
1 2 20 
0 
1 5 21 
1 3 19 
0 
2 5 18 3 18 
1 7 19 
0 
2 6 21 6 17 
1 8 18 
2 7 15 8 16 
1 9 17 
0 
0 
0 
0 
0 
1 9 20 
0 
1 8 22 
1 10 19 
0 
0 
0 
1 10 21 
0 
1 11 22 
1 10 24 
1 13 23 
0 
1 12 20 
0 
0 
0 
0 
1 11 18 
0 
1 14 19 
2 12 18 12 17 
1 13 17 
1 15 18 
1 14 16 
0 
1 15 15 
1 18 16 
0 
1 17 18 
0 
0 
2 18 14 14 14 
0 
