2 2 11 0 9 
2 1 13 1 9 
1 3 10 
1 2 8 
1 4 9 
1 3 7 
1 5 8 
1 4 6 
0 
0 
0 
0 
0 
0 
0 
0 
1 3 12 
1 2 14 
1 5 13 
0 
2 4 15 4 10 
0 
0 
0 
0 
1 6 14 
1 5 16 
1 7 15 
1 6 17 
0 
0 
4 8 14 9 14 7 14 8 18 
1 10 15 
0 
0 
0 
1 10 17 
1 9 19 
1 12 18 
0 
2 11 21 11 15 
1 13 17 
1 12 13 
1 10 16 
0 
2 13 14 10 14 
1 11 12 
1 9 13 
0 
1 8 12 
0 
1 7 11 
1 8 8 
0 
0 
1 9 7 
1 11 8 
1 10 6 
1 12 7 
1 11 5 
1 13 6 
1 12 4 
1 15 5 
0 
2 14 7 14 3 
1 16 4 
1 15 1 
1 17 3 
0 
0 
1 13 0 
1 11 3 
0 
1 11 1 
0 
1 9 0 
0 
1 10 3 
1 7 1 
1 9 3 
1 8 3 
2 11 2 6 2 
1 7 5 
1 5 3 
2 11 4 5 4 
0 
1 9 6 
0 
0 
1 6 7 
0 
0 
0 
0 
0 
0 
0 
0 
0 
0 
0 
0 
0 
0 
0 
0 
0 
0 
0 
0 
0 
1 16 6 
1 15 8 
2 16 5 17 7 
0 
0 
2 17 9 13 9 
0 
0 
1 12 10 
1 13 13 
0 
1 15 12 
1 14 14 
1 16 13 
1 15 15 
2 17 14 21 15 
2 16 16 20 14 
1 18 15 
1 17 17 
1 21 16 
1 18 17 
1 19 12 
3 20 15 20 18 21 12 
0 
0 
0 
1 17 13 
1 20 12 
0 
