3 2 10 0 13 0 8 
1 1 12 
1 3 11 
1 2 13 
0 
1 3 14 
1 6 13 
0 
2 5 15 5 11 
1 7 12 
0 
0 
0 
0 
0 
0 
0 
0 
0 
1 7 14 
1 6 16 
1 8 15 
1 7 17 
1 9 16 
0 
0 
1 6 18 
0 
1 12 19 
0 
1 11 17 
1 13 18 
1 12 14 
0 
0 
1 15 15 
0 
1 14 13 
1 17 14 
0 
2 16 16 16 12 
1 18 13 
1 17 11 
0 
1 18 10 
2 19 17 19 8 
0 
0 
1 16 9 
0 
1 17 7 
1 15 8 
1 16 6 
0 
1 15 5 
1 13 6 
1 14 4 
1 11 5 
0 
2 12 4 12 7 
1 10 6 
1 11 9 
0 
2 14 8 9 8 
1 12 10 
1 13 10 
1 15 9 
0 
0 
0 
1 10 10 
0 
0 
1 8 7 
1 5 8 
0 
1 6 7 
1 4 9 
0 
0 
0 
0 
0 
1 2 7 
0 
0 
0 
1 3 6 
1 2 4 
1 4 5 
1 3 3 
1 5 4 
2 4 2 7 0 
1 8 1 
0 
0 
1 8 4 
0 
2 8 5 10 5 
1 4 6 
0 
0 
1 10 0 
2 10 4 11 4 
1 14 3 
0 
1 11 2 
0 
1 13 1 
1 16 2 
1 14 1 
1 15 3 
1 16 1 
1 11 0 
0 
1 17 5 
0 
0 
0 
0 
1 18 3 
2 16 4 19 4 
0 
0 
0 
0 
0 
0 
0 
0 
1 12 1 
0 
0 
0 
0 
0 
0 
0 
0 
0 
0 
0 
0 
0 
0 
0 
0 
0 
0 
0 
