3 2 12 0 14 0 10 
2 1 14 1 10 
1 3 11 
0 
1 4 10 
1 3 8 
1 5 9 
1 4 7 
1 6 8 
1 5 6 
0 
0 
1 8 6 
1 7 4 
1 9 5 
1 8 3 
1 10 4 
1 9 2 
1 11 3 
0 
0 
0 
0 
0 
0 
0 
0 
0 
0 
0 
0 
1 3 7 
0 
0 
0 
0 
0 
0 
1 3 13 
1 2 15 
1 5 14 
0 
1 4 16 
1 6 15 
1 5 17 
1 7 16 
1 6 18 
1 8 17 
1 7 19 
1 9 18 
1 8 20 
1 10 19 
1 9 21 
1 11 20 
1 10 22 
1 12 21 
1 11 23 
1 13 22 
0 
2 13 23 14 23 
2 16 24 9 24 
0 
0 
1 15 22 
1 17 23 
1 16 21 
1 18 22 
1 17 20 
1 19 21 
1 18 19 
1 20 20 
1 19 18 
1 21 19 
1 20 17 
1 22 18 
1 21 16 
1 23 17 
1 22 15 
0 
1 23 14 
2 24 19 24 12 
0 
0 
1 22 13 
1 23 11 
1 21 12 
1 22 10 
1 20 11 
1 21 9 
1 19 10 
1 20 8 
1 18 9 
1 19 7 
1 17 8 
1 18 6 
1 16 7 
1 17 5 
1 15 6 
1 16 4 
1 14 5 
1 15 3 
1 13 4 
1 14 2 
0 
1 13 1 
2 12 5 12 1 
0 
0 
1 9 1 
0 
2 16 0 7 0 
0 
1 8 2 
1 6 1 
1 7 3 
1 5 2 
0 
0 
1 4 4 
0 
1 3 5 
0 
1 1 6 
0 
2 2 8 2 4 
0 
0 
0 
0 
0 
0 
0 
0 
0 
0 
0 
0 
0 
0 
0 
0 
0 
0 
0 
0 
1 11 6 
0 
0 
0 
1 9 8 
0 
1 8 9 
0 
1 7 10 
0 
1 6 11 
0 
1 5 13 
0 
2 7 12 3 12 
1 6 14 
1 9 13 
0 
2 8 14 8 10 
2 9 12 10 12 
1 10 11 
1 9 9 
1 11 10 
1 10 8 
1 12 9 
1 11 7 
1 13 8 
1 12 6 
1 15 7 
1 13 5 
1 14 9 
1 16 8 
1 15 10 
1 17 9 
1 16 11 
1 18 10 
1 17 12 
1 19 11 
1 18 13 
1 20 12 
1 19 14 
1 21 13 
1 20 16 
1 22 14 
1 18 15 
2 19 17 14 15 
2 17 16 13 16 
1 18 18 
1 16 17 
1 17 19 
1 15 18 
1 16 20 
1 14 19 
0 
1 12 20 
1 14 22 
2 13 17 12 15 
2 12 19 11 19 
1 11 18 
0 
0 
0 
0 
0 
0 
0 
0 
0 
0 
0 
0 
0 
0 
0 
0 
0 
0 
0 
0 
0 
0 
0 
0 
0 
0 
0 
0 
0 
0 
0 
0 
0 
1 11 11 
0 
0 
0 
0 
0 
0 
0 
0 
0 
0 
0 
0 
0 
0 
0 
0 
0 
0 
0 
0 
0 
0 
0 
0 
0 
0 
0 
0 
0 
0 
0 
0 
0 
1 15 2 
1 17 1 
0 
1 18 2 
1 17 4 
1 19 3 
1 18 5 
1 20 4 
1 19 6 
1 21 5 
1 20 7 
0 
0 
1 19 2 
0 
0 
0 
0 
0 
0 
0 
0 
0 
0 
0 
0 
0 
0 
0 
0 
0 
0 
0 
0 
0 
0 
0 
0 
0 
0 
0 
0 
0 
0 
0 
0 
0 
0 
0 
0 
0 
0 
0 
0 
0 
0 
0 
0 
0 
0 
0 
0 
0 
0 
0 
0 
0 
0 
0 
0 
0 
0 
0 
0 
0 
0 
1 8 23 
0 
1 7 22 
0 
1 6 21 
0 
1 4 20 
0 
1 5 22 
1 3 21 
1 4 23 
1 2 22 
0 
1 1 23 
0 
1 6 24 
0 
1 0 21 
0 
0 
1 1 20 
0 
1 2 19 
0 
1 3 18 
0 
0 
0 
1 2 17 
0 
1 0 16 
0 
1 1 19 
0 
1 0 20 
0 
0 
0 
0 
0 
0 
0 
0 
0 
0 
0 
0 
0 
0 
0 
0 
0 
0 
0 
0 
0 
0 
0 
0 
0 
0 
0 
0 
0 
0 
0 
0 
0 
0 
0 
0 
0 
0 
0 
0 
0 
0 
0 
0 
0 
0 
0 
0 
0 
0 
0 
0 
0 
0 
0 
0 
0 
0 
0 
0 
0 
0 
0 
0 
0 
0 
0 
0 
0 
0 
0 
0 
0 
0 
0 
0 
0 
0 
0 
0 
0 
0 
0 
0 
0 
0 
0 
0 
0 
0 
0 
0 
0 
0 
0 
0 
0 
0 
0 
0 
0 
0 
0 
0 
0 
0 
0 
0 
0 
0 
0 
0 
0 
0 
0 
0 
0 
0 
0 
0 
0 
0 
0 
0 
0 
0 
0 
0 
0 
0 
0 
0 
0 
0 
0 
0 
0 
0 
0 
0 
0 
0 
2 12 16 13 13 
1 10 17 
1 11 15 
1 8 16 
0 
0 
0 
0 
0 
0 
0 
0 
0 
0 
0 
0 
0 
0 
0 
0 
0 
0 
0 
0 
0 
0 
0 
0 
0 
0 
0 
0 
0 
0 
0 
0 
0 
0 
0 
0 
0 
0 
0 
0 
0 
0 
0 
0 
0 
0 
0 
0 
0 
0 
0 
0 
0 
0 
0 
0 
0 
0 
0 
0 
0 
0 
0 
0 
0 
0 
0 
0 
0 
0 
0 
0 
0 
0 
0 
0 
0 
0 
0 
0 
0 
0 
0 
0 
0 
0 
0 
0 
0 
0 
0 
1 23 20 
0 
1 22 21 
0 
1 21 22 
0 
1 20 23 
0 
0 
0 
2 22 24 17 24 
0 
0 
1 23 23 
0 
0 
0 
0 
0 
0 
0 
0 
0 
0 
0 
0 
0 
0 
0 
0 
0 
0 
0 
0 
0 
0 
0 
0 
0 
0 
0 
0 
0 
0 
0 
0 
0 
0 
0 
0 
0 
0 
0 
0 
0 
0 
0 
0 
0 
0 
0 
0 
0 
0 
0 
0 
0 
0 
0 
0 
0 
0 
0 
0 
0 
1 22 6 
1 21 8 
1 23 7 
1 22 9 
0 
1 23 10 
2 24 11 24 5 
0 
0 
1 23 4 
0 
1 22 3 
0 
1 21 2 
0 
1 20 0 
0 
2 22 1 18 1 
0 
1 24 0 
0 
1 23 3 
0 
0 
0 
0 
0 
0 
0 
0 
0 
0 
0 
0 
0 
0 
0 
0 
0 
0 
0 
0 
0 
0 
0 
0 
0 
0 
0 
0 
0 
0 
0 
0 
0 
0 
0 
0 
0 
0 
0 
0 
0 
0 
0 
0 
0 
0 
0 
0 
0 
0 
0 
0 
0 
0 
0 
0 
0 
0 
0 
0 
0 
0 
0 
0 
0 
0 
0 
0 
0 
0 
0 
0 
0 
0 
0 
0 
0 
0 
0 
0 
0 
0 
0 
0 
0 
0 
0 
0 
0 
0 
0 
0 
0 
0 
0 
0 
0 
0 
0 
0 
0 
0 
0 
0 
2 10 15 10 13 
0 
1 7 15 
1 12 14 
0 
1 11 12 
0 
1 12 11 
1 15 12 
0 
0 
1 15 11 
1 12 10 
0 
0 
2 15 13 17 13 
1 18 14 
0 
