3 2 13 0 15 0 11 
2 1 15 1 11 
2 2 12 3 12 
0 
1 3 14 
1 2 16 
1 4 15 
1 3 17 
1 5 16 
0 
1 6 17 
1 5 19 
1 7 18 
1 6 20 
1 8 19 
1 7 21 
1 9 20 
3 8 22 9 22 7 22 
1 11 21 
0 
2 10 23 10 19 
1 12 20 
1 11 18 
1 13 19 
1 12 17 
1 14 18 
1 13 16 
1 15 17 
1 14 15 
1 16 16 
1 15 14 
1 17 15 
1 16 13 
1 18 14 
1 17 12 
1 19 13 
1 18 11 
1 20 12 
1 19 10 
1 21 11 
1 20 9 
1 22 10 
1 21 8 
1 23 9 
1 22 7 
1 24 8 
1 23 6 
1 25 7 
2 24 5 23 5 
0 
1 25 3 
0 
1 23 4 
1 24 2 
1 22 3 
1 23 1 
1 21 2 
0 
2 21 3 20 1 
0 
2 25 0 18 0 
0 
1 19 2 
1 17 1 
1 18 3 
1 16 2 
1 17 4 
1 15 3 
1 16 5 
1 14 4 
1 15 6 
1 13 5 
1 14 7 
1 12 6 
1 13 8 
1 11 7 
1 12 9 
1 10 8 
1 11 10 
1 9 9 
3 10 11 11 11 9 11 
1 7 10 
0 
2 8 12 8 8 
2 7 9 6 9 
0 
1 6 11 
1 7 13 
1 5 12 
1 6 14 
1 3 13 
0 
1 4 10 
0 
1 3 11 
1 5 8 
0 
0 
0 
0 
0 
1 7 15 
0 
1 8 16 
0 
1 9 17 
0 
0 
0 
1 10 16 
0 
0 
0 
0 
0 
0 
0 
0 
0 
0 
0 
0 
0 
2 6 10 3 10 
0 
0 
0 
3 3 9 3 4 4 3 
1 4 7 
1 2 8 
1 3 6 
1 1 7 
2 2 5 2 3 
0 
2 1 5 1 3 
2 0 1 0 9 
0 
1 2 4 
1 3 1 
0 
0 
1 2 2 
0 
1 2 1 
1 5 0 
0 
0 
0 
2 5 1 6 1 
1 6 2 
1 5 4 
1 7 3 
1 6 5 
1 8 4 
1 7 6 
1 9 5 
0 
2 9 6 11 6 
1 5 7 
1 9 8 
1 10 4 
0 
1 12 5 
1 11 3 
1 13 4 
1 12 2 
1 14 3 
1 13 1 
1 15 2 
0 
2 15 1 16 1 
2 17 0 11 0 
0 
0 
0 
0 
0 
0 
0 
0 
0 
0 
0 
0 
0 
0 
0 
0 
0 
0 
0 
0 
0 
0 
0 
0 
0 
0 
0 
0 
0 
0 
0 
0 
0 
0 
0 
0 
0 
0 
0 
0 
0 
0 
0 
0 
0 
0 
0 
0 
0 
0 
0 
0 
0 
0 
0 
0 
0 
0 
0 
1 11 15 
0 
1 12 14 
0 
1 13 13 
0 
0 
0 
0 
0 
0 
0 
0 
0 
0 
0 
0 
0 
0 
0 
0 
0 
0 
0 
0 
0 
0 
0 
0 
0 
0 
0 
0 
0 
0 
0 
0 
0 
0 
0 
0 
0 
0 
0 
0 
0 
0 
0 
0 
0 
0 
0 
0 
0 
0 
0 
0 
0 
0 
0 
0 
0 
0 
0 
1 23 10 
0 
0 
1 20 8 
0 
0 
0 
0 
0 
0 
0 
0 
0 
0 
0 
0 
0 
0 
0 
0 
0 
0 
0 
0 
0 
0 
1 12 22 
1 11 24 
2 12 21 13 23 
0 
1 14 24 
0 
2 16 25 9 25 
0 
1 15 23 
1 17 24 
1 16 22 
1 18 23 
1 17 21 
1 19 22 
1 18 20 
1 20 21 
1 19 19 
1 21 20 
1 20 18 
1 22 19 
1 21 17 
1 23 18 
0 
0 
0 
0 
0 
0 
1 17 20 
0 
0 
0 
0 
0 
0 
0 
1 14 23 
0 
0 
0 
0 
0 
0 
0 
0 
0 
0 
0 
0 
0 
0 
0 
0 
0 
0 
0 
0 
0 
0 
0 
0 
0 
0 
0 
0 
0 
0 
0 
0 
0 
0 
0 
0 
0 
0 
0 
0 
0 
0 
0 
0 
0 
0 
0 
0 
0 
0 
0 
0 
0 
0 
0 
0 
0 
0 
0 
0 
0 
0 
0 
0 
0 
0 
0 
0 
0 
0 
0 
0 
0 
0 
0 
0 
0 
0 
0 
0 
0 
0 
0 
0 
0 
0 
0 
0 
0 
0 
0 
0 
0 
1 14 12 
0 
1 15 11 
0 
1 16 10 
0 
1 17 9 
0 
1 18 8 
0 
1 19 6 
0 
3 20 7 21 7 17 7 
1 18 4 
0 
1 17 5 
1 16 9 
1 15 7 
2 17 8 14 8 
1 15 10 
1 13 9 
1 14 11 
1 12 10 
1 13 12 
0 
1 12 13 
1 10 12 
1 11 14 
1 8 13 
1 10 15 
0 
0 
0 
0 
0 
0 
0 
0 
0 
0 
0 
0 
0 
0 
0 
0 
0 
0 
0 
0 
0 
0 
0 
0 
0 
0 
0 
0 
0 
0 
0 
0 
0 
0 
0 
0 
0 
0 
0 
0 
0 
0 
0 
0 
0 
0 
0 
0 
0 
0 
0 
0 
1 7 8 
0 
0 
0 
0 
0 
0 
0 
0 
0 
0 
0 
0 
0 
0 
0 
0 
0 
0 
0 
0 
0 
0 
0 
0 
0 
0 
0 
0 
0 
0 
0 
0 
0 
0 
0 
0 
0 
0 
0 
1 22 11 
0 
0 
0 
0 
0 
0 
0 
0 
0 
0 
0 
1 16 17 
0 
0 
0 
0 
0 
0 
0 
0 
0 
0 
0 
0 
0 
0 
0 
0 
0 
0 
0 
1 8 24 
0 
1 6 23 
0 
0 
1 5 24 
0 
2 8 25 3 25 
0 
1 4 23 
1 2 24 
1 3 22 
1 1 23 
1 2 21 
0 
0 
0 
0 
0 
0 
0 
0 
0 
0 
0 
0 
0 
0 
0 
0 
0 
0 
0 
0 
0 
0 
0 
0 
0 
0 
0 
0 
0 
0 
0 
0 
0 
0 
0 
0 
0 
0 
0 
0 
0 
0 
0 
0 
0 
0 
0 
0 
0 
0 
0 
0 
0 
0 
0 
0 
0 
0 
0 
0 
0 
0 
0 
0 
0 
0 
0 
0 
0 
0 
0 
0 
0 
0 
0 
0 
0 
0 
0 
0 
0 
0 
0 
0 
0 
0 
0 
0 
0 
0 
0 
0 
0 
0 
0 
0 
0 
0 
0 
0 
0 
0 
0 
0 
0 
0 
0 
0 
0 
0 
0 
0 
0 
0 
0 
0 
0 
0 
0 
0 
0 
0 
0 
1 20 5 
1 19 3 
1 22 4 
1 20 2 
0 
0 
0 
0 
0 
0 
0 
0 
0 
0 
0 
0 
0 
0 
0 
0 
0 
0 
0 
0 
0 
0 
0 
0 
0 
0 
0 
0 
0 
0 
0 
0 
0 
0 
0 
0 
0 
0 
0 
0 
0 
0 
0 
0 
0 
0 
0 
0 
0 
0 
0 
0 
0 
0 
0 
0 
0 
0 
0 
0 
0 
0 
0 
0 
0 
0 
0 
0 
0 
0 
0 
0 
0 
0 
0 
0 
0 
0 
0 
0 
0 
1 25 8 
0 
0 
0 
0 
0 
0 
0 
0 
0 
0 
0 
0 
0 
0 
0 
0 
0 
0 
0 
0 
0 
0 
0 
0 
0 
0 
0 
0 
0 
0 
0 
0 
0 
0 
0 
0 
0 
0 
0 
0 
0 
0 
1 18 24 
0 
0 
0 
0 
0 
0 
0 
1 22 20 
1 22 16 
1 24 17 
1 23 15 
0 
1 24 14 
2 25 19 25 12 
0 
0 
1 23 13 
1 24 10 
1 21 12 
0 
1 22 15 
1 20 13 
1 21 15 
2 23 14 19 14 
1 20 17 
1 18 15 
1 19 17 
2 21 16 17 16 
1 18 19 
0 
1 17 19 
2 19 18 15 18 
1 16 20 
1 14 19 
0 
0 
0 
0 
0 
0 
0 
0 
0 
0 
0 
0 
0 
0 
0 
0 
0 
0 
0 
0 
0 
0 
0 
0 
0 
0 
0 
0 
0 
0 
0 
0 
0 
0 
0 
1 17 25 
0 
0 
0 
0 
0 
0 
0 
0 
0 
0 
0 
0 
0 
0 
0 
0 
0 
0 
0 
0 
0 
0 
0 
1 1 20 
2 0 25 0 18 
0 
0 
1 2 19 
1 1 16 
0 
0 
1 3 21 
0 
1 4 21 
0 
1 2 20 
0 
0 
0 
0 
0 
0 
0 
0 
0 
0 
0 
0 
0 
0 
0 
0 
0 
0 
0 
0 
0 
0 
0 
0 
0 
0 
0 
0 
0 
0 
0 
0 
0 
0 
0 
0 
0 
0 
0 
0 
0 
0 
0 
0 
0 
0 
0 
0 
0 
0 
0 
0 
0 
0 
0 
0 
0 
0 
0 
0 
0 
0 
0 
0 
0 
0 
0 
0 
0 
0 
0 
0 
0 
0 
0 
0 
0 
0 
0 
0 
0 
0 
0 
0 
0 
0 
0 
0 
0 
0 
0 
0 
0 
0 
0 
0 
0 
0 
0 
0 
0 
0 
0 
0 
0 
0 
0 
0 
0 
0 
0 
0 
0 
0 
0 
0 
0 
0 
0 
0 
0 
0 
0 
0 
0 
0 
0 
0 
0 
0 
0 
0 
0 
0 
0 
0 
0 
0 
0 
0 
0 
0 
0 
0 
0 
0 
0 
0 
0 
0 
0 
1 10 1 
0 
1 9 2 
0 
0 
1 9 4 
1 8 1 
0 
0 
0 
1 10 0 
0 
0 
0 
0 
0 
0 
0 
0 
0 
0 
0 
0 
0 
0 
0 
0 
0 
0 
0 
0 
0 
0 
0 
0 
0 
0 
0 
0 
0 
0 
0 
0 
0 
0 
0 
0 
0 
0 
0 
0 
0 
0 
0 
0 
0 
0 
0 
0 
0 
0 
0 
0 
0 
0 
0 
0 
0 
0 
0 
0 
0 
0 
0 
0 
0 
0 
0 
0 
0 
0 
0 
0 
0 
0 
0 
0 
0 
0 
0 
0 
0 
0 
0 
0 
0 
0 
0 
0 
0 
0 
0 
0 
0 
0 
0 
0 
0 
0 
0 
0 
0 
0 
0 
0 
0 
0 
0 
0 
0 
0 
0 
0 
0 
0 
0 
0 
0 
0 
0 
0 
0 
0 
0 
0 
0 
0 
0 
0 
0 
0 
0 
0 
0 
0 
0 
0 
0 
0 
0 
0 
0 
0 
0 
0 
0 
0 
0 
0 
0 
0 
0 
0 
0 
0 
0 
0 
0 
0 
0 
0 
2 24 20 25 20 
0 
1 23 22 
0 
2 25 21 21 21 
1 22 23 
1 20 22 
3 21 24 22 24 20 24 
1 19 23 
0 
0 
0 
0 
0 
0 
0 
0 
0 
0 
0 
0 
0 
0 
0 
0 
0 
0 
0 
0 
0 
0 
0 
0 
0 
0 
0 
0 
0 
0 
0 
0 
0 
0 
0 
0 
0 
0 
0 
0 
0 
0 
0 
0 
0 
0 
0 
0 
0 
0 
0 
0 
0 
0 
0 
0 
0 
0 
0 
0 
0 
0 
0 
0 
0 
0 
0 
0 
0 
0 
0 
0 
0 
0 
0 
0 
0 
0 
0 
0 
0 
0 
0 
0 
0 
0 
0 
0 
0 
0 
0 
0 
0 
0 
0 
0 
0 
0 
0 
0 
0 
0 
0 
0 
0 
0 
0 
0 
0 
0 
0 
0 
0 
0 
0 
0 
0 
0 
0 
0 
0 
0 
0 
0 
0 
0 
0 
0 
0 
0 
0 
0 
0 
0 
0 
0 
0 
0 
0 
0 
0 
0 
0 
0 
0 
0 
0 
0 
0 
0 
0 
0 
0 
0 
0 
1 9 16 
1 7 14 
0 
0 
0 
0 
0 
0 
0 
0 
0 
0 
0 
0 
0 
0 
0 
0 
0 
0 
0 
0 
0 
0 
0 
0 
0 
0 
0 
0 
0 
0 
0 
0 
0 
0 
0 
0 
0 
0 
0 
0 
0 
0 
0 
0 
0 
0 
0 
0 
0 
0 
0 
0 
0 
0 
0 
0 
0 
0 
0 
0 
0 
0 
0 
0 
0 
0 
0 
0 
0 
0 
0 
0 
0 
0 
0 
0 
0 
0 
