1 0 14 
1 2 11 
0 
0 
1 3 9 
1 2 6 
1 4 8 
0 
2 5 7 0 7 
1 4 5 
1 6 6 
1 5 4 
0 
0 
0 
0 
0 
0 
0 
0 
0 
0 
0 
0 
0 
0 
1 1 17 
1 3 14 
0 
2 4 15 0 15 
1 3 17 
2 4 14 5 16 
1 4 19 
1 6 17 
1 5 19 
2 7 18 2 18 
1 6 21 
0 
2 8 20 4 20 
1 7 22 
0 
0 
0 
1 5 22 
1 3 21 
1 4 23 
1 2 22 
0 
0 
1 9 24 
0 
0 
1 6 22 
0 
1 8 22 
1 10 23 
1 9 21 
1 11 22 
0 
0 
1 12 20 
1 11 17 
0 
0 
0 
0 
0 
0 
0 
1 9 16 
0 
0 
1 7 17 
1 8 15 
1 6 16 
1 7 14 
1 5 15 
1 6 13 
0 
1 5 12 
1 3 13 
1 4 11 
1 2 12 
0 
0 
1 5 10 
0 
1 6 9 
0 
1 7 8 
0 
1 8 7 
1 7 5 
1 9 6 
1 8 4 
1 10 5 
1 9 3 
1 11 4 
1 10 2 
1 12 3 
0 
1 13 2 
1 12 0 
2 14 1 9 1 
0 
1 16 0 
0 
1 15 2 
0 
1 16 3 
1 18 2 
0 
0 
0 
1 19 0 
0 
0 
0 
0 
0 
2 23 2 21 2 
0 
0 
1 24 4 
0 
1 21 3 
0 
1 22 5 
1 20 4 
1 21 6 
1 19 5 
1 20 7 
1 18 6 
3 19 8 15 9 16 10 
1 17 7 
1 18 9 
1 16 8 
0 
0 
1 20 10 
0 
0 
1 21 9 
0 
1 22 8 
0 
1 24 7 
0 
1 23 9 
0 
1 24 11 
0 
1 21 10 
1 23 12 
0 
0 
0 
2 21 13 21 14 
2 20 14 15 12 
1 18 13 
0 
0 
1 18 15 
1 17 12 
0 
0 
1 14 13 
1 16 11 
1 15 15 
1 13 14 
1 14 16 
1 9 15 
0 
1 12 16 
0 
1 14 21 
1 15 19 
0 
0 
0 
0 
0 
0 
1 13 23 
0 
1 15 22 
0 
1 17 23 
0 
1 16 20 
0 
1 18 21 
1 17 19 
1 19 20 
1 18 17 
1 20 19 
0 
1 17 18 
0 
0 
0 
0 
0 
0 
0 
0 
1 19 24 
0 
1 18 22 
1 20 23 
0 
0 
1 22 21 
0 
1 21 23 
1 23 22 
0 
0 
0 
0 
0 
0 
1 23 19 
0 
1 22 17 
0 
1 21 16 
2 22 16 19 16 
0 
0 
0 
1 23 15 
0 
0 
0 
0 
0 
0 
0 
0 
0 
0 
0 
0 
0 
0 
0 
0 
0 
0 
0 
0 
0 
0 
0 
0 
0 
0 
0 
0 
0 
0 
0 
0 
0 
0 
0 
0 
0 
0 
0 
0 
0 
0 
0 
0 
0 
0 
0 
0 
0 
0 
0 
0 
0 
0 
0 
0 
0 
0 
0 
0 
0 
0 
0 
0 
0 
0 
0 
0 
0 
0 
0 
0 
0 
0 
0 
0 
0 
0 
0 
0 
0 
0 
0 
0 
0 
0 
0 
0 
0 
0 
0 
0 
0 
0 
0 
0 
0 
0 
0 
0 
0 
0 
0 
0 
0 
0 
0 
0 
0 
0 
1 8 3 
0 
1 6 2 
1 7 4 
1 4 3 
0 
1 5 1 
1 3 2 
0 
1 2 1 
0 
2 6 0 0 0 
0 
1 1 3 
0 
0 
0 
0 
1 2 4 
0 
1 3 5 
0 
0 
0 
0 
0 
0 
0 
0 
0 
0 
0 
0 
0 
0 
0 
0 
0 
0 
0 
0 
0 
0 
0 
0 
0 
0 
0 
0 
0 
0 
0 
0 
0 
0 
0 
0 
0 
0 
0 
0 
0 
0 
0 
0 
0 
0 
0 
0 
0 
0 
0 
0 
0 
0 
0 
0 
0 
0 
0 
0 
0 
0 
0 
0 
0 
0 
0 
0 
0 
1 0 21 
0 
0 
1 1 19 
0 
0 
1 0 18 
0 
0 
0 
0 
0 
0 
0 
0 
0 
0 
0 
0 
0 
0 
0 
0 
0 
0 
0 
0 
0 
0 
0 
0 
0 
0 
0 
0 
0 
0 
0 
0 
0 
0 
0 
0 
0 
1 1 5 
0 
1 0 4 
0 
0 
0 
0 
0 
0 
0 
0 
0 
0 
0 
0 
0 
0 
0 
0 
0 
0 
0 
0 
0 
0 
0 
0 
0 
0 
0 
0 
0 
0 
0 
0 
0 
0 
0 
0 
0 
0 
0 
0 
0 
0 
0 
0 
0 
0 
0 
0 
0 
0 
0 
0 
0 
0 
0 
0 
0 
0 
0 
0 
0 
0 
0 
0 
0 
0 
0 
0 
0 
0 
0 
0 
0 
0 
0 
0 
0 
0 
0 
0 
0 
0 
0 
0 
0 
0 
0 
0 
0 
0 
0 
0 
0 
0 
0 
0 
0 
0 
0 
0 
0 
0 
0 
0 
0 
0 
0 
0 
0 
0 
0 
0 
0 
0 
0 
0 
0 
0 
0 
0 
0 
0 
0 
0 
0 
0 
0 
0 
0 
0 
0 
0 
0 
0 
0 
0 
0 
0 
0 
0 
0 
0 
0 
0 
0 
0 
1 10 13 
1 8 14 
1 9 10 
0 
0 
0 
0 
0 
0 
1 11 11 
1 8 8 
0 
1 9 9 
0 
0 
0 
0 
1 12 10 
1 11 8 
1 14 9 
1 12 6 
0 
0 
0 
0 
0 
0 
0 
0 
0 
0 
0 
0 
0 
0 
0 
0 
0 
0 
0 
0 
0 
0 
0 
0 
0 
0 
0 
0 
0 
0 
0 
0 
0 
0 
0 
0 
0 
0 
0 
0 
0 
0 
0 
0 
0 
0 
0 
0 
0 
0 
0 
0 
1 24 16 
0 
0 
0 
0 
0 
0 
0 
0 
0 
1 24 14 
0 
0 
0 
0 
0 
0 
0 
0 
0 
0 
0 
0 
0 
0 
0 
0 
0 
0 
0 
0 
0 
0 
0 
0 
0 
0 
0 
0 
0 
0 
0 
0 
0 
0 
0 
0 
0 
0 
0 
0 
0 
0 
0 
0 
0 
0 
0 
0 
0 
0 
0 
0 
0 
0 
0 
0 
0 
0 
0 
0 
0 
0 
0 
0 
0 
0 
0 
0 
0 
0 
0 
0 
0 
0 
0 
0 
0 
0 
0 
0 
0 
0 
0 
0 
0 
0 
0 
0 
0 
0 
0 
0 
0 
0 
0 
0 
0 
0 
0 
0 
0 
1 6 11 
0 
0 
0 
0 
0 
0 
0 
0 
0 
0 
0 
0 
2 13 7 9 7 
0 
1 10 6 
1 13 5 
0 
0 
0 
1 14 6 
2 18 5 17 5 
1 15 6 
0 
0 
0 
0 
0 
0 
0 
0 
1 10 8 
0 
0 
0 
0 
0 
0 
0 
0 
0 
1 14 12 
0 
0 
0 
0 
0 
0 
0 
0 
0 
0 
0 
0 
0 
0 
0 
0 
0 
0 
0 
0 
0 
0 
0 
0 
0 
0 
0 
0 
0 
0 
0 
0 
0 
0 
0 
0 
0 
0 
0 
0 
0 
0 
0 
0 
0 
0 
0 
0 
0 
0 
0 
0 
0 
0 
0 
0 
0 
0 
0 
0 
0 
0 
0 
0 
0 
0 
0 
0 
0 
0 
0 
0 
0 
0 
0 
0 
0 
0 
0 
0 
0 
0 
0 
0 
0 
0 
0 
0 
0 
0 
0 
0 
0 
0 
0 
0 
0 
0 
0 
0 
0 
0 
0 
0 
0 
0 
0 
0 
0 
0 
0 
0 
0 
0 
0 
0 
0 
0 
0 
0 
0 
0 
0 
0 
0 
0 
0 
0 
0 
0 
0 
0 
0 
0 
0 
0 
0 
0 
0 
0 
0 
0 
0 
0 
0 
0 
0 
0 
0 
0 
0 
0 
0 
0 
0 
0 
0 
0 
0 
0 
0 
0 
0 
0 
0 
0 
0 
0 
0 
0 
0 
0 
0 
0 
0 
0 
0 
0 
0 
0 
0 
0 
0 
0 
0 
0 
0 
0 
0 
0 
0 
0 
0 
0 
0 
0 
0 
0 
0 
0 
0 
0 
0 
0 
0 
0 
0 
0 
0 
0 
0 
0 
0 
0 
0 
0 
0 
0 
0 
0 
0 
0 
0 
0 
0 
0 
0 
0 
0 
0 
0 
0 
0 
0 
0 
0 
0 
0 
0 
0 
0 
0 
0 
0 
0 
0 
0 
0 
0 
0 
0 
0 
0 
0 
0 
0 
0 
0 
0 
0 
0 
0 
0 
0 
0 
0 
0 
0 
0 
0 
0 
0 
0 
0 
0 
0 
0 
0 
0 
0 
0 
0 
0 
0 
0 
0 
0 
0 
0 
0 
0 
0 
0 
0 
0 
0 
0 
0 
0 
0 
0 
0 
0 
0 
0 
0 
0 
0 
0 
0 
0 
0 
0 
0 
0 
0 
0 
1 15 3 
0 
0 
0 
1 16 4 
1 17 6 
0 
0 
1 14 8 
0 
0 
0 
0 
0 
0 
0 
0 
0 
0 
0 
0 
0 
0 
0 
0 
0 
0 
0 
0 
0 
0 
0 
0 
0 
0 
0 
0 
0 
0 
0 
0 
0 
0 
0 
0 
0 
0 
0 
0 
0 
0 
0 
0 
0 
0 
0 
0 
0 
0 
0 
0 
0 
0 
0 
0 
0 
0 
0 
0 
0 
0 
0 
0 
0 
0 
0 
0 
0 
0 
0 
0 
0 
0 
0 
0 
0 
0 
0 
0 
0 
0 
0 
0 
0 
0 
0 
0 
0 
0 
0 
0 
0 
0 
0 
0 
0 
0 
0 
0 
0 
0 
0 
0 
0 
0 
0 
0 
0 
0 
0 
0 
0 
0 
0 
0 
0 
0 
0 
0 
0 
0 
0 
0 
0 
0 
0 
0 
0 
0 
0 
0 
0 
0 
0 
0 
0 
0 
0 
0 
0 
0 
0 
0 
0 
