2 2 14 0 12 
1 1 12 
0 
0 
1 5 13 
0 
0 
0 
0 
1 6 15 
1 3 17 
0 
1 2 18 
1 0 17 
1 1 19 
0 
2 0 21 2 20 
0 
0 
1 1 22 
0 
1 2 23 
1 4 22 
1 3 24 
1 5 23 
0 
1 6 24 
0 
1 7 25 
0 
0 
1 1 27 
0 
1 2 25 
0 
0 
0 
0 
0 
0 
0 
0 
0 
0 
1 8 23 
1 9 23 
0 
0 
0 
0 
0 
0 
0 
2 11 24 7 24 
1 10 22 
1 13 23 
0 
2 12 25 13 25 
1 15 24 
0 
1 14 21 
2 15 23 17 23 
0 
0 
0 
0 
0 
1 16 25 
1 15 27 
2 17 26 13 26 
0 
1 20 27 
0 
0 
1 19 25 
1 21 26 
2 20 24 23 20 
2 22 25 22 19 
1 21 22 
0 
1 23 23 
2 22 21 24 19 
0 
1 23 21 
0 
2 25 21 25 25 
0 
2 26 24 23 17 
1 27 20 
0 
0 
1 26 19 
0 
1 25 17 
0 
1 22 18 
1 24 17 
0 
