2 0 15 0 11 
1 2 12 
1 1 10 
0 
0 
0 
0 
1 2 14 
1 1 16 
1 3 15 
1 2 17 
1 4 16 
1 3 18 
1 5 17 
1 4 19 
1 7 18 
1 3 19 
2 6 20 6 16 
1 8 17 
1 7 15 
1 9 16 
1 8 14 
1 10 15 
1 9 13 
1 11 14 
1 10 12 
1 12 13 
1 11 11 
1 13 12 
1 12 10 
2 13 11 14 11 
0 
0 
0 
0 
0 
0 
0 
0 
0 
0 
0 
0 
0 
1 8 19 
1 7 21 
1 9 20 
1 8 22 
2 9 19 10 21 
1 9 24 
1 11 22 
1 10 24 
2 12 23 8 23 
0 
1 13 24 
0 
2 15 25 7 25 
0 
3 14 23 15 23 13 23 
1 17 24 
0 
1 16 22 
1 18 23 
1 17 21 
1 19 22 
1 18 20 
1 20 21 
1 19 19 
1 21 20 
1 20 18 
1 22 19 
1 21 17 
1 23 18 
1 22 16 
1 24 17 
1 23 15 
1 25 16 
1 24 14 
0 
1 25 12 
0 
1 23 13 
1 24 11 
3 22 12 20 9 21 8 
1 23 10 
1 21 11 
1 22 9 
1 19 10 
2 21 9 19 8 
1 20 12 
1 18 11 
1 19 13 
1 17 12 
3 18 14 19 14 17 14 
0 
0 
2 16 12 16 15 
0 
1 14 15 
0 
0 
2 16 11 17 11 
2 16 10 13 10 
2 14 9 14 8 
0 
2 16 9 17 9 
2 16 8 17 8 
2 16 7 13 7 
2 14 6 14 5 
0 
2 16 6 17 6 
2 16 5 17 5 
2 16 4 13 4 
2 14 3 14 2 
0 
2 16 3 17 3 
2 16 2 17 2 
2 17 1 13 1 
0 
2 19 0 11 0 
0 
1 12 2 
1 10 1 
1 11 3 
1 9 2 
1 10 4 
1 8 3 
1 9 5 
1 7 4 
1 8 6 
1 6 5 
1 7 7 
1 5 6 
1 6 8 
1 4 7 
1 5 9 
1 3 8 
1 4 10 
1 1 9 
1 3 12 
0 
1 5 11 
1 4 13 
1 7 12 
0 
2 6 15 6 9 
1 8 11 
0 
0 
0 
0 
0 
1 1 8 
1 2 6 
0 
0 
0 
1 3 5 
0 
1 4 4 
0 
1 5 3 
0 
1 6 2 
0 
0 
0 
0 
0 
0 
0 
0 
0 
0 
0 
0 
0 
0 
0 
0 
0 
0 
0 
0 
0 
0 
0 
0 
0 
0 
0 
0 
0 
0 
0 
0 
0 
0 
0 
0 
0 
0 
0 
0 
0 
0 
0 
0 
0 
0 
0 
0 
0 
0 
0 
1 13 15 
0 
0 
0 
0 
0 
0 
2 17 16 13 16 
1 14 18 
2 16 17 12 17 
3 13 19 14 19 12 19 
1 11 18 
0 
0 
0 
0 
0 
1 17 18 
0 
2 17 20 13 20 
1 14 22 
2 16 21 11 21 
0 
0 
0 
0 
0 
0 
0 
0 
0 
0 
0 
0 
0 
0 
0 
0 
0 
0 
1 21 12 
0 
0 
1 24 10 
0 
0 
0 
0 
0 
0 
0 
0 
0 
0 
0 
0 
0 
0 
0 
0 
0 
1 19 23 
0 
1 18 24 
0 
0 
0 
0 
0 
0 
0 
0 
0 
0 
0 
0 
1 6 24 
1 7 22 
1 5 23 
1 6 21 
1 4 22 
1 5 20 
0 
0 
0 
0 
0 
0 
0 
0 
0 
0 
0 
0 
0 
0 
0 
0 
0 
0 
0 
0 
0 
0 
0 
0 
0 
0 
0 
0 
0 
0 
0 
0 
0 
0 
0 
0 
0 
0 
0 
0 
0 
0 
0 
0 
0 
0 
0 
0 
0 
0 
0 
0 
0 
0 
0 
0 
0 
0 
0 
1 18 16 
0 
1 19 16 
0 
0 
0 
0 
0 
0 
0 
0 
0 
0 
0 
0 
0 
0 
0 
0 
0 
0 
0 
0 
0 
0 
0 
0 
1 23 14 
0 
0 
0 
0 
0 
0 
0 
0 
0 
0 
0 
0 
0 
0 
0 
0 
0 
0 
0 
0 
0 
0 
0 
0 
0 
0 
0 
0 
0 
0 
0 
0 
0 
0 
0 
0 
0 
1 3 21 
0 
1 1 20 
0 
2 2 22 2 18 
1 0 19 
1 1 17 
0 
1 0 16 
0 
0 
0 
0 
0 
0 
0 
0 
0 
0 
0 
0 
0 
0 
0 
0 
0 
0 
0 
0 
0 
0 
0 
0 
0 
0 
0 
0 
0 
0 
0 
0 
0 
0 
1 22 20 
1 21 16 
0 
0 
0 
0 
0 
0 
0 
0 
0 
0 
0 
0 
0 
0 
0 
0 
0 
0 
0 
0 
0 
0 
1 17 15 
0 
0 
0 
0 
0 
0 
0 
0 
0 
0 
0 
0 
0 
0 
0 
0 
1 18 2 
1 20 1 
2 19 3 20 6 
1 21 2 
1 20 5 
0 
2 22 4 17 4 
2 19 5 19 6 
0 
0 
0 
1 19 7 
0 
0 
0 
0 
0 
0 
0 
0 
0 
0 
0 
0 
0 
0 
0 
0 
0 
0 
0 
0 
0 
0 
0 
1 9 1 
0 
0 
0 
0 
0 
0 
0 
0 
0 
0 
0 
0 
0 
0 
0 
0 
0 
0 
0 
0 
1 7 9 
2 9 10 5 10 
1 8 7 
1 10 9 
0 
0 
0 
0 
0 
0 
0 
0 
0 
0 
0 
0 
0 
0 
1 1 5 
2 0 10 0 5 
0 
0 
0 
0 
0 
0 
0 
0 
0 
0 
0 
0 
0 
0 
2 10 0 5 0 
0 
0 
3 4 1 4 3 4 0 
0 
1 2 2 
0 
2 3 4 3 0 
1 1 1 
0 
1 0 0 
0 
0 
0 
1 1 3 
1 2 5 
0 
0 
1 0 1 
0 
0 
0 
0 
0 
0 
0 
0 
0 
0 
0 
0 
0 
0 
0 
0 
0 
0 
0 
0 
0 
0 
0 
0 
0 
0 
0 
0 
0 
0 
0 
0 
0 
0 
0 
0 
0 
0 
0 
1 9 7 
2 11 8 7 8 
1 10 5 
1 12 7 
1 12 6 
0 
0 
0 
0 
0 
0 
0 
0 
0 
0 
0 
0 
0 
0 
0 
0 
0 
0 
0 
0 
0 
0 
0 
0 
0 
0 
0 
0 
0 
0 
0 
0 
0 
0 
0 
0 
0 
0 
0 
0 
0 
0 
0 
0 
0 
0 
1 21 6 
1 23 5 
1 22 8 
0 
1 24 7 
1 23 9 
0 
1 24 9 
2 25 11 25 5 
0 
0 
1 24 3 
0 
0 
0 
0 
0 
0 
0 
0 
0 
0 
0 
0 
0 
0 
0 
0 
0 
0 
0 
0 
0 
0 
0 
0 
0 
0 
0 
0 
0 
0 
0 
0 
0 
0 
0 
0 
0 
0 
0 
0 
0 
0 
0 
0 
0 
0 
0 
0 
0 
0 
0 
0 
0 
0 
0 
0 
0 
0 
0 
0 
0 
0 
0 
0 
0 
0 
0 
0 
0 
0 
0 
0 
0 
0 
1 20 25 
0 
0 
0 
1 21 24 
1 20 22 
1 22 23 
1 21 21 
1 23 22 
0 
1 24 21 
1 23 19 
0 
1 24 18 
0 
0 
0 
0 
0 
0 
0 
0 
0 
0 
0 
0 
0 
0 
0 
0 
0 
0 
0 
0 
0 
0 
0 
0 
0 
0 
0 
0 
0 
0 
0 
0 
0 
0 
0 
0 
0 
0 
0 
0 
0 
0 
0 
0 
0 
0 
0 
0 
0 
0 
0 
0 
0 
0 
0 
0 
0 
0 
0 
0 
0 
0 
0 
0 
0 
1 13 2 
0 
0 
0 
0 
0 
0 
0 
0 
0 
0 
0 
0 
0 
0 
0 
0 
0 
0 
0 
0 
0 
0 
0 
0 
0 
0 
0 
0 
0 
0 
0 
0 
0 
0 
0 
0 
0 
0 
0 
0 
0 
0 
0 
0 
0 
1 1 2 
0 
0 
0 
0 
0 
0 
0 
0 
0 
0 
0 
0 
0 
0 
0 
0 
0 
0 
0 
0 
0 
0 
0 
0 
0 
0 
0 
0 
0 
0 
0 
0 
0 
0 
0 
0 
0 
0 
0 
0 
0 
0 
0 
0 
0 
0 
0 
0 
0 
0 
0 
0 
0 
0 
0 
0 
0 
0 
0 
0 
0 
0 
0 
0 
0 
0 
0 
0 
0 
0 
0 
0 
0 
0 
0 
0 
0 
0 
0 
0 
0 
0 
0 
0 
0 
0 
0 
0 
0 
0 
0 
0 
0 
0 
0 
0 
0 
0 
0 
0 
0 
0 
0 
0 
0 
0 
0 
0 
1 21 25 
0 
1 22 24 
0 
0 
0 
0 
0 
2 25 23 25 17 
0 
0 
0 
0 
0 
0 
0 
0 
0 
0 
0 
0 
0 
0 
0 
0 
0 
0 
0 
0 
0 
0 
0 
0 
0 
0 
0 
0 
0 
0 
0 
0 
0 
0 
0 
0 
0 
0 
0 
0 
0 
0 
0 
0 
0 
0 
0 
0 
0 
0 
0 
0 
0 
0 
0 
0 
0 
0 
0 
0 
0 
0 
0 
0 
0 
0 
0 
0 
0 
0 
0 
0 
0 
0 
0 
0 
0 
0 
0 
0 
0 
0 
0 
0 
0 
0 
0 
0 
0 
0 
1 25 4 
1 23 2 
0 
1 22 0 
0 
1 24 1 
0 
0 
0 
1 25 3 
0 
0 
0 
0 
0 
0 
0 
0 
0 
0 
0 
0 
0 
0 
0 
0 
0 
0 
0 
0 
0 
0 
0 
0 
0 
0 
0 
0 
0 
0 
0 
0 
0 
0 
0 
0 
0 
0 
0 
0 
0 
0 
0 
0 
0 
0 
0 
0 
0 
0 
0 
0 
0 
0 
0 
0 
0 
0 
0 
0 
1 10 20 
0 
0 
1 10 16 
1 8 18 
0 
1 11 15 
0 
0 
0 
0 
0 
0 
0 
0 
0 
0 
0 
0 
0 
0 
0 
0 
0 
0 
0 
0 
0 
0 
0 
0 
0 
0 
0 
0 
0 
0 
0 
0 
0 
0 
0 
0 
0 
0 
0 
0 
0 
0 
0 
0 
0 
0 
0 
