3 2 10 0 12 0 8 
2 1 12 1 8 
1 3 9 
1 2 7 
1 4 8 
1 3 6 
1 5 7 
1 4 5 
1 6 6 
1 5 4 
1 7 5 
1 6 3 
1 8 4 
1 7 2 
1 9 3 
1 8 1 
1 10 2 
0 
1 11 1 
0 
2 12 0 6 0 
0 
0 
0 
0 
0 
0 
0 
0 
0 
0 
1 4 4 
0 
0 
0 
0 
0 
0 
0 
0 
1 3 11 
1 2 13 
1 4 12 
1 3 14 
1 5 13 
1 4 15 
1 6 14 
1 5 16 
1 7 15 
1 6 17 
1 8 16 
1 7 18 
1 9 17 
0 
1 10 18 
0 
2 12 19 5 19 
0 
1 11 17 
1 13 18 
1 12 16 
1 14 17 
1 13 15 
1 15 16 
1 14 14 
1 16 15 
1 15 13 
1 17 14 
1 16 12 
1 19 13 
2 17 12 17 11 
3 18 10 18 15 19 5 
0 
0 
2 19 8 18 4 
0 
1 17 9 
1 18 7 
1 16 8 
1 17 6 
1 15 7 
1 16 5 
1 14 6 
1 15 4 
2 13 5 19 2 
1 14 3 
1 12 4 
1 13 2 
1 10 3 
0 
1 11 2 
1 14 1 
0 
1 16 0 
0 
1 15 3 
0 
0 
0 
0 
0 
0 
1 11 5 
1 9 4 
1 10 6 
1 8 5 
1 9 7 
1 7 6 
1 8 8 
1 6 7 
1 7 9 
1 5 8 
1 6 10 
1 4 9 
1 5 12 
1 3 10 
2 4 11 7 11 
1 6 13 
1 8 12 
1 7 14 
1 9 13 
1 8 15 
1 10 14 
1 9 16 
1 12 15 
1 10 17 
2 11 16 11 13 
1 13 14 
1 12 12 
1 14 13 
1 13 11 
1 15 12 
1 14 10 
1 16 11 
1 15 8 
1 17 10 
2 16 9 13 9 
1 14 7 
1 12 8 
1 13 6 
1 10 7 
1 12 5 
1 11 9 
1 9 8 
0 
0 
0 
0 
0 
0 
0 
0 
0 
0 
0 
0 
0 
0 
0 
0 
0 
0 
0 
0 
0 
0 
0 
0 
0 
0 
0 
0 
0 
0 
0 
0 
0 
0 
0 
0 
0 
0 
0 
0 
0 
0 
0 
0 
0 
0 
0 
0 
0 
0 
0 
0 
0 
0 
0 
0 
0 
0 
0 
0 
0 
1 19 17 
0 
1 16 16 
0 
1 17 17 
0 
0 
1 19 18 
2 19 19 15 19 
0 
0 
0 
1 15 17 
0 
0 
0 
0 
0 
0 
0 
0 
0 
0 
0 
0 
0 
0 
0 
0 
0 
0 
0 
0 
0 
0 
0 
0 
0 
0 
0 
0 
0 
0 
0 
0 
0 
0 
0 
0 
0 
0 
0 
0 
0 
0 
0 
0 
0 
0 
0 
0 
0 
0 
0 
0 
0 
0 
0 
0 
0 
0 
0 
0 
0 
0 
0 
0 
0 
0 
1 5 1 
0 
1 4 2 
0 
1 2 3 
0 
2 3 5 3 1 
1 1 4 
1 2 6 
1 0 5 
0 
0 
0 
0 
0 
0 
0 
0 
0 
0 
0 
0 
0 
0 
0 
0 
0 
0 
0 
0 
0 
0 
0 
0 
0 
0 
0 
0 
0 
0 
0 
0 
0 
0 
0 
0 
0 
0 
0 
0 
0 
0 
0 
0 
0 
0 
0 
0 
0 
0 
0 
0 
0 
0 
0 
0 
0 
0 
0 
0 
0 
0 
0 
0 
0 
0 
0 
0 
0 
0 
0 
0 
0 
0 
0 
0 
0 
0 
0 
0 
0 
0 
0 
0 
0 
0 
2 16 1 18 1 
0 
2 16 3 16 4 
0 
0 
0 
0 
0 
0 
0 
0 
0 
0 
0 
0 
0 
0 
0 
0 
0 
0 
0 
0 
0 
0 
0 
0 
0 
0 
0 
0 
0 
0 
0 
0 
0 
0 
0 
0 
0 
0 
0 
0 
0 
0 
0 
0 
0 
0 
0 
0 
0 
0 
0 
0 
0 
0 
0 
0 
0 
1 10 10 
1 8 9 
1 9 12 
1 7 10 
2 8 11 12 11 
1 10 13 
0 
1 13 10 
0 
0 
0 
0 
0 
0 
0 
0 
0 
0 
0 
0 
0 
0 
0 
0 
0 
0 
0 
0 
0 
0 
0 
0 
0 
0 
0 
0 
0 
0 
0 
0 
0 
0 
0 
0 
0 
0 
0 
0 
0 
0 
0 
0 
0 
0 
0 
0 
0 
0 
0 
0 
0 
0 
0 
0 
0 
0 
0 
0 
0 
0 
0 
0 
0 
0 
0 
