3 2 19 0 21 0 17 
2 1 21 1 17 
1 3 20 
0 
0 
1 3 23 
1 5 22 
0 
1 6 23 
0 
0 
0 
0 
0 
0 
0 
1 3 18 
0 
0 
1 2 16 
1 4 17 
1 3 15 
1 5 16 
1 4 14 
1 6 15 
1 5 13 
1 7 14 
1 6 12 
1 8 13 
0 
1 9 12 
1 8 10 
1 10 11 
1 9 9 
1 11 10 
1 10 8 
1 12 9 
1 11 6 
0 
2 13 7 9 7 
1 12 5 
1 14 6 
1 13 4 
1 15 5 
1 14 3 
1 16 4 
0 
0 
0 
0 
0 
0 
0 
0 
1 10 4 
0 
1 8 5 
2 11 3 10 3 
0 
0 
0 
0 
0 
1 9 3 
1 7 4 
1 8 1 
1 6 3 
2 10 2 5 2 
0 
1 11 1 
0 
2 13 0 8 0 
0 
0 
1 15 1 
0 
0 
1 16 2 
0 
1 17 0 
0 
0 
1 18 1 
1 17 4 
0 
1 19 3 
1 18 5 
1 20 4 
1 19 6 
1 21 5 
1 20 7 
1 22 6 
1 21 8 
1 24 7 
1 22 9 
1 23 9 
1 25 8 
1 24 10 
1 26 9 
1 25 11 
1 27 10 
1 26 12 
1 28 11 
1 27 13 
1 29 12 
1 28 14 
1 30 13 
1 29 15 
1 31 14 
1 30 16 
1 32 15 
1 31 17 
2 33 16 37 18 
2 32 18 38 19 
2 34 17 36 19 
1 33 19 
0 
1 34 21 
2 35 19 35 16 
0 
0 
0 
1 33 22 
1 31 21 
1 32 23 
1 30 22 
1 31 24 
0 
0 
0 
0 
2 31 26 28 26 
2 31 27 28 27 
2 31 28 28 28 
2 29 30 29 22 
1 27 29 
1 28 31 
1 26 30 
1 27 32 
1 25 31 
1 26 33 
1 24 32 
1 25 34 
2 24 31 23 33 
0 
1 22 34 
1 23 36 
1 21 35 
1 22 37 
1 20 36 
0 
1 19 37 
2 24 38 19 38 
0 
0 
1 26 37 
0 
1 25 35 
1 27 36 
1 26 34 
0 
0 
0 
0 
0 
0 
1 28 38 
0 
0 
1 29 37 
0 
1 30 36 
1 29 34 
1 31 35 
1 30 32 
0 
2 32 33 27 33 
1 31 31 
0 
1 32 29 
0 
1 34 30 
1 33 28 
1 35 29 
1 34 27 
1 36 28 
1 35 26 
1 37 27 
1 36 25 
0 
3 37 25 37 24 37 21 
1 38 29 
0 
0 
0 
0 
1 36 32 
0 
1 35 31 
1 37 32 
1 38 38 
0 
0 
0 
1 37 35 
0 
0 
0 
0 
0 
0 
0 
0 
0 
0 
0 
0 
0 
0 
0 
1 36 23 
0 
1 34 22 
0 
1 35 21 
1 38 20 
0 
