3 2 16 0 18 0 14 
2 1 18 1 14 
1 3 17 
1 2 19 
1 4 18 
1 3 20 
1 5 19 
1 4 21 
1 6 20 
1 5 22 
1 7 21 
1 6 23 
1 8 22 
0 
1 9 23 
1 8 25 
2 9 22 10 24 
1 9 26 
1 11 25 
1 10 27 
1 12 26 
1 11 28 
1 13 27 
1 12 29 
1 14 28 
1 13 31 
1 15 29 
2 15 30 10 30 
0 
0 
1 9 29 
0 
1 8 28 
0 
1 7 27 
0 
1 6 26 
0 
1 5 25 
0 
1 4 24 
0 
1 3 23 
0 
1 2 22 
0 
1 1 21 
1 1 19 
0 
0 
1 0 22 
0 
0 
0 
0 
0 
0 
0 
0 
0 
0 
0 
0 
0 
0 
0 
0 
0 
0 
0 
0 
0 
1 8 31 
0 
0 
1 7 30 
0 
1 6 29 
0 
2 6 30 5 28 
0 
1 4 27 
0 
1 3 26 
0 
1 2 25 
0 
1 1 24 
0 
0 
0 
1 0 26 
0 
0 
1 1 27 
0 
1 2 28 
0 
1 3 29 
0 
1 4 30 
0 
0 
0 
2 7 31 2 31 
0 
0 
1 1 30 
0 
0 
0 
0 
0 
0 
0 
0 
0 
0 
0 
0 
0 
0 
0 
0 
0 
0 
0 
0 
0 
0 
0 
0 
0 
0 
0 
0 
0 
0 
0 
0 
0 
0 
0 
0 
0 
0 
0 
0 
0 
0 
0 
1 16 31 
0 
0 
0 
0 
0 
0 
0 
0 
0 
0 
0 
0 
0 
0 
0 
0 
0 
0 
0 
0 
0 
0 
0 
0 
0 
0 
0 
0 
1 3 15 
1 2 13 
1 4 14 
1 3 12 
1 5 13 
1 4 11 
1 6 12 
1 5 10 
1 7 11 
1 6 9 
1 8 10 
3 7 8 8 8 6 8 
1 10 9 
0 
2 9 11 9 7 
1 11 10 
1 10 12 
1 12 11 
1 11 13 
1 13 12 
1 12 14 
1 14 13 
1 13 15 
1 15 14 
1 14 16 
1 16 15 
1 15 17 
1 17 16 
1 16 18 
1 18 17 
1 17 19 
1 19 18 
1 18 20 
1 20 19 
1 19 21 
1 21 20 
1 20 22 
1 22 21 
1 21 23 
1 23 22 
1 22 24 
2 23 21 24 23 
1 23 25 
1 25 24 
3 24 26 25 26 23 26 
1 26 25 
0 
0 
0 
0 
0 
0 
0 
0 
0 
0 
0 
0 
0 
0 
0 
0 
1 16 19 
0 
1 15 18 
0 
0 
0 
0 
1 14 12 
0 
0 
1 11 14 
0 
0 
0 
0 
0 
0 
1 11 8 
1 10 6 
1 12 7 
1 11 5 
1 13 6 
1 12 4 
1 14 5 
1 13 3 
1 15 4 
1 14 2 
1 16 3 
1 15 1 
1 17 2 
0 
1 18 1 
0 
3 18 2 20 0 13 0 
0 
1 19 2 
1 21 1 
1 20 3 
1 22 2 
1 21 4 
1 23 3 
1 22 5 
1 25 4 
1 21 5 
2 24 5 24 2 
1 26 3 
1 25 1 
1 27 2 
0 
2 27 1 28 1 
2 30 0 23 0 
0 
0 
1 29 2 
0 
2 30 2 30 3 
1 31 5 
0 
0 
1 29 4 
3 30 6 27 8 28 9 
1 28 5 
1 29 7 
1 27 6 
2 28 8 26 9 
1 25 7 
0 
2 26 8 26 4 
1 23 6 
2 25 5 27 11 
1 24 8 
1 22 7 
1 23 9 
1 21 8 
1 22 10 
1 20 9 
1 21 11 
1 19 10 
1 20 12 
1 18 11 
1 19 13 
1 17 12 
1 18 14 
1 15 13 
0 
1 16 14 
1 19 15 
0 
1 20 16 
0 
1 21 17 
0 
1 22 18 
0 
1 23 19 
0 
1 25 20 
0 
2 24 22 24 18 
1 26 21 
1 25 23 
1 27 22 
1 26 24 
1 28 23 
1 27 25 
1 29 24 
1 28 26 
1 30 25 
1 29 27 
1 31 26 
1 30 28 
0 
1 31 30 
0 
1 29 29 
0 
0 
0 
0 
0 
0 
0 
0 
0 
0 
0 
0 
0 
0 
0 
0 
0 
0 
0 
0 
0 
0 
0 
0 
0 
0 
0 
0 
0 
0 
1 17 11 
0 
0 
0 
0 
0 
0 
0 
0 
0 
0 
0 
0 
0 
0 
0 
0 
0 
0 
0 
0 
0 
0 
0 
0 
0 
0 
0 
0 
0 
0 
0 
0 
0 
0 
0 
0 
0 
0 
0 
0 
0 
0 
0 
0 
0 
0 
0 
0 
0 
0 
0 
0 
0 
1 12 1 
0 
1 11 2 
0 
1 9 3 
0 
1 10 1 
1 8 2 
0 
1 7 1 
0 
2 12 0 5 0 
0 
1 6 2 
1 4 1 
1 5 3 
1 3 2 
1 4 4 
1 2 3 
1 3 5 
2 2 2 1 4 
1 2 6 
0 
1 1 7 
2 0 9 0 2 
0 
0 
1 3 8 
2 3 9 3 7 
1 2 11 
0 
0 
0 
1 0 10 
0 
1 4 8 
0 
1 5 6 
0 
1 7 7 
1 6 5 
1 9 6 
0 
0 
0 
0 
0 
0 
0 
0 
0 
1 3 6 
0 
0 
0 
0 
0 
0 
0 
0 
0 
0 
0 
0 
0 
0 
0 
1 7 2 
0 
0 
0 
0 
0 
0 
0 
0 
1 11 1 
0 
0 
0 
0 
0 
0 
0 
0 
0 
0 
0 
0 
1 21 0 
0 
0 
0 
0 
0 
0 
0 
0 
0 
0 
0 
0 
0 
0 
0 
0 
0 
0 
0 
0 
0 
0 
0 
0 
0 
0 
0 
0 
0 
0 
0 
0 
0 
0 
0 
0 
0 
0 
0 
0 
0 
0 
0 
0 
0 
0 
2 16 11 14 11 
0 
0 
0 
2 17 10 12 10 
1 14 8 
1 13 8 
1 11 9 
0 
0 
0 
0 
0 
0 
0 
0 
0 
0 
0 
0 
0 
0 
0 
0 
0 
0 
0 
0 
0 
0 
0 
0 
0 
0 
0 
0 
0 
0 
0 
0 
0 
0 
0 
0 
0 
0 
0 
1 28 30 
0 
2 31 31 26 31 
0 
1 27 29 
1 25 30 
1 26 28 
1 24 29 
0 
1 23 28 
0 
2 28 27 21 27 
0 
2 22 29 22 25 
1 20 26 
1 21 24 
1 19 25 
1 20 23 
1 18 24 
1 19 22 
1 17 23 
1 18 21 
1 16 22 
1 17 20 
1 15 21 
0 
1 14 20 
0 
1 13 19 
1 14 17 
1 12 18 
1 13 16 
0 
0 
0 
0 
0 
0 
0 
0 
0 
0 
0 
0 
0 
0 
0 
0 
0 
0 
0 
0 
0 
0 
0 
0 
0 
0 
0 
0 
0 
0 
0 
0 
0 
0 
0 
0 
0 
0 
0 
0 
0 
0 
0 
0 
0 
0 
0 
0 
0 
1 26 19 
1 25 17 
1 27 18 
1 26 16 
1 28 17 
1 27 15 
1 29 16 
1 28 14 
1 30 15 
1 29 13 
0 
2 30 13 30 12 
2 31 10 31 17 
0 
0 
1 30 18 
0 
1 29 19 
0 
1 28 20 
0 
0 
1 26 20 
1 29 21 
0 
1 30 22 
0 
0 
1 30 24 
2 31 25 31 20 
0 
0 
0 
0 
0 
0 
0 
0 
0 
0 
0 
0 
0 
0 
0 
0 
0 
0 
0 
0 
0 
0 
0 
0 
0 
0 
0 
0 
0 
0 
0 
0 
0 
0 
0 
0 
0 
0 
0 
0 
0 
0 
0 
0 
0 
0 
0 
0 
0 
0 
0 
0 
0 
0 
0 
0 
0 
0 
0 
0 
0 
1 20 28 
1 21 30 
1 19 29 
0 
1 18 30 
0 
2 23 31 17 31 
0 
0 
0 
0 
0 
0 
0 
0 
0 
0 
0 
0 
0 
0 
0 
1 17 24 
0 
0 
0 
0 
0 
0 
0 
0 
0 
1 11 17 
1 12 15 
1 10 16 
0 
1 9 15 
1 10 13 
1 8 14 
1 9 12 
1 6 13 
1 8 11 
1 7 15 
1 5 14 
1 6 16 
1 4 15 
0 
1 3 16 
1 7 17 
1 8 19 
0 
0 
0 
0 
0 
0 
0 
0 
0 
0 
0 
0 
0 
0 
1 8 15 
0 
0 
0 
0 
0 
0 
0 
1 12 19 
0 
0 
0 
0 
0 
0 
0 
0 
0 
0 
0 
0 
0 
0 
0 
0 
0 
0 
0 
0 
0 
0 
0 
0 
0 
0 
0 
0 
0 
1 28 29 
0 
0 
0 
0 
0 
0 
0 
0 
0 
0 
0 
0 
0 
0 
0 
0 
0 
0 
0 
0 
0 
0 
0 
0 
0 
0 
0 
0 
0 
0 
0 
0 
0 
0 
0 
1 29 11 
1 30 9 
1 26 10 
0 
1 28 13 
0 
