3 2 13 0 15 0 11 
1 1 11 
1 3 14 
1 2 16 
1 4 15 
1 3 17 
1 5 16 
1 4 18 
1 6 17 
1 5 19 
1 7 18 
1 6 20 
1 8 19 
1 7 21 
1 9 20 
1 8 22 
1 8 18 
0 
0 
0 
0 
0 
0 
0 
0 
0 
0 
0 
0 
0 
1 3 12 
1 2 10 
1 4 11 
1 3 9 
1 5 10 
1 4 8 
1 6 9 
1 5 7 
1 7 8 
1 6 6 
1 8 7 
1 7 5 
2 8 6 9 6 
0 
0 
0 
0 
0 
1 5 11 
0 
0 
0 
0 
0 
0 
0 
0 
0 
1 3 13 
0 
0 
0 
0 
0 
0 
0 
0 
0 
0 
0 
1 11 21 
0 
2 10 23 10 19 
1 12 20 
1 11 18 
1 13 19 
0 
1 14 18 
1 13 16 
1 15 17 
1 12 16 
0 
0 
0 
0 
0 
0 
0 
0 
1 12 22 
1 11 24 
1 13 23 
1 12 25 
1 14 24 
0 
1 15 25 
0 
2 17 26 10 26 
0 
1 16 24 
1 18 25 
1 17 22 
0 
2 19 23 14 23 
0 
1 15 21 
1 13 22 
0 
0 
0 
0 
0 
1 18 21 
1 20 22 
1 19 20 
1 21 21 
0 
0 
1 21 18 
2 22 21 23 19 
1 22 17 
1 24 18 
1 23 16 
1 25 17 
1 24 15 
0 
1 25 14 
2 26 19 26 12 
0 
0 
1 24 13 
1 25 11 
1 23 12 
1 24 10 
1 22 11 
1 23 8 
0 
2 22 9 25 9 
1 24 7 
0 
1 25 6 
2 26 11 26 4 
0 
0 
1 24 5 
1 25 3 
1 23 4 
1 24 1 
0 
1 23 2 
0 
0 
1 22 0 
0 
0 
1 21 1 
1 22 3 
2 20 2 17 4 
2 21 4 16 3 
1 19 3 
1 20 6 
0 
2 18 5 16 5 
2 19 7 14 4 
1 17 6 
1 18 8 
1 16 7 
1 17 9 
1 15 8 
1 16 10 
1 13 9 
0 
2 14 8 14 11 
1 12 10 
0 
1 11 11 
1 12 13 
1 10 12 
1 11 14 
1 9 13 
1 10 15 
1 8 14 
0 
1 7 15 
1 8 17 
0 
0 
1 6 14 
0 
1 5 12 
0 
1 8 13 
0 
1 7 11 
1 9 12 
1 8 10 
1 10 11 
1 9 9 
1 11 10 
1 10 8 
1 12 9 
1 11 6 
0 
1 12 7 
1 10 4 
0 
0 
0 
2 11 5 8 5 
1 9 3 
1 6 4 
0 
1 7 2 
1 5 3 
1 6 1 
1 4 2 
0 
1 2 1 
0 
1 3 3 
1 1 2 
1 2 4 
0 
1 1 5 
2 0 7 0 0 
0 
0 
1 2 6 
1 1 8 
2 2 5 4 7 
0 
1 3 5 
1 5 6 
1 4 3 
1 6 5 
0 
0 
0 
0 
0 
0 
0 
0 
0 
0 
0 
0 
0 
0 
0 
0 
0 
0 
0 
0 
0 
0 
0 
0 
0 
0 
0 
0 
0 
0 
0 
0 
0 
0 
0 
0 
0 
0 
0 
0 
0 
0 
0 
0 
0 
0 
0 
0 
0 
0 
0 
0 
0 
1 13 15 
0 
0 
0 
0 
0 
0 
0 
0 
0 
0 
0 
0 
0 
0 
0 
0 
0 
0 
0 
0 
0 
0 
1 21 0 
0 
0 
0 
0 
0 
0 
0 
0 
0 
0 
0 
0 
0 
0 
0 
0 
0 
0 
0 
0 
0 
0 
0 
0 
0 
0 
0 
0 
0 
0 
0 
0 
0 
0 
0 
0 
0 
0 
0 
0 
0 
0 
0 
0 
0 
0 
0 
0 
0 
0 
1 12 21 
0 
0 
0 
0 
0 
0 
0 
0 
0 
0 
0 
0 
0 
0 
0 
0 
0 
0 
0 
0 
0 
0 
0 
0 
0 
0 
0 
0 
0 
0 
0 
0 
0 
0 
0 
0 
0 
0 
0 
0 
0 
0 
0 
0 
0 
0 
0 
0 
0 
0 
0 
0 
0 
0 
0 
0 
0 
0 
0 
0 
0 
0 
0 
0 
0 
0 
0 
0 
0 
0 
0 
0 
0 
0 
0 
0 
0 
0 
0 
0 
0 
0 
0 
0 
0 
0 
0 
0 
0 
0 
0 
0 
0 
0 
0 
0 
0 
0 
0 
0 
0 
0 
0 
1 8 2 
0 
0 
0 
0 
0 
1 8 0 
0 
0 
1 10 1 
0 
1 9 2 
1 12 0 
0 
1 11 2 
1 14 1 
0 
1 13 2 
1 17 0 
0 
0 
0 
2 17 1 18 1 
1 14 2 
1 15 5 
1 12 3 
0 
1 13 5 
0 
0 
0 
