2 2 13 0 15 
1 1 11 
0 
0 
0 
0 
1 4 14 
0 
0 
1 5 13 
1 4 11 
1 6 12 
1 5 10 
1 7 11 
1 6 9 
1 8 10 
1 7 8 
0 
1 8 7 
1 10 8 
1 9 6 
0 
1 10 5 
1 13 6 
0 
1 12 7 
1 14 5 
1 13 2 
1 14 4 
2 14 3 10 3 
1 12 0 
0 
1 10 1 
0 
1 14 2 
1 18 0 
0 
0 
1 17 2 
1 19 1 
1 18 3 
1 20 2 
1 19 4 
1 21 3 
1 20 5 
1 22 4 
1 21 6 
1 23 5 
1 22 7 
1 24 6 
1 23 8 
0 
0 
0 
1 21 9 
0 
1 22 10 
1 19 8 
0 
2 20 9 20 6 
1 18 7 
1 19 5 
1 17 6 
1 18 4 
0 
0 
3 16 7 16 2 15 11 
1 14 6 
2 15 8 14 12 
1 13 7 
1 14 9 
1 12 8 
1 13 10 
1 10 9 
2 12 10 12 11 
1 11 11 
1 9 10 
1 10 12 
1 8 11 
1 9 14 
2 8 12 7 12 
1 11 13 
1 10 15 
1 12 14 
1 11 16 
2 13 15 15 13 
0 
1 14 16 
1 13 18 
1 16 17 
0 
2 15 16 15 19 
1 18 18 
0 
1 17 17 
1 19 19 
0 
1 20 20 
1 19 22 
2 21 21 15 21 
1 20 23 
1 22 22 
0 
0 
0 
1 23 21 
0 
0 
1 25 19 
0 
0 
1 24 18 
1 22 19 
1 23 17 
1 19 18 
2 22 17 22 16 
1 21 17 
0 
0 
2 21 16 17 16 
2 19 15 19 14 
2 18 14 17 12 
1 15 15 
2 17 14 17 13 
0 
0 
0 
0 
