3 2 13 0 15 0 11 
2 1 15 1 11 
0 
0 
0 
0 
1 3 12 
1 2 10 
1 4 11 
1 3 9 
1 5 10 
1 4 8 
1 6 9 
1 5 6 
1 7 8 
1 6 6 
3 7 9 8 7 4 7 
1 7 5 
1 9 6 
1 8 3 
0 
2 10 4 6 4 
1 9 2 
0 
0 
0 
1 7 2 
1 5 3 
1 6 0 
0 
2 9 1 3 1 
0 
0 
1 11 0 
0 
1 10 2 
1 12 1 
1 11 3 
1 13 2 
1 12 4 
1 14 3 
1 13 5 
1 15 4 
1 14 6 
1 16 5 
1 15 7 
1 17 6 
3 16 8 17 8 15 8 
1 19 7 
0 
2 18 9 18 5 
1 20 8 
1 19 10 
2 20 9 21 9 
0 
0 
0 
1 20 6 
3 19 3 20 4 16 4 
0 
0 
0 
1 17 2 
1 15 3 
1 16 1 
1 14 2 
0 
1 13 1 
2 18 0 13 0 
0 
0 
1 21 1 
0 
0 
0 
1 24 0 
0 
0 
1 23 2 
0 
2 24 3 23 3 
1 25 5 
0 
0 
1 23 4 
1 24 6 
1 22 5 
1 23 7 
0 
2 22 7 22 9 
1 21 2 
1 20 7 
0 
0 
3 23 9 23 10 25 13 
2 24 10 24 14 
0 
1 25 12 
0 
1 23 11 
1 24 13 
1 22 12 
1 23 14 
1 21 13 
1 22 15 
1 20 14 
1 21 16 
1 19 15 
1 20 18 
0 
2 21 17 17 17 
0 
1 18 15 
0 
1 17 14 
0 
1 16 13 
1 14 14 
1 15 12 
1 13 13 
1 14 11 
1 12 12 
1 13 10 
1 10 11 
0 
2 11 14 11 9 
1 9 12 
1 10 14 
1 12 13 
0 
0 
0 
1 6 10 
0 
1 9 7 
1 8 8 
1 7 12 
1 5 11 
1 6 13 
1 4 12 
1 5 14 
1 3 13 
2 4 16 5 15 
0 
0 
1 3 18 
0 
1 5 17 
1 4 19 
0 
1 5 20 
1 7 19 
1 6 21 
1 8 20 
1 7 22 
1 9 21 
1 8 23 
1 10 22 
0 
1 11 23 
0 
1 13 24 
1 6 25 
0 
0 
1 7 23 
1 5 24 
1 6 22 
0 
1 5 21 
1 2 22 
0 
0 
0 
0 
0 
0 
0 
0 
0 
0 
1 12 21 
1 14 23 
1 13 21 
2 15 22 11 22 
1 14 20 
0 
0 
0 
0 
0 
0 
1 15 25 
0 
0 
1 16 24 
0 
1 17 23 
1 16 21 
1 18 22 
1 17 20 
0 
0 
0 
0 
0 
0 
0 
0 
0 
0 
0 
0 
0 
0 
1 9 20 
0 
1 8 19 
0 
0 
0 
0 
0 
0 
0 
0 
0 
0 
0 
0 
0 
0 
0 
0 
0 
0 
0 
0 
0 
0 
0 
1 13 8 
0 
0 
0 
0 
0 
0 
0 
0 
0 
0 
0 
0 
0 
0 
0 
0 
0 
0 
0 
0 
0 
0 
0 
0 
0 
0 
1 22 16 
0 
0 
0 
0 
0 
0 
0 
0 
0 
0 
0 
0 
0 
0 
0 
0 
0 
0 
0 
0 
0 
0 
0 
0 
0 
0 
0 
0 
0 
0 
0 
0 
0 
0 
0 
0 
0 
0 
0 
0 
0 
0 
0 
0 
0 
0 
0 
0 
0 
0 
0 
0 
0 
0 
0 
0 
0 
0 
0 
0 
0 
0 
0 
0 
0 
0 
0 
0 
0 
0 
0 
0 
1 1 0 
0 
1 2 2 
0 
1 1 4 
0 
0 
0 
0 
1 2 6 
0 
0 
1 1 7 
1 0 7 
0 
0 
1 3 8 
0 
0 
1 2 9 
1 0 8 
1 1 10 
0 
0 
0 
0 
0 
0 
0 
0 
0 
0 
1 3 2 
0 
0 
0 
0 
0 
0 
0 
0 
0 
0 
0 
0 
0 
0 
0 
0 
0 
0 
0 
0 
0 
0 
0 
0 
0 
0 
0 
0 
0 
0 
0 
0 
0 
0 
0 
0 
0 
0 
0 
0 
0 
0 
0 
0 
0 
0 
0 
0 
0 
0 
0 
0 
0 
0 
0 
0 
0 
0 
0 
0 
0 
0 
0 
0 
0 
0 
0 
0 
0 
0 
0 
0 
0 
0 
0 
0 
0 
0 
0 
0 
0 
0 
0 
0 
0 
0 
0 
0 
0 
0 
0 
0 
0 
0 
0 
0 
0 
0 
0 
0 
0 
0 
0 
0 
0 
0 
0 
0 
0 
0 
0 
0 
0 
0 
0 
0 
0 
0 
0 
0 
0 
0 
0 
0 
0 
0 
0 
0 
0 
0 
0 
0 
0 
0 
0 
0 
0 
0 
0 
0 
0 
0 
1 5 25 
0 
0 
0 
1 3 19 
1 1 21 
1 1 20 
0 
0 
0 
0 
0 
0 
0 
0 
0 
0 
0 
0 
0 
0 
0 
0 
0 
0 
0 
0 
0 
0 
0 
0 
1 19 21 
0 
2 19 20 20 20 
2 22 19 15 19 
0 
1 16 17 
1 14 18 
1 15 16 
0 
1 14 15 
1 12 16 
1 13 14 
1 9 15 
0 
0 
0 
0 
0 
0 
0 
0 
0 
0 
0 
0 
0 
0 
0 
0 
0 
0 
0 
0 
0 
0 
0 
0 
0 
0 
0 
0 
0 
0 
0 
0 
0 
0 
0 
0 
1 2 18 
0 
0 
0 
2 0 24 0 16 
0 
0 
0 
1 2 23 
0 
1 3 24 
0 
0 
0 
0 
0 
0 
0 
0 
0 
0 
0 
0 
0 
0 
0 
0 
0 
0 
0 
0 
0 
0 
0 
0 
0 
0 
0 
0 
0 
0 
0 
0 
0 
0 
0 
0 
0 
0 
0 
0 
0 
0 
1 21 18 
1 23 20 
1 22 22 
1 24 21 
1 23 23 
0 
2 24 23 24 24 
1 25 19 
0 
0 
1 24 18 
0 
1 23 16 
1 22 18 
0 
0 
0 
0 
0 
0 
0 
0 
0 
0 
0 
0 
0 
0 
0 
0 
0 
0 
0 
0 
0 
0 
0 
0 
0 
0 
0 
0 
0 
1 10 17 
1 8 16 
0 
1 8 17 
0 
0 
1 7 14 
0 
1 5 16 
1 6 15 
1 8 12 
1 9 14 
0 
0 
0 
0 
0 
0 
0 
0 
0 
0 
0 
0 
0 
0 
0 
0 
0 
0 
0 
0 
0 
0 
0 
0 
0 
0 
0 
0 
0 
0 
0 
0 
0 
0 
0 
0 
0 
0 
0 
0 
0 
0 
0 
0 
0 
0 
0 
0 
0 
0 
0 
0 
0 
0 
0 
0 
0 
0 
0 
0 
0 
0 
0 
0 
0 
0 
0 
0 
0 
0 
0 
0 
0 
0 
0 
0 
0 
0 
0 
0 
0 
0 
0 
0 
0 
0 
0 
0 
0 
0 
0 
0 
0 
0 
0 
0 
0 
0 
0 
0 
0 
0 
0 
0 
0 
0 
0 
0 
0 
0 
0 
0 
0 
0 
0 
0 
0 
0 
0 
0 
0 
0 
0 
0 
0 
0 
0 
0 
0 
0 
0 
0 
0 
0 
0 
0 
0 
0 
0 
0 
0 
0 
0 
0 
0 
0 
0 
0 
0 
0 
0 
0 
0 
0 
0 
0 
0 
0 
0 
0 
0 
0 
0 
0 
0 
0 
0 
0 
0 
0 
0 
0 
0 
0 
0 
0 
0 
0 
0 
0 
0 
0 
0 
0 
0 
0 
0 
0 
0 
0 
0 
0 
0 
0 
0 
0 
0 
0 
0 
0 
0 
0 
0 
0 
0 
0 
0 
1 20 3 
0 
0 
0 
0 
0 
0 
0 
0 
0 
0 
0 
0 
0 
0 
0 
0 
0 
0 
0 
0 
0 
0 
0 
0 
0 
0 
0 
0 
0 
0 
0 
0 
0 
0 
0 
0 
0 
0 
0 
0 
0 
0 
0 
0 
0 
0 
0 
0 
0 
0 
0 
0 
0 
0 
0 
0 
0 
0 
0 
0 
0 
0 
0 
0 
0 
0 
0 
0 
0 
0 
0 
0 
0 
0 
0 
0 
0 
0 
0 
0 
0 
0 
0 
0 
0 
0 
0 
0 
0 
0 
0 
0 
0 
0 
0 
0 
0 
0 
0 
0 
0 
0 
0 
0 
0 
0 
0 
0 
0 
0 
0 
0 
0 
0 
0 
0 
0 
0 
0 
1 12 17 
0 
0 
0 
0 
0 
0 
0 
0 
1 10 21 
0 
0 
0 
0 
0 
0 
0 
0 
0 
0 
0 
0 
0 
0 
0 
0 
0 
0 
0 
0 
0 
0 
0 
0 
0 
0 
0 
0 
0 
0 
0 
0 
0 
0 
0 
0 
0 
0 
0 
0 
0 
0 
0 
0 
0 
0 
0 
0 
0 
0 
0 
0 
0 
0 
0 
0 
0 
0 
0 
0 
0 
0 
0 
0 
0 
1 15 9 
0 
0 
1 16 10 
0 
1 17 11 
0 
0 
0 
1 20 13 
0 
0 
0 
0 
0 
0 
0 
0 
0 
0 
0 
0 
0 
0 
0 
0 
0 
0 
0 
0 
0 
0 
0 
0 
0 
0 
0 
0 
0 
0 
0 
0 
0 
0 
0 
0 
0 
0 
0 
0 
0 
0 
0 
0 
0 
0 
0 
0 
0 
0 
0 
0 
0 
0 
0 
0 
0 
0 
0 
0 
0 
0 
0 
0 
0 
0 
0 
0 
0 
1 22 25 
0 
0 
1 21 24 
0 
1 20 23 
0 
0 
1 20 21 
1 19 24 
0 
0 
1 17 24 
0 
0 
0 
0 
0 
0 
0 
0 
0 
0 
0 
0 
0 
0 
0 
0 
0 
0 
0 
0 
0 
0 
0 
1 25 18 
0 
0 
0 
0 
