1 2 15 
2 1 17 1 13 
1 3 16 
1 2 18 
1 4 17 
1 3 19 
1 5 18 
1 4 20 
1 6 19 
1 5 21 
1 7 20 
1 6 21 
0 
0 
0 
0 
0 
1 2 19 
0 
0 
0 
0 
1 3 14 
1 2 12 
1 4 13 
0 
1 5 12 
1 4 10 
0 
1 5 9 
1 8 10 
1 6 8 
1 7 8 
0 
0 
1 9 9 
1 8 7 
1 10 8 
1 9 6 
0 
1 10 5 
1 12 6 
1 11 4 
1 13 5 
1 12 3 
0 
1 13 2 
1 15 3 
3 14 1 15 1 13 1 
1 17 2 
0 
1 16 4 
1 18 3 
1 17 5 
1 19 4 
0 
0 
0 
1 18 2 
0 
0 
0 
1 18 1 
0 
2 20 0 8 0 
0 
0 
1 21 1 
1 20 4 
1 22 2 
1 21 4 
1 19 3 
1 22 5 
0 
1 23 7 
0 
1 25 6 
1 22 8 
1 19 7 
0 
3 21 5 20 9 20 5 
1 18 8 
1 19 12 
0 
0 
0 
0 
2 22 11 17 11 
1 18 13 
1 16 12 
1 17 14 
1 15 13 
0 
0 
0 
0 
0 
0 
1 20 14 
0 
1 24 13 
0 
0 
1 21 9 
0 
2 23 15 23 11 
1 25 14 
1 24 16 
1 26 15 
1 25 17 
1 27 16 
1 26 18 
1 28 17 
1 27 19 
1 29 18 
1 28 21 
0 
1 25 20 
1 27 21 
1 26 21 
0 
1 25 18 
0 
0 
1 29 24 
0 
0 
1 28 24 
1 30 23 
1 27 25 
0 
1 26 26 
0 
0 
2 24 24 24 27 
1 22 26 
1 23 28 
1 21 27 
1 22 30 
2 21 28 20 28 
2 20 29 25 29 
0 
0 
0 
1 19 28 
2 17 29 17 24 
2 18 27 16 25 
1 16 28 
2 17 26 15 24 
0 
0 
2 15 26 15 30 
1 11 28 
1 14 29 
2 13 27 13 26 
1 12 26 
0 
1 11 30 
0 
0 
1 10 27 
1 11 25 
1 9 26 
1 10 24 
1 7 25 
0 
2 8 24 8 27 
1 6 26 
0 
1 5 27 
1 6 29 
1 4 28 
0 
1 2 29 
2 9 30 3 30 
0 
0 
1 8 28 
0 
0 
0 
0 
0 
0 
0 
0 
0 
0 
0 
0 
0 
0 
0 
0 
0 
0 
0 
0 
0 
0 
0 
0 
0 
0 
0 
0 
0 
0 
0 
0 
0 
0 
0 
0 
0 
0 
0 
0 
0 
0 
0 
0 
0 
1 28 25 
0 
0 
0 
0 
0 
0 
0 
0 
0 
0 
0 
0 
0 
0 
0 
0 
0 
0 
1 25 12 
1 24 10 
1 26 11 
1 25 9 
1 27 10 
1 26 7 
0 
2 28 8 23 8 
0 
0 
0 
0 
0 
0 
0 
0 
0 
0 
0 
0 
0 
0 
0 
0 
0 
0 
0 
0 
0 
0 
0 
0 
0 
0 
0 
0 
0 
0 
0 
0 
0 
0 
0 
0 
0 
0 
0 
0 
0 
0 
0 
0 
0 
0 
0 
0 
0 
0 
0 
0 
1 9 2 
1 7 1 
1 8 3 
1 6 2 
1 7 4 
2 4 1 4 3 
0 
1 5 5 
0 
0 
1 2 2 
0 
0 
0 
0 
0 
1 4 8 
0 
1 2 7 
0 
0 
1 7 5 
0 
0 
0 
0 
0 
0 
0 
0 
0 
0 
0 
0 
0 
0 
0 
0 
0 
0 
0 
0 
0 
0 
0 
0 
0 
0 
0 
0 
0 
0 
0 
0 
0 
0 
0 
0 
0 
0 
0 
0 
0 
0 
0 
0 
0 
0 
0 
0 
0 
0 
0 
0 
0 
0 
0 
0 
0 
1 23 16 
0 
0 
0 
0 
0 
0 
0 
0 
0 
0 
0 
0 
0 
0 
0 
0 
0 
0 
0 
0 
0 
0 
0 
0 
0 
0 
0 
0 
0 
0 
0 
0 
0 
0 
0 
0 
0 
0 
0 
0 
0 
0 
0 
0 
0 
0 
0 
1 7 24 
0 
0 
0 
0 
0 
0 
0 
0 
0 
1 3 26 
0 
1 1 27 
0 
0 
1 2 25 
0 
1 1 23 
0 
1 3 24 
1 2 22 
1 4 23 
1 3 20 
0 
0 
1 5 24 
0 
0 
1 7 21 
1 9 22 
1 8 19 
0 
1 10 20 
1 9 18 
1 11 19 
1 10 17 
1 12 18 
3 11 16 12 16 10 16 
1 14 17 
0 
2 13 18 13 14 
0 
0 
2 17 15 11 15 
1 15 14 
1 16 17 
1 18 16 
1 17 18 
1 19 17 
1 18 19 
1 20 18 
1 19 20 
1 21 19 
1 20 21 
1 22 20 
1 21 22 
2 22 19 23 21 
3 22 24 23 23 20 23 
0 
0 
1 24 19 
0 
0 
1 23 17 
0 
0 
0 
0 
0 
0 
0 
0 
0 
0 
0 
0 
0 
0 
0 
0 
0 
0 
0 
0 
0 
0 
0 
0 
0 
0 
0 
0 
0 
0 
0 
0 
0 
0 
0 
0 
0 
0 
0 
0 
0 
0 
0 
0 
0 
0 
1 11 20 
0 
0 
0 
0 
0 
0 
0 
0 
0 
0 
0 
0 
0 
0 
0 
0 
0 
0 
0 
0 
0 
0 
0 
0 
0 
0 
0 
0 
0 
0 
0 
0 
0 
0 
0 
0 
0 
0 
0 
0 
0 
0 
0 
0 
0 
0 
0 
0 
0 
0 
0 
0 
0 
0 
0 
0 
0 
0 
0 
0 
0 
0 
0 
0 
0 
0 
0 
0 
0 
0 
0 
0 
0 
0 
0 
0 
1 27 15 
0 
0 
0 
0 
0 
0 
0 
0 
0 
0 
0 
0 
0 
0 
0 
0 
0 
0 
0 
0 
0 
0 
0 
0 
0 
0 
0 
0 
0 
0 
0 
0 
0 
0 
0 
0 
0 
0 
0 
0 
0 
0 
0 
0 
0 
0 
0 
0 
0 
0 
0 
0 
0 
0 
1 1 3 
1 0 4 
0 
0 
0 
0 
0 
0 
0 
0 
0 
0 
1 3 9 
1 0 8 
0 
2 1 10 1 5 
0 
1 0 13 
0 
0 
0 
0 
0 
0 
0 
0 
0 
0 
0 
0 
0 
0 
0 
0 
0 
0 
0 
0 
0 
0 
0 
0 
0 
0 
0 
0 
0 
0 
0 
0 
0 
0 
0 
0 
0 
0 
0 
0 
0 
0 
0 
0 
0 
0 
0 
0 
0 
0 
0 
0 
0 
0 
0 
0 
0 
0 
0 
0 
0 
0 
0 
0 
0 
1 27 6 
1 29 7 
1 28 5 
0 
1 29 4 
2 30 9 30 2 
0 
0 
1 29 10 
0 
1 28 12 
0 
0 
0 
0 
0 
0 
0 
0 
0 
0 
0 
0 
0 
1 30 10 
0 
0 
0 
0 
0 
0 
0 
0 
0 
0 
0 
0 
0 
0 
0 
0 
0 
0 
0 
0 
0 
0 
0 
0 
0 
0 
0 
0 
0 
0 
0 
0 
0 
0 
0 
0 
1 27 26 
0 
0 
0 
0 
1 24 28 
0 
0 
0 
0 
0 
0 
0 
0 
0 
0 
0 
0 
0 
0 
0 
0 
0 
0 
0 
0 
0 
0 
0 
0 
0 
0 
0 
0 
0 
0 
0 
0 
0 
0 
0 
0 
0 
1 3 25 
0 
0 
0 
0 
0 
0 
0 
0 
0 
0 
0 
0 
0 
0 
0 
1 7 19 
0 
0 
0 
0 
0 
0 
0 
0 
0 
0 
0 
1 12 13 
1 10 14 
3 11 11 12 12 8 12 
0 
0 
1 10 9 
2 9 16 9 10 
0 
1 7 14 
0 
1 10 15 
0 
1 6 12 
0 
0 
0 
0 
0 
0 
0 
0 
0 
0 
0 
0 
0 
0 
0 
0 
0 
0 
0 
0 
0 
0 
0 
0 
0 
0 
0 
0 
0 
0 
0 
0 
0 
0 
0 
0 
0 
0 
0 
0 
0 
0 
0 
0 
0 
0 
0 
0 
0 
0 
0 
0 
0 
0 
0 
0 
0 
0 
0 
0 
0 
0 
0 
0 
0 
0 
0 
0 
0 
0 
0 
0 
0 
0 
0 
0 
0 
0 
0 
0 
0 
0 
0 
0 
0 
0 
0 
0 
0 
0 
0 
0 
0 
0 
0 
0 
0 
0 
0 
0 
0 
0 
0 
0 
0 
0 
0 
0 
0 
0 
0 
0 
0 
0 
0 
0 
0 
0 
0 
0 
0 
0 
0 
0 
0 
0 
0 
0 
0 
0 
0 
0 
0 
0 
0 
0 
0 
0 
0 
0 
0 
0 
0 
0 
0 
0 
0 
0 
0 
0 
0 
0 
0 
0 
0 
0 
0 
0 
1 8 4 
0 
1 9 3 
0 
1 10 2 
0 
0 
0 
0 
0 
0 
0 
0 
0 
0 
0 
0 
0 
0 
0 
0 
0 
0 
0 
0 
0 
1 7 0 
0 
0 
0 
0 
0 
0 
0 
0 
0 
0 
0 
0 
0 
0 
0 
0 
0 
0 
0 
0 
0 
0 
0 
0 
0 
0 
0 
0 
0 
0 
0 
0 
0 
0 
0 
0 
0 
0 
0 
0 
0 
0 
0 
0 
0 
0 
0 
0 
0 
0 
0 
0 
0 
0 
0 
0 
0 
0 
0 
0 
0 
0 
0 
0 
0 
0 
0 
0 
0 
0 
0 
0 
0 
0 
0 
0 
0 
0 
0 
0 
0 
0 
0 
0 
0 
0 
0 
0 
0 
0 
0 
0 
0 
0 
0 
0 
0 
0 
0 
0 
0 
0 
0 
0 
0 
0 
0 
0 
0 
0 
0 
0 
0 
0 
0 
0 
0 
0 
0 
0 
0 
0 
0 
0 
0 
0 
0 
0 
0 
0 
0 
0 
0 
0 
0 
0 
1 11 8 
1 13 9 
1 12 7 
1 14 8 
1 13 6 
1 18 7 
2 14 5 16 5 
2 15 9 15 4 
1 16 11 
0 
0 
1 14 10 
1 15 12 
0 
0 
0 
0 
0 
0 
0 
0 
0 
0 
0 
0 
0 
0 
0 
0 
0 
0 
0 
0 
0 
0 
0 
0 
0 
0 
0 
0 
0 
0 
0 
0 
0 
0 
0 
0 
0 
0 
0 
0 
0 
0 
0 
0 
0 
0 
0 
0 
0 
0 
0 
0 
0 
0 
0 
0 
0 
0 
0 
0 
0 
0 
0 
0 
0 
0 
0 
0 
0 
0 
0 
0 
0 
0 
0 
0 
0 
0 
0 
0 
0 
0 
0 
0 
0 
0 
0 
0 
0 
0 
0 
0 
0 
0 
0 
0 
0 
0 
0 
0 
0 
0 
0 
0 
0 
0 
0 
0 
0 
0 
0 
0 
0 
0 
0 
0 
0 
0 
0 
0 
0 
0 
0 
1 28 4 
0 
0 
0 
0 
0 
0 
0 
0 
0 
0 
0 
0 
0 
0 
0 
0 
0 
0 
0 
0 
0 
0 
0 
0 
0 
0 
1 29 1 
0 
1 27 0 
1 25 1 
0 
1 26 3 
1 24 2 
1 25 5 
0 
0 
1 26 6 
0 
0 
0 
0 
0 
0 
0 
0 
0 
0 
0 
0 
0 
0 
0 
0 
0 
0 
0 
0 
0 
0 
0 
0 
0 
0 
0 
0 
0 
0 
0 
0 
0 
0 
0 
0 
0 
0 
0 
0 
0 
0 
0 
1 30 19 
0 
0 
0 
0 
0 
0 
0 
0 
0 
0 
0 
0 
0 
0 
0 
0 
0 
0 
0 
0 
0 
0 
0 
0 
0 
0 
0 
0 
0 
0 
0 
0 
0 
0 
0 
0 
0 
0 
0 
0 
0 
0 
0 
0 
0 
0 
0 
0 
0 
0 
0 
0 
0 
0 
0 
0 
0 
0 
0 
0 
0 
0 
1 4 24 
0 
0 
0 
0 
0 
0 
0 
0 
0 
0 
0 
0 
0 
0 
0 
0 
0 
0 
0 
0 
0 
0 
0 
0 
0 
0 
0 
0 
0 
0 
0 
0 
0 
0 
0 
0 
0 
0 
0 
0 
0 
0 
0 
0 
0 
0 
0 
0 
0 
0 
0 
0 
0 
0 
0 
0 
0 
0 
0 
0 
0 
0 
0 
0 
0 
0 
0 
0 
0 
0 
0 
2 20 24 19 24 
0 
1 20 27 
1 19 27 
1 18 22 
0 
0 
0 
0 
0 
0 
1 16 21 
1 18 20 
1 17 19 
1 15 20 
1 16 18 
1 13 19 
1 15 17 
1 14 21 
0 
1 15 21 
0 
0 
0 
0 
0 
0 
0 
0 
0 
0 
0 
0 
0 
0 
0 
0 
0 
0 
0 
0 
0 
0 
0 
0 
0 
0 
0 
0 
0 
0 
0 
0 
0 
0 
0 
0 
0 
0 
0 
0 
0 
0 
0 
0 
0 
0 
0 
0 
0 
0 
0 
0 
0 
0 
1 1 19 
0 
0 
0 
0 
0 
0 
0 
0 
0 
0 
0 
0 
0 
0 
0 
0 
0 
0 
0 
0 
0 
0 
0 
0 
0 
0 
0 
0 
0 
0 
0 
0 
0 
0 
0 
0 
0 
0 
0 
0 
0 
0 
0 
0 
0 
0 
0 
0 
0 
0 
0 
0 
0 
0 
0 
0 
0 
0 
0 
0 
0 
0 
0 
0 
0 
0 
0 
0 
0 
0 
0 
0 
0 
0 
0 
0 
0 
0 
0 
0 
0 
0 
0 
0 
0 
0 
0 
0 
0 
0 
0 
0 
0 
0 
0 
0 
0 
0 
0 
0 
0 
0 
0 
0 
0 
0 
0 
0 
0 
0 
0 
0 
0 
0 
0 
0 
0 
0 
0 
0 
0 
0 
0 
0 
0 
0 
0 
0 
0 
0 
0 
0 
0 
0 
0 
0 
0 
0 
0 
0 
0 
0 
0 
0 
0 
0 
0 
0 
0 
0 
0 
0 
0 
0 
0 
0 
0 
0 
0 
0 
0 
0 
0 
0 
0 
0 
0 
0 
0 
0 
0 
0 
0 
0 
0 
0 
0 
0 
0 
0 
0 
0 
0 
0 
0 
0 
0 
0 
0 
0 
0 
0 
0 
0 
0 
0 
0 
0 
0 
0 
0 
0 
0 
0 
0 
0 
0 
0 
0 
0 
0 
0 
0 
0 
0 
0 
0 
0 
0 
0 
0 
0 
0 
0 
0 
0 
0 
0 
0 
0 
0 
0 
0 
0 
0 
0 
0 
0 
0 
0 
0 
0 
0 
0 
0 
0 
0 
0 
0 
0 
0 
0 
0 
0 
0 
0 
0 
0 
0 
0 
0 
0 
0 
0 
0 
0 
0 
0 
0 
0 
0 
0 
0 
0 
0 
0 
0 
0 
0 
0 
0 
0 
0 
0 
0 
0 
0 
0 
0 
0 
0 
0 
0 
0 
0 
1 12 22 
1 10 21 
1 11 24 
1 10 22 
1 13 23 
0 
0 
1 15 25 
0 
1 14 22 
0 
0 
1 15 22 
0 
