3 2 18 0 20 0 16 
2 1 20 1 16 
1 3 17 
1 2 15 
0 
1 3 14 
1 5 15 
1 4 13 
0 
1 5 12 
1 7 13 
1 6 11 
1 8 12 
1 7 9 
1 9 11 
1 8 7 
2 9 8 6 8 
0 
0 
0 
0 
1 7 6 
1 5 7 
0 
1 4 6 
1 5 4 
1 3 5 
1 4 3 
1 2 4 
1 3 2 
1 1 3 
1 2 1 
0 
0 
0 
1 4 0 
0 
0 
1 7 1 
0 
0 
1 6 4 
0 
1 8 3 
1 7 5 
1 9 4 
1 8 6 
2 9 3 10 5 
0 
0 
1 10 8 
1 12 7 
1 11 10 
1 13 8 
1 12 10 
2 14 9 10 9 
1 13 11 
2 14 8 15 10 
1 14 12 
1 16 11 
1 15 13 
1 17 12 
1 16 14 
1 18 13 
0 
0 
0 
0 
0 
0 
0 
0 
0 
0 
0 
0 
0 
0 
0 
1 10 4 
0 
0 
0 
0 
0 
0 
0 
0 
1 9 0 
0 
1 8 2 
1 10 1 
0 
1 11 2 
0 
1 12 3 
0 
1 13 4 
1 12 6 
1 14 5 
0 
1 15 6 
0 
1 16 7 
1 15 9 
1 17 8 
1 16 10 
1 18 9 
1 17 11 
1 19 10 
1 18 12 
1 20 11 
1 19 13 
1 21 12 
1 20 14 
1 22 13 
1 21 15 
1 23 14 
2 22 16 23 16 
1 25 15 
0 
2 24 16 24 13 
0 
1 25 12 
0 
0 
2 27 15 27 11 
1 29 12 
1 28 10 
1 30 11 
1 29 9 
1 31 10 
1 30 8 
1 32 9 
1 31 7 
0 
0 
0 
0 
0 
0 
0 
0 
0 
0 
1 29 14 
1 28 17 
0 
1 25 16 
1 29 18 
1 31 17 
1 30 19 
1 32 18 
1 31 20 
1 33 19 
1 32 21 
0 
1 33 22 
1 34 22 
0 
0 
0 
0 
1 32 17 
0 
0 
1 33 15 
0 
0 
1 31 14 
0 
1 30 12 
0 
1 32 13 
1 31 11 
0 
1 32 10 
1 35 11 
1 33 8 
1 34 13 
0 
0 
0 
1 34 7 
1 35 5 
0 
0 
1 32 6 
0 
1 33 4 
1 31 5 
1 32 3 
2 31 6 30 4 
1 31 2 
2 30 5 29 3 
1 30 0 
0 
2 32 1 28 1 
0 
1 34 0 
0 
0 
0 
0 
0 
0 
0 
0 
0 
0 
0 
0 
0 
0 
0 
0 
0 
0 
0 
0 
0 
0 
0 
0 
0 
0 
0 
0 
0 
0 
0 
0 
0 
0 
0 
0 
0 
0 
0 
0 
0 
0 
0 
0 
0 
0 
0 
0 
0 
0 
0 
0 
0 
1 29 19 
0 
0 
0 
2 27 17 27 18 
1 26 18 
1 24 17 
1 25 19 
3 23 18 24 23 23 24 
0 
1 22 19 
1 23 21 
0 
1 22 23 
0 
2 24 22 20 22 
2 23 23 24 25 
0 
0 
0 
2 22 24 19 24 
2 23 25 19 25 
1 22 26 
0 
2 20 26 19 26 
2 20 27 19 27 
2 22 28 19 28 
2 22 29 19 29 
2 22 30 19 30 
2 22 31 19 31 
2 22 32 19 32 
0 
0 
2 22 34 18 34 
0 
1 24 35 
0 
1 23 32 
1 25 34 
1 24 32 
2 26 33 22 33 
1 25 31 
1 27 32 
1 26 30 
1 28 31 
1 27 29 
1 29 30 
1 28 28 
1 30 29 
1 29 27 
1 31 28 
1 30 26 
1 32 27 
1 31 25 
1 33 26 
1 32 24 
1 34 25 
0 
0 
0 
0 
0 
0 
0 
0 
1 28 27 
0 
0 
0 
0 
0 
0 
0 
1 24 31 
0 
0 
0 
0 
0 
0 
0 
0 
0 
1 17 35 
0 
0 
0 
0 
0 
0 
0 
0 
0 
0 
0 
0 
0 
0 
0 
1 19 21 
1 18 25 
2 17 25 17 21 
2 16 25 16 21 
2 15 25 15 21 
2 14 25 14 21 
1 12 24 
1 13 26 
1 11 25 
1 12 27 
1 10 26 
1 11 28 
1 9 27 
1 10 29 
1 8 28 
0 
1 7 29 
1 8 31 
1 6 30 
1 7 32 
1 5 31 
1 6 33 
1 4 32 
1 5 35 
1 3 33 
0 
1 2 34 
0 
1 1 35 
0 
0 
0 
0 
0 
0 
0 
0 
0 
0 
0 
1 8 27 
0 
0 
0 
0 
0 
0 
0 
0 
0 
0 
0 
0 
1 13 20 
1 12 20 
0 
0 
0 
0 
1 10 21 
1 11 18 
1 9 20 
1 10 18 
1 13 19 
0 
1 12 17 
1 14 18 
1 13 16 
1 15 17 
1 14 13 
1 17 16 
0 
1 12 14 
1 13 12 
1 11 13 
1 12 11 
1 9 12 
0 
1 10 14 
1 8 13 
1 9 15 
0 
1 8 16 
1 6 15 
1 7 17 
1 5 16 
1 6 18 
1 4 17 
2 5 20 6 19 
0 
0 
1 4 21 
1 3 21 
0 
1 2 22 
1 0 21 
1 1 23 
0 
1 0 25 
0 
1 2 24 
1 1 26 
1 3 25 
1 2 27 
1 4 26 
1 3 28 
0 
0 
1 5 30 
1 6 25 
1 7 25 
1 9 26 
0 
0 
1 6 29 
0 
0 
0 
0 
0 
0 
0 
0 
0 
0 
0 
0 
0 
0 
0 
0 
0 
0 
0 
0 
0 
0 
0 
0 
0 
0 
0 
0 
0 
0 
0 
0 
0 
0 
0 
0 
0 
0 
0 
0 
0 
0 
0 
0 
0 
0 
0 
0 
0 
0 
0 
0 
0 
0 
0 
1 20 21 
0 
0 
0 
0 
0 
0 
0 
0 
0 
0 
0 
0 
0 
0 
0 
0 
0 
0 
0 
0 
0 
0 
0 
0 
0 
0 
0 
0 
0 
0 
0 
0 
0 
0 
0 
0 
0 
0 
0 
0 
0 
0 
0 
0 
0 
0 
0 
0 
0 
0 
0 
0 
0 
0 
0 
0 
0 
0 
0 
0 
1 26 0 
0 
1 27 2 
1 24 1 
1 26 3 
1 25 4 
0 
1 22 3 
0 
2 23 5 23 1 
1 21 2 
0 
1 20 1 
0 
2 23 0 19 0 
0 
0 
0 
0 
0 
1 21 4 
1 22 6 
1 20 5 
1 21 7 
1 19 6 
0 
1 17 7 
1 19 9 
1 18 5 
1 16 6 
1 17 4 
1 15 5 
1 16 3 
1 14 4 
1 15 2 
1 13 3 
0 
1 12 2 
2 16 1 12 1 
0 
1 18 0 
0 
0 
0 
0 
0 
0 
0 
0 
0 
0 
0 
0 
0 
0 
0 
0 
0 
0 
0 
0 
0 
0 
0 
0 
0 
0 
0 
0 
0 
0 
0 
0 
0 
0 
0 
0 
0 
0 
0 
0 
0 
0 
0 
0 
0 
0 
0 
0 
0 
0 
0 
0 
0 
0 
0 
0 
0 
0 
0 
0 
0 
0 
0 
0 
0 
0 
0 
0 
0 
0 
0 
0 
0 
0 
0 
0 
0 
0 
0 
0 
0 
0 
0 
0 
0 
0 
0 
0 
0 
0 
0 
0 
0 
0 
0 
0 
0 
0 
0 
0 
0 
0 
0 
0 
0 
0 
0 
0 
0 
0 
0 
0 
0 
0 
0 
0 
0 
0 
0 
0 
0 
0 
0 
0 
0 
0 
0 
0 
1 0 5 
0 
0 
0 
0 
1 1 6 
0 
1 2 7 
0 
1 3 9 
0 
1 2 9 
0 
1 0 8 
0 
1 1 10 
0 
1 0 12 
0 
1 2 11 
1 1 14 
0 
0 
0 
1 4 9 
0 
0 
0 
0 
0 
0 
0 
0 
0 
0 
0 
0 
0 
0 
0 
0 
0 
0 
0 
0 
0 
0 
0 
0 
0 
0 
0 
0 
0 
0 
0 
0 
0 
0 
0 
0 
0 
0 
0 
0 
0 
0 
0 
0 
0 
0 
0 
0 
0 
0 
0 
0 
0 
0 
0 
0 
0 
0 
0 
0 
0 
0 
0 
0 
0 
0 
1 24 12 
1 26 11 
0 
0 
0 
0 
0 
0 
0 
0 
0 
0 
0 
0 
0 
0 
0 
0 
0 
0 
0 
0 
0 
0 
0 
0 
0 
0 
0 
0 
0 
0 
0 
0 
0 
0 
0 
0 
0 
0 
0 
0 
0 
0 
0 
0 
0 
0 
0 
0 
0 
0 
0 
0 
0 
0 
0 
0 
0 
0 
0 
0 
0 
0 
0 
0 
0 
0 
0 
0 
1 27 33 
0 
0 
0 
0 
0 
0 
0 
0 
0 
0 
0 
0 
0 
0 
0 
0 
0 
0 
0 
0 
0 
0 
0 
0 
0 
0 
0 
0 
0 
0 
0 
0 
0 
0 
0 
0 
0 
0 
0 
0 
0 
0 
0 
0 
1 16 18 
1 18 17 
0 
1 19 18 
0 
1 21 19 
0 
1 20 16 
0 
0 
1 15 20 
0 
0 
0 
0 
0 
0 
0 
0 
0 
0 
0 
0 
0 
0 
0 
0 
0 
0 
0 
0 
0 
0 
0 
0 
0 
0 
0 
0 
0 
0 
0 
0 
0 
0 
0 
0 
0 
0 
0 
0 
0 
0 
0 
0 
0 
0 
0 
0 
0 
0 
0 
0 
0 
0 
0 
0 
0 
0 
0 
0 
0 
0 
0 
1 34 23 
1 35 27 
0 
0 
0 
0 
0 
0 
0 
0 
0 
0 
0 
0 
0 
0 
0 
0 
0 
0 
0 
0 
0 
0 
0 
0 
0 
0 
0 
0 
0 
0 
0 
0 
0 
0 
0 
0 
0 
0 
0 
0 
0 
0 
0 
0 
0 
0 
0 
0 
0 
0 
0 
0 
0 
0 
0 
0 
0 
0 
0 
0 
0 
0 
0 
0 
0 
0 
0 
0 
0 
0 
0 
0 
0 
0 
0 
0 
0 
0 
0 
0 
0 
0 
0 
0 
0 
0 
0 
0 
0 
0 
0 
0 
0 
0 
0 
0 
0 
0 
0 
0 
0 
0 
0 
0 
0 
0 
0 
0 
0 
0 
0 
0 
0 
0 
1 22 8 
1 21 11 
1 23 9 
0 
0 
0 
0 
0 
0 
1 21 3 
0 
0 
0 
0 
0 
0 
0 
0 
0 
0 
0 
0 
0 
0 
0 
0 
0 
0 
0 
0 
0 
0 
0 
0 
0 
0 
0 
0 
0 
0 
0 
1 33 13 
0 
0 
0 
0 
0 
0 
0 
0 
0 
0 
0 
0 
0 
0 
0 
0 
0 
0 
0 
0 
0 
0 
0 
0 
0 
0 
0 
0 
0 
0 
0 
0 
0 
0 
0 
0 
0 
0 
0 
0 
0 
0 
0 
0 
0 
0 
0 
0 
0 
0 
0 
0 
0 
0 
0 
0 
0 
0 
0 
0 
0 
0 
0 
0 
0 
0 
0 
0 
0 
0 
0 
0 
0 
0 
0 
0 
1 31 23 
0 
0 
0 
1 29 21 
0 
1 27 20 
0 
2 28 22 26 24 
0 
0 
1 26 20 
0 
0 
0 
0 
1 27 24 
1 26 22 
1 30 23 
0 
1 25 25 
0 
0 
0 
0 
0 
0 
0 
0 
0 
0 
0 
1 31 24 
0 
0 
0 
0 
0 
0 
0 
1 30 25 
0 
0 
0 
0 
0 
0 
0 
0 
0 
0 
0 
0 
0 
0 
0 
0 
0 
0 
0 
0 
0 
0 
0 
0 
0 
0 
0 
0 
0 
0 
0 
0 
0 
0 
0 
0 
0 
0 
0 
0 
0 
0 
0 
0 
0 
0 
0 
0 
0 
0 
0 
0 
0 
0 
0 
0 
0 
0 
0 
0 
0 
0 
0 
0 
0 
0 
0 
0 
0 
0 
0 
0 
0 
0 
0 
0 
0 
0 
0 
0 
0 
0 
0 
0 
0 
0 
0 
0 
0 
0 
0 
0 
0 
0 
0 
0 
0 
0 
0 
0 
0 
0 
0 
0 
0 
0 
0 
0 
0 
0 
1 22 11 
2 24 10 20 10 
3 23 13 22 12 23 12 
0 
0 
0 
0 
0 
0 
0 
0 
0 
0 
0 
0 
0 
0 
0 
0 
0 
0 
0 
0 
0 
0 
0 
0 
0 
0 
0 
0 
0 
0 
0 
0 
1 32 7 
0 
0 
0 
0 
0 
0 
0 
0 
0 
0 
0 
0 
0 
0 
0 
0 
0 
0 
0 
0 
0 
0 
0 
0 
0 
0 
0 
0 
0 
0 
0 
0 
0 
0 
0 
0 
0 
0 
0 
0 
0 
0 
0 
0 
0 
0 
0 
0 
0 
0 
0 
0 
0 
0 
0 
0 
0 
0 
0 
0 
0 
0 
0 
0 
0 
0 
0 
0 
0 
0 
0 
0 
0 
0 
0 
0 
0 
0 
0 
0 
0 
0 
0 
0 
0 
0 
0 
0 
0 
0 
0 
0 
0 
0 
0 
0 
0 
0 
0 
0 
0 
0 
0 
0 
0 
0 
0 
0 
0 
1 8 24 
1 10 25 
1 9 21 
0 
0 
1 8 21 
2 10 22 6 22 
1 7 19 
0 
0 
1 8 17 
0 
0 
0 
0 
0 
0 
0 
0 
0 
0 
0 
0 
0 
0 
0 
0 
0 
0 
0 
0 
0 
0 
0 
0 
0 
0 
0 
0 
0 
0 
0 
0 
0 
0 
0 
0 
0 
0 
0 
0 
0 
0 
0 
0 
0 
0 
0 
0 
0 
0 
0 
0 
0 
0 
0 
0 
0 
0 
0 
0 
0 
1 22 18 
0 
1 23 17 
0 
0 
0 
0 
0 
0 
0 
0 
0 
0 
0 
0 
0 
0 
0 
0 
0 
0 
0 
0 
0 
0 
0 
0 
0 
0 
0 
0 
0 
0 
0 
0 
0 
0 
0 
0 
0 
0 
0 
0 
0 
0 
0 
0 
0 
0 
1 9 35 
0 
1 8 32 
1 10 34 
1 9 32 
2 11 33 7 33 
1 10 30 
1 12 32 
1 11 30 
2 13 31 9 31 
1 12 28 
1 14 30 
1 13 28 
2 15 29 11 29 
1 14 27 
0 
0 
1 17 27 
0 
0 
0 
0 
0 
0 
0 
0 
0 
0 
0 
0 
0 
0 
0 
0 
0 
0 
0 
0 
0 
0 
0 
0 
0 
0 
0 
0 
0 
0 
0 
0 
0 
0 
0 
0 
0 
0 
0 
0 
0 
0 
0 
0 
0 
0 
0 
0 
0 
0 
0 
0 
0 
0 
0 
0 
0 
0 
0 
0 
0 
0 
0 
0 
0 
0 
0 
0 
0 
0 
0 
0 
0 
0 
0 
0 
0 
0 
0 
0 
0 
0 
0 
0 
0 
0 
0 
0 
0 
0 
0 
0 
0 
0 
0 
0 
0 
0 
2 28 24 28 25 
1 29 22 
1 30 24 
0 
0 
0 
0 
0 
0 
0 
0 
0 
0 
0 
0 
0 
0 
0 
0 
0 
0 
0 
0 
0 
0 
1 34 28 
0 
1 33 29 
0 
1 32 30 
0 
1 31 32 
1 30 30 
1 33 31 
1 32 33 
1 35 32 
1 31 33 
2 34 34 34 29 
0 
0 
0 
1 32 35 
0 
0 
1 30 34 
0 
0 
1 28 35 
0 
1 29 33 
1 26 34 
0 
0 
0 
0 
0 
0 
0 
0 
0 
0 
0 
0 
0 
0 
0 
0 
0 
0 
0 
0 
0 
0 
0 
0 
0 
0 
0 
0 
0 
0 
0 
0 
0 
0 
0 
0 
0 
0 
0 
0 
0 
0 
0 
0 
0 
0 
0 
0 
0 
0 
0 
0 
0 
0 
0 
0 
0 
0 
0 
0 
0 
0 
0 
0 
0 
0 
0 
0 
0 
0 
0 
0 
0 
0 
0 
0 
0 
0 
0 
0 
0 
0 
0 
0 
0 
0 
0 
0 
0 
0 
0 
0 
0 
0 
0 
0 
0 
0 
0 
0 
0 
0 
0 
0 
0 
0 
0 
0 
0 
0 
0 
0 
0 
0 
1 14 26 
0 
1 18 31 
0 
0 
0 
0 
0 
1 15 30 
0 
1 16 33 
0 
0 
0 
0 
0 
0 
0 
0 
0 
0 
0 
0 
0 
0 
0 
0 
0 
0 
0 
0 
0 
0 
0 
0 
0 
0 
0 
0 
0 
0 
0 
0 
0 
0 
0 
0 
0 
0 
0 
0 
0 
0 
0 
0 
0 
0 
0 
0 
0 
0 
0 
0 
0 
0 
0 
0 
0 
0 
0 
0 
0 
0 
0 
0 
0 
0 
0 
0 
0 
0 
0 
0 
0 
0 
0 
0 
0 
0 
0 
0 
0 
0 
0 
0 
0 
0 
0 
0 
0 
0 
0 
0 
0 
0 
0 
0 
0 
0 
0 
0 
0 
0 
0 
0 
0 
0 
0 
0 
0 
0 
0 
0 
0 
0 
0 
0 
0 
0 
0 
0 
0 
0 
0 
0 
0 
0 
0 
0 
0 
0 
0 
0 
0 
0 
0 
0 
0 
0 
0 
0 
0 
0 
0 
0 
0 
0 
0 
0 
0 
0 
0 
0 
0 
0 
0 
0 
0 
0 
0 
0 
0 
0 
0 
0 
0 
0 
0 
0 
0 
0 
0 
0 
0 
0 
0 
0 
0 
0 
0 
0 
0 
0 
0 
0 
0 
0 
0 
0 
0 
0 
0 
0 
0 
0 
0 
0 
0 
0 
0 
0 
0 
0 
0 
0 
0 
0 
0 
0 
0 
0 
0 
0 
0 
0 
0 
0 
0 
0 
0 
0 
0 
0 
0 
0 
0 
0 
0 
0 
0 
0 
0 
0 
0 
0 
0 
0 
0 
0 
0 
0 
0 
0 
0 
0 
0 
0 
0 
0 
0 
0 
0 
0 
0 
0 
0 
0 
0 
0 
0 
0 
0 
0 
0 
0 
0 
0 
0 
0 
0 
0 
0 
0 
0 
0 
1 15 34 
0 
1 13 35 
0 
1 14 33 
1 11 34 
0 
0 
0 
0 
0 
0 
0 
0 
0 
0 
0 
0 
0 
0 
0 
0 
0 
0 
0 
0 
0 
0 
0 
0 
0 
0 
0 
0 
0 
0 
0 
0 
0 
0 
0 
0 
0 
0 
0 
0 
0 
0 
0 
0 
0 
0 
0 
0 
0 
0 
0 
0 
0 
0 
0 
0 
0 
0 
0 
0 
0 
0 
0 
0 
0 
0 
0 
0 
0 
0 
0 
0 
0 
0 
0 
0 
0 
0 
0 
0 
0 
0 
0 
0 
0 
0 
0 
0 
0 
0 
0 
0 
0 
0 
0 
0 
0 
0 
0 
0 
0 
0 
0 
0 
0 
0 
0 
0 
0 
0 
0 
0 
0 
0 
0 
0 
0 
0 
0 
0 
0 
0 
0 
0 
0 
0 
0 
0 
0 
0 
0 
0 
0 
0 
0 
0 
0 
0 
0 
0 
0 
0 
0 
0 
0 
0 
0 
0 
0 
1 25 9 
1 27 10 
1 26 8 
0 
1 27 6 
0 
2 30 7 25 7 
0 
1 23 6 
0 
1 24 9 
1 22 7 
0 
0 
0 
0 
0 
0 
0 
0 
0 
0 
0 
0 
0 
0 
0 
0 
0 
0 
0 
0 
0 
0 
0 
0 
0 
0 
0 
0 
0 
0 
0 
1 27 3 
0 
0 
0 
0 
0 
0 
0 
0 
0 
0 
0 
0 
0 
0 
0 
0 
0 
0 
0 
0 
0 
0 
0 
0 
0 
0 
0 
0 
0 
0 
0 
0 
0 
0 
0 
0 
0 
0 
0 
0 
0 
0 
0 
0 
0 
0 
0 
0 
0 
0 
0 
0 
0 
0 
0 
0 
0 
0 
0 
0 
0 
0 
0 
0 
0 
0 
0 
0 
0 
0 
0 
0 
0 
0 
0 
0 
0 
0 
0 
0 
0 
0 
0 
0 
0 
0 
0 
0 
0 
0 
0 
0 
0 
0 
0 
0 
0 
0 
0 
0 
0 
0 
0 
0 
0 
0 
0 
0 
0 
0 
0 
0 
0 
0 
0 
0 
0 
1 35 31 
0 
0 
0 
0 
0 
0 
0 
0 
0 
0 
0 
0 
0 
0 
0 
0 
0 
0 
0 
0 
0 
0 
0 
0 
0 
0 
0 
0 
0 
0 
0 
0 
0 
0 
0 
0 
0 
0 
0 
0 
0 
0 
0 
0 
0 
0 
0 
0 
0 
0 
0 
0 
0 
0 
0 
0 
0 
0 
0 
0 
0 
0 
0 
0 
0 
0 
0 
0 
0 
0 
0 
0 
0 
0 
0 
0 
0 
0 
0 
0 
0 
0 
0 
0 
0 
0 
0 
0 
0 
0 
0 
0 
0 
0 
0 
0 
0 
0 
0 
0 
0 
0 
0 
0 
0 
0 
0 
0 
0 
0 
0 
0 
0 
0 
0 
1 4 31 
1 2 30 
0 
1 0 31 
0 
0 
0 
0 
0 
0 
0 
0 
0 
1 3 24 
0 
0 
0 
0 
0 
0 
0 
0 
0 
0 
0 
0 
0 
0 
0 
0 
0 
0 
0 
0 
0 
0 
0 
0 
0 
0 
0 
0 
0 
0 
0 
0 
0 
0 
0 
0 
0 
0 
0 
0 
0 
0 
0 
0 
0 
0 
0 
0 
0 
0 
0 
0 
0 
0 
0 
0 
0 
0 
0 
0 
0 
0 
0 
0 
0 
0 
0 
0 
0 
0 
0 
0 
0 
0 
0 
0 
0 
0 
0 
0 
0 
0 
0 
0 
0 
0 
0 
0 
0 
0 
0 
0 
0 
0 
0 
0 
0 
0 
0 
0 
0 
0 
1 34 4 
0 
0 
0 
0 
0 
0 
0 
0 
0 
0 
0 
0 
0 
0 
0 
0 
0 
0 
0 
0 
0 
0 
0 
0 
0 
0 
0 
0 
0 
0 
0 
0 
0 
0 
0 
0 
0 
0 
0 
0 
0 
0 
1 29 4 
0 
0 
0 
0 
0 
0 
0 
0 
0 
0 
0 
0 
0 
0 
0 
0 
0 
0 
0 
0 
0 
0 
0 
0 
0 
0 
0 
0 
0 
0 
0 
0 
0 
0 
0 
0 
0 
0 
0 
0 
0 
0 
0 
0 
0 
0 
0 
0 
0 
0 
0 
0 
0 
0 
0 
0 
0 
0 
0 
0 
0 
0 
0 
0 
0 
0 
0 
0 
0 
0 
0 
0 
0 
0 
0 
0 
0 
0 
0 
0 
0 
0 
0 
0 
0 
0 
0 
0 
0 
0 
0 
0 
0 
0 
0 
0 
0 
0 
0 
0 
0 
0 
0 
0 
0 
0 
0 
0 
0 
0 
0 
0 
0 
0 
0 
0 
0 
0 
0 
0 
0 
0 
0 
0 
0 
0 
0 
0 
0 
1 7 18 
0 
0 
0 
0 
0 
0 
0 
0 
0 
0 
0 
0 
0 
0 
0 
0 
0 
0 
0 
0 
0 
0 
0 
0 
0 
0 
0 
0 
0 
0 
0 
0 
0 
0 
0 
0 
0 
0 
1 9 16 
1 11 17 
0 
0 
0 
0 
0 
0 
0 
0 
0 
0 
0 
0 
0 
0 
0 
0 
0 
0 
0 
0 
0 
0 
0 
0 
0 
0 
0 
0 
0 
0 
0 
0 
0 
0 
0 
0 
0 
0 
0 
0 
0 
0 
0 
0 
0 
0 
0 
0 
0 
0 
0 
0 
0 
0 
0 
0 
0 
0 
0 
0 
0 
0 
0 
0 
0 
0 
0 
0 
0 
0 
0 
0 
0 
0 
0 
0 
0 
0 
0 
0 
0 
0 
0 
0 
0 
0 
0 
0 
0 
0 
0 
0 
0 
0 
0 
0 
0 
0 
0 
0 
0 
0 
0 
0 
0 
0 
0 
0 
0 
0 
0 
0 
0 
0 
0 
0 
0 
0 
0 
0 
0 
0 
0 
0 
0 
0 
0 
0 
0 
