2 2 16 0 18 
2 1 18 1 14 
1 3 15 
0 
1 4 14 
1 3 12 
0 
1 4 11 
1 6 12 
1 5 10 
1 7 11 
1 6 9 
1 8 10 
1 7 7 
1 9 9 
1 8 7 
3 9 10 10 8 6 8 
1 9 6 
0 
0 
0 
0 
0 
0 
0 
0 
0 
0 
0 
0 
0 
0 
0 
0 
0 
0 
1 3 17 
1 2 19 
1 4 18 
1 3 21 
0 
2 5 20 0 20 
1 4 22 
1 6 21 
1 5 23 
1 7 22 
2 6 23 6 24 
0 
1 4 23 
0 
0 
0 
1 2 22 
1 1 23 
0 
0 
1 0 25 
0 
1 2 24 
0 
1 3 25 
1 2 27 
1 4 26 
1 3 28 
1 5 27 
1 4 29 
1 6 28 
1 5 30 
1 7 29 
0 
1 9 30 
0 
1 8 27 
0 
1 9 28 
1 7 25 
0 
1 9 26 
1 8 24 
1 10 25 
2 9 23 14 24 
1 11 24 
1 10 21 
0 
1 11 22 
2 9 21 9 20 
1 8 20 
0 
1 7 19 
0 
0 
0 
1 8 18 
0 
1 9 17 
1 8 15 
1 10 16 
1 9 14 
1 11 15 
1 10 12 
0 
1 12 13 
1 11 11 
1 13 12 
1 12 10 
1 14 11 
1 13 8 
0 
1 15 9 
0 
0 
1 12 6 
0 
1 14 7 
1 13 5 
1 15 6 
1 14 4 
1 16 5 
1 15 3 
0 
1 16 2 
1 18 3 
1 17 1 
1 19 2 
0 
1 20 1 
0 
2 22 0 15 0 
0 
1 21 2 
1 23 1 
1 22 3 
1 25 2 
1 23 4 
1 24 4 
1 26 3 
1 25 5 
1 27 4 
1 26 6 
1 28 5 
1 27 7 
1 29 6 
1 28 8 
1 30 7 
1 29 9 
0 
1 30 11 
0 
1 28 10 
1 29 12 
1 27 11 
1 28 13 
1 26 12 
1 27 14 
1 25 13 
1 26 15 
1 24 14 
1 25 16 
1 22 15 
0 
1 23 13 
1 21 14 
1 22 12 
1 20 13 
0 
0 
0 
0 
0 
1 21 16 
1 22 18 
1 20 17 
1 21 19 
1 19 18 
1 20 21 
0 
1 19 20 
0 
1 23 21 
0 
1 24 22 
1 23 24 
1 25 23 
1 24 25 
1 26 24 
1 25 26 
1 27 25 
1 26 27 
1 28 26 
1 27 28 
1 29 27 
1 28 29 
1 30 28 
1 29 31 
0 
2 31 30 26 30 
0 
0 
1 25 29 
1 26 28 
0 
0 
1 24 31 
0 
0 
1 23 30 
1 24 28 
1 22 29 
1 23 27 
1 21 28 
0 
1 20 27 
1 21 24 
0 
2 19 25 16 24 
1 20 22 
3 19 24 18 24 15 23 
1 18 23 
1 19 21 
1 17 22 
1 18 20 
1 16 21 
1 17 19 
1 15 20 
1 16 18 
1 14 19 
2 15 17 14 17 
1 12 18 
0 
2 13 19 13 16 
1 10 17 
2 12 14 14 15 
0 
0 
1 13 13 
1 15 14 
1 14 12 
1 16 13 
1 15 11 
1 17 12 
1 16 9 
1 18 11 
1 17 9 
2 19 10 15 10 
1 18 8 
1 20 9 
1 19 6 
0 
2 21 7 17 7 
1 20 5 
1 22 6 
1 21 4 
1 24 5 
0 
1 23 7 
1 25 6 
1 24 8 
1 26 7 
1 25 10 
0 
1 23 9 
1 24 11 
1 23 8 
0 
1 22 7 
1 19 11 
0 
0 
1 18 12 
0 
0 
0 
0 
0 
0 
0 
0 
0 
0 
0 
0 
0 
0 
0 
0 
0 
0 
0 
0 
0 
0 
0 
0 
0 
0 
0 
0 
0 
0 
0 
0 
0 
0 
0 
0 
1 11 19 
0 
1 9 18 
0 
1 8 19 
1 13 20 
1 11 21 
1 12 22 
1 15 21 
2 13 22 13 23 
1 14 23 
0 
0 
0 
0 
1 17 26 
0 
1 14 25 
0 
0 
1 16 28 
0 
3 17 27 18 27 14 27 
1 15 29 
1 13 28 
1 14 30 
1 12 29 
0 
2 12 30 11 30 
2 16 31 9 31 
0 
0 
1 17 30 
0 
1 18 29 
0 
1 20 28 
0 
0 
0 
0 
0 
0 
0 
0 
0 
0 
0 
0 
0 
0 
0 
0 
0 
0 
0 
0 
0 
0 
0 
0 
0 
0 
0 
0 
0 
0 
0 
0 
0 
0 
0 
0 
0 
0 
0 
0 
0 
0 
0 
0 
0 
0 
0 
0 
0 
0 
0 
0 
0 
0 
0 
0 
0 
0 
0 
0 
0 
0 
0 
0 
0 
0 
0 
0 
0 
0 
0 
0 
0 
0 
0 
0 
1 25 22 
0 
0 
0 
0 
0 
0 
0 
0 
0 
0 
0 
0 
0 
0 
0 
0 
0 
0 
0 
0 
0 
0 
0 
0 
0 
0 
0 
0 
0 
1 31 5 
0 
0 
0 
1 30 4 
0 
1 29 2 
0 
0 
1 30 0 
1 31 1 
0 
0 
1 28 1 
0 
0 
0 
1 27 3 
0 
0 
0 
0 
0 
0 
0 
0 
0 
0 
0 
0 
0 
0 
0 
0 
0 
0 
0 
0 
0 
0 
0 
0 
0 
0 
0 
0 
0 
0 
0 
0 
0 
1 20 2 
0 
0 
0 
0 
0 
1 14 1 
0 
1 13 2 
0 
1 12 3 
0 
1 10 4 
0 
1 11 2 
1 9 5 
0 
1 8 3 
0 
1 9 1 
1 7 4 
1 8 6 
1 6 5 
0 
2 6 4 5 6 
0 
1 4 7 
1 5 9 
1 3 8 
0 
0 
0 
0 
0 
0 
0 
0 
0 
0 
0 
1 6 2 
0 
0 
1 5 3 
0 
0 
0 
1 5 1 
0 
3 5 2 11 0 3 0 
0 
1 4 2 
2 2 2 2 0 
1 3 4 
0 
1 1 3 
1 2 5 
0 
0 
0 
1 4 6 
0 
0 
1 3 7 
1 1 6 
1 2 8 
0 
1 1 9 
2 0 11 0 1 
0 
0 
1 2 10 
1 1 13 
0 
0 
0 
0 
0 
0 
0 
0 
0 
0 
0 
0 
0 
0 
0 
0 
0 
0 
0 
0 
0 
0 
0 
0 
0 
0 
0 
0 
0 
0 
0 
0 
0 
0 
0 
0 
0 
0 
0 
0 
0 
0 
0 
0 
0 
0 
0 
0 
0 
0 
0 
0 
0 
0 
0 
0 
0 
0 
0 
0 
0 
0 
0 
0 
0 
0 
0 
0 
0 
0 
0 
0 
0 
0 
0 
0 
0 
0 
0 
0 
0 
0 
0 
0 
0 
0 
0 
0 
0 
0 
0 
0 
0 
0 
0 
0 
0 
0 
0 
0 
0 
0 
0 
0 
0 
0 
1 31 26 
0 
0 
1 30 25 
0 
1 29 24 
0 
1 28 23 
0 
0 
0 
0 
0 
0 
0 
0 
0 
0 
0 
0 
0 
0 
0 
0 
0 
0 
0 
0 
0 
0 
0 
0 
0 
0 
0 
0 
0 
0 
0 
0 
0 
0 
0 
0 
0 
0 
0 
0 
0 
0 
0 
0 
0 
0 
0 
0 
0 
0 
0 
0 
0 
0 
0 
0 
0 
0 
0 
0 
0 
0 
0 
0 
0 
0 
0 
0 
0 
0 
0 
0 
0 
0 
0 
0 
0 
0 
0 
0 
0 
0 
0 
0 
0 
0 
0 
0 
0 
0 
0 
0 
0 
0 
0 
0 
0 
0 
0 
0 
0 
0 
0 
1 1 5 
0 
0 
0 
0 
0 
0 
0 
0 
0 
0 
0 
0 
0 
0 
0 
0 
0 
0 
0 
0 
0 
0 
0 
0 
0 
0 
0 
1 12 2 
0 
0 
0 
0 
0 
0 
0 
0 
0 
0 
0 
0 
0 
0 
0 
0 
0 
0 
0 
0 
0 
0 
0 
0 
0 
0 
0 
0 
0 
0 
0 
0 
0 
0 
0 
0 
0 
0 
0 
0 
0 
0 
0 
0 
0 
0 
0 
0 
0 
0 
0 
0 
0 
0 
0 
0 
0 
0 
0 
0 
0 
0 
0 
0 
0 
0 
0 
0 
0 
0 
0 
0 
0 
1 5 24 
0 
0 
0 
0 
0 
0 
0 
0 
0 
0 
0 
0 
0 
0 
0 
0 
0 
0 
0 
0 
0 
0 
0 
0 
0 
0 
0 
0 
0 
0 
0 
0 
0 
0 
0 
0 
0 
0 
0 
0 
0 
0 
0 
0 
0 
0 
0 
0 
0 
0 
0 
0 
0 
0 
0 
0 
0 
0 
0 
0 
0 
0 
0 
0 
0 
0 
0 
0 
0 
0 
0 
0 
0 
0 
0 
0 
0 
0 
0 
0 
0 
0 
0 
0 
0 
0 
0 
0 
0 
0 
0 
0 
0 
0 
0 
0 
0 
0 
0 
0 
0 
0 
0 
0 
0 
0 
0 
0 
0 
0 
0 
0 
0 
0 
0 
0 
0 
0 
0 
1 27 22 
0 
1 26 20 
0 
2 28 21 24 21 
1 27 19 
1 29 20 
3 28 18 29 18 27 18 
1 30 19 
0 
0 
0 
0 
0 
0 
1 25 19 
1 23 20 
0 
1 22 19 
0 
0 
0 
0 
1 31 16 
0 
0 
1 29 13 
0 
0 
0 
0 
0 
0 
1 30 22 
0 
0 
0 
0 
0 
0 
0 
0 
0 
0 
0 
0 
0 
0 
0 
0 
0 
0 
0 
0 
0 
0 
0 
0 
0 
0 
0 
0 
0 
0 
0 
0 
0 
0 
0 
0 
0 
0 
0 
0 
0 
0 
0 
0 
0 
0 
0 
0 
0 
0 
1 23 31 
0 
0 
0 
0 
0 
0 
0 
0 
0 
0 
0 
0 
0 
0 
0 
0 
0 
0 
0 
0 
0 
0 
0 
0 
0 
0 
0 
0 
0 
0 
0 
0 
0 
0 
0 
0 
0 
0 
0 
0 
0 
0 
0 
