2 1 10 2 10 
1 3 11 
0 
1 2 13 
1 4 12 
1 3 15 
0 
1 5 14 
0 
0 
1 2 16 
1 1 18 
0 
0 
1 4 17 
1 2 19 
0 
0 
0 
0 
1 6 19 
0 
1 5 17 
1 7 18 
1 6 13 
0 
0 
1 5 16 
0 
0 
1 9 14 
0 
2 9 12 7 12 
1 11 13 
0 
1 10 11 
1 12 12 
1 11 10 
0 
1 12 9 
1 14 10 
1 13 8 
1 15 9 
1 14 7 
1 16 8 
1 15 6 
1 17 7 
1 16 5 
1 18 6 
1 17 3 
1 19 5 
1 14 4 
0 
1 15 2 
1 12 3 
0 
2 13 5 13 1 
0 
0 
0 
0 
0 
0 
0 
0 
0 
0 
0 
0 
0 
0 
0 
0 
0 
0 
0 
0 
0 
0 
0 
0 
0 
0 
0 
0 
0 
1 9 17 
1 11 16 
1 10 19 
0 
1 13 18 
0 
1 12 16 
1 17 17 
1 13 15 
2 14 19 14 13 
0 
0 
0 
1 13 12 
0 
0 
0 
0 
0 
0 
0 
0 
0 
0 
0 
0 
0 
0 
0 
0 
0 
0 
0 
0 
0 
0 
0 
0 
0 
0 
0 
0 
0 
0 
0 
0 
0 
0 
0 
0 
0 
0 
0 
0 
0 
0 
0 
0 
1 12 6 
2 11 3 9 5 
0 
1 10 3 
0 
1 9 2 
1 7 3 
1 8 0 
2 7 2 6 2 
1 11 1 
0 
2 6 0 2 1 
1 1 2 
0 
0 
0 
0 
0 
0 
0 
0 
0 
0 
0 
0 
0 
0 
0 
0 
0 
0 
0 
0 
0 
0 
0 
0 
0 
0 
0 
0 
0 
0 
0 
0 
0 
0 
0 
0 
0 
0 
0 
0 
0 
0 
0 
0 
0 
0 
0 
0 
1 16 19 
1 18 16 
1 17 14 
2 18 17 19 15 
0 
0 
0 
0 
0 
0 
0 
0 
0 
0 
0 
0 
0 
0 
1 15 12 
0 
1 16 11 
1 18 12 
0 
0 
1 18 9 
1 19 6 
0 
0 
1 17 8 
0 
0 
0 
0 
0 
0 
0 
0 
0 
0 
0 
0 
0 
0 
0 
0 
0 
0 
0 
0 
0 
0 
0 
0 
0 
0 
0 
0 
0 
0 
0 
0 
0 
0 
0 
0 
0 
0 
0 
0 
0 
0 
0 
0 
0 
0 
0 
0 
0 
0 
0 
0 
0 
0 
0 
0 
0 
0 
0 
0 
0 
0 
0 
0 
1 5 3 
1 3 2 
1 4 4 
0 
2 3 4 3 5 
2 2 2 2 5 
1 1 6 
0 
0 
0 
0 
1 0 8 
0 
1 3 7 
0 
0 
2 3 8 4 8 
1 1 9 
1 3 10 
0 
1 5 8 
0 
0 
0 
0 
0 
0 
0 
0 
0 
0 
0 
0 
0 
0 
0 
0 
0 
0 
0 
0 
0 
0 
0 
0 
0 
0 
0 
0 
0 
0 
0 
0 
0 
0 
0 
0 
0 
0 
0 
0 
0 
0 
0 
0 
0 
0 
0 
0 
0 
0 
0 
0 
0 
0 
0 
0 
0 
0 
0 
0 
0 
0 
0 
0 
0 
0 
0 
0 
0 
0 
0 
0 
0 
0 
0 
0 
0 
0 
0 
0 
0 
0 
0 
0 
0 
0 
0 
0 
0 
0 
0 
0 
0 
0 
0 
0 
0 
0 
0 
0 
0 
0 
0 
0 
0 
0 
0 
0 
0 
0 
0 
0 
0 
0 
0 
0 
0 
0 
0 
0 
0 
0 
0 
0 
1 3 0 
0 
0 
0 
0 
0 
0 
0 
0 
0 
0 
