3 2 13 0 15 0 11 
1 1 11 
0 
1 2 10 
1 5 11 
0 
1 4 14 
0 
1 6 13 
0 
0 
1 3 15 
0 
1 2 17 
0 
0 
1 1 17 
0 
0 
0 
0 
1 8 14 
1 7 12 
1 9 13 
0 
1 10 12 
1 9 9 
0 
1 11 10 
1 10 8 
1 12 9 
1 11 7 
0 
1 12 5 
0 
2 13 6 10 6 
1 11 4 
1 9 5 
1 10 3 
1 8 4 
1 9 1 
1 8 3 
1 11 2 
0 
0 
1 14 0 
0 
0 
1 13 2 
1 15 1 
1 14 4 
0 
3 15 3 16 3 11 3 
0 
2 12 4 19 5 
2 15 5 18 6 
0 
1 16 6 
1 15 8 
1 17 7 
1 16 9 
1 19 8 
2 17 9 17 10 
1 18 10 
0 
2 19 10 19 11 
1 20 11 
1 23 10 
0 
2 22 9 22 12 
1 24 11 
1 23 13 
1 25 12 
1 24 14 
0 
1 25 16 
0 
1 23 15 
0 
1 23 16 
0 
1 25 20 
0 
1 22 19 
2 24 20 24 21 
2 23 18 23 21 
1 21 20 
1 22 22 
1 20 21 
1 21 23 
1 19 22 
1 20 24 
1 18 23 
0 
2 18 24 17 24 
1 14 25 
0 
0 
0 
0 
0 
1 14 22 
1 12 23 
1 13 21 
1 11 22 
1 12 20 
1 10 21 
1 11 19 
1 9 20 
1 10 18 
1 8 19 
1 9 17 
0 
0 
1 6 17 
1 11 16 
0 
0 
1 12 17 
0 
1 13 18 
0 
1 15 19 
0 
2 14 20 14 17 
0 
1 15 16 
1 17 17 
1 16 15 
1 18 16 
1 17 14 
1 19 15 
1 18 13 
1 21 14 
0 
1 20 17 
0 
1 21 16 
0 
0 
1 18 20 
1 17 18 
1 21 19 
1 19 21 
1 20 20 
0 
0 
1 22 17 
0 
0 
0 
0 
0 
0 
0 
0 
0 
0 
0 
0 
0 
0 
0 
0 
0 
1 13 13 
1 16 14 
1 15 15 
1 14 11 
0 
1 13 9 
1 12 14 
0 
0 
0 
0 
0 
0 
0 
0 
0 
0 
0 
0 
0 
0 
0 
0 
0 
0 
0 
0 
0 
0 
0 
0 
0 
0 
0 
0 
0 
0 
0 
0 
0 
0 
0 
0 
0 
0 
0 
0 
0 
0 
0 
0 
0 
0 
0 
0 
0 
0 
0 
0 
0 
1 16 23 
0 
0 
0 
0 
0 
0 
0 
0 
0 
0 
0 
0 
0 
0 
0 
0 
0 
0 
0 
0 
0 
0 
0 
0 
0 
0 
0 
0 
0 
0 
0 
0 
0 
1 21 8 
1 23 7 
0 
1 22 5 
1 25 6 
0 
0 
0 
0 
0 
0 
0 
0 
0 
0 
0 
0 
0 
0 
0 
0 
0 
0 
0 
0 
0 
0 
0 
0 
0 
0 
0 
0 
0 
0 
0 
0 
0 
0 
0 
0 
0 
0 
1 13 25 
0 
0 
0 
0 
0 
0 
0 
0 
0 
0 
0 
0 
0 
1 7 20 
0 
1 6 21 
1 3 20 
0 
0 
0 
1 5 18 
0 
1 2 20 
0 
0 
2 0 22 0 16 
0 
1 2 21 
1 1 23 
1 4 22 
2 2 23 2 24 
2 3 21 3 24 
1 6 23 
0 
1 5 24 
1 8 22 
0 
1 7 23 
0 
1 8 20 
0 
0 
1 10 25 
0 
2 12 24 8 24 
0 
0 
0 
1 7 24 
0 
0 
0 
0 
0 
0 
0 
0 
0 
0 
0 
0 
0 
0 
0 
0 
0 
0 
0 
0 
0 
0 
0 
0 
0 
0 
0 
0 
0 
0 
0 
0 
0 
0 
0 
0 
0 
0 
0 
0 
0 
0 
0 
0 
0 
0 
0 
0 
0 
0 
0 
0 
0 
0 
0 
0 
0 
0 
0 
0 
0 
0 
0 
0 
0 
0 
0 
0 
0 
1 16 11 
0 
0 
0 
0 
0 
0 
0 
0 
0 
0 
0 
0 
0 
0 
0 
0 
0 
0 
0 
0 
0 
0 
0 
0 
0 
0 
0 
0 
0 
0 
0 
0 
0 
0 
0 
0 
0 
0 
0 
0 
0 
0 
0 
0 
0 
0 
0 
0 
0 
0 
0 
0 
0 
0 
0 
0 
0 
0 
0 
0 
0 
0 
0 
0 
0 
0 
0 
0 
0 
0 
0 
0 
0 
0 
0 
0 
0 
0 
0 
0 
0 
0 
0 
0 
0 
0 
0 
0 
0 
0 
0 
0 
0 
0 
0 
0 
0 
0 
0 
0 
0 
0 
0 
0 
0 
0 
0 
0 
0 
0 
0 
0 
1 5 1 
1 7 2 
2 6 0 6 3 
0 
0 
1 3 3 
1 4 5 
1 2 4 
1 3 7 
0 
2 4 6 1 6 
1 2 8 
0 
1 1 8 
1 0 4 
0 
0 
1 1 2 
0 
0 
0 
0 
0 
0 
0 
0 
1 6 8 
0 
0 
0 
0 
0 
0 
0 
0 
0 
0 
0 
0 
0 
0 
0 
0 
0 
0 
0 
0 
0 
0 
0 
0 
0 
0 
0 
0 
1 15 0 
0 
0 
0 
0 
0 
0 
0 
0 
0 
0 
0 
0 
0 
0 
0 
0 
0 
0 
0 
0 
0 
0 
0 
0 
0 
0 
0 
0 
0 
0 
0 
0 
0 
0 
0 
0 
0 
0 
0 
1 21 24 
0 
0 
0 
0 
0 
0 
0 
0 
0 
0 
0 
1 14 21 
0 
0 
0 
0 
0 
0 
0 
0 
0 
0 
0 
0 
0 
0 
0 
0 
0 
0 
0 
0 
0 
0 
0 
0 
0 
0 
0 
0 
0 
0 
0 
0 
0 
0 
0 
0 
0 
0 
0 
0 
1 16 22 
0 
0 
0 
0 
0 
0 
0 
0 
0 
0 
0 
0 
0 
0 
0 
0 
0 
0 
0 
0 
0 
0 
0 
0 
0 
0 
0 
0 
0 
0 
0 
0 
0 
0 
0 
0 
0 
0 
0 
0 
0 
0 
0 
0 
0 
0 
0 
0 
0 
0 
0 
0 
0 
0 
0 
0 
0 
0 
0 
0 
0 
0 
0 
0 
0 
0 
0 
0 
0 
0 
0 
0 
0 
0 
0 
0 
0 
0 
0 
0 
0 
0 
0 
1 23 3 
0 
0 
0 
0 
0 
0 
0 
0 
0 
0 
0 
0 
0 
0 
0 
0 
0 
0 
0 
0 
0 
0 
0 
0 
0 
0 
0 
0 
0 
0 
0 
0 
0 
0 
0 
0 
0 
0 
0 
0 
0 
0 
0 
1 22 24 
0 
1 24 23 
0 
1 25 21 
0 
0 
0 
0 
0 
0 
0 
0 
0 
0 
0 
0 
0 
0 
0 
0 
0 
0 
0 
0 
0 
0 
0 
0 
0 
0 
0 
0 
0 
0 
0 
0 
0 
0 
0 
0 
0 
0 
0 
0 
0 
0 
0 
0 
0 
0 
0 
0 
0 
0 
0 
0 
0 
0 
0 
0 
0 
0 
0 
0 
0 
0 
0 
0 
0 
0 
0 
0 
0 
0 
0 
0 
0 
0 
0 
0 
0 
0 
0 
0 
0 
0 
0 
0 
0 
2 5 9 5 6 
0 
1 6 4 
2 7 6 9 6 
1 5 5 
1 7 4 
1 8 9 
0 
1 10 7 
1 9 8 
1 7 10 
0 
1 6 12 
0 
0 
0 
0 
0 
0 
0 
0 
0 
0 
0 
0 
0 
0 
0 
0 
0 
0 
0 
0 
0 
0 
0 
0 
0 
0 
0 
0 
0 
0 
0 
0 
0 
0 
0 
0 
0 
0 
0 
0 
0 
0 
0 
0 
0 
0 
0 
0 
0 
0 
0 
0 
0 
0 
0 
0 
0 
0 
0 
0 
0 
0 
0 
0 
0 
0 
0 
0 
0 
0 
0 
0 
0 
0 
0 
0 
0 
0 
0 
0 
0 
0 
0 
0 
0 
0 
0 
0 
0 
0 
0 
0 
0 
0 
0 
0 
0 
0 
0 
0 
0 
0 
0 
0 
0 
0 
0 
0 
0 
0 
0 
0 
0 
0 
0 
0 
0 
0 
0 
0 
0 
0 
0 
0 
0 
0 
0 
0 
0 
0 
0 
0 
0 
0 
0 
0 
0 
0 
0 
0 
0 
0 
0 
0 
0 
0 
0 
0 
0 
0 
0 
0 
0 
0 
0 
0 
0 
0 
0 
0 
0 
0 
0 
0 
0 
0 
0 
0 
0 
0 
0 
0 
0 
0 
0 
0 
0 
0 
0 
0 
0 
0 
0 
0 
0 
0 
0 
0 
0 
0 
0 
0 
0 
0 
0 
0 
0 
0 
0 
0 
0 
0 
0 
0 
0 
0 
0 
