2 2 17 0 19 
2 1 19 1 15 
0 
0 
1 4 16 
1 2 14 
1 3 14 
0 
0 
1 5 15 
1 4 13 
1 7 14 
1 5 12 
0 
0 
0 
3 7 11 5 11 8 13 
0 
1 9 12 
1 8 10 
1 11 11 
0 
2 10 13 10 9 
1 12 12 
1 11 14 
1 13 13 
1 12 15 
1 14 14 
1 13 16 
1 15 15 
1 14 17 
1 16 16 
1 15 18 
0 
0 
0 
0 
0 
0 
0 
0 
0 
0 
0 
0 
1 12 10 
1 11 8 
1 13 9 
1 12 7 
1 14 8 
1 13 6 
1 15 7 
1 14 5 
1 16 6 
1 15 4 
1 17 5 
1 16 2 
0 
2 17 3 13 3 
2 15 1 14 1 
0 
1 12 2 
0 
0 
2 18 0 10 0 
0 
0 
0 
0 
0 
1 19 2 
1 18 4 
3 20 3 21 8 20 9 
1 19 5 
1 22 4 
0 
2 21 5 21 2 
1 23 3 
1 22 1 
1 25 2 
0 
1 24 3 
2 25 3 26 1 
0 
2 28 0 19 0 
0 
1 27 2 
1 29 1 
1 28 3 
1 30 2 
1 29 4 
1 31 3 
1 30 5 
1 32 4 
1 31 6 
1 33 5 
0 
0 
1 33 9 
0 
1 31 8 
1 32 10 
1 30 9 
1 31 11 
1 29 10 
0 
1 28 11 
1 29 13 
1 27 12 
3 28 14 29 14 26 14 
0 
1 27 16 
0 
2 29 15 25 15 
1 26 17 
1 24 16 
1 25 18 
1 23 17 
0 
1 22 18 
1 23 20 
0 
1 22 21 
1 20 20 
0 
0 
0 
0 
0 
0 
0 
0 
0 
0 
0 
0 
1 28 17 
1 30 16 
1 29 18 
1 31 17 
1 30 19 
1 32 18 
1 31 20 
1 33 19 
1 32 21 
0 
1 33 23 
0 
0 
1 32 24 
1 30 23 
1 31 25 
1 29 24 
1 30 26 
1 28 25 
1 29 27 
1 27 26 
1 28 28 
1 26 27 
1 27 30 
0 
1 29 29 
1 26 31 
1 24 30 
1 25 32 
1 23 31 
0 
0 
2 26 33 22 33 
0 
1 20 34 
0 
1 21 32 
1 18 33 
1 20 31 
1 19 31 
1 17 32 
1 18 29 
0 
1 20 30 
1 19 28 
0 
1 20 27 
1 22 28 
1 21 26 
1 24 27 
0 
2 23 30 23 24 
1 25 26 
1 20 25 
0 
1 21 23 
0 
0 
1 24 23 
1 26 24 
1 25 22 
1 27 23 
1 26 21 
1 28 22 
1 27 17 
0 
0 
0 
0 
1 25 21 
0 
1 24 22 
0 
0 
0 
0 
0 
0 
0 
0 
0 
0 
0 
0 
0 
0 
0 
0 
0 
0 
0 
0 
1 19 24 
1 20 21 
0 
1 18 22 
0 
0 
0 
0 
1 19 20 
1 17 21 
1 18 19 
1 16 20 
1 17 17 
1 14 19 
0 
1 15 21 
1 13 20 
1 14 22 
1 12 21 
0 
1 10 22 
0 
1 11 20 
2 10 23 9 21 
1 10 19 
0 
3 9 18 10 18 8 18 
1 6 19 
0 
2 7 21 7 16 
0 
0 
1 4 18 
0 
2 5 20 5 16 
1 2 19 
1 4 22 
1 3 21 
0 
0 
0 
0 
1 6 23 
1 8 22 
3 7 24 8 24 6 24 
0 
0 
1 9 25 
1 11 24 
1 10 26 
1 12 25 
2 11 27 12 27 
1 14 26 
0 
2 13 24 14 24 
1 15 27 
1 14 29 
1 17 28 
1 15 30 
2 16 32 16 25 
0 
0 
1 14 31 
0 
1 13 32 
1 14 34 
1 12 33 
0 
1 10 34 
0 
1 11 32 
1 8 33 
1 10 31 
1 9 31 
1 6 32 
0 
2 7 34 7 30 
2 6 33 5 31 
1 6 29 
1 4 30 
1 5 28 
1 3 29 
1 4 27 
1 1 28 
0 
4 2 26 3 26 1 26 2 30 
1 0 29 
1 1 32 
0 
0 
0 
0 
0 
0 
0 
0 
0 
0 
0 
0 
0 
0 
0 
0 
0 
0 
0 
0 
0 
0 
0 
0 
0 
0 
0 
0 
0 
0 
0 
0 
0 
0 
0 
0 
0 
0 
0 
0 
0 
0 
0 
0 
0 
0 
0 
0 
0 
0 
0 
0 
0 
0 
0 
0 
0 
0 
0 
0 
0 
0 
0 
0 
0 
0 
0 
0 
0 
0 
0 
0 
0 
0 
0 
0 
1 19 18 
1 18 16 
1 20 17 
1 19 15 
1 21 16 
1 20 14 
1 24 15 
1 21 14 
0 
2 23 13 23 9 
0 
1 24 11 
0 
2 21 12 26 12 
0 
1 22 13 
0 
0 
2 22 10 25 10 
0 
0 
0 
0 
1 27 11 
1 26 9 
1 28 10 
1 27 8 
1 29 9 
1 28 7 
1 30 8 
0 
1 30 7 
1 30 6 
0 
1 28 4 
0 
1 25 6 
1 26 8 
1 23 7 
2 25 8 25 9 
1 24 9 
0 
0 
0 
0 
