3 2 13 0 15 0 11 
2 1 15 1 11 
1 3 12 
0 
1 4 11 
1 3 9 
1 5 10 
1 4 7 
0 
2 6 8 2 8 
1 5 6 
1 7 7 
1 6 5 
1 8 6 
0 
1 9 5 
2 8 3 7 3 
1 10 4 
0 
0 
0 
0 
0 
0 
0 
0 
0 
0 
1 3 6 
1 0 7 
0 
2 1 10 1 5 
0 
1 0 3 
0 
0 
1 1 2 
1 3 3 
1 2 1 
1 4 2 
0 
1 5 1 
0 
2 7 0 0 0 
0 
1 6 4 
0 
0 
2 10 2 5 2 
0 
0 
0 
0 
1 11 3 
1 13 2 
1 12 4 
1 14 3 
1 13 5 
1 15 4 
3 14 6 18 7 17 8 
1 16 5 
1 15 7 
1 17 6 
1 16 9 
1 17 7 
1 13 8 
0 
1 14 9 
1 11 7 
2 11 8 11 6 
1 12 8 
0 
0 
0 
1 10 7 
0 
1 9 8 
0 
1 8 9 
0 
1 7 10 
0 
1 6 12 
0 
0 
1 5 13 
0 
1 4 15 
0 
1 6 14 
1 5 16 
1 7 15 
3 6 17 7 17 5 17 
1 9 16 
0 
2 8 18 8 14 
0 
0 
1 10 17 
1 9 19 
0 
1 10 20 
1 12 19 
1 11 21 
1 13 20 
1 12 22 
1 14 21 
1 13 23 
1 15 22 
1 14 24 
0 
1 15 25 
1 17 24 
0 
1 18 25 
0 
2 20 26 13 26 
0 
1 19 24 
1 21 25 
1 20 23 
1 22 24 
1 21 22 
1 23 23 
1 22 21 
1 24 22 
1 23 20 
1 25 21 
1 24 19 
0 
1 25 18 
2 26 16 26 23 
0 
0 
1 24 17 
1 25 15 
1 23 16 
0 
1 22 15 
1 23 13 
1 21 14 
1 22 12 
1 20 13 
2 21 11 19 8 
2 19 12 18 10 
0 
1 17 11 
1 19 9 
1 18 13 
0 
0 
1 22 10 
1 21 8 
1 23 9 
1 22 7 
1 24 8 
1 23 6 
1 25 7 
1 24 5 
0 
1 25 4 
1 26 2 
0 
0 
1 24 3 
1 25 1 
0 
0 
1 21 1 
0 
1 22 3 
1 20 0 
0 
1 20 2 
1 21 4 
0 
0 
0 
2 18 5 18 1 
0 
0 
0 
0 
0 
0 
0 
0 
0 
0 
1 16 2 
0 
1 15 1 
0 
0 
0 
0 
0 
1 21 5 
0 
0 
0 
0 
0 
0 
0 
0 
0 
0 
0 
0 
0 
0 
0 
0 
0 
0 
0 
0 
0 
0 
0 
0 
0 
0 
0 
0 
0 
0 
0 
0 
0 
0 
0 
0 
0 
0 
0 
0 
0 
0 
0 
0 
0 
0 
0 
0 
0 
0 
0 
0 
0 
0 
0 
0 
0 
0 
0 
0 
0 
0 
1 13 24 
0 
1 11 25 
0 
1 12 23 
1 10 24 
1 11 22 
1 9 23 
1 10 21 
1 8 22 
1 9 20 
1 7 21 
1 8 19 
1 6 20 
1 7 18 
1 5 19 
0 
0 
0 
0 
0 
0 
0 
0 
0 
1 10 25 
0 
0 
0 
1 8 26 
0 
0 
1 9 24 
1 7 25 
1 8 23 
1 6 24 
1 7 22 
1 5 23 
1 6 21 
1 4 22 
1 5 20 
1 3 21 
1 4 19 
1 2 20 
1 3 18 
1 1 19 
1 2 17 
0 
0 
1 0 16 
0 
0 
0 
0 
0 
0 
0 
0 
0 
0 
0 
0 
0 
0 
0 
0 
0 
0 
0 
0 
0 
0 
0 
0 
0 
0 
0 
0 
0 
0 
0 
0 
0 
0 
0 
0 
0 
0 
0 
0 
0 
0 
0 
0 
0 
0 
0 
0 
0 
0 
0 
0 
0 
0 
0 
0 
0 
0 
0 
0 
0 
0 
0 
0 
0 
0 
1 17 14 
1 14 13 
0 
2 15 12 15 15 
1 13 14 
1 14 16 
1 12 15 
1 13 17 
1 10 16 
0 
0 
1 15 18 
0 
1 14 20 
1 16 17 
0 
1 17 16 
0 
1 18 15 
0 
0 
0 
0 
0 
1 16 19 
1 15 21 
1 17 20 
1 16 22 
1 18 21 
0 
1 20 22 
1 18 24 
1 19 20 
1 21 21 
1 20 19 
1 22 20 
1 21 18 
1 23 19 
1 22 16 
1 24 18 
1 20 17 
0 
0 
0 
0 
0 
0 
0 
0 
0 
0 
0 
0 
0 
0 
0 
0 
0 
0 
0 
0 
0 
0 
0 
0 
0 
0 
0 
0 
0 
0 
0 
0 
0 
0 
0 
0 
0 
0 
0 
0 
0 
0 
0 
0 
0 
0 
0 
0 
0 
0 
0 
0 
0 
0 
0 
0 
0 
0 
1 21 26 
0 
0 
0 
0 
0 
0 
0 
0 
0 
0 
0 
0 
0 
0 
0 
0 
0 
0 
0 
0 
0 
0 
0 
0 
0 
0 
0 
0 
0 
0 
0 
0 
0 
0 
0 
0 
1 2 24 
0 
1 0 23 
1 1 25 
0 
0 
0 
0 
0 
0 
0 
0 
0 
0 
0 
0 
0 
0 
0 
0 
0 
0 
0 
0 
0 
0 
0 
0 
0 
0 
0 
0 
0 
0 
0 
0 
0 
0 
0 
0 
0 
0 
0 
0 
0 
0 
0 
0 
0 
0 
0 
0 
0 
0 
0 
0 
0 
0 
0 
0 
0 
0 
0 
0 
0 
0 
0 
0 
0 
0 
0 
1 23 24 
0 
0 
0 
0 
0 
0 
0 
0 
0 
0 
0 
0 
0 
0 
0 
0 
0 
0 
0 
1 7 26 
0 
0 
0 
0 
0 
0 
0 
0 
0 
0 
0 
0 
0 
0 
0 
0 
0 
0 
0 
0 
0 
0 
0 
0 
0 
0 
0 
1 3 26 
0 
0 
1 4 25 
0 
0 
0 
0 
0 
0 
0 
0 
0 
0 
0 
0 
0 
0 
0 
0 
0 
0 
0 
0 
0 
0 
0 
0 
0 
1 4 16 
0 
0 
0 
0 
0 
0 
0 
0 
0 
0 
0 
0 
0 
0 
0 
0 
0 
0 
0 
0 
0 
0 
0 
0 
0 
0 
0 
0 
0 
0 
0 
0 
0 
0 
0 
0 
0 
0 
0 
0 
0 
0 
0 
0 
0 
0 
0 
0 
0 
0 
0 
0 
0 
0 
0 
0 
0 
0 
0 
0 
0 
0 
0 
0 
0 
0 
0 
0 
0 
0 
0 
0 
0 
0 
0 
0 
0 
0 
0 
0 
0 
0 
0 
0 
0 
0 
0 
0 
0 
0 
0 
0 
0 
0 
0 
0 
0 
0 
0 
0 
0 
0 
0 
1 0 2 
1 0 1 
0 
0 
0 
0 
0 
0 
0 
0 
0 
0 
0 
0 
0 
0 
0 
0 
0 
0 
0 
0 
0 
0 
0 
0 
0 
0 
1 13 9 
0 
0 
0 
0 
0 
0 
0 
0 
0 
1 9 9 
0 
0 
0 
0 
0 
0 
0 
0 
0 
0 
0 
0 
1 6 13 
0 
0 
0 
0 
0 
0 
0 
0 
0 
0 
0 
0 
0 
0 
0 
0 
0 
0 
0 
0 
0 
0 
0 
0 
0 
0 
0 
0 
0 
1 22 25 
0 
0 
0 
0 
0 
0 
0 
0 
0 
0 
0 
0 
0 
0 
0 
0 
0 
0 
0 
0 
0 
0 
0 
0 
0 
0 
0 
0 
0 
1 24 13 
0 
1 23 12 
0 
0 
0 
0 
0 
0 
0 
0 
0 
0 
0 
0 
0 
0 
0 
0 
0 
0 
0 
0 
0 
0 
0 
0 
0 
0 
0 
0 
0 
0 
0 
0 
0 
0 
0 
2 17 1 13 1 
0 
0 
0 
1 12 0 
0 
0 
0 
0 
0 
0 
0 
0 
0 
0 
0 
0 
0 
0 
0 
0 
0 
0 
0 
0 
0 
0 
0 
0 
0 
0 
0 
0 
0 
0 
0 
0 
1 25 10 
0 
1 24 12 
0 
1 22 11 
1 25 13 
0 
0 
0 
0 
0 
0 
0 
0 
0 
0 
0 
0 
1 23 5 
0 
0 
0 
0 
0 
0 
0 
0 
0 
0 
0 
0 
0 
0 
0 
0 
0 
0 
0 
0 
0 
1 11 14 
0 
1 10 13 
0 
1 9 11 
2 10 11 8 11 
1 12 12 
0 
0 
0 
0 
0 
0 
0 
0 
0 
0 
0 
0 
0 
0 
0 
0 
0 
0 
0 
0 
0 
0 
0 
0 
0 
0 
0 
0 
0 
0 
1 21 15 
0 
0 
0 
0 
0 
0 
0 
0 
0 
0 
0 
0 
0 
0 
0 
0 
0 
0 
0 
0 
0 
0 
0 
0 
0 
0 
0 
0 
0 
0 
1 11 11 
0 
1 12 14 
1 13 11 
0 
0 
2 15 11 16 11 
1 11 10 
0 
0 
0 
0 
0 
