3 1 16 0 14 0 18 
1 2 15 
1 1 13 
1 3 14 
1 2 12 
1 4 13 
2 3 12 3 11 
0 
0 
0 
0 
0 
0 
1 2 17 
1 1 19 
1 3 18 
1 2 20 
3 4 19 2 24 3 25 
1 3 21 
1 5 20 
1 4 22 
1 6 21 
1 5 24 
0 
2 4 23 7 23 
1 6 25 
1 8 24 
1 7 26 
1 9 25 
1 8 27 
1 10 26 
1 9 28 
1 11 27 
1 10 29 
1 12 28 
1 11 30 
1 13 29 
1 12 31 
2 13 28 14 30 
0 
1 16 31 
0 
1 15 29 
1 17 30 
1 16 28 
1 18 29 
1 17 27 
1 19 28 
1 18 26 
1 20 27 
1 19 24 
0 
2 21 25 17 25 
1 18 23 
1 16 24 
1 17 22 
1 15 23 
1 16 21 
1 14 22 
1 15 20 
1 13 21 
1 14 19 
1 12 20 
1 13 18 
0 
1 12 17 
1 10 18 
1 11 16 
1 9 17 
2 10 15 11 15 
1 8 16 
0 
0 
0 
0 
0 
0 
0 
0 
1 14 18 
0 
0 
0 
0 
0 
0 
0 
0 
0 
0 
0 
1 20 23 
1 22 24 
1 21 22 
1 23 23 
1 22 21 
1 24 22 
1 23 20 
1 25 21 
1 24 19 
1 26 20 
1 25 18 
1 28 19 
0 
2 27 21 27 17 
1 29 18 
1 28 16 
1 30 17 
0 
0 
0 
0 
0 
1 29 20 
1 28 22 
1 30 21 
1 29 23 
1 31 22 
1 30 24 
0 
1 31 25 
2 32 27 32 20 
0 
0 
1 31 19 
0 
0 
0 
0 
1 31 16 
0 
0 
0 
1 29 15 
1 31 13 
1 30 13 
1 28 14 
1 29 12 
1 27 13 
1 28 11 
2 27 14 26 12 
1 27 10 
1 25 11 
1 26 9 
1 24 10 
1 25 8 
1 23 9 
1 24 7 
1 22 8 
1 23 6 
1 21 7 
1 22 5 
1 20 6 
1 21 4 
1 19 5 
1 20 3 
1 18 4 
1 19 2 
1 17 3 
1 18 1 
1 16 2 
0 
0 
2 20 0 14 0 
0 
1 15 2 
1 13 1 
1 14 4 
0 
2 16 3 12 3 
1 13 5 
1 11 4 
1 12 6 
1 10 5 
0 
0 
0 
0 
0 
0 
0 
0 
1 15 5 
1 17 4 
1 16 6 
1 18 5 
1 17 7 
1 19 6 
1 18 8 
1 20 7 
1 19 9 
1 21 8 
1 20 10 
1 22 9 
0 
1 23 10 
1 22 12 
1 24 11 
1 23 13 
1 25 12 
1 24 14 
1 26 13 
1 25 15 
0 
1 26 17 
1 28 15 
0 
0 
0 
0 
2 23 19 23 14 
1 21 16 
1 22 14 
3 21 17 24 15 20 15 
1 21 12 
2 20 12 19 14 
0 
2 22 13 18 13 
1 19 10 
1 17 12 
1 18 9 
2 20 11 16 11 
0 
1 15 10 
0 
1 14 9 
1 15 7 
2 17 8 13 8 
1 14 5 
1 12 7 
0 
0 
0 
0 
0 
0 
0 
0 
0 
0 
0 
0 
0 
0 
0 
0 
0 
0 
0 
1 21 18 
1 22 20 
1 20 19 
0 
0 
1 19 21 
0 
0 
0 
1 18 20 
0 
1 17 18 
0 
1 15 19 
1 16 17 
0 
1 15 16 
1 13 17 
1 14 15 
1 12 16 
0 
0 
0 
0 
0 
0 
0 
0 
0 
1 19 17 
0 
0 
0 
1 18 16 
0 
1 17 15 
0 
1 15 14 
0 
1 16 12 
1 14 13 
1 15 11 
1 13 12 
1 14 10 
0 
1 13 9 
1 11 10 
1 12 8 
2 11 11 10 9 
0 
1 9 8 
0 
1 8 7 
1 9 4 
0 
1 7 5 
3 8 3 9 3 7 3 
1 5 4 
0 
1 6 6 
1 4 3 
1 5 1 
1 3 2 
0 
1 2 1 
0 
2 7 0 1 0 
0 
0 
0 
0 
0 
0 
0 
1 4 5 
1 5 7 
1 3 6 
1 4 8 
1 1 7 
1 3 9 
2 2 9 2 5 
1 0 6 
1 1 3 
0 
1 4 4 
0 
0 
0 
0 
0 
0 
0 
0 
0 
0 
0 
0 
0 
0 
0 
0 
0 
0 
0 
0 
0 
0 
0 
0 
0 
0 
0 
0 
0 
0 
0 
0 
0 
0 
0 
0 
0 
0 
0 
0 
0 
0 
0 
0 
0 
0 
0 
0 
0 
0 
0 
0 
0 
0 
0 
0 
0 
0 
0 
0 
0 
0 
0 
0 
0 
0 
0 
0 
0 
0 
0 
0 
0 
0 
0 
0 
0 
0 
0 
0 
0 
0 
0 
0 
0 
0 
0 
0 
0 
0 
0 
0 
0 
0 
0 
0 
1 22 1 
0 
1 21 3 
1 23 2 
1 22 4 
1 24 3 
1 23 5 
1 25 4 
1 24 6 
1 26 5 
1 25 7 
1 27 6 
1 26 8 
1 28 7 
1 27 9 
2 28 6 29 8 
1 28 10 
1 30 9 
1 29 11 
1 31 10 
1 30 12 
0 
1 32 13 
1 32 8 
0 
0 
1 31 7 
0 
1 30 5 
0 
0 
0 
0 
1 31 4 
1 32 2 
0 
0 
1 30 3 
1 31 0 
1 29 2 
1 30 0 
2 32 1 28 1 
0 
1 26 0 
0 
1 27 3 
2 25 3 25 1 
0 
1 28 2 
0 
0 
0 
0 
1 25 0 
0 
0 
0 
0 
0 
0 
0 
0 
0 
0 
0 
0 
0 
0 
0 
0 
0 
0 
0 
0 
0 
0 
0 
0 
0 
0 
0 
0 
0 
0 
0 
0 
0 
0 
0 
0 
0 
0 
0 
0 
0 
0 
0 
0 
0 
0 
0 
0 
0 
0 
0 
0 
0 
0 
0 
0 
0 
0 
0 
0 
0 
0 
0 
0 
0 
0 
0 
0 
0 
0 
0 
0 
0 
0 
0 
0 
0 
0 
0 
0 
0 
0 
0 
0 
0 
0 
0 
0 
0 
0 
0 
0 
0 
0 
0 
0 
0 
0 
0 
0 
0 
0 
0 
0 
0 
0 
0 
0 
0 
0 
0 
0 
0 
0 
0 
0 
0 
0 
0 
0 
0 
0 
0 
0 
0 
0 
0 
0 
0 
0 
0 
0 
0 
0 
0 
0 
0 
0 
0 
0 
0 
0 
0 
1 1 10 
1 0 13 
0 
0 
0 
0 
0 
1 5 10 
0 
1 4 12 
1 6 11 
0 
1 7 12 
1 6 14 
1 8 13 
1 7 16 
1 9 14 
1 5 15 
1 6 17 
1 4 16 
1 5 19 
0 
1 8 18 
1 6 20 
1 7 20 
1 10 19 
0 
1 9 22 
0 
0 
0 
1 7 21 
0 
0 
1 10 23 
0 
1 11 24 
0 
1 12 25 
0 
1 13 26 
0 
0 
0 
0 
0 
0 
0 
0 
0 
0 
0 
0 
0 
0 
0 
0 
0 
0 
0 
0 
0 
0 
0 
0 
0 
0 
0 
0 
0 
0 
0 
0 
0 
0 
0 
0 
0 
0 
0 
0 
0 
0 
0 
0 
0 
0 
0 
0 
0 
0 
0 
0 
0 
0 
0 
0 
0 
0 
0 
0 
0 
0 
0 
0 
0 
0 
0 
0 
0 
0 
0 
0 
0 
0 
0 
0 
0 
0 
0 
0 
0 
0 
0 
0 
0 
0 
0 
0 
0 
0 
0 
0 
0 
0 
0 
0 
0 
0 
0 
0 
0 
0 
0 
0 
0 
0 
0 
0 
0 
0 
0 
0 
0 
0 
0 
0 
0 
0 
0 
0 
0 
0 
0 
0 
0 
0 
0 
0 
0 
0 
0 
0 
0 
0 
0 
0 
0 
0 
0 
0 
0 
0 
0 
0 
0 
0 
0 
0 
0 
0 
0 
0 
0 
0 
0 
0 
0 
0 
0 
0 
0 
0 
0 
0 
0 
0 
0 
0 
0 
0 
0 
0 
1 29 26 
1 31 28 
1 30 28 
0 
0 
1 28 27 
1 29 29 
1 27 28 
1 28 30 
1 26 29 
1 27 31 
1 25 30 
0 
1 25 29 
2 29 32 23 32 
1 23 31 
1 24 29 
0 
1 22 30 
1 23 28 
1 21 29 
1 22 27 
0 
0 
0 
1 23 26 
0 
1 24 25 
0 
1 25 24 
0 
1 26 23 
0 
0 
0 
1 27 24 
0 
1 28 26 
0 
0 
0 
0 
0 
0 
0 
0 
0 
0 
0 
0 
0 
1 24 26 
0 
0 
0 
0 
0 
0 
1 20 30 
0 
0 
0 
0 
0 
0 
0 
0 
0 
0 
0 
0 
0 
0 
0 
0 
0 
0 
0 
0 
0 
0 
0 
0 
0 
0 
0 
0 
0 
0 
0 
0 
0 
0 
0 
0 
0 
0 
0 
0 
0 
0 
0 
0 
0 
0 
0 
0 
0 
0 
0 
0 
0 
0 
0 
0 
0 
0 
0 
0 
0 
0 
0 
0 
0 
0 
1 10 32 
0 
0 
1 9 31 
0 
1 8 30 
0 
1 7 29 
0 
2 6 28 2 26 
0 
1 5 27 
0 
1 4 26 
0 
0 
0 
0 
1 3 22 
1 1 23 
1 2 21 
0 
2 1 21 1 20 
1 0 27 
0 
1 1 24 
0 
0 
