2 2 16 0 18 
1 1 14 
1 4 17 
1 2 22 
1 3 19 
0 
0 
0 
0 
1 4 21 
1 3 23 
1 5 22 
1 4 24 
1 6 23 
1 5 25 
1 7 24 
3 6 26 7 26 5 26 
0 
0 
0 
0 
0 
0 
0 
0 
0 
1 1 24 
0 
0 
1 2 25 
0 
1 3 26 
0 
0 
0 
2 6 27 2 27 
0 
1 7 28 
0 
0 
0 
0 
0 
1 0 28 
1 2 30 
2 1 31 1 25 
0 
0 
0 
0 
0 
0 
0 
1 4 31 
0 
1 6 30 
0 
3 6 32 4 32 5 32 
1 9 31 
0 
0 
1 8 28 
1 10 30 
0 
2 11 29 7 29 
1 10 27 
1 12 28 
1 11 26 
1 13 27 
0 
0 
0 
0 
0 
0 
0 
0 
0 
1 12 32 
0 
0 
1 11 30 
1 13 31 
1 12 29 
0 
0 
1 15 29 
0 
1 16 28 
1 15 26 
1 17 27 
1 16 25 
1 18 26 
1 17 24 
0 
0 
1 20 24 
1 19 22 
1 21 23 
1 20 20 
1 22 22 
1 21 20 
2 23 21 19 21 
1 22 18 
0 
2 24 19 20 19 
1 23 17 
1 25 18 
0 
0 
0 
0 
1 21 17 
1 19 18 
1 20 16 
1 17 17 
0 
2 18 19 18 15 
2 16 18 16 16 
1 17 14 
1 15 15 
1 16 13 
0 
0 
0 
0 
0 
0 
0 
1 17 21 
0 
1 15 20 
1 16 22 
0 
0 
0 
0 
0 
0 
0 
1 15 23 
0 
1 14 24 
0 
1 11 25 
0 
0 
1 12 23 
1 10 24 
1 11 22 
1 9 23 
1 10 21 
1 8 22 
1 9 19 
0 
2 11 20 7 20 
1 10 18 
1 12 19 
0 
1 13 18 
0 
1 15 17 
1 13 15 
2 14 20 14 15 
0 
0 
0 
0 
0 
0 
0 
0 
1 8 18 
1 6 19 
1 7 16 
0 
2 10 17 5 17 
1 8 15 
1 9 15 
1 11 16 
1 10 14 
1 12 15 
1 11 12 
0 
2 13 13 9 13 
1 12 11 
1 14 12 
1 13 10 
1 15 11 
0 
1 16 10 
1 15 8 
2 17 9 19 4 
1 16 6 
2 17 8 18 8 
3 19 7 14 7 20 3 
0 
0 
0 
1 21 5 
0 
3 20 4 20 7 18 3 
1 22 6 
1 21 9 
0 
3 22 8 23 8 19 8 
1 20 11 
0 
2 21 10 22 10 
2 19 11 19 12 
2 18 9 18 12 
1 16 11 
0 
0 
1 19 13 
0 
1 20 14 
0 
1 22 15 
0 
2 21 16 21 13 
1 23 14 
1 22 12 
1 24 13 
1 23 10 
1 25 12 
2 24 10 25 10 
1 27 11 
0 
2 26 13 26 9 
1 28 12 
1 27 14 
1 29 13 
1 28 15 
1 30 14 
0 
0 
0 
0 
0 
0 
0 
1 29 10 
0 
1 28 8 
1 30 11 
0 
1 31 12 
0 
1 32 13 
1 31 15 
0 
1 32 17 
0 
1 29 16 
1 31 18 
1 30 18 
1 28 17 
1 29 20 
0 
1 26 19 
1 28 21 
2 27 21 27 15 
1 24 20 
1 26 22 
1 25 22 
0 
1 24 23 
0 
1 23 24 
0 
1 22 25 
0 
1 21 26 
0 
3 20 27 21 27 19 27 
0 
0 
0 
0 
0 
0 
0 
0 
0 
1 24 24 
0 
0 
0 
0 
0 
0 
0 
0 
0 
1 30 22 
0 
1 32 21 
0 
0 
1 31 23 
0 
0 
0 
0 
1 30 25 
1 31 27 
1 29 26 
3 30 28 31 28 29 28 
1 27 27 
0 
2 28 29 28 25 
1 26 28 
0 
0 
0 
1 25 26 
1 27 24 
0 
1 22 27 
0 
1 24 30 
1 23 30 
0 
1 21 29 
0 
0 
0 
0 
0 
0 
0 
0 
0 
0 
0 
0 
0 
0 
0 
0 
0 
0 
0 
0 
0 
0 
0 
0 
0 
0 
0 
0 
0 
0 
0 
0 
0 
0 
0 
0 
0 
0 
0 
0 
0 
0 
0 
0 
0 
0 
0 
0 
0 
0 
0 
0 
0 
0 
0 
0 
0 
0 
0 
0 
0 
0 
0 
0 
0 
0 
0 
0 
0 
0 
0 
0 
0 
0 
0 
0 
0 
0 
0 
0 
0 
0 
0 
0 
0 
1 15 5 
1 13 6 
1 14 4 
1 12 5 
0 
1 11 4 
1 12 1 
0 
2 13 2 10 2 
0 
2 10 1 9 1 
2 14 0 7 0 
0 
0 
1 8 2 
1 6 1 
1 7 3 
1 5 2 
1 6 4 
1 4 3 
1 5 6 
2 4 4 3 4 
2 6 5 3 5 
1 4 7 
1 2 6 
0 
1 1 7 
1 2 9 
0 
2 1 9 1 10 
2 0 12 0 3 
0 
0 
1 2 11 
0 
0 
1 7 13 
0 
1 3 14 
1 4 12 
0 
1 6 12 
1 9 14 
1 7 15 
1 8 13 
0 
0 
0 
0 
0 
0 
0 
0 
1 2 10 
1 6 9 
1 4 8 
1 5 11 
1 8 10 
0 
2 7 11 7 8 
1 9 9 
1 8 7 
1 11 8 
1 9 7 
1 10 6 
0 
0 
0 
0 
1 6 8 
0 
0 
0 
0 
0 
0 
0 
0 
0 
0 
0 
0 
0 
0 
0 
0 
0 
0 
0 
0 
0 
0 
0 
0 
0 
0 
0 
0 
0 
0 
0 
0 
1 9 2 
0 
0 
0 
0 
0 
1 15 1 
1 14 3 
1 16 2 
1 15 4 
0 
1 16 5 
1 17 0 
0 
0 
0 
