1 0 20 
1 2 19 
1 1 22 
1 3 20 
1 2 22 
2 4 21 0 21 
1 3 24 
0 
0 
1 4 25 
1 6 24 
1 5 26 
1 8 25 
0 
1 7 23 
0 
2 9 22 7 22 
1 11 23 
0 
1 10 25 
0 
0 
0 
1 11 26 
1 12 26 
0 
0 
0 
0 
1 14 25 
0 
1 15 26 
1 14 28 
0 
1 15 29 
0 
0 
0 
0 
0 
0 
0 
0 
0 
0 
0 
0 
0 
0 
0 
0 
1 9 26 
0 
0 
1 9 29 
1 10 29 
1 13 28 
0 
0 
0 
1 13 31 
0 
1 14 34 
0 
1 12 32 
1 17 33 
0 
1 16 31 
1 19 32 
0 
2 18 34 18 29 
1 20 31 
1 19 29 
0 
1 20 28 
1 22 29 
1 21 27 
1 23 28 
1 22 26 
2 23 29 25 27 
0 
0 
1 26 26 
1 25 24 
0 
0 
1 28 24 
1 27 22 
1 29 23 
1 28 21 
1 30 22 
1 29 20 
1 31 21 
1 30 19 
1 32 20 
1 31 18 
1 33 19 
1 32 17 
0 
0 
0 
0 
0 
0 
0 
0 
0 
0 
0 
0 
0 
0 
0 
0 
0 
0 
0 
0 
1 21 26 
0 
0 
0 
0 
0 
0 
0 
0 
0 
0 
0 
0 
0 
0 
0 
0 
0 
1 26 28 
0 
0 
1 27 30 
1 26 33 
0 
0 
0 
1 24 32 
1 25 34 
1 23 33 
0 
0 
2 27 35 21 35 
0 
0 
1 29 34 
0 
1 28 32 
1 30 33 
1 29 31 
1 31 32 
1 30 30 
1 34 31 
0 
1 32 33 
0 
0 
0 
0 
0 
0 
1 29 29 
0 
0 
1 30 27 
1 27 28 
1 29 24 
1 26 27 
2 32 26 27 26 
0 
1 31 24 
1 33 25 
0 
1 35 24 
1 33 20 
1 34 22 
0 
0 
0 
0 
0 
0 
0 
1 35 17 
0 
0 
0 
0 
0 
1 34 16 
0 
1 33 15 
1 31 16 
1 32 14 
1 30 15 
1 31 13 
1 29 14 
1 30 12 
1 28 13 
0 
1 27 12 
1 28 10 
1 26 11 
1 27 8 
0 
1 25 9 
1 26 6 
0 
2 28 7 24 7 
1 25 5 
1 23 6 
0 
1 22 5 
1 23 3 
0 
0 
0 
1 20 2 
0 
2 20 3 19 1 
0 
2 22 0 17 0 
1 17 1 
1 18 3 
0 
0 
1 19 5 
0 
1 18 4 
1 20 6 
0 
1 21 7 
0 
1 22 8 
0 
1 23 10 
0 
3 24 9 21 9 18 12 
1 19 13 
0 
0 
1 20 11 
0 
1 18 8 
1 19 6 
1 16 7 
0 
2 17 8 17 4 
0 
1 16 4 
2 18 5 14 5 
0 
1 13 4 
1 14 2 
1 12 3 
1 13 1 
0 
1 10 3 
1 11 5 
0 
1 9 4 
0 
0 
1 10 6 
2 9 3 8 5 
0 
1 6 6 
2 6 7 6 5 
2 7 8 7 3 
0 
0 
0 
1 4 4 
1 6 2 
1 5 0 
0 
1 4 7 
0 
0 
1 0 7 
1 1 8 
0 
0 
1 2 10 
0 
0 
1 0 14 
0 
0 
0 
1 2 13 
1 1 16 
1 3 14 
0 
1 4 15 
1 3 17 
1 5 16 
1 4 19 
2 5 15 7 17 
0 
2 6 19 6 15 
1 8 16 
1 7 14 
1 9 15 
0 
0 
0 
0 
0 
1 9 18 
1 7 21 
1 8 20 
0 
0 
1 10 19 
0 
0 
0 
0 
0 
1 13 19 
0 
0 
1 15 19 
1 17 20 
0 
2 18 19 18 15 
1 17 17 
1 19 18 
0 
0 
0 
0 
0 
0 
0 
0 
0 
0 
0 
0 
0 
0 
0 
0 
0 
0 
0 
0 
0 
0 
0 
0 
0 
0 
0 
0 
0 
0 
0 
0 
0 
0 
0 
0 
0 
0 
0 
0 
0 
0 
0 
0 
0 
0 
1 8 1 
0 
0 
1 9 0 
0 
0 
0 
0 
0 
0 
0 
0 
0 
0 
0 
0 
0 
0 
0 
0 
0 
0 
0 
0 
0 
0 
0 
0 
0 
0 
0 
0 
0 
0 
0 
0 
0 
0 
0 
0 
0 
0 
0 
0 
0 
0 
0 
0 
0 
0 
0 
0 
0 
0 
0 
0 
0 
0 
0 
0 
0 
0 
0 
0 
0 
0 
0 
0 
0 
0 
0 
0 
0 
0 
0 
0 
0 
0 
0 
0 
0 
0 
0 
0 
0 
0 
0 
0 
0 
0 
0 
0 
0 
0 
0 
0 
0 
0 
0 
0 
0 
0 
0 
0 
0 
0 
0 
0 
0 
0 
0 
0 
0 
0 
0 
0 
0 
0 
0 
0 
0 
0 
0 
0 
0 
0 
0 
0 
1 35 33 
1 30 34 
0 
0 
0 
0 
0 
0 
0 
0 
0 
0 
0 
0 
0 
0 
0 
0 
0 
0 
0 
0 
0 
0 
0 
0 
0 
0 
0 
0 
0 
0 
0 
0 
0 
0 
0 
0 
0 
0 
0 
0 
0 
0 
0 
0 
0 
0 
1 27 4 
1 29 6 
1 28 3 
1 26 5 
1 31 4 
0 
1 30 6 
1 32 5 
1 31 7 
1 33 6 
1 32 8 
0 
1 33 10 
1 34 5 
1 35 3 
0 
0 
0 
0 
0 
0 
0 
0 
1 33 5 
0 
0 
0 
0 
0 
0 
0 
0 
0 
0 
0 
0 
0 
0 
0 
0 
0 
0 
0 
1 23 1 
0 
0 
0 
0 
0 
0 
0 
0 
0 
0 
0 
0 
0 
0 
0 
0 
0 
0 
0 
0 
0 
0 
0 
0 
0 
0 
0 
0 
0 
0 
0 
0 
0 
0 
0 
0 
0 
0 
0 
0 
0 
0 
0 
0 
0 
0 
0 
0 
0 
0 
0 
0 
0 
0 
0 
0 
0 
0 
0 
0 
0 
0 
0 
0 
0 
0 
0 
0 
0 
0 
0 
0 
0 
0 
0 
0 
0 
0 
0 
0 
0 
0 
0 
0 
0 
0 
0 
0 
0 
0 
0 
0 
0 
0 
0 
0 
0 
2 19 17 20 17 
2 20 16 16 16 
1 19 14 
1 21 15 
1 20 13 
0 
0 
0 
1 24 12 
0 
2 23 11 23 14 
0 
1 24 14 
1 25 15 
0 
0 
0 
0 
0 
0 
0 
0 
0 
0 
0 
0 
0 
0 
0 
0 
0 
0 
0 
0 
0 
0 
0 
0 
0 
0 
0 
0 
0 
0 
0 
0 
0 
0 
0 
0 
0 
0 
0 
0 
0 
0 
0 
0 
0 
0 
0 
0 
0 
0 
0 
0 
0 
0 
0 
0 
0 
0 
0 
0 
0 
0 
0 
0 
0 
0 
0 
0 
0 
0 
0 
0 
0 
0 
0 
0 
0 
0 
0 
0 
0 
0 
0 
0 
0 
0 
0 
0 
0 
0 
0 
0 
0 
0 
0 
0 
0 
0 
0 
0 
0 
0 
0 
0 
0 
0 
0 
0 
0 
0 
0 
0 
0 
0 
0 
0 
0 
0 
0 
0 
0 
0 
0 
0 
0 
0 
0 
0 
0 
0 
0 
0 
0 
0 
0 
0 
0 
1 34 2 
1 33 2 
1 31 3 
1 32 0 
0 
1 30 0 
2 34 1 27 1 
0 
0 
0 
1 25 2 
0 
0 
0 
0 
0 
0 
0 
0 
0 
0 
0 
0 
0 
0 
0 
0 
0 
0 
0 
0 
0 
0 
0 
0 
0 
0 
0 
0 
0 
0 
0 
0 
0 
0 
0 
0 
1 28 14 
1 30 11 
0 
0 
0 
0 
0 
0 
0 
0 
0 
0 
0 
0 
0 
0 
0 
0 
0 
0 
0 
0 
0 
0 
0 
0 
0 
0 
0 
0 
0 
0 
0 
0 
0 
0 
0 
0 
0 
0 
0 
0 
0 
0 
0 
0 
1 22 33 
1 19 34 
1 21 31 
0 
0 
0 
0 
0 
0 
0 
0 
0 
0 
0 
0 
0 
0 
0 
0 
0 
0 
0 
0 
0 
0 
0 
0 
0 
0 
0 
0 
0 
0 
0 
0 
0 
0 
0 
0 
0 
0 
0 
1 9 34 
0 
0 
1 10 32 
1 8 33 
1 9 31 
1 7 32 
1 8 29 
1 6 31 
1 7 29 
2 11 30 5 30 
1 6 27 
1 4 29 
1 5 27 
2 7 28 3 28 
0 
0 
0 
0 
0 
0 
0 
0 
0 
0 
0 
0 
0 
0 
0 
0 
0 
1 7 35 
0 
0 
1 5 34 
1 6 32 
0 
2 5 33 3 35 
0 
1 4 33 
0 
1 3 31 
0 
0 
0 
0 
0 
0 
0 
1 5 32 
0 
0 
1 2 30 
0 
0 
0 
0 
0 
0 
0 
0 
0 
0 
0 
0 
0 
0 
0 
0 
0 
0 
0 
0 
0 
0 
0 
0 
0 
0 
0 
0 
0 
0 
0 
0 
0 
0 
0 
0 
0 
0 
0 
0 
0 
0 
0 
0 
0 
0 
0 
0 
0 
0 
0 
0 
0 
0 
0 
0 
0 
0 
0 
0 
0 
0 
0 
0 
0 
0 
0 
0 
0 
0 
0 
0 
0 
0 
0 
0 
0 
0 
0 
0 
0 
0 
0 
0 
0 
0 
0 
0 
0 
0 
0 
0 
0 
0 
0 
0 
0 
0 
0 
0 
0 
0 
0 
0 
0 
0 
0 
0 
0 
0 
0 
0 
0 
0 
0 
0 
0 
0 
0 
0 
0 
0 
0 
0 
0 
0 
0 
0 
0 
0 
0 
0 
0 
0 
0 
0 
0 
0 
0 
0 
0 
0 
0 
0 
0 
0 
0 
0 
0 
0 
0 
0 
1 16 0 
0 
0 
0 
0 
0 
0 
0 
0 
0 
0 
0 
0 
0 
0 
0 
0 
1 2 5 
0 
0 
0 
0 
0 
0 
0 
0 
0 
0 
0 
0 
0 
0 
0 
0 
0 
0 
0 
0 
0 
0 
0 
0 
0 
0 
0 
0 
0 
0 
0 
0 
0 
0 
0 
0 
0 
0 
0 
0 
0 
2 16 15 15 15 
1 15 14 
1 16 12 
1 14 13 
1 15 10 
0 
1 13 11 
1 14 8 
0 
2 17 9 12 9 
1 13 5 
0 
1 15 7 
1 14 6 
0 
1 11 8 
0 
1 10 9 
0 
1 9 10 
1 7 9 
0 
1 3 10 
2 7 11 7 12 
1 6 8 
0 
0 
1 9 13 
0 
0 
1 10 12 
0 
1 11 11 
0 
0 
1 11 9 
1 12 15 
0 
0 
0 
0 
0 
0 
0 
0 
0 
0 
0 
0 
0 
0 
0 
0 
0 
0 
0 
0 
0 
0 
0 
0 
0 
0 
0 
0 
0 
0 
1 17 12 
1 18 9 
0 
0 
0 
0 
0 
0 
0 
0 
0 
0 
0 
0 
0 
0 
