2 0 14 0 10 
2 1 14 1 10 
1 3 13 
0 
1 5 14 
0 
0 
1 6 15 
0 
0 
1 6 18 
0 
0 
0 
0 
0 
0 
0 
0 
1 7 13 
0 
1 6 11 
1 8 14 
0 
1 9 15 
0 
1 10 16 
0 
0 
0 
0 
0 
0 
0 
1 8 12 
1 7 10 
1 9 11 
1 8 9 
3 10 10 13 8 12 7 
1 9 8 
1 11 9 
1 10 7 
2 12 8 13 6 
1 11 4 
0 
1 12 6 
1 9 5 
1 10 3 
1 8 4 
0 
1 6 3 
1 8 0 
0 
1 11 1 
0 
1 10 2 
1 13 0 
0 
1 12 2 
1 14 1 
2 13 3 15 7 
1 15 2 
1 14 8 
2 15 3 16 3 
1 17 4 
0 
0 
1 18 5 
1 17 7 
1 19 6 
1 18 8 
1 20 7 
1 19 9 
1 21 8 
1 20 10 
1 22 9 
1 21 11 
0 
1 22 13 
0 
1 20 12 
1 21 14 
1 19 13 
1 20 15 
1 18 14 
1 19 16 
1 17 15 
1 18 17 
1 16 16 
1 17 18 
1 14 17 
0 
2 15 18 15 15 
1 13 16 
1 14 14 
1 11 15 
2 13 14 13 13 
1 12 18 
0 
2 13 17 10 17 
1 11 19 
1 9 18 
1 10 21 
2 9 19 6 19 
1 13 20 
0 
2 12 19 12 22 
0 
1 13 23 
1 15 22 
0 
1 17 23 
0 
1 16 21 
1 18 22 
1 17 20 
0 
0 
0 
0 
0 
0 
0 
0 
0 
0 
0 
1 9 23 
1 5 21 
1 8 22 
0 
0 
0 
0 
0 
0 
0 
0 
2 5 22 4 22 
2 7 23 2 23 
0 
0 
1 3 21 
0 
0 
1 1 21 
1 5 20 
1 3 17 
1 4 18 
0 
0 
0 
0 
0 
0 
0 
0 
0 
0 
0 
0 
0 
0 
0 
0 
0 
0 
0 
0 
0 
0 
0 
0 
0 
0 
0 
0 
0 
0 
0 
0 
0 
0 
0 
0 
0 
0 
0 
1 19 21 
1 18 18 
0 
0 
2 20 19 20 18 
0 
0 
1 19 22 
0 
0 
0 
0 
0 
0 
0 
0 
1 18 23 
0 
0 
0 
0 
0 
0 
0 
0 
0 
0 
0 
0 
0 
0 
0 
0 
0 
0 
0 
0 
0 
0 
0 
0 
0 
0 
0 
0 
0 
0 
0 
1 20 11 
0 
0 
0 
0 
1 23 7 
0 
0 
1 22 6 
0 
1 21 5 
0 
1 20 4 
0 
0 
0 
0 
0 
0 
0 
0 
0 
0 
0 
0 
0 
0 
0 
0 
0 
0 
0 
0 
0 
0 
0 
0 
0 
0 
0 
0 
0 
0 
0 
0 
0 
0 
0 
1 7 5 
1 5 4 
1 6 6 
1 4 5 
1 5 7 
1 3 6 
1 4 8 
1 2 7 
0 
1 1 8 
0 
0 
0 
1 0 5 
0 
0 
0 
1 1 4 
0 
0 
1 3 3 
0 
1 4 1 
1 5 3 
1 2 2 
1 3 0 
1 0 1 
1 2 0 
0 
0 
1 2 3 
1 0 4 
0 
1 0 0 
0 
0 
0 
0 
0 
0 
0 
0 
0 
0 
0 
0 
0 
0 
0 
0 
0 
0 
0 
0 
0 
0 
0 
0 
0 
0 
0 
0 
0 
0 
0 
0 
0 
0 
0 
0 
0 
0 
0 
0 
0 
0 
0 
0 
0 
0 
0 
0 
0 
0 
0 
0 
1 19 10 
0 
0 
0 
0 
0 
0 
0 
0 
0 
0 
0 
0 
0 
1 19 3 
0 
1 18 2 
0 
0 
0 
0 
0 
0 
0 
0 
0 
0 
0 
0 
0 
0 
0 
0 
0 
0 
0 
0 
0 
0 
0 
0 
0 
0 
0 
0 
0 
0 
0 
0 
0 
0 
0 
0 
0 
0 
0 
0 
0 
0 
0 
0 
0 
0 
0 
0 
0 
0 
0 
0 
0 
0 
1 3 12 
0 
0 
0 
1 6 10 
1 4 9 
1 8 8 
1 6 7 
2 7 9 7 6 
0 
0 
0 
0 
0 
0 
0 
0 
0 
0 
0 
0 
0 
0 
0 
0 
0 
0 
0 
0 
0 
0 
0 
0 
0 
0 
0 
0 
1 11 2 
0 
0 
0 
0 
0 
0 
1 13 5 
0 
1 11 3 
0 
0 
0 
0 
0 
0 
0 
0 
0 
0 
0 
0 
0 
0 
0 
0 
0 
0 
0 
0 
0 
0 
0 
0 
0 
0 
0 
0 
0 
0 
0 
0 
0 
0 
0 
0 
0 
0 
1 9 7 
0 
0 
0 
0 
0 
0 
0 
0 
0 
0 
0 
0 
0 
0 
0 
0 
0 
0 
0 
0 
0 
0 
0 
0 
0 
0 
0 
0 
0 
0 
0 
0 
0 
0 
0 
0 
0 
1 15 6 
0 
