3 1 14 0 17 0 12 
2 1 13 2 13 
0 
0 
1 2 16 
1 1 18 
1 3 17 
1 2 19 
1 4 18 
1 3 20 
1 5 19 
1 4 21 
1 6 20 
1 5 22 
1 7 21 
1 6 23 
1 8 22 
1 7 24 
2 8 21 9 23 
1 8 25 
1 10 24 
1 9 26 
1 11 25 
1 10 27 
1 12 26 
0 
1 13 27 
0 
2 15 28 8 28 
0 
1 14 26 
1 16 27 
1 15 25 
1 17 26 
1 16 24 
1 18 25 
1 17 23 
1 19 24 
1 18 22 
1 20 23 
1 19 21 
1 21 22 
1 20 20 
1 22 21 
1 21 19 
1 23 20 
1 22 18 
1 24 19 
1 23 17 
1 24 20 
1 24 16 
1 26 17 
1 25 15 
1 27 16 
1 26 14 
0 
1 27 13 
2 28 18 28 11 
0 
1 27 11 
1 25 12 
0 
1 26 10 
1 24 11 
1 25 9 
1 23 10 
1 24 8 
1 22 9 
1 23 7 
1 21 8 
1 22 6 
1 20 7 
1 21 5 
1 19 6 
1 20 4 
1 18 5 
1 19 3 
1 17 4 
1 18 2 
1 16 3 
1 17 1 
2 16 4 15 2 
0 
1 14 1 
0 
2 19 0 13 0 
0 
0 
0 
0 
0 
0 
0 
0 
0 
0 
0 
0 
0 
0 
0 
0 
0 
0 
0 
0 
0 
0 
0 
1 24 13 
0 
1 23 14 
0 
1 22 15 
0 
1 21 16 
0 
1 20 17 
0 
1 19 18 
1 19 20 
1 17 19 
0 
2 18 21 18 16 
1 16 18 
1 17 16 
2 19 17 15 17 
1 16 15 
1 14 16 
1 15 14 
1 13 15 
1 14 13 
1 12 14 
1 13 12 
1 11 13 
1 12 11 
1 10 12 
1 11 10 
2 10 11 9 11 
0 
0 
0 
0 
0 
0 
0 
0 
0 
0 
0 
0 
0 
0 
0 
1 16 20 
1 17 22 
1 15 21 
1 16 23 
1 14 22 
1 15 24 
1 13 23 
1 14 25 
1 11 24 
1 13 26 
1 12 22 
1 10 23 
1 11 21 
1 9 22 
1 10 20 
0 
1 9 19 
1 7 20 
0 
1 6 19 
1 7 17 
1 5 18 
0 
1 4 17 
1 5 15 
1 3 16 
1 4 14 
1 2 15 
1 3 12 
1 2 14 
2 5 13 4 8 
2 4 11 5 7 
1 6 12 
1 5 10 
1 7 11 
1 6 9 
1 9 10 
2 7 9 7 8 
2 8 8 8 13 
1 11 9 
2 9 8 9 7 
1 10 7 
1 12 8 
1 11 6 
1 14 7 
0 
2 13 9 13 5 
1 15 8 
1 14 10 
1 16 9 
1 15 11 
1 17 10 
1 16 12 
1 18 11 
1 17 13 
1 19 12 
1 18 14 
1 20 13 
0 
1 21 14 
1 21 15 
0 
0 
0 
0 
0 
0 
0 
0 
0 
0 
0 
0 
0 
0 
0 
0 
0 
0 
0 
0 
0 
0 
0 
0 
0 
0 
1 15 6 
1 14 4 
1 17 5 
1 13 3 
1 16 8 
1 18 6 
2 17 8 18 8 
1 15 7 
0 
1 19 9 
0 
0 
0 
0 
0 
0 
0 
0 
0 
0 
0 
0 
0 
0 
0 
0 
0 
0 
0 
0 
0 
1 6 13 
0 
0 
1 3 11 
0 
0 
0 
0 
0 
0 
0 
0 
0 
0 
0 
0 
0 
0 
0 
0 
0 
0 
0 
0 
0 
0 
1 13 22 
0 
0 
0 
0 
0 
0 
0 
0 
0 
0 
0 
0 
0 
0 
0 
0 
0 
0 
0 
0 
0 
0 
0 
0 
0 
0 
0 
0 
0 
0 
0 
0 
0 
0 
0 
0 
0 
0 
0 
0 
0 
0 
0 
0 
0 
0 
0 
0 
0 
0 
0 
0 
0 
0 
0 
0 
0 
0 
0 
0 
0 
1 7 27 
0 
1 6 26 
0 
1 5 25 
0 
1 4 24 
0 
1 3 23 
0 
1 2 22 
0 
2 2 23 1 21 
0 
0 
0 
1 0 18 
0 
0 
1 1 25 
0 
1 3 24 
1 0 26 
0 
1 2 26 
1 4 25 
1 3 27 
1 5 26 
0 
1 6 27 
2 7 28 1 28 
0 
0 
0 
0 
0 
0 
0 
0 
0 
0 
0 
0 
0 
0 
0 
0 
0 
0 
0 
0 
0 
0 
0 
0 
0 
0 
0 
0 
0 
0 
0 
0 
0 
0 
0 
0 
0 
0 
0 
0 
0 
0 
0 
0 
0 
0 
0 
0 
0 
0 
0 
0 
0 
0 
0 
0 
0 
0 
0 
0 
0 
0 
1 26 18 
0 
0 
0 
0 
0 
0 
1 27 20 
0 
1 25 19 
1 26 21 
0 
1 28 21 
0 
0 
0 
1 25 22 
1 23 21 
1 24 23 
1 22 22 
1 23 24 
1 21 23 
1 22 25 
1 20 24 
3 21 26 22 26 20 26 
0 
0 
1 19 28 
0 
2 22 27 17 27 
0 
0 
1 24 28 
0 
1 23 26 
1 25 27 
1 24 24 
1 26 26 
1 25 24 
2 27 25 23 25 
3 26 22 25 23 26 23 
0 
0 
1 28 27 
0 
0 
0 
0 
0 
0 
0 
0 
0 
0 
0 
0 
0 
0 
0 
0 
0 
0 
0 
0 
0 
0 
0 
0 
0 
0 
0 
0 
0 
0 
0 
0 
0 
0 
0 
0 
0 
0 
0 
0 
0 
0 
0 
0 
0 
0 
0 
0 
0 
0 
0 
0 
0 
0 
0 
0 
0 
0 
0 
0 
0 
0 
0 
0 
0 
1 15 20 
0 
0 
0 
0 
0 
0 
0 
0 
0 
0 
0 
0 
0 
0 
0 
0 
0 
0 
0 
1 6 15 
0 
0 
0 
0 
0 
0 
0 
0 
0 
0 
0 
0 
0 
0 
0 
0 
0 
0 
0 
0 
0 
0 
0 
0 
0 
0 
0 
0 
0 
1 12 2 
0 
1 11 1 
0 
1 9 0 
0 
1 10 2 
1 8 1 
1 9 3 
1 7 2 
1 8 4 
1 6 3 
1 7 5 
1 5 4 
2 6 6 4 6 
1 3 5 
2 5 6 2 7 
1 4 3 
1 2 4 
1 3 2 
1 1 3 
1 2 1 
0 
1 1 1 
1 0 5 
0 
0 
1 1 7 
1 2 5 
1 3 6 
0 
0 
1 0 9 
0 
1 2 8 
0 
1 2 9 
1 4 10 
0 
0 
0 
0 
0 
0 
0 
1 8 7 
0 
0 
0 
0 
0 
0 
0 
0 
0 
0 
0 
0 
0 
0 
0 
0 
0 
0 
0 
0 
0 
0 
0 
0 
0 
0 
0 
0 
0 
0 
0 
0 
0 
0 
0 
0 
0 
0 
0 
0 
0 
0 
0 
0 
0 
0 
0 
0 
0 
0 
0 
0 
0 
0 
1 20 10 
0 
1 21 13 
1 22 10 
0 
1 20 12 
0 
0 
0 
0 
0 
0 
0 
0 
0 
0 
0 
0 
0 
0 
0 
0 
0 
0 
0 
0 
0 
0 
0 
0 
0 
0 
0 
0 
0 
0 
0 
0 
0 
0 
0 
0 
0 
0 
0 
0 
0 
0 
0 
0 
0 
0 
0 
0 
0 
0 
0 
0 
0 
0 
0 
0 
0 
0 
0 
0 
0 
0 
0 
0 
0 
0 
0 
0 
0 
0 
0 
0 
0 
0 
0 
0 
0 
0 
0 
0 
0 
0 
0 
0 
0 
0 
0 
0 
0 
0 
0 
0 
0 
0 
0 
0 
1 20 1 
0 
0 
0 
0 
0 
0 
0 
0 
1 21 2 
1 21 4 
1 23 3 
0 
2 22 5 22 1 
1 24 2 
2 24 0 20 0 
1 25 1 
0 
0 
0 
0 
0 
1 24 4 
2 23 6 24 6 
1 26 5 
0 
2 25 8 25 2 
1 27 4 
1 26 2 
0 
0 
0 
0 
0 
0 
0 
0 
0 
0 
0 
0 
0 
0 
0 
0 
0 
0 
0 
0 
0 
0 
0 
0 
0 
0 
0 
0 
0 
0 
0 
0 
0 
0 
0 
0 
0 
0 
0 
0 
1 24 12 
0 
0 
0 
0 
0 
0 
0 
0 
0 
0 
0 
0 
0 
0 
0 
0 
0 
0 
0 
0 
0 
0 
0 
0 
0 
0 
0 
0 
0 
0 
0 
0 
0 
0 
0 
0 
0 
0 
0 
0 
0 
0 
0 
0 
0 
0 
0 
0 
0 
0 
0 
0 
1 9 12 
0 
0 
2 6 14 9 14 
1 8 17 
2 9 15 10 15 
2 7 16 10 16 
1 9 18 
1 11 17 
1 10 19 
1 12 18 
1 11 20 
1 13 19 
1 12 21 
0 
1 13 21 
2 14 21 14 17 
0 
0 
0 
0 
0 
0 
0 
0 
0 
0 
0 
0 
0 
0 
0 
0 
0 
0 
0 
0 
0 
0 
0 
0 
0 
0 
0 
0 
0 
0 
0 
0 
0 
0 
0 
0 
0 
0 
0 
0 
0 
0 
0 
0 
0 
0 
0 
0 
0 
0 
0 
0 
0 
0 
0 
0 
0 
0 
0 
0 
0 
0 
0 
0 
0 
0 
0 
0 
0 
0 
0 
0 
0 
0 
0 
0 
0 
0 
0 
0 
0 
0 
0 
0 
0 
0 
0 
0 
0 
0 
0 
0 
0 
0 
0 
0 
0 
0 
0 
0 
0 
0 
0 
0 
1 9 6 
0 
1 11 5 
0 
0 
0 
0 
0 
0 
0 
0 
0 
0 
0 
0 
0 
0 
0 
0 
0 
0 
0 
0 
0 
0 
0 
0 
0 
0 
0 
0 
0 
0 
0 
0 
0 
0 
0 
0 
0 
0 
0 
0 
0 
0 
0 
0 
0 
0 
0 
0 
0 
0 
0 
0 
0 
0 
0 
0 
0 
0 
0 
0 
0 
0 
0 
0 
0 
0 
0 
0 
0 
0 
0 
0 
0 
0 
0 
0 
0 
0 
0 
0 
0 
0 
0 
0 
0 
0 
0 
0 
0 
0 
0 
0 
0 
0 
0 
0 
0 
0 
0 
0 
0 
0 
0 
0 
0 
0 
0 
0 
0 
0 
0 
0 
0 
0 
0 
0 
0 
0 
0 
0 
0 
0 
0 
0 
0 
0 
0 
0 
0 
0 
0 
0 
0 
0 
0 
0 
0 
0 
0 
0 
0 
0 
0 
0 
0 
0 
0 
0 
0 
0 
0 
0 
0 
0 
0 
0 
0 
0 
0 
0 
0 
0 
0 
0 
0 
0 
0 
0 
0 
0 
1 25 28 
0 
0 
0 
0 
0 
0 
0 
0 
0 
0 
0 
0 
0 
0 
0 
0 
0 
0 
0 
0 
0 
0 
0 
0 
0 
0 
0 
0 
0 
0 
0 
0 
0 
0 
0 
0 
0 
0 
0 
0 
0 
0 
0 
0 
0 
0 
0 
0 
0 
0 
0 
0 
0 
0 
0 
0 
0 
0 
0 
0 
0 
0 
0 
0 
0 
0 
0 
0 
1 27 6 
1 26 8 
1 24 7 
1 27 10 
1 28 4 
0 
0 
0 
0 
0 
0 
0 
0 
0 
0 
0 
0 
0 
0 
0 
0 
0 
0 
0 
0 
0 
0 
0 
0 
0 
0 
0 
0 
0 
0 
0 
0 
0 
0 
0 
0 
0 
0 
0 
0 
0 
0 
0 
0 
0 
0 
0 
0 
0 
0 
0 
0 
0 
0 
0 
0 
0 
0 
0 
0 
0 
0 
0 
0 
0 
0 
0 
0 
0 
0 
0 
0 
0 
0 
0 
0 
0 
0 
0 
0 
0 
0 
0 
0 
0 
0 
0 
0 
0 
0 
0 
0 
0 
0 
0 
0 
0 
0 
0 
0 
0 
0 
0 
0 
0 
0 
0 
0 
0 
0 
0 
0 
0 
0 
0 
0 
0 
0 
0 
0 
0 
0 
0 
0 
0 
0 
0 
0 
0 
0 
0 
0 
0 
0 
0 
0 
1 4 0 
0 
0 
0 
1 5 1 
0 
0 
1 5 3 
1 5 0 
0 
0 
0 
0 
0 
0 
0 
0 
0 
0 
0 
0 
0 
0 
0 
0 
0 
0 
0 
0 
0 
0 
0 
0 
1 8 0 
0 
0 
1 11 2 
0 
0 
0 
0 
0 
0 
0 
0 
0 
0 
0 
1 12 5 
0 
0 
1 10 6 
0 
0 
0 
0 
0 
0 
0 
0 
0 
0 
0 
0 
0 
0 
0 
0 
0 
0 
0 
0 
0 
0 
0 
0 
0 
0 
0 
0 
0 
0 
0 
0 
0 
0 
0 
0 
0 
0 
0 
0 
1 16 19 
0 
0 
0 
0 
0 
0 
0 
0 
0 
0 
0 
0 
0 
0 
0 
0 
0 
0 
0 
0 
0 
0 
0 
0 
0 
0 
0 
0 
0 
0 
0 
0 
0 
0 
0 
0 
0 
0 
0 
0 
0 
0 
0 
0 
0 
0 
0 
0 
0 
0 
0 
0 
0 
0 
0 
0 
2 28 3 24 3 
1 27 1 
0 
0 
0 
0 
0 
0 
0 
0 
1 27 5 
0 
0 
0 
0 
0 
0 
0 
0 
0 
0 
0 
0 
0 
0 
0 
0 
0 
0 
0 
0 
0 
0 
0 
0 
0 
0 
0 
0 
0 
0 
0 
0 
0 
0 
0 
0 
0 
0 
0 
0 
0 
0 
0 
0 
0 
0 
0 
0 
0 
0 
0 
1 23 13 
0 
0 
0 
0 
0 
0 
0 
0 
0 
0 
0 
0 
0 
0 
0 
0 
0 
0 
0 
0 
0 
0 
0 
0 
0 
0 
0 
0 
0 
0 
0 
0 
0 
0 
0 
0 
0 
0 
0 
0 
0 
0 
0 
0 
0 
0 
0 
0 
0 
0 
0 
0 
0 
0 
0 
0 
0 
0 
0 
0 
0 
0 
0 
0 
0 
0 
0 
0 
0 
0 
0 
0 
0 
0 
0 
0 
0 
0 
0 
0 
0 
0 
0 
0 
0 
0 
0 
0 
0 
0 
0 
0 
0 
0 
0 
0 
0 
0 
0 
0 
0 
0 
0 
0 
0 
