2 0 18 0 14 
0 
0 
1 2 15 
1 1 13 
0 
1 2 12 
1 4 13 
1 3 11 
1 5 12 
0 
1 6 11 
1 5 9 
1 7 10 
0 
0 
2 8 8 4 8 
1 7 6 
1 9 7 
1 8 5 
1 10 6 
1 9 4 
1 11 5 
1 10 3 
1 12 4 
1 11 2 
1 13 3 
1 12 1 
1 14 2 
1 13 0 
1 15 1 
0 
0 
0 
0 
1 17 2 
1 19 1 
1 18 3 
0 
1 19 4 
0 
0 
1 22 4 
1 21 6 
1 23 5 
1 22 8 
1 24 6 
2 24 7 19 7 
0 
1 20 9 
1 19 8 
0 
1 18 6 
0 
1 17 5 
0 
1 15 4 
0 
2 16 2 15 2 
0 
0 
0 
0 
0 
0 
1 13 7 
0 
1 15 6 
0 
0 
0 
1 11 8 
0 
1 10 9 
0 
0 
0 
1 11 10 
1 10 12 
1 12 11 
3 11 13 12 13 10 13 
1 13 12 
0 
0 
0 
0 
0 
0 
0 
0 
0 
0 
1 6 14 
0 
0 
0 
1 4 16 
0 
1 3 18 
0 
0 
1 4 19 
1 6 18 
1 5 20 
1 7 19 
1 6 21 
1 8 20 
1 7 22 
1 9 21 
1 8 23 
1 10 22 
1 9 24 
1 11 23 
1 10 25 
1 12 24 
1 11 27 
0 
2 13 26 9 26 
1 12 28 
1 13 27 
1 11 28 
0 
1 10 28 
1 8 27 
1 9 30 
0 
0 
1 8 32 
1 6 30 
2 10 31 5 31 
0 
1 12 32 
0 
1 11 29 
1 13 31 
0 
2 15 30 10 30 
0 
0 
1 16 31 
0 
2 19 32 13 32 
0 
0 
1 18 30 
0 
0 
1 23 30 
0 
0 
1 22 29 
1 24 31 
0 
2 26 32 21 32 
0 
1 25 30 
1 27 31 
0 
0 
1 27 27 
0 
2 29 28 25 28 
1 26 26 
2 25 27 24 27 
0 
0 
1 28 26 
1 30 27 
1 29 25 
1 31 26 
1 30 23 
0 
1 28 24 
1 29 22 
1 27 23 
0 
0 
0 
0 
0 
1 30 20 
0 
0 
0 
0 
2 32 22 32 16 
0 
1 30 17 
1 31 15 
0 
0 
0 
0 
1 27 14 
1 25 15 
1 26 13 
2 25 16 24 14 
1 25 12 
2 24 15 23 13 
1 24 11 
1 21 12 
0 
1 22 13 
1 19 11 
1 21 9 
0 
1 19 12 
2 21 13 19 19 
2 17 14 18 18 
2 19 15 19 16 
1 18 16 
1 16 15 
2 17 17 17 19 
0 
0 
0 
0 
0 
0 
0 
0 
0 
0 
0 
0 
0 
0 
0 
0 
0 
0 
0 
0 
0 
0 
0 
0 
0 
0 
0 
0 
0 
0 
0 
0 
0 
0 
0 
0 
0 
0 
0 
0 
0 
0 
0 
0 
0 
0 
0 
0 
0 
0 
0 
0 
0 
0 
0 
0 
0 
0 
0 
0 
0 
0 
0 
0 
0 
1 27 32 
0 
0 
0 
0 
0 
0 
0 
0 
0 
0 
0 
0 
0 
0 
0 
0 
0 
0 
0 
0 
0 
0 
0 
0 
0 
0 
0 
1 6 29 
0 
1 3 32 
0 
1 4 30 
1 2 31 
1 3 29 
1 0 30 
1 2 28 
1 1 28 
0 
1 0 26 
0 
1 2 27 
1 1 25 
1 3 26 
1 2 23 
0 
0 
0 
1 0 20 
0 
0 
1 3 21 
1 1 18 
0 
0 
0 
0 
0 
0 
1 4 22 
0 
0 
0 
0 
0 
0 
0 
0 
0 
0 
0 
0 
0 
0 
0 
0 
0 
0 
0 
0 
0 
0 
0 
0 
0 
0 
0 
0 
0 
0 
0 
0 
0 
0 
0 
0 
0 
0 
0 
0 
0 
0 
0 
0 
0 
0 
0 
0 
0 
0 
0 
0 
0 
0 
0 
0 
0 
0 
0 
0 
0 
0 
0 
0 
0 
0 
0 
0 
0 
0 
0 
0 
0 
0 
0 
0 
0 
0 
0 
0 
0 
0 
0 
0 
0 
0 
0 
0 
0 
0 
0 
0 
0 
0 
0 
0 
0 
0 
0 
0 
0 
0 
0 
0 
0 
0 
0 
0 
0 
0 
0 
0 
0 
2 6 6 4 6 
1 2 7 
0 
1 3 10 
0 
0 
0 
0 
0 
0 
0 
0 
0 
0 
0 
0 
0 
0 
0 
0 
0 
0 
0 
0 
0 
0 
0 
0 
0 
0 
0 
0 
0 
1 20 1 
0 
0 
0 
0 
0 
0 
0 
0 
0 
0 
0 
0 
0 
0 
0 
0 
0 
0 
0 
0 
0 
0 
0 
0 
0 
0 
0 
0 
0 
0 
0 
0 
0 
0 
0 
0 
0 
0 
0 
1 5 16 
0 
0 
0 
0 
0 
0 
0 
0 
0 
0 
0 
1 8 19 
0 
0 
0 
0 
0 
0 
0 
0 
0 
0 
0 
0 
0 
0 
0 
0 
0 
0 
0 
0 
0 
0 
0 
0 
0 
0 
0 
0 
0 
0 
0 
0 
0 
0 
0 
0 
0 
0 
0 
0 
0 
0 
0 
0 
0 
0 
0 
0 
0 
0 
0 
0 
0 
0 
0 
0 
0 
0 
0 
0 
0 
0 
0 
0 
0 
0 
0 
0 
1 30 21 
0 
0 
0 
1 32 30 
0 
0 
0 
0 
0 
0 
0 
0 
0 
0 
0 
0 
0 
0 
0 
0 
0 
0 
0 
0 
0 
0 
0 
0 
0 
0 
0 
0 
0 
0 
0 
0 
0 
0 
0 
0 
0 
0 
0 
2 15 19 15 20 
0 
0 
1 11 19 
1 14 20 
1 14 21 
2 14 22 11 22 
1 14 23 
2 14 24 15 24 
0 
0 
2 15 26 18 22 
1 16 22 
1 17 24 
1 20 23 
0 
0 
0 
0 
0 
0 
0 
0 
0 
0 
0 
0 
0 
0 
0 
0 
0 
0 
0 
0 
0 
0 
0 
0 
0 
0 
0 
0 
0 
0 
0 
0 
1 24 8 
1 26 9 
1 25 7 
1 27 8 
1 26 3 
1 28 7 
1 27 5 
2 30 6 25 6 
0 
1 29 9 
0 
0 
0 
0 
1 23 4 
1 25 1 
1 23 3 
0 
1 26 0 
1 29 1 
0 
0 
0 
0 
0 
0 
0 
0 
0 
0 
0 
0 
0 
0 
0 
0 
0 
0 
0 
0 
0 
0 
0 
0 
0 
0 
0 
0 
0 
0 
0 
0 
0 
0 
0 
0 
0 
0 
0 
0 
0 
0 
0 
0 
0 
0 
0 
0 
0 
0 
0 
0 
0 
0 
1 19 28 
1 22 24 
1 18 25 
0 
2 20 27 16 27 
0 
1 17 26 
0 
0 
1 15 29 
1 17 30 
0 
0 
0 
0 
0 
0 
0 
0 
0 
0 
0 
0 
0 
0 
0 
0 
0 
0 
0 
0 
0 
0 
0 
0 
0 
0 
0 
0 
0 
0 
0 
0 
0 
1 13 13 
0 
0 
1 12 14 
0 
0 
0 
0 
0 
0 
0 
0 
0 
0 
0 
0 
0 
0 
0 
0 
0 
0 
0 
0 
0 
0 
0 
0 
0 
0 
0 
0 
0 
0 
0 
0 
0 
0 
0 
0 
0 
0 
0 
0 
0 
0 
0 
0 
0 
0 
0 
0 
0 
0 
0 
0 
1 27 26 
0 
0 
0 
0 
0 
0 
0 
0 
0 
0 
0 
0 
0 
0 
0 
0 
0 
0 
0 
0 
0 
0 
0 
0 
0 
0 
0 
0 
0 
0 
0 
0 
0 
0 
0 
0 
0 
0 
0 
0 
0 
0 
0 
0 
0 
0 
0 
0 
0 
0 
0 
0 
0 
0 
0 
0 
0 
0 
0 
0 
0 
0 
1 4 27 
0 
0 
0 
0 
0 
1 5 29 
1 7 27 
1 7 28 
0 
0 
0 
0 
0 
0 
0 
0 
0 
2 3 19 0 19 
0 
0 
0 
0 
0 
0 
0 
0 
0 
0 
0 
0 
0 
0 
0 
0 
0 
0 
0 
0 
0 
0 
0 
0 
0 
0 
0 
0 
0 
0 
0 
0 
0 
0 
0 
0 
0 
0 
0 
0 
0 
0 
0 
0 
0 
0 
0 
0 
0 
0 
0 
0 
0 
0 
0 
0 
0 
0 
0 
0 
0 
0 
0 
0 
0 
0 
0 
0 
0 
0 
0 
0 
0 
0 
0 
0 
0 
0 
0 
0 
0 
0 
0 
0 
0 
0 
0 
0 
0 
0 
0 
0 
0 
0 
0 
0 
0 
0 
0 
0 
0 
0 
0 
0 
0 
0 
1 32 7 
0 
0 
0 
0 
0 
0 
0 
0 
0 
0 
0 
0 
0 
0 
0 
1 23 14 
0 
0 
0 
0 
0 
0 
0 
0 
0 
0 
0 
0 
0 
0 
0 
0 
0 
0 
0 
0 
0 
0 
0 
0 
0 
0 
0 
0 
0 
0 
0 
0 
0 
0 
0 
0 
0 
0 
0 
0 
0 
0 
0 
0 
0 
0 
0 
0 
0 
0 
0 
0 
0 
0 
0 
0 
0 
0 
0 
0 
0 
0 
0 
0 
0 
0 
0 
0 
0 
0 
0 
0 
0 
0 
0 
0 
0 
0 
0 
0 
0 
0 
0 
0 
0 
0 
0 
0 
0 
0 
0 
0 
0 
0 
0 
0 
0 
0 
0 
0 
0 
0 
0 
0 
0 
0 
0 
0 
0 
0 
0 
0 
0 
0 
0 
0 
0 
0 
0 
0 
0 
0 
0 
0 
0 
0 
0 
0 
0 
0 
0 
0 
0 
0 
0 
0 
0 
0 
0 
0 
0 
0 
0 
0 
0 
0 
0 
0 
0 
0 
0 
0 
0 
0 
0 
0 
0 
0 
0 
0 
0 
0 
0 
0 
0 
0 
0 
0 
0 
0 
0 
0 
0 
0 
0 
0 
0 
0 
0 
0 
0 
0 
0 
0 
0 
0 
0 
0 
0 
0 
0 
0 
0 
1 19 0 
0 
0 
0 
0 
0 
0 
0 
0 
0 
0 
0 
0 
0 
0 
0 
0 
0 
0 
0 
0 
0 
0 
0 
0 
1 2 8 
1 2 4 
1 1 4 
0 
1 0 0 
0 
1 6 3 
0 
0 
0 
0 
0 
0 
1 8 1 
0 
1 7 3 
0 
0 
0 
0 
0 
2 12 0 8 0 
0 
0 
0 
0 
0 
0 
0 
0 
0 
0 
0 
0 
0 
0 
0 
0 
0 
0 
0 
0 
0 
0 
0 
0 
0 
0 
0 
0 
0 
0 
0 
0 
0 
0 
0 
0 
0 
0 
0 
0 
0 
0 
0 
0 
0 
0 
0 
0 
0 
0 
0 
0 
0 
0 
0 
0 
0 
0 
0 
0 
0 
0 
0 
0 
0 
0 
0 
0 
0 
0 
0 
0 
0 
0 
0 
0 
0 
0 
0 
0 
0 
0 
0 
0 
0 
0 
0 
0 
0 
0 
0 
0 
0 
0 
0 
0 
0 
0 
0 
0 
0 
0 
0 
0 
0 
0 
0 
0 
0 
0 
0 
0 
0 
0 
0 
0 
0 
0 
0 
0 
0 
0 
0 
0 
0 
0 
0 
0 
0 
0 
0 
0 
0 
0 
0 
0 
0 
0 
0 
0 
0 
0 
0 
0 
0 
0 
0 
0 
0 
0 
0 
0 
0 
0 
1 9 25 
0 
0 
0 
0 
0 
0 
0 
0 
0 
0 
0 
0 
0 
0 
0 
0 
0 
0 
0 
0 
0 
0 
0 
0 
0 
0 
0 
0 
0 
0 
0 
0 
0 
0 
0 
0 
0 
0 
0 
0 
0 
0 
0 
0 
0 
0 
0 
0 
0 
0 
0 
0 
0 
0 
0 
0 
0 
0 
0 
0 
0 
0 
0 
0 
0 
0 
0 
0 
0 
0 
0 
0 
0 
0 
0 
1 25 29 
0 
0 
0 
0 
0 
0 
0 
0 
0 
0 
0 
0 
0 
0 
0 
0 
0 
0 
0 
0 
0 
0 
0 
0 
0 
0 
0 
0 
0 
0 
0 
0 
0 
0 
0 
0 
0 
0 
0 
0 
0 
0 
0 
0 
0 
0 
0 
0 
0 
0 
0 
0 
0 
0 
0 
0 
0 
0 
0 
0 
0 
0 
0 
0 
0 
0 
0 
0 
0 
0 
1 16 21 
0 
0 
0 
0 
0 
0 
1 20 22 
1 21 21 
0 
0 
