2 2 17 0 15 
2 1 19 1 15 
1 3 18 
1 2 20 
1 4 19 
1 3 21 
1 5 20 
1 4 23 
0 
1 5 23 
2 7 22 3 22 
1 6 24 
1 8 23 
0 
0 
0 
1 6 20 
0 
0 
0 
0 
0 
0 
0 
0 
0 
1 5 16 
0 
0 
1 4 14 
1 6 15 
1 5 13 
1 7 14 
1 6 12 
1 8 13 
1 7 11 
1 10 12 
0 
1 9 14 
1 11 13 
1 10 15 
1 12 14 
1 11 16 
1 13 15 
1 12 17 
1 14 16 
1 13 18 
2 14 15 15 17 
1 14 20 
1 16 18 
1 12 19 
1 13 21 
0 
0 
1 9 21 
0 
1 10 19 
1 8 20 
1 9 18 
0 
1 8 17 
1 7 15 
0 
0 
0 
0 
0 
0 
0 
0 
0 
0 
0 
0 
0 
0 
0 
0 
1 13 25 
1 14 21 
2 15 24 11 24 
0 
0 
1 14 26 
1 16 25 
1 15 27 
3 18 26 17 26 18 30 
1 16 29 
2 17 27 19 31 
2 19 28 14 28 
1 15 30 
1 13 29 
1 14 31 
1 12 30 
0 
1 11 31 
0 
1 9 32 
1 11 34 
1 10 28 
1 9 31 
1 11 30 
1 7 29 
0 
0 
0 
0 
0 
0 
0 
0 
0 
0 
0 
0 
0 
0 
0 
1 20 29 
0 
2 21 30 18 32 
0 
1 23 31 
0 
0 
0 
0 
0 
0 
2 26 32 26 28 
2 27 32 27 28 
2 28 32 28 28 
1 29 28 
1 30 28 
1 31 28 
1 32 32 
2 33 32 33 27 
2 34 32 34 28 
0 
0 
0 
0 
0 
0 
0 
0 
0 
0 
0 
0 
0 
0 
0 
1 21 29 
0 
2 27 27 23 27 
1 26 25 
2 28 26 23 26 
1 27 24 
1 29 25 
0 
0 
0 
0 
0 
1 23 24 
0 
0 
1 27 23 
1 25 21 
1 26 21 
1 23 22 
0 
1 29 21 
0 
0 
0 
0 
0 
0 
0 
2 26 20 22 20 
0 
0 
1 22 19 
1 22 18 
2 26 17 22 17 
1 25 15 
1 23 16 
0 
1 22 15 
0 
1 21 14 
1 22 12 
1 20 13 
1 21 11 
1 19 12 
1 20 10 
1 18 11 
1 19 9 
1 17 10 
1 18 8 
1 16 9 
1 17 7 
1 15 8 
0 
1 14 7 
0 
0 
0 
0 
0 
0 
0 
0 
0 
0 
0 
0 
0 
0 
0 
0 
0 
0 
0 
0 
0 
0 
0 
0 
0 
0 
0 
0 
0 
0 
0 
0 
0 
0 
0 
0 
0 
0 
0 
0 
0 
0 
0 
0 
1 20 26 
0 
0 
0 
1 19 25 
1 20 23 
2 22 24 18 24 
0 
1 17 23 
0 
1 16 22 
1 17 17 
0 
0 
0 
0 
1 18 16 
0 
1 19 15 
1 22 16 
0 
0 
1 18 14 
1 18 12 
1 16 13 
0 
2 16 11 17 16 
0 
0 
1 14 14 
0 
1 15 12 
1 12 13 
1 14 10 
0 
0 
0 
1 11 11 
1 13 9 
1 12 9 
1 10 10 
0 
1 9 9 
1 10 7 
2 9 10 7 8 
0 
3 8 6 7 6 8 10 
0 
0 
0 
0 
1 6 9 
0 
1 5 10 
0 
0 
0 
0 
0 
1 1 13 
0 
1 2 11 
0 
1 1 10 
1 0 8 
0 
0 
0 
1 1 6 
0 
0 
1 2 4 
1 3 11 
0 
0 
2 5 5 0 5 
0 
3 4 3 5 3 3 3 
1 7 4 
0 
2 6 6 6 2 
1 8 3 
0 
0 
0 
0 
0 
0 
0 
0 
0 
0 
1 1 3 
0 
0 
0 
1 3 2 
0 
0 
0 
0 
1 6 0 
0 
0 
1 9 1 
0 
0 
0 
1 10 2 
1 9 4 
0 
1 10 6 
1 12 4 
0 
0 
0 
0 
0 
0 
0 
1 11 0 
0 
0 
1 12 1 
0 
1 13 2 
0 
1 14 3 
0 
1 16 4 
0 
1 15 2 
0 
1 16 1 
1 19 2 
0 
1 18 5 
0 
0 
1 19 6 
1 21 5 
1 20 7 
1 22 6 
1 21 10 
0 
1 19 8 
0 
2 24 9 20 9 
1 23 12 
1 25 10 
1 24 12 
3 25 9 27 11 22 11 
1 25 14 
2 26 15 26 9 
0 
1 24 13 
0 
0 
0 
0 
1 28 10 
1 27 8 
1 29 9 
0 
1 30 8 
1 29 6 
1 32 7 
0 
0 
1 33 6 
1 32 4 
0 
1 33 3 
2 34 8 34 0 
0 
0 
0 
0 
1 30 9 
0 
0 
0 
1 31 11 
1 29 10 
0 
0 
2 32 12 28 12 
0 
0 
1 32 16 
0 
1 33 16 
1 34 18 
1 31 15 
0 
1 32 17 
1 33 19 
1 31 18 
1 32 20 
1 31 17 
1 31 22 
0 
0 
1 32 24 
0 
1 30 23 
1 33 25 
1 34 19 
0 
0 
0 
0 
0 
0 
0 
1 29 18 
1 27 19 
0 
0 
0 
0 
0 
0 
0 
0 
1 30 18 
0 
0 
0 
0 
0 
0 
0 
0 
0 
0 
0 
0 
0 
0 
0 
0 
0 
0 
0 
0 
0 
0 
0 
0 
0 
0 
0 
0 
0 
0 
1 33 0 
1 31 1 
0 
1 32 3 
0 
1 31 4 
1 28 3 
1 30 5 
0 
0 
0 
0 
0 
0 
0 
0 
0 
0 
0 
0 
0 
0 
0 
0 
0 
1 28 6 
0 
0 
0 
0 
0 
0 
0 
0 
0 
0 
0 
0 
0 
0 
1 22 5 
0 
0 
0 
0 
0 
0 
0 
0 
0 
0 
0 
0 
0 
0 
0 
0 
0 
0 
0 
0 
0 
0 
0 
0 
0 
0 
0 
0 
0 
0 
0 
0 
0 
0 
0 
0 
0 
0 
0 
0 
0 
0 
0 
0 
0 
0 
0 
0 
0 
0 
0 
0 
0 
0 
0 
0 
0 
0 
0 
0 
0 
0 
0 
0 
0 
0 
0 
0 
0 
0 
0 
0 
0 
0 
0 
0 
0 
0 
0 
0 
0 
0 
0 
0 
0 
0 
0 
0 
0 
0 
0 
0 
0 
0 
0 
0 
0 
0 
0 
0 
0 
0 
0 
0 
0 
0 
0 
0 
0 
0 
0 
1 19 32 
0 
0 
0 
0 
0 
0 
0 
0 
0 
0 
0 
0 
0 
0 
0 
0 
0 
0 
0 
0 
0 
1 9 26 
1 8 30 
0 
0 
2 5 27 11 27 
0 
0 
1 6 29 
1 3 28 
0 
2 4 31 4 26 
1 2 29 
1 2 30 
0 
0 
1 3 32 
1 0 31 
0 
1 1 29 
0 
1 5 33 
0 
0 
0 
1 6 34 
0 
0 
0 
0 
0 
0 
0 
0 
0 
0 
0 
0 
0 
0 
0 
0 
0 
0 
0 
0 
0 
0 
0 
0 
0 
0 
1 15 33 
2 13 34 16 31 
0 
1 17 34 
0 
1 16 32 
0 
1 17 30 
0 
1 20 34 
0 
0 
0 
0 
0 
0 
0 
0 
0 
0 
0 
0 
0 
0 
0 
0 
0 
0 
0 
0 
0 
0 
0 
0 
0 
0 
0 
0 
0 
0 
0 
0 
0 
0 
0 
0 
0 
0 
0 
0 
0 
0 
0 
0 
0 
0 
0 
0 
0 
0 
0 
0 
0 
1 18 15 
0 
0 
0 
0 
0 
0 
0 
0 
0 
0 
0 
0 
0 
0 
0 
0 
0 
0 
0 
0 
0 
0 
0 
0 
0 
0 
0 
0 
0 
0 
0 
0 
0 
0 
0 
0 
0 
0 
0 
0 
0 
0 
0 
0 
0 
0 
0 
0 
0 
0 
1 4 2 
0 
0 
0 
0 
0 
0 
0 
0 
0 
0 
0 
0 
0 
0 
0 
0 
0 
0 
0 
0 
0 
0 
0 
0 
0 
0 
0 
0 
1 1 14 
0 
0 
0 
0 
0 
0 
0 
0 
0 
0 
0 
0 
0 
0 
0 
0 
1 12 8 
0 
0 
0 
0 
0 
0 
0 
0 
0 
0 
0 
0 
0 
0 
0 
0 
0 
0 
0 
0 
0 
0 
0 
0 
0 
0 
0 
0 
0 
0 
0 
0 
0 
0 
0 
0 
0 
0 
0 
0 
0 
0 
0 
0 
0 
0 
0 
0 
0 
0 
0 
0 
0 
0 
0 
0 
0 
0 
0 
0 
0 
0 
0 
0 
0 
0 
0 
0 
0 
0 
1 8 14 
0 
0 
0 
0 
0 
0 
0 
0 
0 
0 
0 
0 
0 
0 
0 
0 
0 
0 
0 
0 
0 
0 
0 
0 
0 
0 
0 
0 
0 
0 
0 
0 
0 
0 
0 
0 
0 
0 
0 
0 
0 
0 
