3 2 13 0 15 0 11 
2 1 15 1 11 
1 3 14 
1 2 16 
0 
0 
0 
0 
1 4 12 
0 
0 
0 
1 4 15 
1 6 14 
1 5 16 
1 7 15 
2 6 17 7 17 
1 8 16 
0 
0 
0 
0 
0 
0 
0 
0 
0 
1 5 11 
1 4 8 
0 
2 6 9 2 9 
1 5 7 
1 7 8 
1 6 6 
1 8 7 
1 7 5 
0 
1 8 4 
1 10 5 
1 9 3 
1 11 4 
1 10 2 
0 
0 
0 
0 
0 
1 7 4 
0 
0 
0 
0 
0 
0 
0 
1 3 7 
1 1 8 
3 2 5 5 6 1 6 
0 
0 
0 
1 4 4 
1 6 5 
0 
0 
1 6 2 
1 8 3 
0 
0 
0 
1 12 1 
0 
0 
0 
1 13 2 
1 12 3 
0 
0 
1 14 0 
0 
1 14 2 
1 16 1 
0 
1 15 2 
1 18 0 
0 
1 17 3 
2 20 1 21 4 
0 
1 19 2 
0 
0 
1 16 2 
0 
0 
0 
1 22 0 
0 
1 21 2 
2 23 1 22 5 
1 22 3 
1 26 2 
0 
2 24 3 24 4 
1 25 5 
0 
0 
1 26 7 
0 
1 24 6 
1 25 8 
2 23 7 21 7 
1 24 9 
1 21 8 
2 23 9 23 10 
1 22 10 
1 20 9 
0 
1 18 10 
2 20 11 20 12 
2 19 9 19 12 
1 17 11 
1 18 13 
1 16 12 
1 17 14 
1 15 13 
1 16 15 
1 14 14 
1 15 16 
1 13 15 
1 14 17 
1 12 16 
0 
1 10 17 
2 12 18 12 19 
0 
0 
0 
0 
1 12 22 
1 13 22 
2 14 22 14 18 
2 15 22 15 18 
0 
1 17 22 
2 18 22 18 18 
2 19 22 19 18 
1 20 18 
2 21 22 21 18 
2 22 22 22 18 
2 23 22 23 18 
2 24 22 24 18 
2 25 22 25 18 
2 26 22 26 16 
0 
0 
0 
0 
0 
0 
0 
0 
0 
0 
0 
0 
0 
0 
0 
1 9 21 
1 9 22 
2 13 23 9 23 
0 
0 
1 9 24 
2 14 25 9 25 
0 
0 
1 10 26 
0 
1 16 24 
0 
1 15 26 
1 17 25 
0 
1 19 26 
0 
0 
0 
0 
0 
0 
0 
0 
0 
0 
0 
0 
0 
0 
0 
0 
0 
0 
0 
0 
0 
0 
0 
0 
0 
0 
0 
0 
0 
0 
0 
0 
0 
0 
0 
0 
0 
1 20 6 
0 
0 
1 22 4 
0 
0 
0 
0 
