3 2 10 0 12 0 8 
2 1 12 1 7 
0 
0 
0 
1 3 8 
1 2 6 
1 4 7 
1 3 5 
1 5 6 
0 
1 6 5 
1 5 3 
1 7 4 
1 6 1 
1 9 3 
0 
2 8 5 8 1 
0 
0 
1 10 2 
0 
1 11 1 
0 
2 13 0 5 0 
0 
1 12 3 
1 14 1 
0 
2 15 2 11 2 
1 14 5 
0 
1 12 4 
0 
1 9 5 
0 
0 
2 10 7 10 3 
1 8 6 
1 9 8 
1 7 7 
1 8 10 
0 
2 7 9 10 9 
2 9 11 9 16 
2 11 10 8 15 
0 
0 
0 
2 9 13 12 13 
0 
0 
0 
0 
0 
1 15 16 
2 16 16 16 12 
1 17 16 
1 18 16 
2 19 16 19 12 
2 20 16 20 12 
0 
0 
0 
0 
0 
0 
0 
0 
0 
1 16 11 
0 
0 
1 17 10 
1 16 8 
1 18 9 
0 
0 
0 
0 
0 
0 
0 
0 
0 
1 14 7 
1 10 8 
1 15 5 
1 17 7 
1 16 5 
2 19 6 14 6 
0 
2 18 8 18 4 
1 20 5 
0 
0 
0 
1 20 10 
0 
0 
0 
0 
0 
0 
0 
0 
0 
0 
0 
0 
0 
0 
0 
0 
0 
0 
0 
0 
0 
0 
0 
1 9 15 
2 8 13 8 12 
2 7 15 7 12 
1 6 13 
1 5 15 
1 3 13 
0 
0 
1 6 11 
0 
1 3 10 
0 
0 
0 
0 
0 
0 
0 
0 
0 
0 
1 2 14 
1 0 13 
1 1 15 
0 
1 0 17 
0 
1 2 16 
0 
1 3 17 
0 
0 
2 3 19 5 19 
0 
0 
1 4 17 
0 
1 6 18 
0 
0 
1 6 16 
1 7 20 
0 
