2 2 14 0 16 
2 1 16 1 12 
1 3 13 
1 2 11 
0 
0 
0 
0 
1 3 15 
0 
1 4 16 
1 3 18 
1 6 17 
0 
2 5 19 5 14 
2 6 16 7 16 
1 7 15 
1 6 13 
1 8 14 
1 7 12 
0 
0 
0 
0 
0 
1 4 13 
0 
0 
0 
1 7 18 
1 6 20 
1 8 19 
2 7 21 12 19 
0 
0 
1 10 21 
1 9 23 
1 11 22 
1 10 24 
1 12 23 
1 11 25 
1 13 24 
1 12 26 
1 14 25 
0 
2 14 26 15 26 
1 17 27 
0 
0 
1 16 25 
1 18 26 
1 17 24 
1 19 25 
1 18 22 
0 
1 20 23 
1 19 21 
1 21 22 
1 20 20 
1 23 21 
0 
1 22 23 
1 24 22 
1 23 24 
1 25 23 
1 24 26 
0 
2 26 25 22 25 
1 25 27 
0 
0 
0 
0 
1 25 22 
0 
1 26 20 
0 
1 24 21 
1 25 19 
0 
1 27 19 
0 
0 
1 23 20 
1 24 18 
1 22 19 
1 23 17 
1 21 18 
1 22 16 
1 20 17 
0 
1 19 16 
1 20 14 
1 18 15 
1 19 13 
1 17 14 
1 18 12 
1 16 13 
1 17 11 
1 15 12 
1 16 10 
1 14 11 
1 15 9 
1 13 10 
1 14 8 
1 12 9 
0 
1 11 8 
1 12 6 
1 10 7 
1 11 5 
1 9 6 
1 10 4 
1 8 5 
1 9 3 
1 7 4 
1 8 2 
1 6 3 
3 7 1 10 1 5 1 
1 4 2 
0 
0 
0 
0 
0 
0 
0 
1 12 2 
0 
1 11 4 
1 13 3 
1 12 5 
1 14 4 
1 13 6 
1 15 5 
1 14 7 
1 16 6 
1 15 8 
1 17 7 
1 16 9 
1 18 8 
1 17 10 
1 19 9 
1 18 11 
1 20 10 
1 19 12 
1 21 11 
1 20 13 
0 
0 
0 
0 
0 
0 
0 
0 
0 
0 
0 
0 
0 
0 
0 
0 
0 
0 
0 
0 
0 
0 
1 13 1 
0 
1 10 0 
0 
1 14 3 
1 16 1 
1 15 3 
2 17 2 13 2 
1 16 5 
0 
1 17 6 
1 15 4 
1 19 5 
1 18 7 
1 20 6 
1 19 8 
1 21 7 
1 20 9 
1 22 8 
0 
0 
1 22 11 
1 24 10 
1 23 12 
1 25 11 
1 24 13 
1 26 12 
1 25 14 
0 
1 26 15 
2 27 17 27 10 
0 
0 
1 26 9 
0 
1 25 8 
0 
1 24 7 
0 
1 23 6 
0 
1 22 5 
0 
1 21 3 
0 
2 24 4 19 4 
1 22 2 
1 23 2 
1 25 3 
1 24 1 
1 26 2 
1 25 0 
0 
0 
1 27 4 
0 
0 
0 
0 
0 
0 
0 
1 25 4 
0 
0 
0 
0 
0 
0 
0 
0 
0 
0 
0 
0 
0 
0 
0 
0 
0 
0 
0 
0 
0 
0 
0 
0 
0 
0 
0 
0 
0 
0 
0 
0 
0 
0 
0 
0 
0 
0 
0 
0 
0 
0 
0 
0 
0 
0 
0 
0 
0 
0 
0 
0 
0 
0 
0 
0 
0 
0 
1 4 3 
0 
1 5 5 
0 
1 3 4 
1 6 6 
0 
1 7 7 
0 
1 8 8 
0 
1 9 9 
0 
1 10 10 
1 11 9 
0 
0 
0 
0 
0 
0 
0 
0 
0 
0 
1 4 6 
1 2 5 
1 3 8 
1 0 6 
1 5 7 
1 4 10 
0 
1 8 9 
1 5 11 
1 6 7 
0 
1 9 10 
1 8 12 
1 10 11 
1 9 13 
1 11 12 
0 
0 
0 
0 
0 
0 
0 
0 
0 
0 
0 
1 0 12 
0 
0 
0 
0 
0 
0 
0 
0 
0 
1 1 4 
0 
1 0 2 
0 
1 3 3 
1 1 0 
0 
0 
0 
0 
0 
0 
0 
0 
0 
0 
0 
0 
0 
0 
0 
0 
0 
0 
0 
0 
0 
0 
0 
0 
0 
0 
0 
0 
0 
0 
0 
0 
0 
0 
1 18 2 
0 
0 
0 
0 
0 
0 
0 
0 
0 
0 
0 
0 
0 
0 
0 
0 
0 
0 
0 
0 
0 
0 
0 
0 
0 
0 
0 
0 
0 
0 
0 
0 
0 
0 
0 
0 
0 
0 
0 
0 
0 
0 
0 
0 
0 
1 26 6 
0 
0 
0 
0 
0 
0 
0 
0 
0 
0 
0 
0 
0 
0 
0 
0 
0 
0 
0 
0 
0 
0 
0 
0 
0 
0 
0 
1 25 15 
0 
0 
0 
0 
0 
0 
0 
0 
0 
0 
0 
0 
0 
0 
0 
0 
0 
0 
0 
0 
0 
0 
0 
0 
0 
0 
0 
0 
0 
0 
0 
0 
0 
0 
0 
0 
0 
0 
0 
0 
0 
0 
0 
0 
0 
0 
0 
0 
0 
0 
0 
0 
0 
0 
0 
0 
0 
0 
1 10 14 
2 12 13 13 18 
1 11 15 
1 13 14 
2 12 18 12 17 
3 13 15 14 15 15 19 
2 15 16 10 16 
0 
1 14 18 
1 16 17 
0 
1 17 18 
1 16 20 
1 21 19 
1 17 22 
2 18 20 19 20 
1 15 21 
1 16 24 
0 
1 13 23 
1 15 25 
0 
2 13 22 12 22 
1 11 21 
0 
0 
1 10 20 
1 11 19 
0 
0 
0 
0 
1 15 20 
0 
