3 2 12 0 14 0 10 
2 1 14 1 10 
1 3 11 
1 2 9 
1 4 10 
1 3 8 
1 5 9 
1 4 7 
1 6 8 
1 5 6 
1 7 7 
1 6 5 
1 8 6 
1 7 4 
1 9 5 
1 8 3 
1 10 4 
1 9 2 
1 11 3 
1 10 1 
1 12 2 
0 
1 13 1 
2 13 0 8 0 
0 
0 
1 7 1 
0 
1 6 2 
0 
0 
1 5 5 
1 3 4 
0 
2 4 6 4 2 
1 2 5 
1 3 7 
1 1 6 
0 
0 
1 0 8 
0 
0 
0 
0 
0 
0 
1 2 3 
1 3 1 
1 1 2 
0 
0 
0 
1 0 4 
0 
0 
0 
0 
0 
1 0 7 
0 
0 
0 
0 
0 
0 
0 
0 
0 
0 
0 
0 
0 
0 
0 
0 
0 
0 
0 
0 
0 
0 
0 
0 
0 
0 
0 
0 
0 
0 
0 
0 
0 
0 
0 
0 
0 
0 
0 
0 
0 
0 
0 
0 
0 
0 
1 3 13 
1 2 15 
1 4 14 
1 3 16 
1 5 15 
1 4 17 
2 5 14 6 16 
1 5 18 
1 7 17 
1 6 19 
1 8 18 
1 7 21 
0 
2 8 20 5 20 
1 6 22 
1 4 21 
1 5 23 
1 3 22 
0 
1 2 23 
2 7 24 0 24 
0 
0 
1 8 23 
0 
1 9 22 
0 
1 10 21 
3 9 19 15 19 14 18 
0 
1 10 18 
1 12 19 
1 11 17 
2 13 18 15 17 
1 12 16 
2 14 17 17 18 
1 13 15 
1 15 16 
1 14 14 
1 16 15 
1 15 13 
1 17 14 
1 16 12 
1 18 13 
1 17 11 
1 19 12 
1 18 10 
1 20 11 
1 19 9 
1 21 10 
1 20 8 
1 22 9 
1 21 7 
1 23 8 
1 22 6 
0 
1 23 5 
2 24 10 24 3 
0 
0 
1 22 4 
1 23 2 
1 21 3 
1 22 1 
2 21 4 20 2 
0 
1 19 1 
0 
2 24 0 17 0 
0 
1 18 2 
1 16 1 
1 17 3 
1 15 2 
1 16 4 
1 14 3 
1 15 5 
1 13 4 
1 14 6 
1 12 5 
1 13 7 
1 11 6 
1 12 8 
1 10 7 
1 11 9 
1 9 8 
1 10 10 
1 8 9 
1 9 11 
1 7 10 
1 8 12 
1 6 11 
1 7 13 
1 5 12 
1 6 15 
0 
1 8 14 
1 7 16 
1 9 15 
1 8 17 
1 11 16 
1 9 18 
1 10 14 
1 12 15 
1 11 13 
1 13 14 
1 12 12 
1 14 13 
1 13 11 
1 15 12 
1 14 10 
1 16 11 
1 15 9 
1 17 10 
1 16 8 
1 18 9 
1 17 7 
1 19 8 
1 18 6 
1 20 7 
1 19 5 
1 21 6 
0 
0 
0 
0 
0 
0 
0 
0 
0 
0 
0 
0 
0 
0 
0 
0 
0 
0 
0 
0 
0 
0 
1 8 13 
0 
0 
0 
0 
0 
0 
0 
0 
0 
0 
0 
0 
0 
0 
0 
0 
0 
0 
0 
1 15 6 
0 
0 
0 
0 
0 
0 
0 
0 
0 
0 
0 
0 
0 
0 
0 
0 
0 
0 
0 
0 
0 
0 
0 
0 
0 
0 
0 
0 
0 
0 
0 
0 
0 
0 
0 
0 
0 
0 
0 
0 
0 
0 
0 
0 
0 
0 
0 
0 
0 
0 
0 
0 
0 
0 
0 
0 
0 
0 
0 
0 
0 
0 
0 
0 
0 
0 
0 
0 
0 
0 
0 
0 
0 
0 
0 
0 
0 
0 
0 
0 
0 
0 
0 
0 
0 
0 
0 
0 
0 
0 
0 
0 
0 
0 
0 
0 
0 
0 
0 
0 
0 
0 
0 
0 
0 
0 
0 
0 
0 
0 
0 
0 
0 
1 4 1 
0 
0 
0 
1 7 0 
0 
0 
0 
0 
0 
0 
0 
0 
0 
0 
0 
0 
0 
0 
0 
0 
0 
0 
0 
0 
0 
0 
0 
0 
0 
0 
0 
0 
0 
0 
0 
0 
0 
0 
0 
0 
0 
0 
0 
0 
0 
0 
0 
0 
0 
0 
0 
0 
0 
0 
0 
0 
0 
0 
0 
0 
0 
0 
0 
0 
0 
0 
0 
0 
0 
0 
0 
0 
0 
0 
0 
0 
0 
0 
0 
0 
0 
0 
0 
0 
0 
0 
0 
0 
0 
0 
0 
0 
0 
0 
0 
0 
0 
0 
0 
0 
0 
0 
0 
1 23 11 
0 
1 22 12 
0 
1 21 13 
0 
1 20 14 
0 
1 19 15 
0 
1 18 16 
0 
0 
1 16 16 
2 16 17 19 17 
1 18 19 
1 20 18 
1 19 20 
1 21 19 
1 20 21 
1 22 20 
1 21 22 
1 23 21 
1 22 23 
0 
1 23 23 
1 24 19 
0 
1 20 24 
0 
0 
0 
1 19 23 
0 
1 18 22 
0 
1 17 21 
0 
1 15 20 
1 17 19 
1 16 22 
1 14 21 
1 15 23 
1 13 22 
0 
2 13 23 12 23 
2 17 24 10 24 
0 
0 
1 11 21 
0 
0 
0 
0 
0 
0 
0 
0 
0 
0 
0 
0 
0 
0 
0 
0 
0 
0 
0 
0 
0 
0 
0 
0 
0 
0 
0 
0 
0 
0 
0 
0 
0 
0 
0 
0 
0 
0 
0 
0 
0 
0 
0 
0 
0 
0 
0 
0 
0 
0 
0 
0 
0 
0 
0 
0 
0 
0 
0 
0 
0 
0 
0 
0 
0 
0 
0 
0 
0 
0 
0 
0 
0 
0 
0 
0 
0 
0 
0 
0 
0 
0 
0 
0 
0 
0 
0 
0 
0 
0 
0 
0 
0 
0 
0 
0 
0 
0 
0 
0 
0 
0 
0 
0 
0 
0 
0 
0 
0 
0 
0 
0 
0 
0 
0 
0 
1 20 3 
1 22 5 
1 17 4 
1 19 2 
0 
1 16 5 
0 
0 
0 
1 14 7 
0 
1 13 8 
0 
1 12 9 
0 
1 11 10 
0 
0 
0 
0 
0 
0 
0 
0 
0 
0 
0 
0 
0 
0 
0 
0 
0 
0 
0 
0 
0 
0 
0 
0 
0 
0 
0 
0 
0 
0 
0 
0 
0 
0 
0 
0 
0 
0 
0 
0 
0 
0 
0 
0 
0 
0 
0 
0 
0 
0 
0 
0 
0 
0 
0 
0 
0 
0 
0 
0 
0 
0 
0 
0 
0 
0 
0 
0 
0 
0 
0 
0 
0 
0 
0 
0 
0 
0 
0 
0 
0 
0 
0 
0 
0 
0 
0 
0 
0 
0 
0 
0 
0 
0 
0 
0 
0 
0 
0 
0 
0 
0 
0 
0 
0 
0 
0 
0 
0 
0 
0 
0 
0 
1 23 18 
0 
1 22 17 
0 
1 21 16 
0 
0 
1 19 16 
1 22 15 
0 
1 23 14 
0 
0 
0 
0 
0 
0 
0 
0 
0 
0 
0 
0 
0 
0 
0 
0 
0 
0 
0 
0 
0 
0 
0 
0 
0 
0 
0 
0 
0 
0 
0 
0 
0 
0 
0 
0 
0 
0 
0 
0 
0 
0 
0 
0 
0 
0 
0 
0 
0 
0 
0 
0 
0 
0 
0 
0 
0 
0 
0 
0 
0 
0 
0 
0 
0 
0 
0 
0 
0 
0 
0 
0 
0 
0 
0 
0 
0 
0 
0 
0 
0 
0 
0 
0 
1 3 12 
0 
0 
0 
0 
0 
0 
0 
0 
0 
0 
0 
0 
0 
0 
0 
0 
0 
0 
0 
0 
0 
0 
0 
0 
0 
0 
0 
0 
0 
0 
0 
0 
0 
0 
0 
0 
0 
0 
0 
0 
0 
0 
0 
0 
0 
0 
0 
0 
0 
0 
0 
0 
0 
0 
0 
0 
0 
0 
0 
0 
0 
0 
0 
0 
0 
0 
0 
0 
0 
0 
0 
0 
0 
0 
0 
0 
0 
0 
0 
0 
0 
0 
0 
0 
0 
0 
0 
0 
0 
0 
0 
0 
0 
0 
0 
0 
0 
0 
0 
0 
0 
0 
0 
0 
0 
0 
0 
0 
0 
0 
0 
0 
0 
0 
0 
0 
0 
1 23 12 
2 24 16 24 11 
0 
0 
0 
0 
0 
0 
0 
0 
0 
0 
0 
0 
0 
0 
0 
0 
0 
0 
0 
0 
0 
0 
0 
0 
0 
0 
0 
0 
0 
0 
0 
0 
0 
0 
0 
0 
0 
0 
0 
0 
0 
0 
0 
0 
0 
0 
0 
0 
0 
0 
0 
0 
0 
0 
0 
0 
0 
0 
0 
0 
0 
0 
0 
0 
0 
0 
0 
0 
0 
0 
0 
0 
0 
0 
0 
0 
0 
0 
0 
0 
0 
0 
0 
0 
0 
1 1 22 
0 
1 0 20 
0 
1 3 21 
2 1 20 1 19 
2 2 22 2 19 
1 4 20 
1 3 17 
1 5 19 
2 4 18 1 18 
1 2 16 
0 
0 
0 
0 
0 
0 
0 
0 
0 
0 
0 
0 
0 
0 
0 
0 
0 
0 
0 
0 
0 
0 
0 
0 
0 
0 
0 
0 
0 
0 
0 
0 
0 
0 
0 
0 
0 
0 
0 
0 
0 
0 
0 
0 
0 
0 
0 
0 
0 
0 
0 
0 
0 
0 
0 
0 
0 
0 
0 
0 
0 
0 
0 
0 
0 
0 
0 
0 
0 
0 
0 
0 
0 
0 
0 
0 
0 
0 
0 
0 
0 
0 
0 
0 
0 
0 
0 
0 
0 
0 
0 
0 
0 
0 
0 
0 
0 
0 
0 
0 
1 22 16 
0 
1 24 18 
0 
0 
0 
0 
0 
0 
0 
0 
0 
0 
0 
0 
0 
0 
0 
0 
0 
0 
0 
0 
0 
0 
0 
0 
0 
0 
0 
0 
0 
0 
0 
0 
0 
0 
0 
0 
0 
0 
0 
0 
0 
0 
0 
0 
0 
0 
0 
0 
0 
0 
0 
0 
0 
0 
0 
0 
0 
0 
0 
0 
0 
0 
0 
0 
0 
0 
0 
0 
0 
0 
0 
0 
0 
0 
0 
0 
0 
0 
0 
0 
0 
0 
0 
0 
0 
0 
0 
0 
0 
0 
0 
0 
0 
0 
0 
0 
0 
0 
0 
0 
0 
0 
0 
0 
0 
0 
0 
0 
0 
0 
0 
0 
0 
0 
0 
0 
0 
0 
0 
0 
0 
0 
0 
0 
0 
0 
0 
0 
0 
0 
0 
0 
0 
0 
0 
0 
0 
0 
0 
0 
0 
0 
0 
0 
0 
0 
0 
0 
0 
0 
0 
0 
0 
0 
0 
0 
0 
0 
0 
0 
0 
0 
0 
0 
0 
0 
0 
0 
0 
0 
1 5 2 
0 
0 
0 
0 
0 
0 
0 
0 
0 
0 
0 
0 
0 
0 
0 
0 
0 
0 
0 
0 
0 
0 
0 
0 
0 
0 
0 
0 
0 
0 
0 
0 
0 
0 
0 
0 
0 
0 
0 
0 
0 
0 
0 
0 
0 
0 
0 
0 
0 
0 
0 
0 
0 
0 
0 
0 
0 
0 
0 
0 
0 
0 
0 
0 
0 
0 
0 
0 
0 
0 
0 
0 
0 
0 
0 
0 
0 
0 
0 
0 
0 
0 
0 
0 
0 
0 
0 
0 
0 
0 
0 
0 
0 
0 
0 
0 
0 
0 
0 
0 
0 
0 
0 
0 
0 
0 
0 
0 
0 
0 
0 
0 
0 
0 
0 
0 
0 
0 
0 
0 
0 
0 
0 
0 
0 
0 
0 
0 
0 
0 
0 
0 
0 
0 
0 
0 
0 
0 
0 
0 
0 
0 
0 
0 
0 
0 
0 
0 
0 
0 
0 
0 
0 
0 
0 
0 
0 
0 
