2 2 17 0 15 
0 
1 3 16 
1 2 14 
1 4 15 
1 3 13 
1 5 14 
1 4 12 
1 7 13 
0 
1 6 11 
1 8 12 
0 
1 9 11 
0 
0 
2 10 9 6 9 
1 9 6 
0 
1 11 7 
1 10 5 
1 12 6 
0 
1 13 5 
0 
1 14 4 
0 
0 
0 
0 
0 
0 
0 
0 
0 
1 6 6 
1 7 4 
1 4 5 
0 
2 5 8 5 3 
1 3 4 
1 4 2 
0 
1 3 1 
1 2 1 
1 0 2 
0 
1 0 3 
1 5 0 
0 
0 
0 
0 
0 
0 
1 12 2 
0 
2 9 0 7 0 
1 9 5 
1 10 0 
1 11 0 
0 
0 
1 15 0 
0 
1 14 3 
1 17 1 
0 
1 16 3 
1 18 2 
1 17 4 
1 19 3 
1 18 5 
1 20 4 
1 19 6 
1 21 5 
1 20 7 
1 22 6 
1 21 8 
1 23 7 
1 22 9 
0 
0 
0 
0 
0 
0 
0 
0 
0 
0 
0 
0 
0 
0 
0 
0 
1 19 0 
0 
0 
1 20 1 
0 
1 21 2 
0 
1 23 3 
0 
1 22 1 
1 24 2 
0 
1 25 1 
0 
1 20 0 
0 
1 26 2 
1 28 1 
1 27 3 
1 29 2 
1 28 4 
1 30 3 
1 29 5 
1 31 4 
1 30 6 
0 
1 31 7 
2 32 10 32 2 
0 
0 
0 
1 30 9 
1 31 11 
1 28 10 
0 
0 
0 
0 
0 
1 28 13 
1 26 12 
1 27 14 
1 25 13 
1 26 15 
1 24 14 
1 25 16 
1 22 15 
0 
2 23 17 23 13 
0 
0 
0 
0 
1 20 16 
1 22 18 
1 21 18 
0 
0 
1 18 17 
0 
1 19 19 
1 16 18 
0 
1 17 15 
1 15 17 
1 16 14 
1 18 16 
1 14 15 
1 15 13 
1 13 14 
0 
1 12 13 
1 13 11 
1 11 12 
1 12 10 
0 
1 11 8 
0 
1 13 9 
1 12 7 
1 14 8 
1 13 6 
1 15 7 
0 
1 16 6 
1 15 3 
0 
0 
1 17 7 
0 
1 18 9 
0 
1 20 8 
0 
0 
0 
1 16 7 
0 
0 
0 
0 
0 
0 
0 
0 
0 
0 
0 
1 10 14 
0 
0 
0 
0 
0 
1 11 15 
0 
1 12 16 
0 
1 13 17 
0 
1 14 19 
0 
2 15 18 12 18 
1 13 20 
1 10 19 
0 
2 11 20 11 16 
1 9 18 
1 10 16 
2 12 17 8 17 
3 9 14 10 15 9 15 
1 6 16 
0 
1 7 18 
1 5 17 
1 6 19 
0 
0 
0 
0 
0 
0 
0 
0 
1 4 18 
0 
1 3 20 
0 
1 5 19 
1 4 21 
1 6 20 
3 5 22 6 22 4 22 
1 8 21 
0 
1 7 22 
0 
0 
0 
2 9 21 11 26 
0 
1 10 22 
1 12 21 
1 11 23 
0 
0 
2 13 23 14 23 
1 14 24 
2 11 25 13 26 
0 
0 
2 15 25 12 28 
1 14 27 
1 16 26 
1 15 28 
1 17 27 
1 16 29 
1 18 28 
1 17 30 
1 19 29 
0 
1 20 30 
1 19 33 
1 23 31 
1 16 32 
0 
1 17 31 
1 14 33 
0 
1 15 31 
0 
0 
1 13 31 
1 10 33 
0 
0 
1 8 32 
1 8 31 
1 9 29 
0 
0 
1 10 26 
1 11 29 
2 9 28 7 28 
2 11 27 7 27 
0 
2 8 29 8 24 
0 
2 9 25 6 25 
0 
2 6 24 5 24 
2 2 23 10 23 
0 
0 
0 
0 
0 
0 
0 
0 
0 
0 
0 
0 
0 
0 
0 
0 
0 
0 
0 
0 
0 
0 
0 
0 
0 
0 
0 
0 
0 
0 
0 
0 
0 
1 17 26 
0 
0 
0 
0 
0 
0 
0 
0 
0 
0 
0 
0 
0 
0 
0 
0 
0 
0 
0 
0 
0 
0 
0 
0 
0 
0 
0 
0 
0 
0 
0 
0 
0 
0 
0 
0 
0 
0 
0 
0 
0 
0 
0 
0 
0 
0 
0 
0 
0 
0 
0 
0 
0 
0 
0 
0 
0 
0 
0 
0 
0 
0 
0 
0 
0 
0 
0 
0 
0 
0 
0 
0 
0 
0 
1 19 10 
0 
0 
0 
0 
0 
0 
0 
0 
0 
0 
0 
0 
0 
0 
0 
0 
0 
0 
0 
0 
0 
0 
0 
0 
0 
0 
0 
0 
0 
0 
0 
0 
0 
0 
0 
0 
0 
0 
0 
0 
0 
0 
0 
0 
0 
0 
1 27 10 
0 
0 
0 
0 
0 
0 
0 
0 
0 
0 
0 
0 
0 
0 
0 
0 
0 
0 
0 
0 
0 
0 
0 
0 
0 
1 23 18 
0 
0 
0 
0 
0 
0 
0 
0 
0 
0 
0 
0 
0 
0 
0 
0 
0 
0 
0 
0 
0 
0 
0 
0 
0 
0 
0 
0 
0 
0 
0 
0 
0 
0 
0 
0 
0 
0 
0 
0 
0 
0 
0 
0 
0 
0 
0 
0 
0 
0 
0 
0 
0 
0 
0 
0 
0 
0 
0 
0 
0 
0 
0 
0 
0 
0 
0 
0 
0 
0 
0 
0 
0 
0 
0 
0 
0 
0 
0 
0 
0 
0 
0 
0 
0 
1 21 28 
1 22 29 
1 24 30 
0 
0 
1 25 28 
1 24 26 
0 
1 25 25 
1 27 26 
1 26 24 
1 29 25 
0 
1 28 28 
1 30 24 
1 29 22 
1 31 23 
1 30 21 
1 32 22 
1 31 20 
1 33 21 
1 32 19 
0 
1 33 17 
0 
1 31 18 
1 32 16 
1 30 17 
1 31 15 
1 29 16 
3 30 14 31 14 28 14 
1 27 15 
0 
1 28 18 
1 26 16 
1 27 18 
1 29 17 
1 26 19 
0 
1 25 21 
0 
0 
0 
1 23 20 
1 24 22 
0 
1 23 23 
1 21 22 
1 22 25 
0 
1 20 24 
0 
0 
0 
0 
0 
0 
0 
0 
1 18 27 
0 
0 
1 19 25 
0 
0 
0 
0 
0 
0 
0 
0 
0 
0 
0 
0 
0 
0 
0 
0 
0 
0 
0 
0 
0 
0 
0 
0 
0 
0 
0 
0 
0 
0 
0 
0 
0 
0 
0 
0 
0 
0 
0 
0 
0 
0 
0 
0 
0 
1 30 26 
0 
2 31 27 27 27 
1 30 29 
1 33 28 
1 31 30 
2 32 32 32 25 
0 
0 
0 
0 
0 
0 
1 33 22 
0 
0 
0 
0 
0 
0 
0 
0 
0 
1 30 31 
0 
1 29 32 
0 
1 27 33 
0 
1 28 31 
1 25 32 
0 
1 26 30 
0 
0 
0 
0 
0 
0 
0 
0 
0 
0 
0 
0 
0 
0 
0 
0 
0 
0 
0 
0 
0 
0 
0 
0 
0 
0 
0 
0 
0 
0 
0 
0 
0 
0 
0 
0 
0 
0 
0 
0 
0 
0 
0 
0 
0 
0 
0 
0 
0 
0 
0 
0 
0 
0 
0 
0 
0 
0 
0 
0 
0 
1 12 31 
1 13 29 
0 
0 
0 
0 
0 
0 
0 
0 
0 
0 
0 
0 
0 
0 
0 
0 
0 
0 
0 
0 
0 
0 
0 
0 
0 
0 
0 
0 
0 
0 
0 
0 
0 
0 
0 
0 
0 
0 
0 
0 
0 
0 
0 
0 
0 
0 
0 
0 
0 
0 
0 
0 
0 
0 
0 
1 26 28 
0 
0 
0 
0 
0 
0 
0 
0 
0 
0 
0 
0 
0 
0 
0 
0 
0 
0 
0 
0 
0 
0 
0 
0 
0 
0 
0 
0 
0 
0 
0 
0 
0 
0 
0 
0 
0 
0 
0 
0 
0 
0 
0 
0 
0 
0 
0 
0 
0 
2 16 23 16 25 
0 
1 19 24 
0 
0 
0 
0 
0 
0 
0 
0 
0 
0 
0 
0 
0 
0 
0 
0 
0 
0 
0 
0 
0 
0 
0 
0 
0 
0 
0 
0 
0 
0 
0 
0 
0 
0 
0 
0 
0 
0 
0 
0 
0 
0 
0 
1 30 20 
0 
0 
0 
0 
0 
0 
0 
0 
0 
0 
0 
0 
0 
0 
0 
0 
0 
0 
0 
0 
0 
0 
0 
0 
0 
0 
0 
0 
0 
0 
0 
0 
0 
0 
0 
0 
0 
0 
0 
0 
0 
0 
0 
0 
0 
0 
0 
0 
0 
0 
0 
0 
0 
0 
0 
0 
0 
0 
0 
0 
0 
0 
0 
0 
0 
0 
0 
0 
0 
0 
0 
0 
0 
0 
0 
0 
0 
0 
0 
0 
0 
0 
0 
0 
0 
0 
0 
0 
0 
0 
0 
0 
0 
0 
0 
0 
0 
0 
0 
0 
0 
0 
1 21 9 
1 20 11 
0 
0 
1 23 11 
0 
1 25 12 
0 
1 24 9 
1 25 9 
0 
0 
1 26 8 
0 
0 
0 
0 
0 
0 
0 
0 
0 
0 
0 
0 
0 
0 
0 
0 
0 
0 
0 
0 
0 
0 
0 
0 
0 
0 
0 
0 
0 
0 
0 
0 
0 
0 
0 
0 
0 
0 
0 
0 
0 
0 
0 
0 
0 
0 
0 
0 
0 
0 
0 
0 
0 
0 
0 
0 
0 
0 
0 
0 
0 
0 
0 
0 
0 
0 
0 
0 
0 
0 
0 
0 
0 
0 
0 
0 
0 
0 
0 
0 
0 
0 
0 
0 
0 
0 
0 
0 
0 
0 
0 
0 
0 
0 
0 
0 
0 
0 
0 
0 
0 
0 
0 
0 
0 
0 
0 
0 
0 
0 
0 
0 
0 
0 
0 
0 
0 
0 
0 
0 
0 
0 
0 
0 
0 
0 
0 
0 
2 4 24 4 25 
2 3 26 3 21 
0 
0 
1 2 28 
0 
1 1 27 
0 
0 
0 
1 4 27 
1 3 29 
1 6 28 
0 
2 5 31 5 25 
0 
0 
0 
0 
0 
0 
0 
0 
0 
0 
0 
0 
0 
0 
0 
0 
0 
0 
0 
0 
0 
0 
0 
0 
0 
0 
0 
0 
0 
0 
0 
0 
0 
0 
0 
0 
0 
0 
0 
0 
0 
0 
0 
0 
0 
0 
0 
0 
0 
0 
0 
0 
0 
0 
0 
0 
0 
0 
0 
0 
0 
0 
0 
0 
0 
0 
0 
0 
0 
0 
0 
0 
0 
0 
0 
0 
0 
0 
0 
0 
0 
0 
0 
0 
0 
0 
0 
0 
0 
0 
0 
0 
0 
0 
0 
0 
0 
0 
0 
0 
0 
0 
0 
0 
0 
0 
0 
0 
0 
0 
0 
0 
0 
0 
0 
0 
0 
0 
0 
0 
0 
0 
0 
0 
0 
0 
0 
0 
0 
0 
0 
0 
0 
0 
0 
0 
0 
0 
0 
0 
0 
0 
0 
0 
0 
0 
0 
0 
0 
0 
0 
1 30 2 
0 
0 
0 
0 
0 
0 
1 25 2 
0 
0 
0 
0 
0 
0 
0 
0 
0 
0 
0 
0 
0 
0 
0 
0 
0 
0 
0 
0 
0 
0 
0 
0 
0 
0 
0 
0 
0 
0 
0 
0 
0 
0 
0 
0 
0 
0 
0 
0 
0 
0 
0 
0 
0 
0 
0 
0 
1 3 6 
1 4 9 
2 6 7 1 7 
1 3 9 
1 2 10 
0 
0 
0 
0 
1 1 12 
1 0 4 
0 
0 
0 
0 
0 
0 
0 
0 
0 
0 
0 
0 
0 
0 
0 
0 
0 
0 
0 
0 
0 
0 
0 
0 
0 
0 
0 
0 
0 
0 
0 
0 
0 
0 
0 
0 
0 
0 
0 
0 
0 
0 
0 
0 
0 
0 
0 
0 
0 
0 
0 
0 
0 
0 
0 
0 
1 26 3 
0 
0 
0 
0 
0 
0 
0 
1 30 7 
0 
0 
0 
0 
0 
0 
0 
0 
0 
0 
0 
0 
0 
0 
0 
0 
0 
0 
0 
0 
0 
0 
0 
0 
0 
0 
0 
0 
0 
0 
0 
0 
0 
0 
0 
0 
0 
0 
0 
0 
0 
0 
0 
0 
0 
0 
0 
0 
0 
0 
0 
0 
0 
0 
0 
0 
0 
0 
0 
0 
0 
0 
0 
0 
0 
0 
0 
0 
0 
0 
0 
0 
0 
0 
0 
0 
0 
0 
0 
0 
0 
0 
0 
0 
0 
1 9 22 
0 
0 
0 
0 
0 
0 
0 
0 
0 
0 
0 
0 
0 
0 
0 
0 
0 
0 
0 
0 
0 
0 
0 
0 
0 
0 
0 
0 
0 
0 
0 
0 
0 
0 
0 
0 
0 
0 
0 
0 
0 
0 
0 
0 
0 
0 
0 
