2 2 10 0 8 
1 1 8 
1 3 11 
1 2 13 
1 4 12 
1 3 14 
1 5 13 
1 4 15 
2 5 14 6 14 
0 
0 
0 
0 
0 
0 
0 
1 3 9 
0 
0 
1 0 7 
1 3 5 
1 5 6 
1 4 4 
1 6 5 
1 5 3 
1 8 4 
0 
1 7 6 
1 9 5 
1 8 7 
1 10 6 
1 9 8 
2 10 5 11 7 
1 10 9 
2 11 8 13 8 
0 
0 
0 
0 
0 
0 
0 
0 
0 
0 
0 
0 
0 
0 
0 
0 
0 
1 1 5 
0 
1 0 3 
0 
1 3 4 
1 1 2 
1 2 2 
0 
0 
1 5 2 
1 4 0 
1 1 1 
0 
0 
1 9 0 
0 
1 8 2 
1 11 1 
0 
1 10 3 
0 
0 
1 13 0 
0 
1 12 2 
1 14 1 
0 
1 15 2 
1 14 4 
1 16 3 
1 15 5 
1 17 4 
1 16 6 
1 18 5 
1 17 7 
0 
1 18 8 
1 19 3 
0 
0 
1 16 9 
0 
1 17 10 
1 15 8 
0 
1 13 7 
0 
2 14 8 14 5 
1 11 6 
2 13 5 13 4 
1 12 4 
0 
0 
3 14 9 14 14 13 15 
1 13 11 
0 
2 14 11 14 12 
1 15 11 
1 16 12 
1 18 11 
1 17 13 
0 
2 18 13 18 14 
1 19 16 
0 
0 
1 17 15 
2 18 17 14 17 
1 15 16 
0 
1 16 13 
0 
1 17 14 
0 
0 
0 
0 
0 
0 
1 14 18 
1 16 19 
0 
0 
0 
1 12 19 
0 
1 13 17 
1 11 18 
1 12 15 
2 11 17 10 17 
1 10 16 
1 11 14 
1 9 15 
0 
1 8 14 
1 9 12 
1 6 13 
1 8 10 
1 7 16 
0 
2 8 15 5 15 
1 6 17 
1 4 16 
0 
0 
0 
0 
0 
0 
1 11 11 
0 
1 10 10 
1 7 9 
0 
1 6 8 
0 
0 
0 
0 
0 
0 
0 
0 
0 
0 
0 
0 
0 
0 
0 
0 
0 
0 
0 
0 
0 
0 
0 
0 
0 
0 
0 
0 
0 
0 
0 
0 
0 
0 
0 
0 
0 
0 
0 
0 
0 
0 
0 
0 
0 
0 
0 
0 
0 
0 
0 
0 
0 
0 
0 
0 
0 
0 
0 
0 
0 
0 
0 
0 
0 
0 
0 
0 
0 
0 
0 
0 
0 
0 
0 
0 
0 
0 
0 
0 
0 
0 
0 
0 
0 
0 
0 
0 
0 
1 0 2 
0 
0 
0 
0 
0 
0 
0 
0 
0 
0 
0 
0 
2 12 3 9 3 
0 
0 
0 
0 
0 
0 
0 
0 
0 
0 
0 
0 
0 
0 
0 
0 
0 
0 
0 
0 
0 
0 
0 
0 
0 
0 
0 
0 
0 
0 
0 
0 
1 12 11 
0 
0 
0 
0 
0 
0 
0 
0 
0 
0 
0 
0 
0 
0 
0 
0 
0 
0 
0 
0 
0 
0 
0 
0 
0 
0 
0 
0 
0 
0 
0 
0 
0 
0 
0 
0 
0 
0 
1 5 18 
1 3 17 
0 
1 1 18 
1 3 19 
1 2 16 
0 
2 1 16 1 15 
1 0 13 
0 
0 
0 
0 
0 
0 
0 
0 
0 
0 
0 
0 
0 
0 
0 
0 
0 
0 
0 
0 
0 
0 
0 
0 
1 5 9 
0 
0 
0 
1 3 10 
1 5 11 
1 6 12 
0 
0 
0 
0 
0 
0 
0 
0 
0 
0 
0 
0 
0 
0 
0 
1 12 12 
0 
1 14 13 
1 12 14 
1 13 14 
0 
0 
0 
0 
0 
0 
0 
0 
0 
0 
0 
0 
0 
0 
0 
0 
0 
0 
0 
0 
0 
0 
0 
0 
0 
0 
0 
0 
0 
0 
0 
0 
0 
0 
0 
0 
0 
0 
0 
0 
0 
0 
0 
0 
0 
0 
0 
0 
0 
0 
0 
0 
0 
0 
0 
0 
0 
0 
0 
0 
0 
1 18 1 
1 17 3 
0 
0 
0 
0 
0 
0 
0 
0 
0 
0 
0 
0 
0 
0 
0 
0 
0 
0 
0 
0 
0 
0 
0 
0 
0 
0 
0 
0 
0 
0 
0 
0 
0 
0 
0 
0 
0 
0 
0 
0 
0 
0 
0 
0 
0 
0 
0 
0 
0 
0 
0 
0 
0 
0 
0 
0 
0 
0 
0 
0 
0 
0 
0 
1 7 19 
0 
0 
0 
0 
0 
0 
0 
0 
0 
0 
0 
0 
0 
0 
0 
0 
0 
0 
0 
0 
0 
0 
0 
0 
0 
0 
0 
0 
0 
0 
0 
0 
0 
0 
0 
0 
0 
0 
0 
0 
0 
0 
0 
0 
0 
0 
0 
0 
0 
0 
0 
0 
0 
0 
0 
0 
0 
0 
0 
0 
0 
0 
0 
0 
2 19 2 16 2 
0 
1 15 1 
0 
0 
0 
0 
0 
0 
0 
0 
0 
0 
0 
0 
0 
0 
0 
0 
0 
0 
0 
0 
0 
0 
0 
0 
0 
0 
0 
0 
0 
0 
0 
0 
0 
0 
0 
0 
0 
0 
0 
0 
0 
0 
0 
0 
0 
0 
0 
0 
0 
0 
0 
0 
0 
0 
0 
0 
0 
0 
0 
0 
0 
0 
0 
0 
0 
0 
0 
0 
0 
1 8 18 
0 
0 
0 
0 
0 
0 
0 
0 
0 
0 
0 
0 
0 
0 
0 
0 
0 
0 
0 
0 
0 
0 
0 
0 
0 
0 
0 
0 
0 
1 18 19 
1 19 19 
0 
0 
0 
0 
0 
0 
0 
0 
0 
0 
0 
0 
0 
0 
0 
0 
0 
0 
0 
0 
0 
0 
0 
0 
0 
0 
0 
0 
0 
0 
0 
0 
0 
1 8 16 
1 9 16 
1 10 18 
1 11 19 
0 
0 
0 
0 
0 
0 
0 
0 
0 
0 
0 
0 
0 
0 
0 
0 
0 
0 
0 
0 
0 
0 
0 
0 
0 
0 
0 
0 
0 
0 
0 
0 
0 
0 
0 
0 
0 
0 
0 
0 
0 
0 
0 
0 
