3 2 15 0 17 0 13 
2 1 17 1 13 
1 3 16 
1 2 18 
1 4 17 
1 3 19 
1 5 18 
1 4 20 
1 6 19 
1 5 21 
1 7 20 
1 6 22 
1 8 21 
1 7 23 
1 9 22 
1 8 24 
2 9 21 10 23 
1 9 25 
1 11 24 
1 10 26 
1 12 25 
1 11 27 
1 13 26 
1 12 28 
1 14 27 
1 13 29 
1 15 28 
0 
1 16 29 
2 16 30 11 30 
0 
0 
1 10 29 
0 
1 9 28 
0 
0 
0 
0 
0 
0 
0 
0 
0 
0 
0 
0 
0 
0 
0 
0 
0 
0 
0 
0 
0 
0 
1 6 23 
0 
0 
0 
0 
0 
0 
0 
0 
0 
0 
0 
0 
1 3 14 
1 2 12 
1 4 13 
1 3 11 
1 5 12 
1 4 10 
1 6 11 
1 5 9 
1 7 10 
3 6 8 7 8 5 8 
1 9 9 
0 
2 8 11 8 7 
1 10 8 
1 9 6 
1 11 7 
1 10 5 
1 12 6 
1 11 4 
1 13 5 
1 12 3 
1 14 4 
1 13 2 
1 15 3 
1 14 1 
1 16 2 
0 
1 17 1 
0 
2 18 0 12 0 
0 
0 
0 
0 
0 
0 
0 
0 
0 
0 
0 
0 
0 
0 
0 
0 
0 
1 10 10 
1 9 12 
1 11 11 
3 10 13 14 14 13 15 
1 12 12 
1 11 14 
1 13 13 
1 12 16 
2 13 14 14 16 
1 10 15 
1 11 17 
1 9 16 
1 10 18 
1 8 17 
1 9 19 
1 6 18 
0 
1 7 19 
0 
0 
2 10 19 10 22 
1 12 21 
1 11 23 
1 13 22 
1 12 24 
1 14 23 
1 13 25 
1 15 24 
1 14 26 
1 16 25 
1 15 27 
1 17 26 
1 16 28 
1 18 27 
1 17 29 
1 19 28 
0 
1 20 29 
0 
2 22 30 17 30 
0 
1 21 28 
1 23 29 
1 22 27 
1 24 28 
1 23 26 
1 25 27 
1 24 25 
1 26 26 
1 25 24 
1 27 25 
1 26 23 
1 28 24 
1 27 22 
1 29 23 
1 28 21 
0 
1 29 20 
2 30 25 30 18 
0 
0 
1 28 19 
1 29 17 
1 27 18 
1 28 16 
1 26 17 
1 27 15 
1 25 16 
1 26 14 
1 24 15 
1 25 13 
1 23 14 
1 24 12 
1 22 13 
1 23 11 
1 21 12 
1 22 10 
1 20 11 
1 21 9 
1 19 10 
1 20 8 
1 18 9 
1 19 7 
1 17 8 
1 18 6 
1 16 7 
1 17 5 
1 15 6 
1 16 3 
0 
0 
1 14 7 
0 
1 13 8 
0 
1 12 9 
0 
0 
1 10 9 
1 13 10 
0 
2 14 11 16 15 
0 
1 15 12 
0 
1 16 13 
1 15 16 
1 18 14 
0 
3 17 15 17 16 17 12 
0 
0 
0 
