3 2 19 0 21 0 16 
0 
0 
0 
1 2 17 
1 1 15 
1 3 16 
1 2 14 
1 4 15 
1 3 13 
1 5 14 
1 4 12 
1 6 13 
1 5 10 
2 6 12 7 12 
1 6 11 
0 
1 2 10 
3 3 8 4 8 2 8 
1 0 9 
0 
2 1 12 1 7 
0 
1 0 5 
0 
1 2 6 
1 1 4 
1 3 5 
1 2 3 
1 4 4 
1 3 2 
1 6 3 
1 4 0 
1 5 6 
0 
2 6 5 8 5 
0 
0 
1 6 7 
0 
0 
1 7 9 
0 
1 8 10 
0 
1 9 11 
1 8 13 
1 10 12 
1 9 16 
0 
0 
1 10 15 
1 8 17 
1 5 16 
1 7 19 
0 
2 8 18 5 18 
1 6 21 
0 
1 4 20 
1 7 22 
0 
0 
0 
1 6 22 
0 
1 5 22 
1 3 21 
0 
1 0 22 
1 3 24 
1 2 26 
0 
0 
0 
0 
0 
1 1 28 
0 
1 3 27 
1 2 29 
0 
0 
1 4 26 
1 6 27 
1 5 25 
1 7 26 
0 
1 8 25 
0 
2 9 24 4 24 
0 
0 
0 
1 10 25 
1 12 24 
3 11 26 12 26 10 26 
1 14 25 
0 
2 13 27 13 23 
1 15 24 
0 
1 16 23 
1 15 21 
1 17 22 
1 16 20 
0 
1 17 19 
1 19 20 
1 18 18 
0 
1 19 17 
1 21 18 
1 20 16 
0 
0 
0 
0 
0 
0 
0 
0 
0 
0 
0 
0 
0 
0 
0 
0 
1 16 26 
1 14 28 
1 15 28 
0 
0 
1 17 27 
1 16 29 
0 
0 
1 19 29 
1 18 31 
0 
0 
2 20 32 20 28 
1 22 29 
1 21 27 
1 23 28 
1 22 26 
0 
1 23 25 
1 25 26 
1 24 24 
1 26 25 
1 25 23 
1 27 24 
1 26 22 
0 
0 
0 
0 
0 
0 
0 
0 
0 
0 
0 
0 
0 
0 
1 22 31 
1 21 33 
0 
1 22 34 
1 24 33 
1 23 35 
1 25 34 
1 24 36 
1 26 35 
1 25 37 
1 27 36 
0 
0 
2 29 38 23 38 
0 
1 28 36 
0 
1 29 35 
1 31 36 
1 30 34 
0 
1 31 33 
1 33 34 
0 
1 34 33 
0 
1 35 32 
1 34 30 
1 36 31 
1 35 28 
0 
2 38 29 33 29 
1 34 27 
1 32 28 
0 
0 
0 
0 
1 34 26 
0 
1 35 27 
0 
1 36 27 
2 37 32 37 27 
0 
1 38 25 
0 
1 36 26 
1 37 24 
1 35 25 
1 36 23 
0 
0 
0 
0 
0 
2 31 26 31 22 
0 
0 
1 29 21 
1 27 22 
1 28 20 
1 26 21 
0 
1 24 20 
0 
1 25 22 
1 23 21 
1 24 23 
1 21 22 
1 23 24 
1 20 20 
0 
0 
1 23 18 
0 
1 24 17 
1 28 18 
0 
0 
1 27 16 
1 29 17 
1 28 15 
1 30 16 
1 29 14 
1 31 15 
1 30 12 
0 
2 32 13 28 13 
2 29 11 28 11 
0 
0 
0 
1 31 11 
0 
1 32 10 
1 33 13 
1 33 8 
0 
2 35 9 31 9 
1 32 7 
1 30 8 
1 31 6 
1 29 7 
1 30 5 
1 28 6 
1 29 4 
1 27 5 
1 28 3 
1 26 4 
1 27 2 
1 25 3 
1 26 1 
0 
0 
0 
0 
0 
0 
0 
0 
0 
1 31 5 
0 
0 
0 
0 
0 
1 34 7 
1 36 8 
3 35 6 36 6 34 6 
0 
0 
1 37 10 
2 38 9 38 4 
0 
1 36 5 
1 37 3 
1 34 4 
1 36 2 
1 35 0 
0 
0 
0 
0 
1 33 1 
0 
0 
0 
1 32 3 
1 30 1 
1 31 3 
2 33 2 28 2 
0 
0 
0 
0 
1 30 0 
0 
0 
0 
1 23 1 
1 24 3 
1 22 2 
1 23 4 
0 
1 22 5 
1 20 4 
1 21 6 
1 19 5 
1 20 7 
1 18 6 
1 19 8 
3 17 7 12 9 13 8 
0 
1 16 8 
1 17 11 
2 16 9 15 9 
1 15 10 
1 16 12 
1 14 11 
1 15 13 
1 13 12 
1 14 15 
0 
2 13 14 16 14 
1 15 16 
1 17 15 
1 16 18 
0 
1 14 17 
1 15 19 
1 13 18 
1 14 21 
1 11 19 
1 13 21 
1 12 16 
0 
2 13 17 9 17 
1 11 14 
1 10 16 
0 
1 12 11 
0 
0 
0 
2 11 10 11 8 
0 
1 10 8 
1 9 10 
1 8 9 
1 12 6 
0 
1 9 7 
1 7 8 
0 
1 7 7 
1 10 6 
1 9 4 
1 12 5 
2 10 4 10 3 
0 
0 
1 13 7 
0 
