2 1 11 0 13 
1 2 10 
1 1 8 
1 3 9 
1 2 7 
1 4 8 
1 3 6 
0 
1 4 5 
2 5 6 7 6 
0 
0 
0 
0 
0 
0 
0 
0 
0 
1 2 12 
1 1 14 
1 3 13 
2 2 15 7 15 
1 4 14 
2 3 16 8 16 
1 5 15 
1 4 17 
1 6 16 
1 5 18 
1 8 17 
1 6 20 
1 7 16 
0 
0 
0 
1 7 22 
2 8 20 9 20 
2 9 21 4 21 
0 
0 
0 
1 10 20 
0 
1 11 19 
1 13 20 
1 12 18 
1 14 19 
1 13 17 
1 15 18 
1 14 16 
1 16 17 
1 15 15 
0 
1 16 14 
1 18 15 
0 
0 
1 18 12 
1 20 13 
1 19 11 
0 
0 
0 
0 
1 19 8 
1 17 9 
1 18 7 
1 16 8 
1 17 6 
2 16 9 15 7 
1 16 5 
1 14 6 
0 
0 
1 13 4 
1 14 2 
2 18 3 12 3 
1 13 1 
1 11 2 
1 12 0 
1 10 1 
0 
1 8 0 
0 
1 9 2 
0 
0 
1 6 2 
0 
1 5 3 
0 
1 3 4 
1 7 5 
0 
1 8 7 
1 7 9 
1 10 8 
0 
2 9 9 9 5 
0 
1 11 6 
0 
0 
1 10 2 
0 
1 8 4 
0 
1 12 6 
0 
1 13 8 
0 
1 12 7 
0 
0 
1 15 11 
0 
3 16 10 17 10 13 10 
1 14 12 
0 
2 13 13 9 15 
1 11 12 
1 12 15 
0 
2 11 14 15 14 
0 
1 14 15 
0 
0 
1 10 17 
0 
1 8 18 
1 10 19 
0 
0 
0 
0 
1 11 15 
0 
0 
0 
0 
0 
