3 1 13 0 16 0 11 
2 1 12 3 12 
0 
0 
0 
0 
1 3 16 
0 
2 3 17 4 17 
1 4 18 
1 3 20 
0 
1 4 22 
0 
2 5 21 1 21 
1 3 24 
1 2 22 
1 5 23 
0 
0 
2 7 25 1 25 
0 
1 6 23 
1 8 24 
1 7 22 
2 9 23 9 18 
1 8 17 
1 10 22 
1 9 19 
0 
2 10 20 7 20 
0 
0 
2 7 18 5 18 
0 
0 
1 6 15 
0 
1 5 17 
1 4 16 
0 
0 
1 5 14 
1 3 15 
0 
1 2 14 
1 3 13 
1 6 12 
1 5 9 
0 
2 6 10 3 10 
0 
2 3 11 2 9 
1 3 7 
0 
0 
0 
2 0 10 0 4 
0 
0 
0 
1 3 5 
1 2 3 
1 5 4 
0 
1 4 7 
0 
1 6 6 
0 
0 
2 6 9 9 16 
0 
0 
0 
2 9 10 11 17 
1 8 12 
0 
0 
1 10 13 
1 13 12 
0 
1 12 10 
1 14 11 
0 
1 16 10 
0 
0 
1 17 11 
1 16 14 
0 
2 15 13 18 13 
1 17 15 
1 19 14 
1 18 16 
1 20 15 
1 19 18 
0 
1 18 17 
1 20 19 
1 22 18 
1 21 20 
1 23 19 
1 22 21 
1 24 20 
3 23 22 24 22 22 22 
0 
0 
2 25 24 25 18 
0 
0 
1 24 17 
0 
1 23 16 
0 
1 23 15 
0 
0 
1 21 13 
0 
1 20 12 
0 
1 19 11 
0 
0 
0 
1 20 10 
1 17 8 
0 
0 
0 
1 19 8 
1 21 9 
1 20 7 
1 22 8 
1 21 6 
1 24 7 
3 22 5 23 5 21 5 
1 23 10 
1 25 6 
1 24 4 
0 
0 
0 
1 23 3 
1 24 1 
1 22 2 
0 
1 21 1 
0 
1 18 0 
0 
0 
1 19 3 
0 
2 21 2 17 2 
1 18 4 
1 16 3 
0 
0 
0 
0 
1 20 5 
1 22 3 
1 22 4 
1 19 7 
1 17 5 
0 
1 20 6 
1 15 7 
0 
1 16 4 
0 
1 14 5 
1 15 3 
1 13 4 
2 15 2 13 2 
1 11 3 
0 
1 12 1 
1 10 2 
0 
1 9 1 
2 14 0 9 0 
0 
0 
0 
0 
0 
0 
0 
0 
1 10 4 
1 11 6 
1 9 5 
0 
0 
0 
0 
0 
0 
0 
0 
0 
0 
0 
0 
0 
0 
0 
0 
0 
0 
0 
0 
0 
0 
0 
0 
0 
0 
0 
0 
0 
0 
0 
0 
0 
0 
0 
0 
0 
0 
0 
0 
0 
0 
0 
0 
0 
0 
0 
0 
0 
0 
0 
0 
0 
0 
0 
0 
0 
0 
0 
0 
0 
0 
0 
0 
0 
1 23 23 
1 24 25 
1 22 24 
0 
1 18 25 
0 
0 
0 
0 
1 16 24 
0 
0 
1 15 23 
1 16 21 
1 14 22 
1 15 20 
1 13 21 
1 14 19 
0 
0 
1 10 19 
0 
2 14 17 15 17 
2 12 16 17 16 
0 
1 15 15 
1 16 15 
1 17 17 
0 
0 
1 18 20 
0 
0 
1 20 20 
0 
0 
0 
0 
0 
0 
0 
0 
0 
0 
0 
0 
0 
0 
0 
0 
0 
0 
0 
0 
0 
0 
0 
0 
0 
0 
0 
0 
0 
0 
0 
0 
0 
0 
0 
0 
0 
0 
0 
0 
0 
0 
0 
0 
0 
0 
0 
0 
0 
0 
0 
0 
0 
0 
0 
0 
0 
0 
0 
0 
0 
0 
0 
0 
0 
0 
0 
0 
1 7 12 
0 
0 
0 
0 
0 
0 
0 
0 
0 
0 
0 
0 
0 
0 
0 
0 
0 
0 
0 
0 
0 
0 
0 
0 
0 
0 
0 
0 
0 
0 
0 
0 
0 
0 
0 
0 
0 
0 
0 
0 
0 
0 
0 
0 
0 
0 
0 
0 
0 
0 
0 
0 
0 
0 
0 
0 
0 
0 
0 
0 
0 
0 
0 
0 
0 
0 
0 
1 0 20 
0 
0 
0 
0 
0 
0 
0 
0 
0 
0 
0 
0 
0 
0 
0 
0 
0 
0 
0 
0 
0 
0 
0 
0 
0 
0 
0 
0 
0 
0 
0 
0 
0 
0 
0 
0 
0 
0 
0 
0 
0 
0 
0 
0 
0 
0 
0 
0 
0 
0 
0 
0 
0 
0 
0 
0 
0 
0 
0 
1 7 6 
0 
0 
0 
0 
0 
0 
0 
0 
0 
0 
0 
0 
0 
0 
0 
0 
0 
0 
0 
0 
0 
0 
0 
0 
0 
0 
0 
0 
0 
0 
0 
0 
0 
0 
0 
0 
0 
0 
0 
0 
0 
0 
0 
0 
0 
0 
0 
0 
0 
0 
0 
0 
0 
0 
0 
0 
0 
0 
0 
0 
0 
0 
0 
0 
0 
0 
0 
0 
0 
0 
0 
0 
0 
0 
0 
0 
0 
0 
0 
0 
0 
0 
0 
0 
0 
0 
0 
0 
0 
0 
0 
0 
0 
0 
0 
0 
0 
0 
0 
0 
1 10 7 
0 
1 9 9 
0 
1 13 8 
0 
0 
0 
0 
0 
0 
0 
0 
0 
1 6 5 
3 7 2 8 3 5 3 
0 
0 
1 6 0 
1 4 2 
0 
1 1 1 
0 
0 
0 
1 0 2 
0 
0 
0 
0 
0 
0 
0 
0 
0 
0 
0 
0 
0 
0 
0 
0 
0 
0 
0 
0 
0 
0 
0 
0 
0 
0 
0 
0 
0 
0 
0 
0 
0 
0 
0 
0 
0 
0 
0 
0 
0 
0 
0 
0 
0 
0 
0 
0 
1 25 1 
0 
0 
0 
0 
0 
0 
0 
0 
0 
1 24 10 
1 25 14 
0 
1 22 11 
0 
0 
1 22 10 
0 
0 
0 
0 
0 
0 
0 
0 
0 
0 
0 
0 
0 
0 
0 
0 
0 
0 
0 
0 
0 
0 
0 
0 
0 
0 
0 
0 
0 
0 
0 
0 
0 
0 
0 
0 
0 
0 
0 
0 
0 
0 
0 
0 
0 
0 
0 
0 
0 
0 
0 
0 
0 
0 
0 
0 
0 
0 
0 
0 
0 
0 
0 
0 
0 
0 
0 
0 
0 
0 
0 
0 
0 
0 
0 
0 
0 
0 
0 
0 
0 
0 
0 
0 
0 
0 
0 
0 
0 
0 
0 
0 
0 
0 
0 
0 
0 
0 
0 
0 
0 
0 
0 
0 
0 
0 
0 
0 
0 
0 
0 
0 
0 
0 
0 
0 
0 
0 
0 
0 
0 
0 
0 
0 
0 
0 
0 
0 
0 
0 
0 
0 
0 
0 
1 16 25 
0 
0 
0 
0 
0 
0 
0 
0 
0 
0 
0 
1 11 23 
0 
0 
0 
0 
0 
0 
0 
0 
0 
0 
0 
0 
0 
0 
0 
0 
0 
0 
0 
0 
0 
0 
0 
0 
0 
0 
0 
0 
0 
0 
0 
0 
0 
0 
0 
0 
0 
0 
0 
0 
0 
0 
0 
0 
0 
0 
0 
0 
0 
0 
0 
0 
0 
0 
0 
0 
0 
0 
0 
0 
0 
0 
0 
0 
0 
0 
0 
0 
1 24 16 
0 
0 
0 
0 
0 
0 
0 
0 
0 
0 
0 
0 
0 
0 
0 
0 
0 
0 
0 
0 
0 
0 
0 
0 
0 
0 
0 
0 
0 
0 
0 
0 
0 
0 
0 
0 
0 
0 
0 
0 
0 
0 
0 
0 
0 
0 
0 
0 
0 
0 
0 
0 
0 
0 
0 
0 
0 
0 
0 
1 10 18 
0 
0 
0 
0 
0 
0 
0 
0 
1 11 16 
0 
0 
0 
0 
0 
0 
0 
