3 2 18 0 20 0 16 
2 1 20 1 16 
1 3 17 
1 2 15 
1 4 16 
0 
1 5 15 
1 4 13 
0 
1 5 12 
0 
1 6 11 
1 8 12 
1 7 9 
1 9 11 
1 8 9 
3 9 12 10 10 6 10 
1 9 8 
1 11 9 
1 10 7 
1 12 8 
1 11 6 
1 13 7 
1 12 5 
1 14 6 
0 
1 15 5 
1 14 3 
1 16 4 
1 15 2 
1 17 3 
1 16 1 
1 18 2 
0 
1 19 1 
0 
2 20 0 14 0 
0 
0 
0 
0 
0 
0 
0 
0 
0 
0 
1 12 4 
0 
0 
0 
0 
0 
0 
0 
0 
0 
0 
0 
0 
0 
0 
0 
0 
0 
0 
0 
0 
0 
0 
0 
0 
1 3 19 
1 2 21 
1 4 20 
1 3 22 
1 5 21 
1 4 24 
0 
1 2 23 
0 
1 6 22 
0 
0 
1 3 25 
1 1 24 
1 2 26 
0 
1 1 27 
2 0 29 0 21 
0 
0 
1 3 28 
0 
2 2 27 2 30 
1 4 29 
1 3 32 
2 4 30 6 30 
1 6 31 
1 4 33 
2 5 33 5 29 
0 
0 
1 7 32 
1 6 34 
1 8 33 
1 7 36 
2 8 34 9 34 
2 9 35 4 35 
0 
1 11 36 
0 
1 10 34 
1 12 35 
1 11 33 
1 13 34 
0 
1 14 33 
1 13 31 
1 15 32 
1 14 30 
1 16 31 
1 15 29 
1 17 30 
1 16 28 
1 18 29 
1 17 27 
1 19 28 
0 
1 20 27 
1 19 25 
1 21 26 
1 20 24 
0 
1 21 23 
1 24 24 
0 
2 23 26 23 22 
1 25 23 
1 24 21 
1 26 22 
1 25 20 
1 27 21 
1 26 19 
1 28 20 
3 27 18 28 18 26 18 
1 29 19 
0 
0 
0 
0 
0 
0 
0 
0 
0 
0 
0 
0 
1 24 27 
1 26 26 
1 25 28 
1 27 27 
1 26 29 
1 28 28 
0 
1 30 29 
0 
2 29 31 29 27 
1 31 28 
1 30 26 
1 32 27 
1 31 24 
0 
2 33 25 29 25 
1 32 23 
1 34 24 
1 33 22 
1 35 23 
1 34 21 
0 
1 35 20 
2 36 25 36 20 
0 
0 
0 
0 
0 
0 
0 
0 
1 30 23 
1 27 24 
0 
1 28 27 
1 26 23 
1 30 22 
0 
0 
1 30 18 
0 
0 
0 
1 33 19 
1 31 17 
1 32 17 
0 
1 33 16 
1 35 17 
1 34 15 
0 
1 35 14 
2 36 19 36 12 
0 
0 
1 34 13 
1 35 11 
1 33 12 
3 34 10 35 10 33 10 
0 
2 31 12 31 10 
1 32 8 
0 
1 34 9 
1 31 7 
1 29 8 
1 30 6 
1 28 7 
0 
0 
0 
0 
0 
0 
1 33 7 
0 
0 
0 
2 36 11 36 5 
0 
0 
1 35 3 
1 33 5 
1 34 3 
2 36 4 32 4 
1 33 2 
1 31 3 
1 32 1 
2 31 4 30 2 
0 
0 
2 34 0 28 0 
0 
1 29 2 
1 27 1 
1 28 3 
1 26 2 
0 
1 25 3 
1 26 5 
1 24 4 
1 25 6 
1 23 5 
1 24 8 
0 
2 26 7 22 7 
1 23 9 
1 21 8 
1 22 11 
2 21 7 20 9 
1 20 10 
1 21 11 
0 
0 
0 
0 
0 
0 
0 
0 
1 25 10 
1 28 8 
1 26 10 
2 27 10 27 5 
2 29 9 24 9 
0 
1 30 10 
0 
0 
1 30 14 
0 
2 32 13 28 13 
1 29 15 
0 
1 28 16 
1 26 15 
0 
1 25 16 
0 
2 30 17 24 17 
1 25 19 
1 23 18 
2 24 20 23 20 
1 21 19 
0 
2 22 22 22 17 
0 
0 
0 
1 20 21 
1 20 23 
1 18 22 
0 
2 19 23 19 20 
1 17 21 
1 18 19 
1 16 20 
1 17 18 
1 15 19 
1 16 17 
1 14 18 
1 15 16 
1 13 17 
1 14 14 
0 
2 16 15 12 15 
1 15 13 
1 17 14 
1 16 12 
1 18 13 
0 
1 19 12 
0 
0 
0 
1 20 13 
1 22 12 
1 21 14 
1 23 13 
1 22 15 
1 24 14 
1 23 17 
0 
0 
0 
0 
0 
0 
0 
0 
0 
0 
0 
0 
0 
0 
0 
0 
0 
0 
0 
0 
0 
0 
0 
0 
0 
0 
0 
0 
0 
0 
0 
0 
0 
0 
0 
0 
0 
0 
0 
0 
0 
0 
0 
0 
0 
0 
0 
0 
0 
0 
0 
0 
0 
0 
0 
0 
0 
0 
0 
0 
0 
0 
0 
0 
0 
0 
0 
0 
0 
0 
0 
0 
0 
0 
0 
0 
0 
0 
0 
0 
0 
0 
0 
0 
0 
0 
0 
0 
0 
0 
0 
0 
0 
0 
0 
0 
0 
0 
0 
0 
0 
0 
0 
0 
0 
0 
0 
0 
0 
1 34 20 
0 
0 
0 
0 
0 
0 
0 
0 
0 
0 
0 
0 
0 
0 
0 
0 
0 
0 
0 
0 
0 
0 
0 
0 
0 
0 
0 
0 
0 
0 
0 
0 
0 
0 
0 
0 
0 
0 
0 
0 
0 
0 
0 
0 
0 
0 
1 13 30 
0 
0 
0 
0 
0 
0 
0 
0 
0 
0 
0 
0 
0 
0 
0 
0 
0 
0 
0 
0 
0 
0 
0 
1 1 30 
0 
0 
0 
0 
0 
0 
0 
0 
0 
0 
0 
0 
0 
0 
0 
0 
0 
0 
0 
0 
0 
0 
0 
0 
0 
0 
0 
0 
0 
0 
0 
0 
0 
0 
0 
0 
0 
0 
0 
0 
0 
0 
0 
0 
1 13 3 
0 
0 
0 
0 
0 
0 
0 
0 
0 
0 
1 12 1 
0 
0 
0 
0 
1 9 3 
0 
2 10 6 10 1 
1 8 4 
3 9 7 8 6 9 6 
2 11 5 7 5 
0 
0 
0 
0 
0 
0 
0 
0 
1 6 3 
0 
0 
0 
1 4 5 
1 5 7 
1 3 6 
1 4 8 
1 2 7 
1 3 9 
0 
0 
0 
1 1 11 
1 0 15 
0 
0 
0 
0 
0 
0 
0 
0 
0 
0 
0 
0 
0 
0 
0 
0 
0 
0 
0 
0 
0 
0 
0 
0 
0 
0 
0 
0 
0 
0 
0 
0 
0 
0 
0 
0 
0 
0 
0 
0 
0 
0 
0 
0 
0 
0 
0 
0 
0 
0 
0 
0 
0 
0 
0 
0 
0 
0 
0 
0 
0 
0 
0 
0 
0 
0 
0 
0 
0 
0 
0 
0 
0 
0 
0 
0 
0 
0 
0 
0 
0 
0 
0 
0 
0 
0 
0 
0 
0 
0 
0 
0 
0 
0 
0 
0 
0 
0 
0 
0 
0 
0 
0 
0 
0 
0 
0 
0 
0 
0 
0 
0 
0 
0 
0 
0 
0 
0 
0 
0 
0 
0 
0 
0 
0 
0 
0 
0 
0 
0 
0 
0 
0 
0 
0 
0 
0 
0 
0 
0 
0 
0 
0 
0 
0 
0 
0 
0 
0 
0 
0 
0 
0 
0 
0 
0 
0 
0 
0 
0 
0 
0 
0 
0 
0 
0 
0 
0 
0 
0 
0 
0 
0 
0 
0 
0 
0 
0 
0 
0 
0 
0 
0 
0 
0 
0 
0 
0 
0 
0 
0 
0 
0 
0 
0 
0 
0 
0 
0 
0 
0 
0 
0 
0 
0 
0 
0 
0 
0 
0 
0 
0 
0 
0 
0 
1 34 14 
1 32 16 
0 
0 
0 
0 
0 
0 
0 
0 
0 
0 
0 
0 
0 
0 
0 
0 
0 
0 
0 
0 
0 
0 
0 
0 
0 
0 
0 
0 
0 
0 
0 
0 
1 36 1 
0 
0 
0 
0 
0 
0 
0 
0 
0 
0 
0 
0 
0 
0 
0 
0 
0 
0 
0 
0 
0 
0 
0 
0 
0 
0 
0 
0 
0 
0 
0 
0 
0 
0 
0 
0 
0 
0 
0 
0 
0 
0 
0 
0 
0 
0 
0 
0 
0 
0 
0 
0 
0 
0 
0 
0 
0 
0 
0 
0 
0 
0 
0 
0 
0 
0 
0 
0 
0 
1 35 26 
0 
1 34 28 
0 
0 
0 
0 
1 35 30 
0 
1 33 29 
3 34 32 35 31 30 31 
0 
0 
0 
1 32 28 
2 31 33 31 29 
1 29 32 
1 30 34 
1 28 33 
1 29 35 
1 27 34 
2 31 36 27 36 
0 
1 25 36 
1 26 32 
0 
1 23 33 
0 
1 24 35 
1 22 34 
0 
1 21 35 
0 
2 24 36 19 36 
0 
1 20 34 
1 17 35 
0 
0 
1 12 36 
0 
1 16 34 
0 
0 
0 
1 18 33 
1 17 31 
0 
0 
1 18 30 
1 20 31 
1 19 29 
1 21 30 
1 20 28 
1 23 29 
0 
1 22 31 
1 24 30 
0 
0 
1 20 32 
0 
1 21 34 
0 
0 
0 
0 
0 
0 
0 
0 
0 
0 
0 
0 
0 
0 
0 
0 
0 
0 
0 
0 
0 
0 
0 
0 
0 
0 
0 
0 
0 
0 
0 
0 
0 
0 
0 
0 
0 
0 
0 
0 
0 
0 
0 
0 
0 
0 
0 
0 
0 
0 
0 
0 
0 
0 
0 
0 
0 
0 
0 
0 
0 
0 
0 
0 
0 
0 
0 
0 
0 
0 
0 
0 
0 
0 
0 
0 
0 
0 
0 
0 
0 
0 
0 
0 
0 
0 
0 
0 
0 
0 
0 
0 
0 
0 
0 
0 
0 
0 
0 
0 
0 
0 
0 
0 
0 
0 
0 
0 
0 
0 
0 
0 
0 
0 
0 
0 
0 
0 
0 
0 
0 
0 
0 
0 
0 
0 
0 
0 
0 
0 
0 
0 
0 
0 
0 
0 
0 
0 
0 
0 
0 
0 
0 
0 
0 
0 
0 
0 
0 
0 
0 
0 
1 4 17 
0 
0 
0 
0 
0 
0 
0 
1 4 9 
0 
0 
0 
0 
0 
0 
0 
0 
0 
0 
0 
0 
0 
0 
0 
0 
0 
0 
0 
0 
0 
0 
0 
0 
0 
0 
0 
0 
0 
0 
0 
0 
0 
0 
0 
0 
1 6 1 
0 
1 4 0 
0 
1 5 3 
1 3 1 
2 4 3 3 3 
2 6 2 1 2 
0 
0 
1 0 3 
0 
0 
0 
0 
0 
0 
0 
0 
0 
0 
0 
0 
0 
0 
0 
0 
0 
0 
0 
0 
0 
0 
0 
0 
0 
0 
0 
0 
0 
0 
0 
0 
0 
0 
0 
0 
0 
0 
0 
0 
0 
0 
0 
0 
0 
0 
0 
0 
0 
0 
0 
0 
0 
0 
0 
0 
0 
0 
0 
0 
1 3 18 
0 
0 
0 
0 
0 
0 
0 
1 4 19 
0 
0 
0 
0 
0 
0 
0 
0 
0 
0 
0 
0 
0 
0 
0 
0 
0 
0 
0 
0 
0 
0 
0 
0 
0 
0 
0 
0 
0 
0 
0 
0 
0 
0 
0 
0 
0 
0 
0 
0 
0 
0 
0 
0 
0 
0 
0 
0 
0 
0 
0 
0 
0 
0 
0 
0 
1 23 27 
0 
0 
0 
0 
0 
0 
0 
0 
0 
0 
0 
0 
0 
0 
0 
0 
0 
0 
0 
0 
0 
0 
0 
0 
0 
0 
0 
0 
1 33 20 
0 
0 
0 
0 
0 
0 
0 
0 
0 
0 
0 
0 
0 
0 
0 
0 
0 
0 
0 
0 
0 
0 
0 
0 
0 
0 
0 
0 
0 
0 
0 
0 
0 
0 
0 
0 
0 
0 
0 
0 
0 
0 
0 
0 
0 
0 
0 
0 
0 
0 
0 
0 
0 
0 
1 27 11 
0 
0 
0 
0 
0 
0 
1 30 15 
0 
0 
0 
0 
0 
0 
0 
0 
0 
0 
0 
0 
0 
0 
0 
0 
0 
0 
0 
0 
0 
0 
0 
0 
0 
0 
0 
0 
0 
0 
0 
1 13 13 
1 11 14 
1 12 12 
1 9 13 
0 
1 10 16 
1 7 14 
0 
0 
0 
1 9 17 
1 6 16 
1 8 18 
1 7 19 
0 
1 4 18 
0 
0 
0 
1 9 20 
1 6 21 
0 
1 8 21 
0 
0 
1 11 18 
0 
0 
0 
1 12 19 
0 
1 13 20 
0 
1 14 21 
0 
0 
0 
0 
0 
0 
0 
0 
0 
0 
0 
0 
0 
0 
0 
0 
0 
0 
0 
0 
0 
0 
0 
0 
0 
0 
1 8 13 
0 
0 
0 
0 
1 13 11 
0 
1 12 9 
1 15 10 
0 
1 14 13 
1 16 11 
0 
0 
0 
0 
0 
0 
0 
0 
0 
0 
0 
0 
0 
0 
0 
0 
0 
0 
0 
0 
0 
0 
0 
0 
0 
1 17 8 
0 
3 16 7 17 7 14 7 
0 
0 
0 
0 
0 
0 
0 
0 
0 
0 
0 
0 
0 
0 
0 
0 
0 
0 
0 
0 
0 
0 
0 
0 
0 
0 
0 
0 
0 
0 
0 
0 
0 
0 
0 
0 
0 
0 
0 
0 
0 
0 
0 
0 
0 
0 
0 
0 
0 
1 16 23 
0 
1 17 24 
0 
0 
1 19 24 
1 15 25 
0 
1 16 26 
1 14 24 
0 
1 13 23 
0 
2 11 22 11 26 
1 13 21 
1 12 24 
1 10 23 
2 11 25 9 26 
1 8 24 
0 
3 9 25 9 21 10 30 
1 8 23 
0 
0 
0 
0 
0 
0 
0 
0 
1 11 27 
0 
0 
