3 2 18 0 20 0 16 
1 1 16 
0 
1 2 15 
1 4 16 
1 3 14 
1 5 15 
1 4 13 
1 7 14 
0 
2 6 16 6 12 
1 8 13 
1 7 11 
1 9 12 
1 8 10 
1 10 11 
3 9 9 10 9 8 9 
1 11 10 
0 
0 
0 
0 
0 
0 
0 
0 
0 
0 
1 7 17 
1 8 17 
0 
0 
1 10 16 
1 9 18 
1 11 17 
1 10 19 
1 12 18 
1 11 20 
1 13 19 
1 12 21 
1 14 20 
1 13 22 
1 15 21 
1 14 23 
1 16 22 
1 15 24 
1 17 23 
3 16 25 17 25 15 25 
1 19 24 
0 
2 18 26 18 22 
1 20 23 
1 19 21 
1 21 22 
1 20 20 
1 22 21 
1 21 19 
2 22 22 23 20 
1 22 19 
0 
0 
0 
0 
0 
0 
0 
0 
1 20 25 
1 19 27 
1 22 26 
0 
2 21 28 21 23 
1 23 25 
1 22 23 
2 24 24 20 24 
1 23 22 
1 25 23 
1 24 20 
2 25 22 27 22 
0 
0 
0 
0 
0 
0 
0 
0 
0 
1 23 27 
0 
1 24 28 
1 23 30 
1 25 29 
1 24 31 
1 26 30 
1 25 32 
1 28 31 
0 
2 27 33 27 29 
1 29 30 
1 28 28 
1 30 29 
1 29 27 
1 31 28 
0 
0 
0 
0 
0 
0 
0 
0 
1 28 34 
1 29 34 
0 
0 
1 31 33 
0 
1 32 34 
0 
2 32 33 33 35 
0 
2 35 36 28 36 
0 
1 34 34 
0 
0 
1 36 32 
0 
1 34 33 
1 35 31 
1 32 32 
1 34 30 
2 33 34 33 30 
0 
1 32 28 
1 30 30 
1 34 29 
1 33 27 
1 36 28 
2 34 27 34 26 
1 35 26 
0 
1 36 24 
0 
1 34 25 
2 35 23 33 19 
0 
1 34 22 
1 32 23 
1 33 21 
2 31 22 32 18 
1 32 20 
1 30 21 
1 31 19 
1 29 20 
1 30 18 
1 28 19 
1 29 17 
1 27 18 
1 28 16 
0 
1 27 15 
1 25 16 
1 26 14 
1 24 15 
1 25 13 
1 23 14 
1 24 11 
0 
2 25 12 22 12 
1 23 10 
1 21 11 
1 22 9 
1 20 10 
1 21 8 
1 19 9 
1 20 7 
1 18 8 
1 19 6 
1 17 7 
1 18 5 
1 16 6 
1 17 4 
1 15 5 
1 16 3 
1 14 4 
1 15 2 
1 13 3 
1 14 1 
1 12 2 
0 
1 11 1 
2 16 0 9 0 
0 
0 
1 17 1 
0 
1 18 2 
0 
1 19 3 
0 
1 20 4 
0 
1 21 5 
0 
1 22 6 
0 
1 23 7 
0 
1 24 8 
0 
1 25 9 
0 
1 26 10 
0 
1 27 11 
1 26 13 
1 28 12 
0 
1 29 13 
1 28 15 
0 
1 29 16 
1 31 15 
1 30 17 
0 
1 31 18 
2 32 17 32 14 
1 34 15 
1 33 13 
1 35 14 
1 34 12 
0 
1 35 10 
0 
2 36 11 32 11 
2 34 10 34 9 
2 33 12 33 9 
1 30 10 
0 
2 31 11 31 8 
1 28 9 
2 30 8 30 7 
0 
1 27 8 
1 28 6 
1 26 7 
1 27 5 
1 25 6 
1 26 4 
1 24 5 
1 25 3 
0 
1 24 2 
1 22 3 
1 23 1 
1 21 2 
0 
2 21 1 20 1 
2 26 0 17 0 
0 
0 
1 25 2 
1 27 1 
1 26 3 
1 28 2 
1 27 4 
1 29 3 
0 
1 30 4 
1 29 6 
0 
0 
0 
0 
0 
0 
0 
0 
0 
0 
0 
0 
0 
0 
1 18 1 
0 
0 
0 
0 
0 
0 
0 
0 
0 
0 
0 
0 
0 
0 
0 
1 27 10 
0 
0 
0 
0 
0 
0 
0 
0 
0 
0 
0 
0 
0 
0 
0 
0 
0 
0 
0 
0 
0 
0 
0 
0 
0 
0 
0 
0 
0 
0 
0 
0 
0 
0 
0 
0 
0 
0 
0 
0 
0 
0 
0 
0 
0 
0 
0 
0 
0 
0 
0 
0 
0 
0 
0 
0 
0 
0 
0 
0 
0 
0 
0 
0 
0 
0 
0 
0 
0 
0 
0 
0 
0 
0 
0 
0 
0 
0 
0 
0 
0 
0 
0 
0 
0 
0 
0 
0 
0 
1 13 4 
0 
0 
0 
0 
0 
0 
0 
0 
0 
0 
0 
0 
0 
0 
0 
0 
0 
1 22 13 
0 
0 
0 
0 
0 
0 
1 25 17 
0 
0 
0 
0 
0 
0 
0 
0 
0 
0 
0 
0 
0 
0 
0 
0 
0 
0 
0 
0 
0 
0 
0 
0 
0 
0 
0 
0 
0 
0 
0 
0 
0 
0 
0 
0 
0 
0 
0 
0 
0 
0 
0 
0 
0 
0 
0 
0 
0 
1 25 34 
0 
0 
0 
0 
0 
1 24 36 
0 
0 
1 23 35 
0 
1 22 34 
1 23 31 
1 20 33 
0 
2 21 35 21 31 
1 19 32 
1 20 30 
1 18 31 
1 19 29 
1 17 30 
1 18 27 
1 16 29 
0 
1 15 28 
0 
1 14 27 
0 
2 17 26 13 26 
1 14 24 
1 12 25 
0 
0 
0 
0 
0 
0 
0 
0 
0 
0 
0 
0 
0 
0 
0 
0 
0 
1 19 34 
0 
2 19 33 17 35 
0 
1 18 33 
1 16 34 
1 17 31 
0 
1 15 32 
1 16 30 
0 
1 15 29 
1 12 30 
0 
2 13 32 13 27 
1 11 29 
0 
2 14 28 9 28 
0 
1 10 30 
0 
0 
1 8 29 
1 9 31 
1 7 30 
1 8 32 
1 6 31 
1 7 33 
1 4 32 
0 
2 5 34 5 30 
1 3 31 
1 4 29 
1 2 30 
1 3 28 
1 1 29 
1 2 27 
1 0 28 
1 1 26 
0 
0 
0 
0 
0 
0 
0 
0 
0 
0 
0 
1 6 30 
0 
0 
0 
0 
0 
0 
0 
0 
0 
0 
0 
0 
0 
0 
0 
0 
0 
0 
0 
0 
0 
0 
0 
0 
0 
0 
0 
0 
0 
0 
0 
0 
0 
0 
0 
0 
0 
0 
0 
0 
0 
0 
0 
0 
0 
0 
0 
0 
0 
0 
0 
0 
0 
0 
0 
0 
0 
0 
0 
0 
0 
0 
0 
0 
0 
0 
0 
0 
0 
0 
0 
0 
1 33 20 
0 
0 
0 
0 
0 
0 
0 
0 
1 27 19 
0 
0 
0 
0 
0 
0 
0 
0 
0 
0 
0 
0 
1 21 12 
0 
1 20 11 
0 
0 
0 
0 
0 
0 
0 
0 
0 
0 
0 
0 
0 
0 
0 
0 
0 
0 
0 
1 10 2 
1 7 1 
1 9 3 
1 8 5 
0 
0 
0 
1 9 6 
1 11 5 
1 10 8 
1 12 6 
0 
2 13 7 8 7 
1 12 10 
1 14 8 
1 13 10 
1 11 9 
1 14 11 
1 16 10 
1 15 13 
0 
2 17 12 13 12 
1 16 14 
1 18 13 
1 17 15 
1 19 14 
1 18 16 
2 19 13 21 15 
0 
1 20 17 
1 22 16 
1 21 18 
1 24 17 
0 
0 
0 
0 
0 
0 
0 
0 
0 
0 
0 
0 
0 
0 
1 13 11 
0 
0 
0 
0 
0 
0 
0 
1 6 8 
0 
2 7 10 7 5 
1 5 7 
0 
2 8 6 4 6 
1 5 3 
0 
1 4 3 
2 6 4 2 4 
1 3 1 
1 1 3 
1 6 2 
0 
0 
0 
0 
0 
0 
0 
0 
0 
0 
0 
0 
0 
0 
0 
0 
0 
0 
0 
0 
0 
0 
0 
0 
0 
0 
0 
0 
0 
0 
0 
0 
0 
0 
0 
0 
0 
0 
0 
0 
0 
0 
0 
0 
0 
0 
0 
0 
0 
0 
0 
0 
0 
0 
0 
0 
0 
0 
0 
0 
0 
0 
0 
0 
0 
0 
0 
0 
0 
0 
0 
0 
0 
0 
0 
0 
0 
0 
0 
0 
0 
0 
0 
0 
0 
0 
0 
0 
0 
0 
0 
0 
0 
0 
0 
0 
0 
0 
0 
0 
0 
0 
0 
0 
0 
0 
0 
0 
0 
0 
0 
0 
1 31 5 
0 
1 33 6 
0 
3 32 7 32 8 32 4 
1 34 5 
1 33 3 
1 35 4 
1 34 2 
0 
0 
1 36 2 
1 33 1 
0 
2 36 0 31 0 
0 
0 
0 
0 
0 
0 
0 
0 
0 
0 
0 
0 
0 
0 
0 
0 
0 
0 
0 
0 
0 
0 
0 
0 
0 
0 
0 
0 
0 
0 
0 
0 
0 
0 
0 
0 
0 
0 
0 
0 
0 
0 
0 
0 
0 
0 
0 
0 
0 
0 
0 
0 
0 
0 
0 
0 
0 
0 
0 
0 
0 
0 
0 
0 
0 
0 
0 
0 
0 
0 
0 
0 
0 
0 
0 
0 
0 
0 
0 
0 
0 
0 
0 
0 
0 
0 
0 
0 
0 
0 
0 
0 
0 
0 
0 
0 
0 
0 
0 
0 
0 
0 
0 
0 
0 
0 
0 
0 
0 
0 
0 
0 
0 
0 
0 
0 
0 
1 14 14 
1 12 13 
0 
1 11 14 
1 12 17 
0 
1 14 16 
1 13 18 
1 15 17 
1 14 19 
0 
1 15 20 
1 17 19 
1 16 21 
1 19 20 
1 17 22 
1 18 18 
1 20 19 
0 
0 
1 16 17 
0 
0 
1 15 16 
0 
0 
0 
0 
0 
0 
0 
0 
0 
0 
0 
0 
0 
0 
0 
0 
0 
0 
0 
0 
0 
0 
0 
0 
0 
0 
0 
0 
0 
0 
0 
0 
0 
0 
0 
0 
0 
0 
0 
0 
0 
0 
0 
0 
0 
0 
0 
0 
0 
0 
0 
0 
0 
0 
1 15 6 
0 
0 
0 
0 
0 
0 
0 
1 19 10 
0 
0 
0 
0 
0 
0 
0 
0 
0 
0 
0 
0 
0 
0 
0 
0 
0 
0 
0 
0 
0 
0 
0 
0 
0 
0 
0 
0 
1 33 25 
1 35 22 
0 
0 
0 
0 
0 
0 
0 
0 
0 
0 
0 
0 
0 
0 
0 
0 
0 
0 
0 
0 
0 
0 
0 
0 
0 
0 
0 
0 
0 
0 
0 
0 
0 
0 
0 
0 
0 
0 
0 
0 
0 
0 
0 
0 
0 
0 
0 
0 
0 
0 
0 
0 
0 
0 
0 
0 
0 
0 
0 
0 
0 
0 
0 
0 
0 
0 
0 
1 8 33 
0 
0 
0 
0 
0 
0 
0 
0 
0 
0 
0 
0 
1 0 24 
0 
1 2 25 
1 1 23 
1 4 24 
1 2 22 
2 3 27 3 22 
1 5 23 
1 4 20 
0 
1 2 21 
1 3 18 
0 
1 5 19 
1 4 17 
1 7 18 
0 
0 
0 
0 
0 
0 
0 
0 
0 
0 
0 
0 
0 
0 
0 
1 0 29 
0 
0 
0 
0 
0 
0 
0 
0 
0 
0 
0 
0 
1 7 29 
0 
0 
0 
0 
0 
0 
0 
0 
0 
0 
0 
0 
0 
0 
0 
0 
0 
0 
0 
0 
0 
0 
0 
0 
0 
0 
0 
0 
0 
0 
0 
0 
0 
0 
0 
0 
0 
0 
0 
0 
0 
0 
0 
0 
0 
0 
0 
0 
0 
0 
0 
0 
0 
0 
0 
0 
0 
0 
0 
0 
0 
0 
0 
0 
0 
0 
0 
0 
0 
0 
0 
0 
0 
0 
0 
0 
0 
0 
0 
0 
0 
0 
0 
0 
0 
0 
0 
0 
0 
0 
0 
0 
0 
0 
0 
0 
0 
0 
0 
0 
0 
0 
0 
0 
0 
0 
0 
0 
0 
0 
0 
0 
0 
0 
0 
0 
0 
0 
0 
0 
0 
0 
0 
0 
0 
0 
0 
0 
0 
0 
0 
0 
0 
0 
1 16 9 
0 
0 
0 
0 
0 
0 
0 
0 
0 
0 
0 
1 18 12 
0 
0 
0 
0 
0 
0 
0 
0 
0 
0 
0 
0 
0 
0 
0 
0 
0 
0 
0 
0 
0 
0 
0 
0 
0 
0 
0 
0 
0 
0 
0 
0 
0 
0 
0 
0 
0 
0 
0 
0 
0 
0 
0 
0 
0 
0 
0 
0 
0 
0 
0 
0 
0 
0 
0 
0 
0 
0 
0 
0 
0 
0 
0 
0 
0 
0 
0 
0 
0 
0 
0 
0 
0 
0 
0 
0 
0 
0 
0 
0 
0 
0 
0 
0 
0 
0 
0 
0 
0 
0 
0 
0 
0 
0 
0 
0 
0 
0 
0 
0 
0 
0 
0 
0 
0 
0 
0 
0 
0 
0 
0 
0 
0 
0 
0 
0 
0 
0 
0 
0 
0 
0 
0 
0 
0 
0 
0 
0 
0 
0 
0 
0 
0 
0 
0 
0 
0 
0 
0 
0 
0 
0 
0 
0 
0 
0 
0 
0 
0 
0 
0 
0 
0 
0 
0 
0 
0 
0 
0 
0 
0 
0 
0 
0 
0 
0 
0 
0 
0 
0 
0 
0 
0 
0 
0 
0 
0 
0 
0 
0 
0 
0 
1 5 16 
1 6 21 
1 9 19 
1 7 21 
1 8 21 
2 10 20 5 20 
1 9 23 
1 11 21 
2 11 22 7 22 
1 8 24 
0 
1 7 25 
1 6 25 
0 
0 
0 
0 
1 10 24 
1 13 23 
0 
0 
1 8 25 
0 
0 
1 7 26 
1 8 28 
1 5 27 
0 
1 6 29 
1 4 28 
0 
0 
0 
0 
0 
0 
0 
0 
0 
0 
0 
0 
0 
0 
0 
0 
0 
0 
0 
0 
0 
0 
0 
0 
0 
0 
0 
0 
0 
0 
0 
0 
0 
0 
0 
0 
0 
0 
0 
0 
0 
0 
0 
0 
0 
0 
0 
0 
0 
0 
0 
0 
0 
0 
0 
0 
0 
0 
0 
0 
0 
0 
0 
0 
0 
0 
0 
0 
0 
1 17 36 
0 
0 
0 
0 
0 
0 
0 
0 
0 
0 
0 
0 
0 
0 
0 
0 
0 
0 
0 
0 
0 
0 
0 
0 
0 
0 
0 
0 
0 
0 
0 
0 
0 
0 
0 
0 
0 
0 
0 
1 32 27 
0 
0 
0 
0 
0 
0 
0 
0 
0 
0 
0 
0 
0 
0 
0 
0 
0 
0 
0 
0 
0 
0 
0 
0 
0 
0 
0 
0 
0 
0 
0 
0 
0 
0 
0 
0 
0 
0 
0 
0 
0 
0 
0 
1 16 7 
0 
0 
0 
1 14 5 
0 
0 
0 
0 
0 
0 
0 
0 
0 
0 
0 
0 
0 
0 
0 
0 
0 
0 
0 
0 
0 
0 
0 
1 5 9 
1 6 11 
1 3 10 
0 
1 4 7 
1 2 9 
1 3 7 
2 5 8 1 8 
1 2 5 
0 
1 0 6 
1 1 4 
0 
1 0 1 
0 
0 
0 
0 
0 
0 
0 
0 
0 
0 
0 
0 
0 
0 
0 
0 
0 
0 
0 
0 
0 
0 
0 
0 
0 
0 
0 
0 
0 
0 
0 
0 
0 
0 
0 
1 10 12 
0 
0 
0 
0 
0 
0 
0 
0 
0 
0 
0 
0 
0 
0 
0 
0 
0 
0 
0 
0 
0 
0 
0 
0 
0 
0 
0 
0 
0 
0 
0 
1 2 11 
1 3 13 
2 5 12 1 12 
1 2 14 
0 
0 
0 
0 
0 
0 
0 
0 
0 
0 
0 
0 
0 
0 
0 
0 
0 
0 
0 
0 
0 
0 
0 
0 
0 
0 
0 
0 
0 
0 
0 
0 
0 
0 
0 
1 17 11 
0 
0 
0 
0 
0 
0 
0 
0 
0 
0 
0 
0 
0 
0 
0 
0 
0 
0 
0 
0 
0 
1 23 19 
1 25 18 
0 
0 
0 
1 26 22 
1 28 20 
0 
1 29 21 
1 28 23 
1 30 22 
1 29 24 
1 31 23 
0 
0 
2 32 25 28 25 
0 
1 27 26 
0 
1 26 27 
0 
0 
0 
0 
0 
0 
0 
0 
0 
0 
0 
0 
0 
0 
0 
0 
0 
0 
0 
0 
0 
0 
0 
0 
0 
0 
0 
0 
0 
0 
0 
0 
0 
0 
0 
0 
0 
0 
0 
0 
0 
0 
0 
0 
0 
0 
0 
0 
0 
0 
0 
0 
0 
0 
0 
0 
0 
0 
0 
0 
0 
0 
0 
0 
0 
0 
0 
0 
0 
0 
0 
0 
0 
0 
0 
0 
0 
0 
0 
0 
0 
0 
0 
0 
0 
0 
0 
0 
0 
0 
0 
0 
0 
0 
0 
0 
0 
0 
0 
0 
0 
0 
0 
0 
0 
0 
0 
0 
0 
0 
0 
0 
0 
0 
0 
0 
0 
0 
0 
0 
0 
0 
0 
0 
0 
0 
0 
0 
0 
0 
0 
0 
0 
0 
0 
0 
0 
0 
0 
0 
0 
0 
0 
0 
0 
0 
1 28 11 
0 
0 
0 
0 
0 
0 
0 
0 
0 
0 
0 
0 
0 
0 
0 
0 
0 
0 
0 
0 
0 
0 
0 
0 
0 
0 
0 
0 
0 
0 
0 
0 
0 
0 
0 
0 
0 
0 
0 
0 
0 
0 
0 
0 
0 
0 
0 
0 
0 
0 
0 
0 
0 
0 
0 
0 
0 
0 
0 
0 
0 
0 
0 
0 
0 
0 
0 
0 
0 
0 
0 
0 
0 
0 
0 
0 
0 
0 
0 
0 
0 
1 1 14 
0 
0 
0 
0 
0 
0 
0 
0 
0 
0 
0 
0 
0 
0 
0 
0 
0 
0 
0 
0 
0 
0 
0 
0 
0 
0 
0 
0 
0 
0 
0 
0 
0 
0 
0 
0 
0 
0 
0 
0 
0 
0 
0 
0 
0 
0 
0 
0 
0 
0 
0 
0 
0 
0 
0 
0 
0 
0 
0 
0 
0 
0 
0 
0 
0 
0 
0 
0 
1 36 16 
0 
0 
1 35 18 
1 34 16 
0 
0 
0 
