3 2 13 0 15 0 11 
2 1 15 1 11 
1 3 14 
1 2 16 
1 4 15 
1 3 17 
1 5 16 
1 4 18 
1 6 17 
1 5 19 
2 6 18 7 18 
0 
0 
0 
0 
0 
0 
1 1 16 
0 
0 
1 3 12 
1 2 10 
1 4 11 
1 3 9 
1 5 10 
1 4 8 
1 6 9 
1 5 7 
1 7 8 
1 6 6 
1 8 7 
1 7 5 
1 9 6 
1 8 4 
1 10 5 
1 9 3 
1 11 4 
1 10 2 
1 12 3 
1 11 1 
1 13 2 
0 
1 14 1 
0 
2 16 0 9 0 
0 
1 15 2 
1 17 1 
3 16 3 17 3 15 3 
1 19 2 
0 
1 18 4 
1 20 3 
1 19 5 
1 21 4 
1 20 6 
1 22 5 
1 21 7 
2 22 4 23 6 
1 22 8 
1 24 7 
1 23 9 
1 25 8 
1 24 10 
1 26 9 
1 25 11 
0 
1 26 13 
0 
1 24 12 
1 25 14 
1 23 13 
1 24 15 
1 22 14 
1 23 16 
1 21 15 
1 22 17 
1 20 16 
1 21 18 
1 19 17 
3 20 19 21 19 19 19 
1 17 18 
0 
2 18 19 18 16 
1 16 17 
1 17 15 
1 15 16 
1 16 14 
1 14 15 
1 15 13 
1 13 14 
1 14 12 
1 12 13 
1 13 11 
1 11 12 
1 12 10 
1 10 11 
1 11 9 
1 9 10 
1 10 8 
1 7 9 
0 
1 8 11 
1 6 10 
1 7 12 
1 5 11 
1 6 13 
1 4 12 
1 5 15 
1 3 13 
1 7 14 
1 6 16 
1 8 15 
1 7 17 
1 9 16 
1 8 18 
1 10 17 
3 9 19 12 21 11 22 
1 11 18 
1 10 20 
1 12 19 
2 11 21 13 22 
1 14 20 
0 
2 13 21 13 18 
1 15 19 
1 14 16 
0 
1 15 17 
1 16 20 
0 
1 17 21 
1 19 20 
1 18 22 
1 20 21 
1 19 23 
1 21 22 
1 20 24 
1 22 23 
1 21 25 
1 23 24 
0 
1 24 25 
2 19 26 26 26 
0 
0 
1 18 25 
0 
2 17 24 12 24 
0 
1 16 23 
0 
1 15 22 
0 
0 
1 15 20 
1 14 24 
0 
1 13 23 
1 15 25 
0 
0 
1 17 25 
1 13 26 
0 
0 
1 11 25 
1 13 24 
0 
1 9 26 
0 
1 10 24 
1 8 25 
1 9 23 
1 7 24 
1 8 22 
1 6 23 
1 7 21 
1 5 22 
1 6 19 
2 5 21 4 21 
2 9 20 3 20 
0 
0 
1 2 19 
0 
1 1 18 
0 
0 
0 
1 0 20 
0 
0 
1 1 21 
0 
1 2 22 
0 
1 3 23 
0 
1 4 24 
0 
1 5 25 
0 
0 
1 7 25 
2 8 26 3 26 
0 
0 
0 
0 
0 
0 
0 
0 
0 
0 
0 
0 
0 
0 
0 
0 
0 
0 
0 
0 
0 
0 
0 
0 
0 
0 
0 
0 
0 
0 
0 
0 
0 
0 
0 
0 
0 
0 
0 
0 
0 
0 
0 
0 
0 
0 
0 
0 
0 
0 
0 
0 
0 
0 
0 
0 
0 
0 
0 
0 
0 
0 
0 
0 
1 25 24 
0 
1 26 22 
0 
1 23 23 
1 25 21 
1 24 21 
1 22 22 
1 23 20 
1 21 21 
1 22 18 
1 20 20 
1 24 19 
1 23 17 
2 24 20 25 18 
1 24 16 
1 25 19 
1 25 15 
0 
0 
0 
0 
0 
0 
0 
0 
0 
0 
0 
0 
0 
0 
0 
0 
0 
0 
0 
0 
0 
0 
0 
0 
0 
0 
0 
0 
0 
0 
0 
0 
0 
0 
0 
0 
0 
0 
0 
0 
0 
0 
0 
0 
0 
0 
0 
0 
0 
0 
0 
0 
0 
0 
0 
0 
0 
0 
0 
0 
0 
0 
0 
1 11 7 
0 
1 12 6 
0 
1 13 5 
0 
1 16 4 
0 
1 14 2 
1 15 6 
1 18 5 
1 16 7 
1 17 7 
1 19 6 
1 18 8 
1 20 7 
1 19 9 
1 21 8 
1 20 10 
1 22 9 
1 21 11 
1 23 10 
1 22 13 
1 24 11 
1 20 12 
2 21 14 20 14 
1 18 13 
0 
2 19 16 19 10 
1 17 12 
1 18 10 
2 20 11 16 11 
1 17 8 
1 15 10 
1 16 8 
2 18 9 14 9 
1 15 7 
1 13 8 
1 14 6 
0 
0 
0 
0 
0 
0 
0 
0 
0 
0 
0 
0 
0 
0 
0 
0 
0 
0 
0 
0 
0 
0 
0 
0 
0 
0 
0 
0 
0 
0 
0 
0 
0 
0 
0 
0 
0 
0 
0 
0 
0 
0 
0 
0 
0 
0 
0 
0 
0 
0 
0 
0 
0 
0 
0 
0 
0 
0 
0 
0 
0 
0 
0 
0 
0 
0 
0 
0 
0 
0 
0 
0 
0 
0 
0 
0 
0 
0 
0 
0 
0 
0 
0 
0 
0 
0 
0 
0 
1 11 17 
1 13 15 
1 12 15 
1 10 16 
1 11 13 
1 9 15 
1 10 13 
2 12 14 8 14 
1 9 11 
1 7 13 
0 
0 
1 10 12 
0 
0 
0 
0 
0 
0 
0 
0 
0 
0 
0 
0 
0 
0 
0 
0 
0 
0 
0 
0 
0 
0 
0 
0 
0 
0 
0 
0 
0 
0 
0 
0 
0 
0 
0 
0 
0 
0 
0 
0 
0 
0 
0 
0 
0 
0 
0 
0 
0 
0 
0 
0 
0 
0 
0 
0 
1 9 22 
0 
0 
0 
0 
0 
0 
0 
0 
0 
0 
0 
0 
0 
0 
0 
0 
0 
0 
0 
0 
0 
0 
0 
0 
0 
0 
0 
0 
0 
0 
0 
0 
1 2 25 
0 
1 1 24 
0 
0 
0 
0 
0 
0 
0 
0 
0 
0 
0 
0 
0 
0 
0 
0 
0 
0 
0 
0 
0 
0 
0 
0 
0 
0 
0 
0 
0 
0 
0 
0 
0 
0 
0 
0 
0 
0 
0 
0 
0 
0 
0 
0 
0 
0 
0 
0 
0 
0 
0 
0 
0 
0 
0 
0 
0 
0 
0 
0 
0 
0 
0 
0 
0 
0 
0 
0 
0 
0 
0 
0 
0 
0 
0 
0 
0 
0 
0 
0 
0 
0 
0 
0 
0 
0 
0 
0 
0 
0 
0 
0 
0 
0 
0 
0 
0 
0 
0 
0 
0 
0 
0 
0 
0 
0 
0 
0 
0 
0 
0 
0 
0 
0 
0 
0 
0 
0 
0 
0 
0 
0 
0 
0 
0 
0 
0 
0 
0 
0 
0 
0 
0 
0 
0 
0 
0 
0 
0 
0 
0 
0 
0 
0 
0 
0 
0 
0 
0 
0 
0 
0 
0 
0 
0 
0 
0 
1 21 3 
0 
0 
0 
0 
0 
1 20 1 
0 
2 22 0 17 0 
0 
0 
1 23 1 
1 22 3 
2 24 2 20 2 
1 23 4 
1 25 3 
1 24 6 
0 
1 25 6 
2 26 8 26 1 
1 23 5 
0 
0 
0 
0 
0 
0 
0 
0 
0 
0 
0 
0 
0 
0 
0 
0 
0 
0 
0 
0 
0 
0 
0 
0 
0 
0 
0 
0 
0 
1 8 1 
0 
1 7 2 
0 
1 6 3 
0 
1 5 4 
0 
1 4 5 
0 
1 3 6 
0 
1 2 7 
0 
1 1 8 
0 
0 
0 
1 0 6 
0 
0 
1 1 5 
0 
1 2 4 
0 
1 3 3 
0 
1 4 2 
0 
1 5 1 
0 
0 
0 
2 8 0 3 0 
0 
0 
1 2 1 
0 
1 1 2 
0 
0 
0 
2 0 5 0 0 
0 
0 
0 
0 
0 
0 
0 
0 
0 
0 
0 
0 
0 
0 
0 
0 
0 
0 
0 
0 
0 
0 
0 
0 
0 
0 
0 
0 
0 
0 
0 
0 
0 
0 
0 
0 
0 
0 
0 
0 
0 
0 
0 
0 
0 
0 
0 
0 
0 
0 
0 
0 
0 
0 
0 
0 
0 
0 
0 
0 
0 
0 
0 
0 
0 
0 
0 
0 
0 
0 
0 
0 
0 
0 
0 
0 
0 
0 
0 
0 
0 
0 
0 
0 
0 
0 
0 
0 
0 
0 
0 
0 
0 
0 
0 
0 
1 16 13 
0 
0 
0 
0 
0 
0 
0 
0 
0 
0 
0 
0 
0 
0 
0 
0 
0 
0 
0 
0 
0 
0 
0 
0 
0 
0 
0 
0 
0 
0 
0 
0 
0 
0 
0 
0 
0 
0 
0 
0 
0 
0 
0 
0 
0 
0 
0 
0 
0 
0 
0 
0 
0 
0 
0 
0 
0 
0 
0 
0 
0 
0 
0 
0 
0 
0 
0 
0 
0 
0 
0 
0 
0 
0 
0 
0 
0 
0 
0 
0 
0 
0 
0 
0 
0 
0 
0 
0 
0 
0 
0 
0 
1 7 19 
0 
0 
0 
0 
0 
0 
1 11 24 
0 
0 
0 
0 
0 
0 
0 
0 
0 
0 
0 
0 
0 
0 
0 
0 
0 
0 
0 
0 
0 
0 
0 
0 
0 
0 
0 
0 
0 
0 
0 
0 
0 
0 
0 
0 
0 
0 
0 
0 
0 
0 
0 
0 
0 
0 
0 
0 
0 
0 
0 
0 
0 
0 
0 
0 
0 
0 
0 
0 
0 
0 
0 
0 
0 
0 
2 26 21 26 14 
0 
0 
0 
0 
0 
0 
0 
0 
0 
0 
0 
0 
0 
0 
0 
0 
0 
0 
0 
0 
0 
0 
0 
0 
0 
0 
0 
0 
0 
0 
0 
0 
0 
0 
0 
0 
0 
0 
0 
0 
0 
0 
0 
0 
0 
0 
0 
0 
0 
0 
0 
0 
0 
0 
0 
0 
0 
0 
0 
0 
0 
0 
0 
0 
0 
0 
0 
0 
0 
0 
0 
0 
0 
0 
0 
0 
0 
0 
0 
0 
0 
0 
0 
0 
0 
0 
0 
0 
0 
0 
0 
0 
0 
0 
0 
0 
0 
0 
0 
0 
0 
0 
0 
0 
0 
0 
0 
0 
0 
0 
0 
0 
0 
0 
0 
0 
0 
0 
0 
0 
0 
0 
0 
0 
0 
0 
0 
0 
0 
0 
0 
0 
0 
0 
0 
0 
0 
0 
0 
0 
0 
0 
0 
0 
0 
0 
0 
0 
1 23 0 
0 
0 
0 
0 
0 
0 
0 
0 
0 
0 
0 
0 
0 
0 
0 
0 
0 
0 
0 
0 
0 
0 
0 
0 
0 
0 
0 
0 
0 
0 
0 
0 
0 
0 
0 
0 
0 
0 
0 
0 
0 
0 
0 
0 
0 
0 
0 
0 
0 
0 
0 
0 
0 
0 
0 
0 
0 
0 
0 
0 
0 
0 
0 
0 
0 
0 
0 
0 
0 
0 
0 
0 
0 
0 
0 
0 
0 
0 
0 
0 
0 
0 
0 
0 
0 
0 
0 
0 
0 
0 
0 
0 
0 
0 
0 
0 
0 
0 
0 
0 
0 
0 
0 
0 
0 
0 
0 
0 
0 
0 
0 
0 
0 
0 
0 
0 
0 
0 
0 
0 
0 
0 
0 
0 
0 
0 
0 
0 
0 
0 
0 
0 
0 
0 
0 
0 
0 
0 
0 
0 
0 
0 
0 
0 
0 
0 
0 
0 
0 
0 
0 
0 
0 
0 
0 
0 
0 
0 
0 
0 
0 
0 
0 
0 
0 
0 
0 
0 
0 
0 
0 
0 
0 
0 
0 
0 
0 
0 
0 
0 
0 
0 
0 
0 
0 
0 
0 
0 
0 
0 
0 
1 1 22 
2 0 26 0 21 
0 
0 
0 
0 
0 
0 
0 
0 
0 
0 
0 
0 
0 
0 
0 
0 
0 
0 
0 
0 
0 
0 
0 
0 
0 
0 
0 
0 
0 
0 
0 
0 
0 
0 
0 
0 
0 
0 
0 
0 
0 
0 
0 
0 
0 
0 
