1 0 20 
1 2 19 
1 1 21 
1 3 20 
1 2 23 
0 
1 4 22 
1 3 24 
1 5 23 
1 4 25 
0 
0 
0 
0 
0 
0 
0 
1 1 26 
0 
0 
0 
0 
0 
0 
0 
1 2 27 
0 
0 
1 3 29 
1 2 31 
1 4 30 
1 3 32 
0 
1 4 33 
1 6 32 
1 5 34 
1 7 33 
1 6 35 
0 
0 
1 8 32 
1 10 33 
0 
1 11 32 
1 10 30 
1 12 31 
1 11 29 
2 12 32 13 30 
0 
1 14 29 
1 13 27 
0 
0 
0 
0 
0 
0 
1 11 33 
0 
0 
0 
0 
0 
0 
1 13 36 
0 
1 10 34 
0 
1 12 34 
0 
1 13 32 
1 15 34 
1 14 32 
1 12 33 
1 15 30 
0 
2 17 31 13 31 
1 16 29 
1 18 30 
3 17 28 18 28 16 28 
1 20 29 
0 
2 19 31 19 27 
0 
0 
1 22 31 
1 21 33 
1 23 32 
1 22 34 
0 
0 
0 
0 
0 
0 
0 
0 
1 22 28 
0 
0 
1 24 29 
0 
1 23 31 
0 
1 24 32 
1 26 31 
1 25 34 
0 
1 27 33 
1 26 35 
1 28 34 
0 
0 
0 
1 29 33 
1 34 34 
0 
0 
0 
1 33 32 
0 
1 34 31 
0 
1 35 28 
0 
0 
1 33 29 
1 34 27 
1 32 28 
0 
1 30 27 
0 
1 31 25 
1 29 28 
1 30 30 
2 32 29 28 29 
1 29 31 
0 
0 
0 
0 
0 
0 
1 28 26 
2 30 25 30 24 
1 29 24 
0 
0 
1 27 25 
1 28 23 
1 26 24 
1 27 22 
0 
1 26 21 
0 
1 25 20 
1 23 21 
0 
1 22 20 
0 
1 21 19 
1 22 17 
1 20 18 
1 21 16 
1 19 17 
1 20 14 
0 
1 23 15 
0 
1 22 13 
1 24 14 
1 23 12 
1 25 13 
1 24 11 
1 26 12 
1 25 10 
0 
1 26 9 
1 28 10 
1 27 8 
1 29 9 
1 28 7 
1 30 8 
0 
1 31 7 
0 
0 
1 31 4 
0 
1 32 3 
1 34 4 
1 33 1 
0 
0 
0 
0 
1 29 0 
0 
0 
0 
0 
0 
1 29 3 
1 28 3 
1 25 2 
0 
1 26 4 
0 
0 
1 23 1 
0 
0 
0 
1 21 3 
1 23 5 
1 22 5 
0 
0 
1 19 5 
1 20 7 
1 18 6 
1 19 8 
1 16 7 
3 18 9 19 9 17 9 
0 
1 15 8 
1 16 10 
1 14 9 
0 
0 
1 17 11 
0 
1 19 12 
1 17 14 
0 
0 
1 21 10 
0 
0 
1 22 11 
0 
0 
0 
0 
0 
0 
0 
0 
0 
0 
0 
1 14 13 
1 12 12 
3 13 14 14 14 12 14 
0 
0 
3 11 11 12 11 11 16 
0 
2 13 15 9 15 
0 
1 14 16 
1 13 18 
1 15 17 
1 14 19 
1 16 18 
1 15 20 
1 17 19 
0 
0 
0 
0 
0 
0 
0 
0 
0 
0 
1 10 17 
1 8 16 
1 9 18 
1 7 17 
3 8 19 9 19 7 19 
1 4 18 
0 
2 4 19 4 16 
2 5 21 5 15 
0 
1 7 20 
1 6 23 
1 8 21 
0 
1 5 22 
1 9 23 
1 8 25 
1 10 24 
1 9 26 
1 12 25 
0 
1 11 28 
1 13 24 
1 12 22 
2 14 23 10 23 
1 13 20 
1 15 22 
0 
2 16 21 11 21 
0 
1 11 20 
0 
0 
0 
0 
0 
1 14 26 
0 
1 16 24 
0 
0 
0 
0 
1 17 23 
0 
1 18 22 
1 17 20 
1 19 21 
1 18 17 
0 
0 
0 
1 21 22 
0 
1 22 24 
0 
1 23 24 
1 19 23 
0 
0 
1 25 26 
1 22 25 
1 26 27 
0 
1 27 32 
0 
0 
0 
0 
0 
0 
0 
0 
0 
0 
0 
0 
0 
0 
0 
0 
0 
0 
0 
0 
0 
0 
0 
0 
0 
0 
0 
0 
0 
0 
0 
0 
0 
0 
0 
0 
0 
0 
0 
0 
0 
0 
0 
0 
0 
0 
0 
0 
0 
0 
0 
0 
0 
0 
0 
0 
0 
0 
0 
0 
0 
0 
0 
0 
0 
0 
0 
0 
0 
0 
0 
0 
0 
0 
0 
0 
0 
0 
0 
0 
0 
0 
0 
0 
0 
0 
0 
0 
0 
0 
0 
0 
0 
0 
1 36 6 
0 
0 
1 34 5 
1 35 7 
1 33 6 
1 34 8 
1 32 7 
1 33 9 
0 
2 32 11 32 10 
1 30 9 
0 
2 29 10 29 16 
2 30 13 28 15 
1 29 11 
1 28 12 
0 
0 
3 29 15 29 14 27 16 
1 26 13 
1 28 14 
1 27 15 
0 
0 
1 25 17 
0 
2 26 16 23 16 
0 
1 23 17 
1 26 18 
0 
1 28 19 
1 26 20 
1 27 21 
0 
0 
0 
