3 2 10 0 12 0 8 
2 1 12 1 8 
1 3 11 
1 2 13 
1 4 12 
1 3 14 
1 5 13 
1 4 15 
1 6 14 
1 5 16 
1 7 15 
1 6 17 
1 8 16 
1 7 18 
1 9 17 
0 
1 10 18 
2 10 19 5 19 
0 
0 
1 4 18 
0 
1 3 17 
0 
1 2 16 
0 
1 1 15 
0 
0 
0 
0 
0 
0 
0 
0 
0 
0 
0 
0 
0 
0 
0 
0 
0 
0 
0 
0 
0 
0 
0 
0 
0 
1 3 9 
1 2 7 
1 4 8 
1 3 6 
1 5 7 
1 4 5 
1 6 6 
1 5 4 
1 7 5 
1 6 3 
1 9 4 
1 7 2 
2 8 6 8 2 
1 10 5 
1 9 7 
1 11 6 
1 10 8 
1 12 7 
1 11 9 
2 12 8 13 8 
0 
0 
0 
0 
0 
0 
0 
1 10 3 
1 9 1 
1 11 2 
0 
1 12 1 
0 
2 14 0 7 0 
0 
1 13 2 
1 15 1 
1 14 3 
1 16 2 
1 15 4 
1 17 3 
1 16 5 
1 18 4 
1 17 6 
0 
2 18 6 18 7 
2 19 9 19 2 
0 
0 
1 17 8 
3 18 10 16 13 17 14 
1 16 9 
1 17 11 
1 15 10 
2 16 12 14 14 
1 14 11 
1 15 13 
1 13 12 
0 
1 12 13 
1 13 15 
1 11 14 
1 12 16 
1 10 15 
1 11 18 
0 
1 10 17 
1 9 14 
0 
1 8 13 
0 
1 7 12 
0 
1 6 11 
0 
1 5 10 
0 
0 
1 3 10 
1 6 9 
0 
1 7 8 
0 
0 
1 7 6 
1 8 9 
0 
1 9 10 
0 
1 10 11 
1 12 10 
1 11 13 
0 
1 12 12 
0 
1 14 10 
2 12 9 15 9 
1 14 7 
1 16 8 
1 15 5 
1 17 7 
2 16 6 12 6 
2 14 5 14 4 
2 13 7 13 4 
1 11 5 
1 12 2 
0 
0 
0 
0 
0 
0 
0 
0 
0 
0 
0 
0 
0 
0 
0 
0 
0 
0 
0 
0 
0 
0 
0 
0 
0 
0 
0 
0 
0 
0 
0 
0 
0 
0 
0 
0 
0 
0 
0 
0 
1 13 17 
0 
2 13 18 14 18 
1 16 19 
0 
0 
1 15 17 
1 17 18 
0 
2 17 17 18 17 
2 13 16 18 16 
0 
0 
0 
0 
0 
0 
0 
0 
0 
0 
0 
0 
0 
0 
0 
0 
0 
0 
0 
0 
0 
0 
0 
0 
0 
0 
0 
0 
0 
0 
0 
0 
0 
0 
0 
0 
0 
0 
0 
0 
0 
0 
1 13 3 
0 
0 
0 
0 
0 
0 
0 
1 5 1 
0 
1 6 2 
0 
0 
0 
0 
0 
0 
0 
0 
0 
0 
0 
0 
0 
0 
0 
0 
0 
0 
0 
0 
0 
1 18 1 
0 
0 
0 
0 
0 
0 
0 
0 
0 
0 
0 
0 
0 
0 
0 
0 
0 
0 
0 
0 
0 
0 
0 
0 
0 
0 
0 
0 
0 
0 
0 
0 
0 
0 
0 
0 
0 
0 
0 
2 18 14 18 13 
2 19 19 19 10 
0 
0 
0 
0 
0 
0 
0 
0 
0 
0 
0 
0 
0 
0 
0 
0 
0 
0 
0 
0 
0 
0 
0 
0 
0 
0 
0 
0 
0 
0 
0 
0 
0 
0 
0 
0 
0 
0 
0 
0 
0 
0 
0 
0 
0 
0 
0 
0 
0 
0 
0 
0 
0 
1 3 0 
0 
1 4 2 
1 2 1 
1 3 3 
1 1 2 
1 2 4 
0 
2 1 4 1 5 
0 
0 
0 
0 
0 
0 
0 
0 
0 
0 
0 
0 
0 
0 
0 
0 
0 
0 
0 
0 
0 
0 
0 
0 
0 
0 
0 
0 
0 
0 
0 
0 
0 
0 
0 
0 
0 
0 
0 
0 
0 
0 
0 
0 
0 
0 
0 
0 
0 
0 
0 
0 
0 
0 
0 
0 
0 
0 
0 
0 
0 
1 0 17 
0 
0 
1 1 18 
0 
0 
0 
0 
0 
0 
0 
0 
0 
0 
0 
0 
0 
0 
0 
0 
0 
0 
0 
0 
0 
0 
0 
0 
0 
0 
0 
0 
0 
0 
0 
0 
0 
0 
0 
0 
0 
0 
0 
0 
0 
0 
0 
0 
0 
0 
0 
0 
0 
0 
0 
0 
0 
0 
0 
0 
0 
0 
1 16 1 
0 
0 
0 
0 
0 
0 
0 
0 
0 
0 
0 
0 
0 
0 
0 
0 
0 
0 
0 
0 
0 
0 
0 
0 
0 
0 
0 
0 
0 
0 
0 
0 
0 
0 
0 
0 
0 
1 14 15 
0 
0 
0 
0 
0 
0 
0 
0 
0 
0 
0 
0 
0 
0 
0 
0 
0 
0 
0 
0 
0 
0 
0 
0 
0 
0 
0 
0 
0 
0 
0 
0 
0 
0 
0 
0 
0 
0 
0 
0 
0 
0 
0 
0 
0 
0 
0 
0 
0 
0 
0 
0 
0 
0 
0 
0 
0 
0 
0 
0 
2 0 7 0 0 
0 
0 
0 
0 
0 
0 
0 
0 
0 
0 
0 
0 
0 
0 
0 
0 
0 
0 
0 
0 
0 
0 
0 
0 
0 
0 
0 
0 
0 
0 
0 
0 
0 
0 
0 
0 
0 
0 
0 
0 
0 
0 
0 
0 
0 
0 
0 
0 
0 
0 
0 
0 
0 
0 
0 
0 
0 
0 
0 
0 
0 
0 
0 
0 
0 
0 
0 
0 
0 
0 
0 
0 
0 
0 
0 
0 
0 
0 
0 
0 
0 
0 
0 
0 
0 
0 
0 
0 
0 
0 
0 
0 
0 
0 
0 
0 
0 
0 
0 
0 
0 
0 
0 
0 
0 
0 
0 
0 
0 
0 
0 
0 
0 
0 
0 
0 
0 
0 
0 
0 
0 
0 
0 
0 
0 
0 
0 
0 
0 
0 
0 
0 
0 
0 
0 
0 
0 
0 
0 
1 1 7 
0 
0 
0 
0 
0 
0 
0 
0 
0 
0 
0 
0 
0 
0 
0 
0 
0 
0 
0 
0 
0 
0 
0 
0 
0 
0 
0 
0 
0 
0 
0 
0 
0 
0 
0 
0 
0 
0 
0 
0 
0 
0 
0 
0 
0 
0 
0 
0 
0 
0 
0 
0 
0 
0 
0 
0 
0 
0 
0 
0 
0 
0 
0 
0 
0 
0 
0 
0 
0 
0 
0 
0 
