1 0 16 
0 
1 1 17 
1 3 16 
0 
0 
0 
0 
0 
0 
1 1 11 
1 3 12 
1 2 10 
1 4 11 
1 3 9 
1 5 10 
3 4 8 6 8 3 8 
0 
1 5 6 
0 
1 7 7 
1 6 5 
1 8 6 
1 7 4 
1 9 5 
0 
1 10 4 
1 9 2 
1 11 3 
1 10 1 
0 
0 
1 13 1 
0 
2 15 0 8 0 
0 
1 14 2 
1 16 1 
1 15 3 
1 17 2 
1 16 4 
1 18 3 
1 17 5 
1 19 4 
1 18 6 
1 20 5 
1 19 7 
2 20 4 21 6 
1 20 9 
1 22 7 
1 22 8 
1 19 10 
1 18 10 
1 16 9 
1 17 11 
1 15 10 
1 16 12 
2 15 9 14 11 
1 15 13 
0 
1 14 14 
1 13 14 
0 
0 
1 11 11 
1 12 9 
1 10 10 
0 
1 9 9 
1 10 7 
1 8 8 
0 
0 
0 
0 
1 11 4 
0 
0 
0 
1 12 4 
1 14 5 
0 
0 
0 
1 14 10 
1 16 7 
0 
0 
0 
0 
0 
0 
0 
0 
0 
0 
0 
0 
0 
0 
0 
0 
0 
0 
0 
0 
0 
0 
0 
0 
0 
0 
0 
0 
0 
0 
0 
0 
1 15 14 
0 
0 
0 
0 
0 
0 
0 
0 
0 
0 
1 21 10 
0 
1 22 11 
1 24 10 
1 23 12 
1 25 11 
1 24 13 
1 26 12 
1 25 14 
0 
0 
2 27 17 27 10 
0 
0 
1 25 16 
1 26 18 
1 24 17 
1 25 19 
1 23 18 
1 24 21 
0 
2 23 20 26 20 
1 25 22 
0 
2 26 22 26 23 
1 27 25 
0 
0 
1 25 24 
1 26 26 
1 24 25 
0 
3 24 26 23 26 19 25 
1 21 27 
0 
0 
1 22 24 
2 21 26 20 24 
0 
0 
0 
0 
0 
1 21 23 
1 22 20 
2 21 22 19 22 
0 
2 21 20 21 19 
1 20 18 
0 
0 
0 
0 
0 
1 18 19 
1 19 17 
1 17 18 
1 18 16 
1 16 17 
1 17 15 
1 15 16 
1 16 13 
1 13 15 
0 
1 14 17 
1 12 16 
1 13 19 
0 
2 16 18 11 18 
2 14 19 14 20 
1 15 19 
0 
0 
1 12 20 
1 10 19 
1 11 21 
1 9 20 
1 10 22 
1 8 21 
1 9 23 
1 7 22 
1 8 24 
1 6 23 
1 7 27 
1 5 24 
1 5 25 
0 
2 9 24 9 27 
1 11 26 
0 
1 13 27 
0 
1 12 24 
0 
1 13 25 
1 11 22 
1 10 24 
1 13 23 
1 12 21 
0 
1 13 20 
1 16 21 
0 
2 15 23 17 24 
1 17 22 
0 
0 
0 
2 18 25 18 20 
0 
