R R R R R R R R R R
L L L L L L L L L L
D D D D D D D D D D
U U U U U U U U U U
U D U D U D U D U D
R L R L R L R L R L
D U D U D U D U D U
U D L R U D L R U D
R D L U R D L U R D
D R L U U D D S L L
2
1
1
1
9
1
9
3
1
0
1
1
1
4
0
7
0
0
2
3
0
7
2
2
2
2
8
2
2
0
7
0
0
9
0
9
0
0
5
1
1
1
1
1
1
1
3
9
0
1
1
6
1
1
1
1
1
5
0
0
4
0
0
0
0
0
0
0
0
3
0
3
0
2
0
8
0
1
0
0
0
1
1
1
1
6
8
1
5
6
3
1
1
9
1
6
9
1
1
1
1
0
0
8
0
0
0
0
0
0
0
5
6
0
0
6
0
0
0
8
0
8
0
2
2
3
2
2
2
2
4
4
1
5
6
1
1
1
1
1
1
7
3
3
3
4
3
5
5
3
3
3
3
5
9
3
3
3
6
1
2
9
4
2
4
5
2
6
3
0
4
8
3
7
7
5
8
5
7
0
2
3
1
4
2
6
6
0
9
0
0
3
2
3
7
8
3
0
5
2
1
3
6
2
9
8
0
1
6
9
1
1
2
3
0
9
9
9
9
1
3
8
9
2
8
7
7
0
2
7
3
9
7
4
9
2
6
8
5
1
9
2
8
6
2
1
4
1
2
5
9
9
0
4
8
9
3
8
8
8
8
1
3
8
5
2
4
0
8
4
5
7
3
