R R R R R R R R R R
L L L L L L L L L L
D D D D D D D D D D
U U U U U U U U U U
U D U D U D U D U D
R L R L R L R L R L
D U D U D U D U D U
U D L R U D L R U D
R D L U R D L U R D
D R L U U D D S L L
6
8
6
0
0
0
0
0
0
0
2
1
1
4
1
1
1
1
9
1
1
1
4
1
1
1
1
1
1
1
2
1
9
0
6
0
1
0
0
9
0
0
0
0
0
8
0
0
0
0
0
0
0
0
0
1
1
1
1
1
1
9
3
1
1
1
1
3
1
1
1
1
1
1
1
1
1
1
0
0
4
4
0
0
0
0
3
0
0
0
0
0
0
0
0
0
0
0
0
0
0
6
1
1
1
1
0
1
1
8
6
1
1
1
1
1
1
1
1
1
1
6
1
8
1
9
0
0
0
0
6
0
0
0
0
0
0
0
0
0
0
0
0
0
0
0
0
0
0
0
2
1
1
3
1
1
1
1
1
1
1
1
1
1
1
3
1
1
1
1
1
1
1
2
0
0
0
0
0
0
0
0
5
0
7
0
0
0
2
0
0
0
0
0
0
0
2
4
5
7
1
1
5
1
1
3
8
1
1
1
1
1
8
1
1
1
1
1
2
1
8
0
5
0
2
0
0
0
0
2
0
7
0
0
0
5
0
7
0
0
0
0
0
0
0
0
0
0
2
2
8
1
1
1
1
1
1
1
1
6
1
1
1
1
1
8
1
3
0
0
2
0
0
0
0
0
0
0
0
9
4
0
0
0
0
0
0
4
3
0
0
0
0
2
1
1
1
2
1
1
1
8
1
1
1
1
1
1
1
1
1
1
1
1
1
1
1
6
1
1
1
2
0
8
0
2
0
0
0
0
9
0
0
0
0
0
0
0
7
0
0
0
0
8
6
1
1
1
1
1
1
1
1
1
6
1
1
1
1
1
1
4
1
1
1
1
1
1
2
0
8
0
0
0
0
1
9
9
0
0
0
0
0
0
0
0
0
0
5
0
0
0
2
1
1
1
1
1
1
1
1
1
5
0
1
5
1
1
1
9
1
1
1
1
5
1
0
0
0
0
0
0
0
0
8
0
0
0
0
0
0
0
0
0
0
0
0
8
7
2
2
2
2
2
2
9
1
1
1
1
1
7
1
1
5
1
7
1
1
9
1
1
1
7
0
3
3
3
3
3
3
3
3
3
3
3
3
3
3
3
4
6
3
3
3
3
7
3
3
3
6
4
4
9
7
9
3
0
0
1
2
0
4
7
3
5
0
4
4
8
7
2
2
2
4
9
8
3
7
3
0
1
5
1
3
3
2
3
9
8
0
7
1
3
0
5
1
9
2
8
0
5
2
5
0
9
1
8
0
7
1
3
6
5
7
8
0
5
3
9
7
0
4
7
8
0
0
5
4
8
2
2
1
4
2
5
9
0
2
3
5
5
8
9
7
8
4
0
9
1
0
8
1
3
7
9
8
5
4
0
8
4
5
7
1
9
6
5
3
0
4
4
1
7
5
5
8
9
8
8
0
3
9
4
2
5
3
1
9
8
2
3
0
3
9
1
5
