R R R R R R R R R R
L L L L L L L L L L
D D D D D D D D D D
U U U U U U U U U U
U D U D U D U D U D
R L R L R L R L R L
D U D U D U D U D U
U D L R U D L R U D
R D L U R D L U R D
D R L U U D D S L L
3
1
8
1
0
1
1
9
1
0
0
0
3
9
5
2
6
0
4
0
0
2
1
1
1
1
0
1
1
1
1
1
1
1
3
6
8
0
0
7
0
0
0
9
5
0
0
0
1
1
1
2
1
1
4
1
1
1
5
5
1
7
8
0
3
0
0
0
0
0
0
0
0
0
8
0
0
1
4
2
1
2
5
1
1
1
1
1
0
4
1
1
6
1
1
1
2
0
0
0
0
0
0
0
0
0
0
0
6
1
1
1
1
1
2
4
1
5
7
1
1
8
1
1
1
1
3
2
1
0
0
0
8
0
2
5
9
5
7
7
9
7
0
5
0
1
2
9
2
7
1
1
3
1
2
1
1
1
1
2
1
0
8
1
9
0
8
5
5
0
0
0
9
0
0
0
0
0
0
0
2
0
0
2
1
7
1
1
1
3
9
1
1
1
6
8
8
8
1
1
1
4
1
1
3
9
0
0
0
0
0
0
0
0
0
0
0
0
0
0
2
2
2
1
1
1
1
1
9
1
1
1
4
4
1
1
1
1
1
1
1
2
0
0
9
0
7
0
0
0
0
0
0
0
0
8
0
0
0
7
2
2
7
1
1
1
1
1
7
1
5
1
1
1
1
3
3
3
3
3
7
4
3
3
9
3
4
5
3
0
0
7
0
0
9
2
5
1
1
7
0
2
0
2
0
3
1
0
2
5
6
9
4
3
2
4
4
9
1
9
7
2
3
5
9
0
1
0
0
5
3
0
4
3
3
6
3
6
0
7
1
1
0
5
1
3
1
5
3
1
1
3
0
7
0
7
3
0
8
8
1
2
6
0
4
5
6
5
1
7
5
2
6
4
4
5
6
7
2
5
5
4
9
0
1
3
8
1
8
0
4
5
6
1
3
2
4
4
4
1
8
7
2
1
8
7
3
7
5
9
4
9
8
2
2
0
8
7
0
5
6
6
0
1
6
8
2
3
7
6
6
9
4
7
4
7
7
2
3
4
9
8
0
5
3
6
8
4
6
4
8
0
5
8
5
4
7
8
4
0
4
3
9
5
7
4
0
5
6
5
9
5
0
3
1
9
4
4
4
4
5
3
8
7
2
5
5
6
8
8
5
6
4
7
4
1
7
2
