R R R R R R R R R R
L L L L L L L L L L
D D D D D D D D D D
U U U U U U U U U U
U D U D U D U D U D
R L R L R L R L R L
D U D U D U D U D U
U D L R U D L R U D
R D L U R D L U R D
D R L U U D D S L L
2
2
2
1
1
1
1
5
1
1
1
1
1
1
1
1
1
1
1
1
1
1
1
1
2
0
4
0
0
0
9
0
0
0
0
0
0
0
0
0
2
1
1
1
1
1
1
1
1
1
6
1
1
1
2
0
0
0
4
0
0
0
0
0
0
0
0
0
0
7
1
1
1
1
1
1
3
1
1
1
1
1
1
1
2
0
0
0
0
0
0
0
0
0
6
0
0
0
5
0
0
2
1
1
1
1
1
1
1
1
1
1
1
1
1
9
5
1
2
0
0
0
0
0
0
0
0
0
0
0
0
0
4
0
0
0
2
1
1
1
1
1
1
1
1
1
1
1
1
1
1
1
8
2
0
0
0
0
0
0
0
0
0
0
0
0
0
0
0
0
0
2
1
1
1
1
1
1
1
1
1
6
1
1
1
1
1
2
3
0
0
0
0
0
0
0
0
0
0
3
0
0
0
2
1
1
1
1
1
1
1
1
1
1
1
1
1
1
3
1
1
2
0
0
0
0
0
0
0
0
0
0
0
0
0
0
0
1
1
1
1
1
1
1
1
1
1
1
1
1
1
1
7
1
2
0
0
0
0
0
8
0
0
0
0
0
0
0
0
1
1
1
1
1
1
1
1
5
1
1
1
1
3
1
8
2
0
0
8
0
0
0
0
0
0
1
0
0
0
0
0
0
0
0
2
1
1
1
1
1
1
1
1
1
1
4
1
1
1
1
1
0
0
0
0
0
0
0
0
0
0
0
0
0
0
0
0
0
1
1
1
1
1
1
1
1
1
1
1
9
1
1
6
1
2
0
8
0
0
0
0
6
0
0
0
0
0
0
0
0
1
1
1
1
2
1
1
1
1
1
1
1
1
1
1
1
3
2
0
0
0
0
3
0
0
0
0
0
0
0
0
0
0
2
1
1
1
1
1
1
1
8
1
1
1
1
1
2
0
0
1
0
0
0
0
0
0
0
0
0
0
0
0
0
2
1
1
1
1
8
1
1
1
9
1
1
1
1
1
1
1
1
2
0
0
0
0
0
0
0
0
0
0
0
0
0
0
3
5
1
1
1
1
1
1
1
3
4
0
0
0
0
0
0
0
0
3
1
1
1
1
1
1
1
1
1
1
3
0
0
4
0
0
0
0
0
0
0
1
1
1
1
1
1
1
1
3
7
0
0
0
0
0
0
0
5
0
3
1
4
1
1
1
1
1
1
1
3
0
0
0
0
0
0
1
1
1
1
1
1
1
1
1
1
3
0
3
0
5
0
0
0
0
0
3
5
1
1
1
1
1
1
1
1
7
0
0
0
0
0
0
0
3
1
1
1
1
7
1
1
1
0
0
0
0
0
0
0
0
0
5
2
0
1
1
1
1
1
5
1
0
1
1
3
0
0
0
0
0
0
0
0
0
0
0
0
0
0
0
0
0
0
0
0
0
0
0
0
0
0
3
1
1
1
4
6
1
6
1
3
1
1
1
1
1
1
1
1
1
1
2
1
6
3
3
3
3
3
3
3
3
3
2
9
4
9
4
4
9
7
2
6
1
4
0
8
7
3
5
0
4
1
5
2
0
2
1
4
2
5
7
3
0
1
5
3
4
3
7
3
9
2
3
7
2
5
8
1
3
0
7
5
1
7
3
2
8
6
5
3
2
5
0
0
2
5
3
5
3
0
4
9
9
1
3
6
8
8
7
7
5
2
3
9
7
0
4
4
