23 6 16
..T...................T
.........T.............
.......................
.......................
................T......
.....................T.
......................T
.......................
.......................
......T.TT.............
.......................
.......................
.......................
.......................
..............T........
.......................
.......................
....T..................
...T...................
.......T.............T.
.......................
.......................
.......................
20 13
7 7
5 18
12 3
2 4
14 4
4 22
17 14
20 22
10 6
19 10
22 14
11 2
13 21
17 7
10 8
17 4
6 20
9 15
0 7
8 5
10 12
10 22
11 14
5 11
8 2
21 0
14 17
16 11
16 8
6 6
3 4
4 5
17 11
3 15
10 15
4 14
20 16
1 7
5 17
9 9
14 0
16 6
21 8
12 17
1 11
7 19
4 20
0 12
11 8
16 7
17 0
16 17
10 0
5 22
13 9
1 12
5 12
22 6
4 9
0 22
20 11
19 1
21 11
0 14
8 15
12 5
7 18
12 18
11 15
1 15
6 15
16 9
15 8
2 16
10 7
6 8
0 3
8 22
9 21
0 5
22 2
16 3
14 11
3 12
13 14
17 19
12 4
2 6
5 6
7 12
4 7
5 3
1 9
8 16
8 0
0 10
10 9
19 8
9 1
2 9
19 3
0 20
22 5
6 4
18 6
17 15
9 19
6 18
22 11
16 21
22 12
12 7
13 11
1 5
8 12
12 19
8 10
17 17
6 5
0 1
0 9
12 11
14 21
6 17
15 13
0 15
9 6
10 11
9 2
3 3
14 19
18 22
11 0
11 6
11 9
14 9
7 20
9 11
14 6
0 16
17 13
13 13
22 0
13 0
20 9
1 14
21 2
10 10
14 7
10 16
13 4
5 20
3 9
20 2
15 0
11 1
6 12
7 17
22 20
7 2
6 0
1 19
4 1
2 21
0 13
2 12
19 21
11 3
12 15
12 1
15 12
11 13
3 18
22 1
19 11
10 21
4 6
13 12
12 20
22 16
16 18
15 18
8 13
3 11
18 14
4 15
7 6
15 2
20 10
20 5
17 22
17 10
1 4
8 11
12 16
4 12
0 0
5 21
14 5
3 19
18 5
18 0
19 4
1 0
12 14
6 1
8 7
18 18
18 3
14 15
10 17
2 0
19 9
9 5
8 8
11 17
19 15
21 12
9 22
11 12
6 19
14 20
15 6
20 8
19 16
20 7
1 16
11 18
2 2
7 21
1 1
18 10
16 0
3 17
21 10
2 11
13 22
22 7
17 6
18 13
8 20
8 3
6 10
3 22
15 7
11 16
2 10
18 8
0 17
16 22
2 20
18 21
8 9
19 18
21 4
19 6
10 2
22 4
5 16
22 18
13 6
5 8
13 3
16 10
7 0
7 1
12 21
4 0
10 4
8 1
19 12
0 4
19 22
9 0
14 8
3 1
15 14
4 19
9 18
5 9
2 1
3 5
22 13
6 7
18 4
11 4
14 18
14 1
16 20
16 2
2 17
1 2
0 8
10 1
8 14
16 4
19 20
4 13
0 21
18 16
21 22
22 3
18 1
8 6
3 6
12 2
16 13
4 3
14 3
19 14
20 18
16 14
9 20
7 4
20 14
19 0
21 14
16 16
14 14
18 15
20 15
20 0
4 2
17 20
13 8
7 9
6 11
6 9
8 4
2 8
22 21
13 1
7 11
18 12
7 14
5 2
17 5
22 15
8 18
22 22
21 20
1 18
11 7
12 10
0 6
5 10
6 21
8 21
21 3
1 21
21 6
9 13
6 2
5 5
2 5
13 7
15 1
10 18
7 5
17 12
12 13
17 8
17 2
5 13
1 6
17 21
14 2
21 13
16 12
22 8
4 10
2 15
15 15
19 13
3 16
4 18
7 15
10 3
21 7
12 6
8 19
14 22
22 9
15 5
10 19
15 21
11 5
7 10
15 16
15 20
4 21
21 16
15 4
22 10
15 17
9 10
21 1
17 9
1 20
15 22
4 4
1 22
17 1
3 13
1 10
6 16
14 16
3 20
18 17
13 20
1 13
11 19
11 10
5 1
8 17
14 10
6 3
0 19
5 7
19 2
20 4
12 0
13 15
3 10
20 17
7 13
20 12
3 8
1 17
12 9
0 18
22 17
10 13
18 11
16 5
15 9
20 3
9 12
5 4
21 18
4 17
12 8
13 17
11 22
10 5
11 21
20 20
1 3
4 16
9 4
6 22
18 19
21 17
13 18
6 14
15 11
2 14
2 7
19 17
0 2
12 22
19 19
4 11
2 18
3 21
9 14
3 2
13 16
13 2
7 16
7 22
1 8
20 6
20 21
20 19
17 18
5 15
15 10
3 14
11 20
7 8
17 16
9 8
18 7
3 0
13 5
10 20
17 3
13 10
6 13
3 7
2 3
21 9
5 14
15 19
16 1
9 16
19 7
21 15
9 7
20 1
2 22
21 21
9 17
15 3
5 0
21 19
14 12
14 13
22 19
2 13
4 8
5 19
13 19
16 19
21 5
18 2
9 3
11 11
7 3
18 20
16 15
12 12
18 9
2 19
19 5
10 14
