40 4 2
.T......T........T......T...........T...
........................................
.........T........................T.....
..............T...................T.....
........T..............................T
...T..T...T.............................
................................T.......
...TT..T......T.....T...................
.....T..........T.T.....................
.............T..........................
.................T...............T......
T...........T.................T.........
......T.................................
............T.............T.............
..T.....................................
....T.......................T...........
....T.......T....T..............T.T.....
...........................T............
....................T..........T........
...........T.TT......T..T...............
..............T.........................
............T.........T.................
.........T...............T..............
......T.T..T........T..............T....
......T.....T...........................
T....T.......T....T.....................
........T...............................
..............................T.........
..............................T.........
.TT.T....T..............T...T...........
........................................
......................T.............T..T
.........T.......................T......
......T...................T..........T..
........................................
..T.........T......T.....T.T............
T............T......T...................
.T.....T.....T..........................
........................................
.T...............T....T...........T.....
16 28
10 1
34 10
8 14
22 39
20 31
1 18
37 5
4 13
2 38
31 10
17 21
37 38
37 34
28 5
5 4
2 14
35 39
22 22
34 38
2 34
27 36
36 13
2 35
30 31
11 6
24 8
9 0
31 9
5 10
16 8
23 10
33 37
4 24
25 18
7 35
17 14
32 11
18 12
14 19
23 25
19 5
20 24
37 31
4 30
3 37
10 4
18 37
19 8
32 23
13 15
29 38
23 31
22 19
5 18
17 27
9 32
15 37
9 36
25 21
37 28
26 31
7 29
0 32
11 5
7 6
34 14
33 26
10 14
1 36
34 28
5 37
26 35
26 21
13 26
0 11
7 7
31 36
4 22
9 38
6 2
36 39
37 10
30 8
18 31
21 26
25 8
35 26
3 23
24 28
35 1
13 24
39 20
15 11
38 26
15 39
35 22
16 39
4 3
4 26
37 12
34 25
8 13
22 5
30 20
13 22
1 20
10 36
2 12
20 29
37 37
8 27
28 22
22 6
2 20
15 14
16 23
39 23
5 29
1 2
36 10
32 24
29 8
4 27
18 2
33 10
8 0
3 36
15 20
26 20
12 35
14 26
19 11
39 29
32 4
26 27
34 39
14 8
14 25
11 34
30 39
10 39
12 15
22 3
32 0
33 33
35 17
23 16
8 6
26 8
10 24
12 36
5 33
33 28
21 12
0 17
12 24
12 1
16 6
6 13
1 12
13 12
18 7
34 27
23 5
34 17
15 22
19 2
30 0
26 32
29 37
6 29
3 35
15 10
31 24
11 19
3 21
33 7
17 25
5 1
17 11
27 27
12 27
21 5
31 4
33 16
6 24
27 35
13 20
11 2
31 18
23 14
25 39
37 8
11 14
10 38
2 16
39 13
28 7
12 6
29 16
27 11
33 29
16 18
31 12
35 15
11 4
26 3
23 32
24 27
0 37
14 14
12 0
32 21
11 32
33 19
11 33
30 6
6 22
10 25
22 27
19 19
28 25
0 10
1 17
31 26
8 9
21 30
21 21
20 2
28 9
2 13
7 38
25 14
25 12
33 24
24 14
14 30
7 5
31 25
10 35
23 29
30 7
25 25
20 3
12 39
39 34
32 20
5 3
38 6
13 14
16 15
11 13
24 9
6 10
31 17
5 24
32 12
15 38
25 20
24 39
23 27
9 4
28 28
33 2
8 39
21 2
9 27
27 21
0 13
21 24
10 2
5 36
9 5
8 18
17 16
38 7
16 34
19 4
25 37
27 20
32 25
13 28
27 14
32 22
23 26
4 11
11 9
0 36
36 12
9 28
31 5
35 36
38 36
14 28
0 15
8 37
7 2
1 21
2 21
12 23
35 12
32 5
5 16
27 4
25 31
27 26
29 11
5 17
0 0
5 7
3 24
16 38
38 22
20 36
17 20
9 31
3 12
33 15
37 16
35 9
18 22
3 1
14 34
34 33
19 24
5 8
15 3
18 17
11 38
17 35
0 35
6 1
36 28
10 30
31 13
11 25
2 33
15 36
2 15
33 32
34 23
4 32
7 15
34 36
1 38
1 10
24 36
1 30
21 13
8 15
5 25
20 38
24 32
30 30
29 21
23 23
32 39
35 30
9 3
21 29
18 13
4 6
6 35
28 16
27 2
24 17
24 7
14 7
13 6
2 1
37 11
38 24
36 11
10 12
14 13
24 21
36 2
9 35
26 7
11 10
36 27
38 25
22 14
30 9
18 20
13 33
22 9
30 11
14 24
38 16
18 3
7 14
7 18
13 17
16 26
2 30
22 0
31 30
36 38
8 1
39 19
15 25
0 7
10 33
16 33
11 23
12 8
16 1
16 4
32 7
6 31
7 11
33 11
35 7
33 3
21 8
17 7
38 18
33 27
26 30
5 14
37 17
9 6
27 33
29 9
1 16
12 37
20 15
30 10
26 4
26 9
34 8
12 4
39 1
9 11
34 9
36 29
37 30
28 19
1 33
25 1
19 28
9 15
13 35
37 23
21 35
16 22
23 19
16 25
38 14
7 28
34 3
29 31
2 6
13 2
23 18
27 13
33 30
13 4
3 4
18 38
35 35
20 23
9 19
22 24
32 3
4 0
14 3
22 8
30 27
11 29
14 12
23 36
27 19
15 29
13 29
3 11
27 25
32 9
23 0
36 8
14 15
0 9
4 38
13 3
1 35
21 27
36 6
31 39
22 30
26 36
35 27
1 37
21 14
15 7
31 19
7 32
31 6
27 24
35 29
38 5
31 16
22 18
13 32
1 8
32 34
25 26
30 18
16 37
7 39
31 38
28 17
21 34
6 32
0 24
39 21
31 35
6 0
26 12
28 39
22 4
37 19
18 35
4 39
15 23
15 4
25 19
12 12
18 5
5 12
22 29
36 9
6 4
37 24
29 13
39 12
36 1
29 30
29 23
32 13
37 9
6 27
24 30
33 8
16 10
14 0
39 0
8 29
31 14
20 21
23 30
21 22
14 31
17 33
11 8
39 27
6 23
17 17
26 19
9 23
28 15
21 16
22 32
8 31
7 19
5 28
11 26
18 33
26 6
13 21
2 11
4 1
21 32
30 26
30 13
7 12
22 17
30 25
10 9
8 16
3 27
35 23
2 10
35 16
24 3
25 29
22 11
25 15
39 10
11 28
11 15
24 15
7 13
0 29
25 38
32 37
28 10
12 18
27 28
18 26
2 31
36 33
21 3
5 27
13 8
19 23
5 30
33 18
30 14
18 29
5 2
36 18
19 36
13 27
2 27
36 16
37 26
19 25
29 34
38 19
12 9
28 37
9 7
30 15
25 9
33 31
23 7
37 1
20 10
9 33
4 5
33 20
19 3
29 15
12 3
1 25
10 31
17 4
37 29
14 37
35 24
25 36
7 20
37 39
37 21
28 12
6 16
2 17
4 35
17 36
32 31
10 10
6 33
7 1
26 18
21 11
36 17
10 17
8 2
1 28
5 6
2 5
19 37
18 28
18 23
8 4
39 7
9 2
30 17
31 29
8 17
38 15
15 21
20 6
19 21
5 39
38 11
21 7
35 32
9 14
28 13
22 36
17 26
1 29
0 8
36 7
28 4
14 6
11 7
39 14
38 9
17 28
7 24
20 32
7 8
13 39
26 1
12 2
3 34
39 22
23 8
17 39
7 17
29 3
31 2
10 19
32 1
14 38
24 26
33 12
6 38
3 13
28 38
7 27
30 2
20 9
20 18
9 17
5 35
0 16
23 15
8 28
28 26
34 12
0 27
2 18
4 18
29 2
6 12
0 2
16 2
38 32
14 27
11 16
38 38
38 0
20 13
13 13
8 19
4 19
38 17
26 5
35 20
3 39
9 24
20 4
38 13
24 22
0 1
10 13
36 14
35 6
16 14
15 16
34 26
31 33
25 11
19 22
3 5
20 1
18 14
18 6
26 23
39 36
13 11
11 35
27 10
32 6
15 31
37 6
29 24
21 37
39 3
27 1
17 31
16 3
4 4
7 26
30 38
24 5
17 34
11 11
30 24
23 38
33 36
10 37
8 33
22 34
8 8
10 27
34 1
30 19
38 35
26 2
39 37
28 20
27 29
12 19
25 7
27 17
30 32
23 21
32 2
19 32
12 26
39 24
2 37
25 3
5 5
20 8
14 21
3 31
4 34
12 20
17 29
17 8
5 38
28 34
1 24
4 20
30 28
10 16
37 33
18 25
20 33
17 37
35 8
0 33
3 38
24 2
28 32
24 29
31 27
29 10
36 35
23 1
34 15
32 10
38 27
19 9
9 12
30 29
36 37
39 8
1 34
4 25
23 35
19 39
17 18
22 12
33 9
14 32
7 16
38 10
33 1
1 13
3 3
20 26
3 32
19 35
35 10
9 9
29 6
35 38
21 17
34 37
16 9
16 7
30 22
21 6
26 17
23 3
2 19
28 24
39 28
17 22
0 5
8 20
22 7
17 12
26 26
36 25
22 31
36 36
12 29
36 26
29 18
1 15
35 33
17 6
32 16
32 26
9 34
21 31
38 23
36 4
8 3
36 22
21 33
26 16
15 0
19 30
18 18
2 0
18 32
12 34
10 18
31 0
6 17
7 34
1 3
39 9
27 34
6 5
38 4
3 25
27 6
34 30
36 20
15 1
33 17
3 26
0 4
28 30
24 11
15 19
19 27
17 2
10 7
4 28
22 1
30 4
37 14
3 16
6 7
2 29
12 5
17 1
1 19
15 15
7 10
16 11
26 14
1 6
9 37
8 7
27 22
15 2
14 1
28 18
15 32
2 7
14 36
13 36
10 0
2 3
23 28
11 39
12 33
6 28
4 12
13 16
14 33
29 22
29 12
20 39
6 9
24 16
2 2
4 7
7 25
35 5
0 39
37 25
33 4
24 25
39 31
18 11
9 29
1 9
15 5
35 11
37 7
23 13
2 24
29 39
23 24
13 37
25 32
30 35
38 20
34 31
28 3
26 39
34 22
3 0
14 17
34 0
3 9
20 28
25 16
19 26
0 23
27 18
13 1
9 18
23 2
23 20
23 4
33 34
34 20
10 29
31 3
31 1
31 21
37 0
14 29
17 5
8 34
22 28
8 10
8 12
19 14
8 23
24 24
25 10
39 39
33 38
26 15
7 23
10 34
1 7
38 21
6 34
25 13
0 34
8 38
32 36
3 20
11 27
30 36
39 25
26 0
22 2
22 16
16 27
4 8
13 18
37 18
35 28
25 2
8 26
28 21
16 31
16 13
28 35
24 38
38 31
33 13
39 38
3 22
4 10
6 11
25 30
36 23
15 34
10 20
25 4
10 15
1 5
34 2
25 28
22 13
39 2
3 15
27 30
27 3
12 30
30 1
23 39
34 4
17 15
5 26
0 18
22 38
27 39
39 30
34 7
26 11
28 36
36 0
38 8
2 9
14 11
9 30
19 13
6 18
18 19
6 19
29 28
36 31
20 17
14 35
1 23
26 33
31 15
27 7
25 27
21 9
2 26
8 5
39 11
3 6
27 37
25 17
28 14
7 21
16 21
3 7
20 5
35 37
19 16
37 4
0 14
36 19
22 26
37 27
12 25
0 21
6 30
29 14
39 6
33 21
19 17
30 34
36 3
0 30
11 36
9 26
16 0
9 20
11 18
6 39
3 19
37 22
16 30
5 34
36 21
13 5
21 19
31 11
8 24
32 18
36 30
18 8
19 38
3 8
13 9
28 33
2 32
14 23
8 25
22 21
29 36
3 18
34 13
7 36
16 32
24 33
2 4
9 39
38 34
8 36
24 34
36 15
16 12
7 9
14 4
25 6
38 37
27 8
24 1
28 0
34 34
14 20
15 28
10 6
4 29
4 14
12 14
38 29
13 30
27 23
35 2
21 4
24 10
37 2
20 27
6 21
21 39
30 12
36 32
30 33
27 16
27 9
4 36
2 23
17 19
17 3
26 10
4 23
37 35
11 1
8 11
5 13
5 20
28 27
27 32
23 22
21 25
6 8
15 13
7 30
20 35
35 4
14 5
9 21
2 25
16 17
0 38
3 14
31 34
23 33
32 32
21 0
8 35
13 23
19 18
30 21
27 0
34 29
31 37
8 22
20 16
15 8
18 4
24 35
15 6
15 12
7 4
17 9
21 36
29 33
31 7
17 0
17 38
11 31
37 36
10 3
4 15
33 6
20 20
26 28
15 35
29 0
24 20
34 32
25 5
9 13
35 0
25 0
17 23
19 7
17 10
27 31
15 9
14 18
0 22
11 0
12 16
1 31
11 12
21 20
22 25
37 15
13 34
9 22
24 12
1 26
29 5
33 22
12 13
22 33
7 37
15 30
21 1
31 32
1 0
30 23
23 6
11 30
20 0
1 32
4 31
21 23
28 11
26 38
39 26
12 32
39 15
23 9
16 5
30 16
0 31
29 20
29 19
37 13
10 22
11 20
20 25
38 30
13 10
23 12
12 17
13 38
39 33
32 15
30 3
5 22
19 10
10 11
24 23
14 39
22 20
13 7
15 26
10 28
8 21
12 7
31 28
15 18
24 6
33 35
13 25
5 23
11 17
10 5
3 33
4 9
38 3
6 26
9 1
18 34
5 0
33 23
39 32
29 17
20 19
34 21
32 19
9 25
36 34
2 22
23 11
26 25
12 31
1 27
29 25
26 22
3 2
28 6
29 7
4 21
2 8
25 23
28 2
39 16
28 31
12 21
21 28
4 17
8 30
5 15
28 1
19 20
16 29
35 18
35 21
10 8
24 37
38 39
22 15
25 22
7 0
6 37
5 32
1 11
26 29
18 15
33 25
20 37
7 33
2 28
20 34
6 6
22 37
29 26
18 39
32 17
21 10
27 15
12 38
12 11
32 14
17 30
32 29
32 38
31 22
18 0
6 15
0 26
19 15
39 18
14 9
17 24
39 17
25 24
11 24
12 22
32 30
16 35
24 19
6 25
37 3
19 0
33 0
3 30
24 4
0 12
5 21
21 38
34 16
31 31
37 32
22 23
39 5
27 38
19 33
4 33
6 14
6 3
18 27
27 12
28 8
25 35
34 5
20 30
2 36
13 31
0 19
9 8
1 14
35 31
23 34
11 21
18 36
19 1
18 9
15 33
1 22
15 27
16 20
18 21
24 13
34 35
6 36
34 6
14 22
33 14
28 29
26 37
5 19
10 23
26 34
9 10
29 35
14 2
16 19
18 16
31 20
4 2
5 11
36 24
38 33
19 6
11 22
35 34
23 37
8 32
7 31
39 4
38 1
1 1
10 21
5 31
32 8
29 1
1 39
24 31
37 20
35 14
19 12
32 35
33 5
24 0
14 10
23 17
20 22
16 16
34 24
16 24
18 1
36 5
15 17
19 31
21 18
20 12
35 3
12 28
17 13
9 16
11 37
38 12
3 17
28 23
0 28
31 8
7 3
13 19
20 7
22 10
2 39
4 37
0 25
32 27
18 10
16 36
32 33
31 23
10 26
35 19
3 10
34 11
0 6
20 11
38 28
34 18
25 33
26 13
15 24
17 32
29 27
12 10
14 16
27 5
26 24
24 18
5 9
18 24
38 2
22 35
3 29
19 34
1 4
19 29
18 30
4 16
6 20
7 22
39 35
0 3
29 4
29 29
30 37
32 28
3 28
33 39
21 15
25 34
20 14
34 19
10 32
30 5
35 25
35 13
11 3
13 0
29 32
