29 13 19
........................T....
....T..............T....TT...
....T........................
...........T...T.........T...
...................T.......T.
..........T..................
................T....T....T..
...........................T.
........................T....
.....T.T................T...T
...........T................T
T......................T.....
..........T.T..T.......T..T..
.............................
.........................T...
.......................T.T...
...........T..........T..T...
...................T........T
.........T.T..T..............
...........T......T.....T....
T..............T......T......
.............................
...........T...T.....T.......
.............T...............
...............T.............
....T....T...................
.............................
..TT....T..T......T..T......T
................T............
13 20
15 16
1 9
13 22
22 24
23 27
7 27
11 28
12 2
20 22
16 10
16 16
19 4
15 4
3 6
1 23
13 10
3 27
25 26
5 26
12 20
12 5
7 6
21 10
6 4
24 1
22 13
20 14
17 12
0 19
3 26
23 21
14 6
13 3
15 18
6 26
15 11
11 26
14 15
2 17
26 3
17 28
8 27
18 3
7 23
7 5
19 5
18 4
2 28
4 2
3 1
25 16
8 16
4 11
16 28
28 25
15 13
25 12
8 15
18 12
28 19
19 11
20 7
9 1
12 4
16 3
5 15
20 5
10 3
19 2
22 15
13 18
0 28
20 26
4 4
28 12
26 6
24 21
17 10
1 4
3 11
22 6
4 25
26 11
12 15
22 4
15 15
7 24
18 28
9 28
5 21
22 17
28 2
18 0
22 7
20 9
20 25
5 11
26 0
15 5
14 13
21 1
13 13
8 18
18 14
21 7
24 17
26 19
3 20
0 16
5 23
22 21
15 20
19 17
26 14
23 7
18 23
17 15
7 26
5 7
14 17
13 23
12 26
6 19
10 24
9 15
8 4
14 7
23 15
11 24
12 24
24 15
28 8
20 15
15 24
27 19
20 13
28 1
26 8
13 21
28 11
6 5
24 19
17 19
25 21
4 5
11 9
11 11
18 16
5 24
13 1
5 13
28 9
17 0
15 10
4 19
9 12
26 18
5 1
3 23
2 7
4 13
27 10
9 8
13 27
7 3
21 9
4 27
27 28
19 23
15 14
10 21
27 16
21 6
13 4
18 27
17 4
8 1
14 21
10 16
21 20
11 23
24 2
20 20
18 8
17 22
12 27
13 25
23 13
25 14
9 5
27 5
17 13
22 22
23 22
12 25
26 1
5 2
24 8
13 9
28 10
5 14
5 25
8 19
14 14
9 25
1 6
24 11
5 0
16 7
22 16
13 12
1 21
9 18
11 5
2 18
5 5
11 0
8 12
19 3
13 11
6 20
14 23
25 19
23 14
5 12
23 16
22 11
24 7
2 25
3 10
24 23
24 14
3 2
25 22
18 19
17 23
27 6
1 3
3 28
11 6
26 16
5 28
26 9
7 11
1 7
19 22
27 9
17 2
14 0
1 2
9 27
18 17
18 10
18 22
9 13
24 20
21 4
19 16
1 19
6 14
25 0
0 23
1 20
10 27
22 20
4 18
9 9
27 25
16 24
26 28
7 1
28 21
23 0
10 22
28 26
9 17
27 4
8 13
1 16
12 1
11 2
21 11
14 9
8 6
27 13
20 2
16 19
21 26
25 18
0 15
2 27
23 9
26 21
14 3
4 9
8 22
24 28
1 15
27 12
1 10
5 19
6 13
4 16
23 1
22 0
21 18
28 7
14 8
25 9
8 23
22 8
28 24
5 17
0 11
27 20
24 27
20 27
3 14
13 14
16 18
24 24
7 28
3 0
16 22
3 12
26 4
0 5
20 6
9 19
14 11
24 10
9 24
25 15
25 11
22 1
12 8
15 8
5 20
1 13
16 4
11 22
22 5
13 7
7 12
19 19
19 25
24 26
18 9
19 15
23 20
12 22
0 13
25 1
19 8
24 9
28 0
13 28
12 16
20 4
2 11
7 2
15 28
23 4
0 27
16 2
8 24
17 24
3 7
7 9
18 26
24 16
23 23
3 24
12 11
10 2
24 6
10 14
16 14
16 0
5 3
4 17
6 28
1 28
24 13
19 28
4 12
8 5
6 7
16 21
25 20
21 12
21 16
12 23
11 27
3 21
6 21
11 14
2 0
4 24
6 12
8 14
24 22
8 17
3 18
3 8
17 14
22 3
0 25
15 25
17 11
0 12
21 2
14 19
14 12
19 24
10 17
1 17
9 14
20 0
21 15
4 26
2 23
23 28
28 20
2 3
19 7
19 9
7 4
23 8
22 12
1 25
3 15
20 28
17 21
11 8
28 27
13 16
4 28
25 27
12 3
21 8
26 20
10 6
18 5
9 16
26 22
6 8
2 21
9 4
13 24
11 16
5 8
14 24
28 28
25 13
27 22
1 12
19 1
6 15
21 25
10 28
20 3
2 12
3 16
15 22
21 17
17 9
13 17
18 18
20 16
25 23
27 8
10 4
10 20
14 28
11 20
11 25
16 12
20 1
9 10
28 15
0 18
28 5
8 20
27 17
0 22
16 13
23 25
22 26
6 22
6 23
26 12
7 17
13 0
15 6
10 25
23 19
4 10
4 7
17 1
1 1
15 1
6 0
14 18
4 22
18 24
18 15
6 1
12 17
26 10
10 12
17 6
1 5
18 13
6 24
23 3
15 7
6 9
4 15
21 24
19 13
20 24
0 20
25 7
0 21
3 22
26 15
5 22
10 23
10 1
26 17
20 11
1 22
10 8
7 25
0 9
9 2
20 17
15 19
16 17
6 3
12 0
6 27
20 21
25 4
12 7
0 3
1 11
1 26
8 0
24 25
7 14
5 10
4 20
24 5
17 3
0 1
12 13
16 5
17 8
25 17
0 0
22 18
22 14
21 28
25 24
11 18
23 18
19 27
9 3
15 9
1 27
27 23
9 6
13 5
21 5
2 6
15 2
6 17
14 2
2 10
8 28
19 26
4 1
23 17
19 10
27 18
15 26
4 6
7 21
4 3
14 26
10 15
11 12
2 16
13 19
7 10
4 14
23 12
18 2
22 19
2 26
3 9
15 12
9 22
0 6
8 9
26 26
18 6
23 24
14 16
7 19
11 13
9 11
12 18
10 0
21 19
16 1
8 11
26 25
22 28
4 21
14 27
18 20
22 2
9 0
28 22
28 13
4 23
11 19
9 21
2 20
16 27
0 24
11 4
13 8
28 14
2 19
20 8
12 6
10 7
8 10
11 15
7 18
7 13
4 0
27 2
12 19
2 5
21 3
7 16
27 21
9 20
7 8
3 25
2 14
2 9
18 11
6 2
17 16
9 26
24 0
23 6
22 23
28 18
11 1
11 3
8 25
11 10
1 14
15 23
28 17
12 9
27 14
27 24
15 17
19 18
9 23
15 27
5 6
25 10
28 16
3 5
27 26
25 8
16 20
5 18
27 7
24 18
14 5
3 13
23 5
10 10
16 15
12 10
3 3
17 27
25 25
0 10
0 7
17 25
26 2
28 6
23 10
1 0
13 2
19 21
26 13
2 8
10 19
25 28
16 9
17 5
2 13
11 21
12 21
16 23
6 18
5 16
7 0
19 20
15 0
23 2
3 19
24 12
21 0
5 9
22 10
3 17
20 10
25 6
27 15
27 11
17 26
1 8
6 10
12 12
25 2
26 24
27 1
18 1
14 25
2 15
2 1
5 27
26 7
13 6
3 4
22 25
27 0
21 22
8 2
1 18
16 26
5 4
6 25
19 0
2 24
15 21
14 22
10 13
2 4
26 27
25 3
25 5
17 7
28 23
14 1
14 20
20 12
19 14
7 15
6 16
13 15
7 22
0 26
11 7
12 14
9 7
20 19
16 6
0 17
26 23
27 27
10 5
15 3
18 21
8 3
18 7
1 24
21 14
28 4
27 3
21 21
16 8
0 4
6 11
26 5
4 8
8 8
22 27
14 4
6 6
17 18
20 18
12 28
24 3
20 23
0 2
10 26
23 26
21 27
10 11
14 10
13 26
8 26
21 13
11 17
17 20
2 2
17 17
19 12
0 8
10 18
28 3
21 23
10 9
18 25
8 21
8 7
23 11
7 7
16 11
19 6
7 20
2 22
16 25
24 4
22 9
