32 0 5
................................
.........T......................
............T...................
..............T.......T.........
T..........T........T...........
.............T......T...T...T...
..........T.....................
T............T..................
....T...........................
...............T....TT..........
.......................T........
................................
................T.........T.....
................................
.T..............................
................T...............
..T............T................
..T.............................
...........T....................
...T............................
T...............................
...........T....................
.......TT.......................
................................
................................
................................
.....T......................T...
............T...................
........................T.......
..................T.............
............................T...
...T.................T..........
31 8
4 10
17 30
29 18
18 22
6 21
9 16
7 10
21 8
5 5
1 29
27 24
20 14
15 28
26 10
27 10
13 10
8 11
20 18
20 7
16 25
25 11
23 0
31 21
18 4
30 17
15 6
5 31
1 1
17 13
3 8
14 12
27 19
11 16
19 15
11 14
4 27
31 18
18 26
16 28
0 5
10 7
5 28
9 27
12 0
16 21
13 4
30 25
4 19
15 11
2 0
20 19
23 5
21 0
3 15
15 12
29 3
6 3
13 11
5 1
2 9
27 0
23 12
2 3
10 20
0 20
24 11
1 27
1 20
16 7
23 25
14 31
11 22
30 11
31 26
19 29
13 28
28 19
19 7
15 7
0 31
25 28
7 3
12 16
22 10
9 26
3 20
17 15
11 29
18 8
12 6
24 22
9 25
19 12
20 5
7 23
9 21
2 5
27 7
22 0
8 22
11 10
17 10
18 24
12 7
21 10
2 24
0 18
21 31
10 19
2 13
23 30
21 7
13 24
20 23
22 26
6 7
18 21
2 21
10 16
30 0
22 5
22 23
29 1
26 15
23 18
21 14
26 27
2 11
5 29
10 28
15 1
7 31
11 0
3 29
26 13
25 22
11 23
21 4
23 7
28 8
5 14
8 24
1 13
24 30
20 16
24 3
10 30
5 11
19 8
13 18
3 13
27 13
9 24
12 11
13 23
18 20
8 20
21 6
5 18
26 26
23 21
5 21
4 6
16 29
25 4
7 27
30 13
3 27
30 1
28 1
29 31
18 23
28 15
31 20
22 7
26 30
20 21
19 19
27 20
9 7
11 5
31 31
1 2
26 19
14 6
4 26
14 11
26 11
22 24
18 7
20 15
3 4
0 17
28 18
21 30
31 4
19 30
8 31
8 13
6 12
18 28
20 2
23 27
21 12
26 17
18 30
1 6
7 29
16 8
25 21
31 15
29 5
7 1
0 29
2 29
16 17
31 0
14 2
29 24
5 7
28 3
23 23
14 26
17 16
1 3
8 16
30 2
3 9
1 4
31 17
2 25
11 30
25 12
31 1
24 24
30 18
17 20
0 8
22 13
26 14
4 14
24 23
8 8
14 21
3 30
16 31
30 22
4 9
9 18
3 3
19 20
24 7
31 2
15 18
1 28
20 3
2 4
16 2
22 6
2 15
20 24
12 30
31 25
30 29
31 19
20 31
15 15
4 18
30 21
13 31
30 24
1 17
31 14
5 26
17 2
19 5
0 3
22 17
2 18
14 17
16 23
4 2
17 3
15 4
1 5
14 25
15 8
16 18
17 21
11 8
0 0
29 22
20 6
29 29
15 20
25 24
14 3
4 0
7 12
18 15
13 19
6 15
6 5
2 30
16 26
25 17
14 14
14 0
15 3
7 30
6 31
7 4
1 24
23 15
5 24
27 27
1 25
9 20
24 13
12 18
16 15
14 18
13 3
1 18
4 5
20 9
23 29
23 13
26 22
12 23
3 12
18 9
19 31
0 12
8 0
7 17
10 17
4 30
6 28
10 31
11 21
3 11
21 25
23 4
0 30
2 16
16 3
30 16
1 8
27 4
6 8
11 13
2 26
10 15
27 2
9 6
4 25
25 1
1 26
22 3
22 22
17 0
30 5
29 14
9 17
9 3
28 5
26 12
29 11
21 5
16 1
28 11
9 31
30 19
10 1
13 8
28 30
15 16
10 4
1 19
29 12
4 7
11 19
0 22
28 31
2 22
29 28
10 18
1 30
13 7
9 22
26 20
29 9
22 20
4 4
26 25
27 30
1 9
1 31
10 13
3 31
1 14
10 12
16 30
9 30
11 25
13 0
29 25
28 9
31 29
13 17
28 22
31 23
29 21
23 3
6 16
10 21
24 27
28 4
22 12
21 22
10 29
19 21
15 0
29 20
26 18
22 27
13 1
0 14
10 14
8 19
30 15
7 9
1 22
24 29
27 11
29 30
19 3
19 10
17 25
2 27
24 18
18 25
6 26
9 19
14 9
21 9
14 22
16 20
15 25
12 20
22 19
1 16
29 16
27 23
5 4
11 18
23 11
4 24
10 27
25 8
0 7
23 1
22 30
15 21
13 13
28 14
29 2
10 5
20 25
13 6
18 11
8 5
22 9
17 6
9 1
9 23
30 6
12 8
27 14
27 9
26 4
14 30
29 7
5 13
28 17
21 19
19 17
15 26
3 24
18 5
24 8
6 24
19 2
28 13
12 17
14 7
29 10
20 13
17 29
3 6
28 16
2 14
16 16
4 15
24 15
8 7
18 27
29 26
25 15
20 4
27 6
19 28
18 3
25 3
0 15
14 15
17 26
12 21
21 3
18 31
23 28
17 18
14 28
1 0
27 17
9 15
8 10
17 23
6 4
18 0
0 21
16 11
14 8
9 28
17 24
4 17
28 10
16 10
23 9
21 13
5 8
19 0
7 19
2 12
12 1
29 13
5 30
14 23
21 26
22 4
12 29
26 9
11 20
31 24
28 6
8 14
19 14
23 6
4 8
20 30
27 29
29 0
11 3
6 17
3 16
12 10
14 19
17 1
26 3
30 14
22 25
25 9
9 13
15 9
24 6
4 12
19 6
4 1
0 19
13 14
14 20
29 19
1 10
8 28
15 27
31 30
3 21
7 15
9 5
5 15
10 26
23 14
19 27
18 16
12 26
26 2
1 11
0 4
25 7
15 24
26 1
5 3
30 10
5 20
13 26
28 29
11 27
24 25
18 12
5 22
28 25
18 6
17 19
11 4
20 28
5 25
16 4
5 23
7 6
24 17
21 2
17 22
27 31
9 10
30 30
2 31
9 12
31 6
12 15
4 21
15 17
30 4
12 5
20 20
11 15
10 11
23 10
29 4
25 5
25 25
24 2
27 22
20 10
28 23
3 23
19 18
13 15
3 19
16 6
12 13
2 8
6 19
0 25
20 29
15 23
12 3
15 29
9 2
24 20
8 9
22 11
10 6
24 12
25 16
31 11
17 14
25 26
26 28
23 24
16 27
20 12
24 4
25 20
31 9
14 10
3 2
6 30
0 1
30 8
20 1
0 26
7 0
7 16
22 18
13 2
11 2
31 7
1 21
6 23
11 17
31 3
3 22
11 24
10 24
10 8
22 16
17 27
9 4
18 17
19 22
24 9
10 10
11 12
5 17
14 4
20 0
30 28
16 19
25 0
11 9
3 18
11 31
13 21
22 8
10 25
0 9
10 22
0 28
13 29
18 10
21 17
15 22
6 6
17 4
15 14
31 22
19 1
23 31
3 25
17 28
30 27
27 8
21 24
29 27
7 13
9 29
14 29
27 1
4 16
18 1
31 10
6 2
13 22
30 9
18 29
30 31
21 11
25 27
9 0
19 13
24 10
17 31
8 27
0 11
1 15
3 1
21 16
11 11
21 21
31 13
31 16
19 24
13 16
17 9
13 25
15 13
8 29
23 26
27 16
3 7
6 0
23 2
26 5
14 5
9 9
6 29
15 5
30 20
3 28
7 11
17 5
15 10
10 0
3 14
1 7
30 26
22 21
12 27
10 3
28 28
6 9
9 14
15 31
2 6
19 23
8 18
14 27
28 27
5 6
7 18
12 12
4 20
26 21
2 7
18 18
24 28
22 1
11 6
9 8
26 24
21 1
22 15
28 12
8 15
6 13
7 14
2 28
2 23
22 2
29 8
22 31
17 17
4 31
7 25
7 26
31 27
31 5
8 23
5 27
12 4
15 2
10 9
6 11
2 19
27 25
22 29
16 14
23 20
17 7
12 14
23 16
16 0
26 23
3 10
26 31
10 23
8 25
30 12
21 27
27 26
19 16
20 27
13 9
28 26
24 5
21 15
20 22
14 1
5 12
13 12
12 2
24 0
6 1
29 6
24 21
11 28
28 20
7 7
24 31
28 0
6 10
20 17
25 14
11 26
27 5
25 13
4 22
19 26
18 2
8 6
24 1
25 2
5 2
6 27
8 12
6 25
9 11
7 20
27 15
30 7
7 28
8 30
29 23
21 18
29 17
7 8
0 6
15 19
26 16
30 23
8 3
0 13
16 12
1 12
4 23
12 25
19 25
2 1
27 21
21 28
17 8
7 2
27 18
4 3
8 4
17 11
8 26
20 26
5 19
7 5
23 22
3 0
28 7
16 24
31 12
27 28
13 5
25 29
20 8
6 14
25 19
13 20
22 28
7 22
8 17
31 28
23 19
27 3
22 14
24 14
2 20
26 29
5 16
12 22
15 30
4 13
16 9
23 8
18 19
24 16
18 14
25 31
13 30
12 24
25 6
6 20
6 18
0 10
2 2
21 20
14 13
8 1
26 0
3 26
28 24
25 10
5 10
28 21
16 13
12 9
3 17
19 9
12 28
27 12
10 2
16 22
12 19
7 21
25 18
26 6
0 27
30 3
8 21
4 29
0 24
24 19
14 24
1 23
2 10
18 13
4 11
11 1
2 17
3 5
13 27
25 30
19 11
7 24
17 12
21 23
26 8
23 17
4 28
21 29
12 31
26 7
14 16
20 11
28 2
6 22
0 23
5 9
16 5
24 26
8 2
25 23
19 4
5 0
0 2
11 7
29 15
