26 18 17
..............T...........
..........................
..........T.........T.....
................T.........
..T...........T.........T.
........T....T............
..........................
.......T..T...........T.T.
.T......T.........T....T..
T....T..........T........T
......................T...
.....T...........T..T...T.
..........................
...........T...T.......T..
.....T.T..................
......T................T..
....T................T..T.
....T............T........
.........T.....T..........
.T....................T.T.
..........................
..........................
T......T..........T.......
.T..........T........TT...
.......T.....T............
............T.....T.......
23 22
17 12
11 5
20 21
11 20
23 12
6 25
24 15
20 10
13 7
0 1
2 2
20 25
1 23
15 3
6 8
4 14
10 13
10 23
6 21
22 14
11 16
21 8
13 15
14 24
4 22
11 3
12 6
9 5
18 5
2 1
17 4
3 7
6 1
24 6
20 3
13 8
24 7
5 24
2 7
16 24
7 20
19 11
15 13
14 25
13 13
6 24
8 20
0 24
15 24
25 24
1 20
1 17
7 0
15 18
23 2
0 14
8 17
22 0
12 11
7 25
21 14
4 1
23 18
18 2
5 0
3 2
11 15
17 18
18 10
8 5
0 2
15 0
14 11
19 2
22 2
20 2
24 16
25 21
6 4
19 6
4 11
8 14
18 17
7 24
20 12
0 18
19 5
13 18
12 21
1 4
10 16
19 12
21 17
21 24
25 6
13 12
1 11
12 18
0 6
18 19
6 3
2 17
23 10
13 10
15 6
14 23
1 24
20 7
25 23
14 16
18 13
17 15
15 9
2 12
14 5
2 10
16 7
13 5
1 1
25 12
14 19
6 14
5 12
16 25
5 25
4 24
5 3
24 21
14 20
24 24
23 7
16 10
21 0
16 23
1 3
21 19
10 4
25 11
16 0
21 13
1 22
20 20
11 1
3 20
10 2
9 21
10 21
4 15
12 22
19 16
17 16
7 6
9 16
0 10
18 25
8 13
20 11
25 16
0 12
18 1
21 18
24 22
24 19
7 10
15 25
6 17
15 11
1 12
13 3
2 20
21 2
1 16
11 4
21 11
2 14
3 4
23 8
13 2
4 5
21 12
6 16
23 21
8 16
10 19
2 11
0 7
13 1
15 7
22 6
19 25
24 17
14 4
0 4
9 10
20 5
9 11
18 14
1 18
17 19
12 20
1 5
0 3
19 0
5 1
12 2
5 18
8 6
15 15
23 14
7 5
24 0
6 22
3 21
22 7
17 7
17 13
6 13
16 19
13 4
25 18
25 13
2 24
25 17
3 6
21 10
11 14
5 22
21 23
15 23
12 12
12 25
5 9
1 2
10 0
2 9
22 15
18 6
7 16
24 1
14 15
9 3
4 18
0 15
24 3
12 10
3 22
19 13
2 18
21 25
17 10
9 1
20 8
8 3
19 21
3 0
18 24
25 5
21 5
4 9
16 1
25 25
15 22
23 11
11 2
20 0
15 14
7 8
10 6
3 13
16 18
21 15
0 16
8 0
12 23
15 2
14 0
0 23
8 1
2 16
17 11
22 25
8 22
3 8
25 7
9 17
2 15
0 8
0 9
0 21
19 19
15 21
7 22
0 25
17 21
25 9
2 25
11 22
22 10
3 19
10 20
17 8
3 24
15 8
7 4
4 2
4 21
17 24
4 6
4 23
11 9
4 16
23 3
21 16
4 8
20 23
6 18
14 7
20 18
21 3
14 22
15 17
8 4
6 5
7 9
8 23
5 6
24 12
22 4
4 0
1 14
13 14
15 1
16 14
9 2
20 9
16 6
3 3
6 0
15 10
8 9
13 17
24 10
15 12
22 22
12 5
4 10
23 0
7 23
13 22
1 19
2 3
11 19
13 11
11 0
3 15
10 25
3 1
9 8
18 15
12 8
8 2
18 23
6 7
6 11
10 1
21 22
21 4
25 10
8 12
14 8
25 14
9 9
8 8
10 11
17 0
14 6
11 18
7 13
20 15
17 17
7 21
8 7
0 17
11 17
18 12
16 8
16 4
7 2
24 4
10 3
23 13
5 13
16 13
19 15
7 3
22 11
7 11
17 2
21 9
14 18
5 4
20 22
18 9
12 16
19 23
24 25
0 19
7 14
13 16
12 4
19 7
25 20
18 16
18 8
3 9
18 4
15 20
10 15
22 19
7 12
18 18
5 16
16 16
22 16
13 6
1 8
16 17
5 15
25 15
2 21
16 20
12 7
2 8
8 15
7 18
7 7
3 5
13 23
18 11
23 24
19 22
24 5
24 11
16 22
19 3
11 7
6 23
9 25
12 24
1 15
10 14
20 17
15 4
11 23
13 9
6 2
2 19
20 14
10 10
14 10
0 20
9 15
4 17
11 10
11 12
5 14
20 16
8 10
9 24
13 24
24 8
23 15
18 21
9 4
0 5
23 1
4 20
19 8
1 13
17 9
8 24
10 8
4 3
1 6
11 21
2 13
5 2
2 5
1 10
3 23
8 18
4 19
3 25
20 19
6 6
12 9
6 9
19 9
25 8
19 18
11 13
16 2
14 12
9 12
15 19
5 20
1 25
17 14
3 12
1 0
13 19
2 22
3 10
22 3
8 21
22 24
17 20
4 12
12 17
23 17
15 5
12 15
12 3
8 25
9 7
11 24
24 23
22 20
10 5
23 9
17 3
20 24
25 4
17 25
22 18
7 17
19 24
0 0
23 4
16 15
16 11
5 10
3 17
6 20
19 10
17 22
13 25
21 21
19 14
25 1
5 7
6 15
21 6
8 11
6 10
5 17
5 8
21 20
9 22
9 23
24 9
20 13
13 20
13 21
23 23
0 22
14 2
17 6
16 21
14 13
14 14
10 7
10 9
12 13
1 7
4 25
3 14
19 20
14 1
17 5
14 17
12 1
25 22
18 20
23 5
16 3
4 7
11 25
5 11
9 19
9 0
12 14
21 7
19 1
20 6
23 6
16 12
20 1
22 21
7 19
3 16
25 19
18 7
10 12
9 20
9 6
10 24
25 0
1 21
21 1
24 13
18 3
23 25
19 4
8 19
16 9
11 8
17 1
3 11
5 21
22 12
2 0
18 0
14 9
14 21
1 9
9 18
19 17
22 23
22 5
24 2
2 23
6 12
11 6
10 18
9 13
23 19
23 16
2 6
22 9
24 18
10 22
4 4
11 11
5 23
12 0
15 16
25 2
0 11
17 23
24 14
25 3
5 19
22 17
9 14
12 19
2 4
14 3
16 5
6 19
3 18
18 22
13 0
22 13
22 8
20 4
7 15
10 17
5 5
23 20
22 1
24 20
7 1
4 13
