37 8 34
......................T..........TT..
.....................................
.........................T...........
.........T...T..........T......T...T.
.........T...T......T.........T......
.......T...T.................T...TT..
T............T.T..T.....T........TT..
T.T........................T.T..T....
......................T....T.......T.
.....TT.TT......T....T.....T......TT.
..............TT...T.T........T......
...T......T.................T....T.T.
.......................T..T..........
........T.T.T....TT.....TT...........
.........TT.......T...TT....TT.......
T......T.T..........TT..........T...T
T......T....T.....T...T..............
..T.....................T...T........
.....T..TT.......................T.TT
................TTTTT................
....T..........T......T....T.........
.............................T......T
.............................T.T.T...
.................T.............T.....
....T......T.......T..............T.T
............T........T...............
..........T..........T.....T.T.TT....
...............T.....T..........T....
TT....T..............T..T.........T..
..T...........................T......
......T.....T.....T...T...T.....T..T.
.T...............T...T.....T........T
.....................T..........T....
....................T......T.T.T.....
..............T.......TT.............
......T.....T.TT....T................
.TT.........................T........
24 25
14 9
25 13
11 18
5 21
13 28
10 18
10 24
21 15
27 35
25 23
13 33
36 13
25 29
25 31
30 11
28 26
17 24
2 12
10 30
9 0
2 11
2 1
20 32
34 21
35 12
36 19
8 34
29 28
9 19
13 8
3 23
34 28
2 9
27 2
7 14
28 0
32 21
26 34
4 36
10 10
7 21
18 18
24 23
0 31
2 28
21 30
26 12
5 34
30 18
22 25
14 18
19 30
28 20
4 33
34 33
29 33
28 6
35 30
11 29
15 25
2 18
16 21
28 35
15 10
29 7
18 8
9 24
26 25
16 18
13 2
13 1
16 15
30 16
22 19
26 31
22 15
30 10
24 6
30 17
20 24
23 22
32 20
23 10
27 3
15 14
14 20
7 32
2 17
24 33
32 7
34 8
9 12
16 23
1 21
20 2
7 6
36 0
0 12
29 20
22 16
9 33
28 3
8 12
1 13
8 29
1 4
7 16
28 24
19 23
24 28
36 6
7 8
25 26
27 31
35 18
24 8
8 5
1 31
26 19
19 26
32 5
32 10
4 27
30 13
10 1
26 36
28 18
16 33
33 21
31 34
5 9
15 2
7 10
28 31
29 1
30 21
33 11
34 18
34 22
18 1
13 26
5 14
26 35
34 11
9 7
26 9
0 32
19 27
36 15
10 27
25 8
30 27
3 29
1 26
27 26
8 8
18 19
14 23
28 30
16 32
27 13
26 0
22 35
26 29
30 15
18 13
8 36
6 33
4 12
10 9
25 36
35 5
21 23
28 10
22 3
15 6
19 35
26 5
33 28
11 36
1 36
29 21
15 28
21 5
7 2
31 10
12 8
28 33
22 30
33 30
17 9
14 10
36 11
31 8
23 14
14 34
20 36
36 36
33 3
16 12
18 24
27 5
31 13
25 6
11 3
9 32
7 27
22 27
20 22
11 19
19 15
18 14
35 11
2 25
16 34
24 20
23 35
30 2
9 14
24 5
10 33
24 17
23 20
6 18
30 35
29 36
19 13
29 24
21 21
27 24
17 8
14 2
2 2
11 26
34 36
32 19
29 17
0 26
32 13
9 10
10 19
10 25
20 18
4 32
6 30
33 17
4 28
2 6
13 7
36 7
3 24
26 24
12 23
31 24
8 27
22 2
24 30
5 18
3 33
33 22
16 11
6 13
33 16
22 13
32 33
21 19
31 5
11 1
9 9
19 20
21 13
22 20
2 4
25 4
17 12
13 15
0 3
13 12
14 25
31 29
14 30
24 29
2 16
32 2
10 23
7 20
21 18
33 33
22 1
3 10
16 26
6 6
17 26
17 11
23 13
35 36
0 36
10 16
11 7
24 4
13 31
24 0
6 35
32 6
34 27
22 18
5 6
5 19
17 16
36 3
6 9
17 34
13 14
12 36
31 9
25 2
36 14
31 25
0 19
35 1
9 15
17 32
36 12
12 13
22 7
32 16
32 30
13 18
34 26
28 22
36 27
23 6
11 27
16 9
18 16
30 19
35 23
22 24
35 15
22 17
31 7
28 36
2 19
6 2
2 5
32 35
4 0
17 3
27 32
27 14
19 5
31 17
10 36
3 5
12 11
23 25
35 27
22 4
3 17
30 7
30 1
10 11
29 2
7 4
10 4
0 8
18 0
9 6
25 27
0 0
5 13
33 35
22 8
24 3
32 11
4 25
12 31
10 29
28 16
23 3
3 26
29 31
9 4
11 6
8 23
17 28
35 22
34 25
17 36
7 12
35 32
36 23
17 1
35 25
13 25
2 15
6 14
26 3
27 15
19 19
0 7
3 11
3 32
20 5
36 26
8 17
9 23
32 25
36 25
22 0
17 30
3 27
16 5
2 27
27 17
4 24
36 5
4 1
1 22
34 2
19 3
30 25
5 15
34 20
15 36
36 17
31 21
16 0
14 14
5 25
15 8
3 36
13 3
25 1
32 14
35 14
11 8
2 3
6 19
20 20
8 30
26 10
19 12
5 24
25 14
15 11
31 14
9 8
15 3
21 29
23 23
34 12
13 30
18 34
1 12
19 14
10 15
31 22
2 0
7 30
30 32
3 16
18 28
34 13
21 34
19 8
29 34
28 8
23 31
24 12
21 24
0 5
22 33
29 0
0 22
3 15
17 20
2 33
2 24
29 19
0 27
6 29
26 30
0 9
18 5
12 9
27 20
35 17
31 32
11 17
30 4
30 14
5 29
32 17
19 22
20 14
5 0
16 19
28 5
31 23
16 14
10 13
30 34
25 32
3 22
29 11
9 31
18 29
9 1
5 16
26 15
3 4
20 21
16 16
25 17
17 15
14 7
21 11
21 12
18 7
20 26
2 14
15 12
4 23
12 24
4 17
25 28
18 4
27 11
0 34
36 30
11 12
8 35
29 15
5 33
32 28
33 0
22 14
13 0
3 14
28 32
13 35
28 17
32 34
14 4
11 35
4 9
0 14
34 1
24 31
7 26
23 0
1 11
13 4
5 12
10 34
0 2
27 33
31 35
29 35
14 26
17 27
31 18
36 1
36 34
1 19
33 5
21 0
4 16
27 30
31 3
35 10
11 22
36 9
11 9
35 7
4 10
12 35
32 18
29 6
17 23
7 3
26 18
19 6
1 27
31 33
7 19
35 6
21 4
1 1
6 12
18 20
1 28
10 32
1 17
18 12
5 4
0 23
10 5
29 5
17 17
31 2
7 22
23 9
4 19
14 3
35 8
19 25
20 10
14 13
33 24
12 5
22 22
6 34
25 5
27 22
1 32
11 11
8 3
32 3
33 34
17 13
15 20
1 20
28 7
31 12
14 15
34 10
33 12
7 24
21 33
6 8
26 6
28 13
12 33
4 11
28 21
34 19
6 24
24 11
16 27
28 29
33 13
14 6
12 34
7 34
26 7
8 7
14 17
4 20
19 10
13 32
5 20
11 10
7 11
27 34
18 36
21 7
0 20
16 22
14 24
13 27
11 21
32 1
7 1
17 25
18 6
17 7
19 34
21 20
12 25
4 29
18 22
2 29
18 9
22 28
17 29
24 34
5 30
14 5
36 2
18 3
8 2
8 33
35 0
31 6
3 21
35 24
35 16
12 14
32 23
26 14
18 25
32 27
25 20
32 24
23 24
13 23
24 18
31 28
0 11
0 13
5 35
11 30
20 19
16 36
27 6
11 34
35 19
7 13
17 10
1 5
30 22
28 9
2 22
27 0
8 13
17 31
3 31
23 32
5 10
10 12
27 19
8 31
0 28
16 7
33 19
18 33
8 15
13 34
15 16
9 21
3 12
26 17
7 36
2 21
5 26
16 20
3 25
16 31
31 0
27 28
27 29
20 8
35 3
4 2
16 4
30 26
30 9
24 15
5 23
10 22
34 34
20 29
0 6
23 1
11 16
2 31
34 5
17 18
8 20
30 24
13 21
5 2
15 4
30 0
8 25
26 32
16 8
21 3
24 7
1 18
15 7
22 23
1 35
19 16
19 1
19 11
8 0
32 31
20 9
30 30
12 7
25 10
29 13
15 13
28 34
33 23
13 16
15 1
2 34
25 0
6 1
14 27
1 24
33 10
11 13
3 13
9 5
32 0
20 12
7 9
2 8
7 31
23 27
24 21
6 28
21 27
19 31
25 15
2 7
12 22
6 21
25 7
34 3
23 8
4 30
22 29
3 7
12 12
29 30
29 22
4 14
6 36
35 35
22 12
25 34
29 27
5 5
24 2
13 10
28 12
17 14
12 30
22 5
4 34
23 11
30 23
25 33
10 14
36 29
9 25
8 16
30 36
22 21
26 8
12 32
21 2
23 2
12 16
34 15
1 8
26 16
7 29
31 16
9 29
7 18
29 26
20 3
27 1
18 21
19 32
26 27
14 22
6 10
33 9
1 10
20 33
11 14
26 33
6 31
3 2
11 24
25 35
6 23
25 11
36 8
2 36
21 32
23 26
11 32
6 32
35 20
16 29
26 13
15 35
36 28
1 6
1 16
33 36
20 15
11 0
15 30
8 28
6 20
1 0
20 13
29 12
34 32
17 21
30 20
2 23
30 5
12 1
27 12
19 33
30 12
9 27
21 1
18 15
19 18
35 31
8 11
33 26
25 25
18 27
12 21
4 21
30 8
34 14
5 17
11 25
8 1
2 30
25 3
13 11
16 6
13 36
3 35
8 18
17 5
33 8
9 17
12 10
16 25
12 20
6 0
29 14
15 22
16 13
23 34
33 7
8 32
15 26
32 12
20 1
15 32
27 23
34 7
33 2
24 13
1 34
15 9
9 13
30 33
35 21
28 15
3 20
35 34
18 10
21 22
30 3
29 8
16 2
33 6
32 32
12 2
29 29
19 0
36 22
23 16
20 31
30 31
4 35
34 31
25 22
8 22
6 11
3 18
15 31
7 7
24 36
33 4
12 4
36 33
27 8
7 25
23 4
0 4
21 9
4 31
7 5
16 3
17 0
14 16
21 35
9 2
29 16
33 14
10 0
0 17
16 10
2 20
10 31
3 30
12 28
21 31
36 21
5 11
24 9
5 31
8 6
22 6
10 3
12 3
17 35
33 20
21 14
27 4
6 5
5 7
28 11
15 17
14 1
6 3
31 20
35 28
36 32
28 19
9 30
17 33
4 22
34 0
8 14
29 4
14 31
21 16
22 11
26 21
17 4
2 26
19 24
35 29
15 27
6 16
34 16
6 7
10 21
23 7
23 18
3 9
6 17
33 27
26 28
36 16
7 33
23 33
9 16
6 15
22 34
15 21
30 28
31 26
0 16
15 23
1 25
10 6
7 17
15 5
23 19
20 28
19 36
35 33
4 4
3 3
14 36
22 32
4 3
0 21
31 1
18 11
25 9
15 24
12 18
21 36
13 9
31 11
36 4
32 9
10 8
3 6
6 22
34 24
21 8
7 15
1 2
5 8
26 20
14 32
30 6
33 18
1 3
32 8
29 3
6 26
13 17
36 18
22 26
4 5
9 11
11 23
35 26
15 18
23 21
13 24
34 6
34 9
14 21
4 7
26 26
21 10
17 2
27 36
14 28
4 18
21 26
5 36
12 29
10 28
31 15
26 4
14 11
12 27
19 4
3 34
2 13
15 33
12 19
19 29
9 26
34 35
20 23
12 0
11 31
29 25
30 29
12 17
23 5
32 36
8 26
25 12
33 31
29 23
24 24
19 7
21 25
27 21
24 1
10 35
20 6
5 3
8 4
16 30
27 10
0 35
1 7
36 20
16 24
36 10
5 1
11 20
27 18
4 26
13 20
31 30
34 30
18 35
20 25
29 10
23 29
11 15
33 29
8 9
34 29
22 9
23 17
31 27
4 13
24 22
23 15
32 26
25 18
26 22
7 35
5 32
11 33
26 23
14 35
14 33
11 4
0 33
26 1
13 29
17 6
9 36
28 14
23 12
20 30
25 24
32 15
32 29
36 35
34 23
13 5
1 29
1 30
23 28
26 2
16 35
29 32
1 15
9 35
3 8
6 27
13 19
8 24
27 7
24 32
9 22
19 21
20 11
25 21
21 28
4 6
24 19
20 27
15 0
1 9
7 28
36 31
17 19
18 31
28 27
0 25
28 25
14 0
11 28
5 22
18 17
13 13
10 17
24 27
33 32
13 6
27 9
15 19
25 19
4 15
18 32
16 17
20 7
28 1
20 17
20 4
8 10
35 9
5 27
14 29
33 15
0 30
18 23
14 8
28 28
3 1
6 4
24 26
2 32
28 4
29 9
28 2
16 1
36 24
19 2
22 10
1 33
19 17
0 1
31 36
7 0
31 19
0 10
17 22
15 34
24 16
35 13
32 22
22 36
3 0
20 0
1 23
27 25
24 14
13 22
12 6
35 2
24 10
15 15
31 31
11 2
12 15
8 19
18 26
12 26
32 4
9 34
19 28
8 21
33 1
10 7
0 15
2 35
18 30
20 35
10 20
15 29
3 28
16 28
24 35
34 17
9 18
27 27
5 28
3 19
27 16
0 29
20 16
23 36
31 4
6 25
19 9
2 10
28 23
25 30
10 2
9 28
9 20
25 16
34 4
0 24
14 12
35 4
23 30
7 23
18 2
21 6
20 34
1 14
9 3
4 8
10 26
11 5
14 19
29 18
22 31
33 25
26 11
21 17
