33 18 29
T........T.......................
.TT...........T.......T....T....T
........................T...T....
.T............T....T...T.........
...T.T..T...T.T.T.T.....T.T......
..T..T.T.............T...........
...TT...T..TTT..T....T.T.......T.
..T...T...T......T...T..T...T....
...T...T........T....T.T....TTT..
............T...T.T..............
T...T...T.......T..............T.
T..TT..........T.................
....T...T..T.....T............T..
..........T..TTT...T..T.T..T.TT..
....T.....TT.........T...........
.......T........................T
.T.........T.....TT......T.......
.....T....T.T.........T..........
......T...T......T....T.T.......T
......................T..T.......
.T................T......T.......
.T..T...............T...........T
...................TTT..........T
.....T....T....T.......TTT.......
......TT.........T..T..........TT
T...T........T..T....T...T.T.....
.T.TTT...T.T..........T....T....T
......T....T..T..TTT..T..........
T..T....T..........T......T......
....................T........T...
........T...T....................
..............TT......T....T...T.
...TT.......T..T..............T..
30 32
31 10
11 15
1 15
27 29
8 11
14 10
6 11
16 7
8 18
13 23
9 14
10 15
16 30
30 3
9 3
26 13
11 0
19 23
1 32
18 6
7 2
12 6
25 19
1 28
19 0
4 31
18 18
20 15
22 30
13 4
9 1
17 22
26 7
2 1
12 30
0 2
32 29
9 4
17 9
32 3
21 2
32 27
24 25
2 10
23 1
13 14
1 18
11 31
4 32
27 27
11 32
20 17
23 13
14 28
3 7
7 26
19 21
28 22
18 10
20 7
3 17
1 27
2 32
1 29
1 6
23 5
13 25
14 22
28 28
15 15
18 32
17 7
32 31
4 30
18 12
25 24
11 1
5 2
15 1
32 10
1 12
25 4
21 25
0 9
2 2
18 29
19 25
24 15
14 31
29 21
1 20
26 32
30 14
12 5
17 16
22 13
6 14
5 5
21 31
13 20
20 14
13 31
22 24
18 23
3 6
5 27
7 16
21 23
27 6
12 7
12 27
12 15
29 25
30 9
11 14
0 7
28 9
4 0
0 6
19 28
1 2
27 32
22 3
10 25
20 10
9 19
20 16
12 8
3 1
6 29
2 17
6 31
20 25
31 29
16 0
20 0
17 17
31 27
28 25
22 22
25 14
13 17
5 9
7 29
31 15
2 18
25 16
6 27
24 29
13 24
12 28
16 29
21 6
22 10
29 11
23 6
22 5
32 24
29 23
6 3
25 7
31 28
26 10
30 23
30 21
13 6
9 6
9 25
10 24
29 0
10 6
27 14
8 4
32 18
7 25
9 31
29 1
8 23
9 20
8 8
0 22
7 28
26 12
15 21
3 23
29 19
18 3
9 28
2 5
31 16
31 6
3 24
22 7
2 31
10 29
30 19
28 13
16 15
3 3
11 18
21 19
5 8
22 11
7 12
20 23
28 31
27 19
21 4
6 30
29 28
2 9
15 32
10 22
5 18
10 10
30 10
8 22
0 30
5 23
16 12
22 31
28 16
21 20
4 7
16 11
32 21
27 17
4 20
16 14
25 32
15 31
12 17
7 13
28 8
28 12
23 15
18 30
0 17
27 13
27 3
2 14
17 1
17 26
6 16
6 0
19 18
26 24
0 12
31 23
15 14
19 11
14 17
13 11
27 26
15 25
6 8
7 8
2 15
15 13
21 13
15 24
23 32
7 5
12 18
10 32
4 4
28 17
4 13
24 8
13 30
28 18
16 16
6 28
27 12
4 23
5 15
29 26
31 11
16 27
6 9
12 29
25 12
20 26
24 17
5 3
22 0
29 12
11 12
24 21
16 19
12 23
26 19
0 27
7 31
4 10
20 3
15 22
28 23
4 9
18 4
11 17
0 11
4 27
4 18
5 12
7 22
5 10
3 12
19 20
21 15
23 14
17 18
11 4
16 5
11 24
25 18
16 31
20 4
14 15
18 26
19 19
18 1
23 27
17 10
23 22
25 6
20 13
1 5
15 7
28 24
19 2
14 21
1 30
27 28
30 7
11 21
12 3
31 17
32 13
12 32
23 17
7 17
2 23
8 32
24 0
2 8
12 25
27 15
18 11
12 13
19 9
3 32
30 6
7 30
5 1
24 4
5 16
32 9
6 15
1 3
19 31
20 1
27 18
18 21
7 14
6 1
24 2
2 6
31 13
16 3
26 22
16 9
11 5
14 5
18 16
27 16
32 23
28 5
21 9
5 20
27 11
8 6
12 14
28 10
14 3
20 20
16 25
23 20
21 17
10 12
8 9
25 29
18 25
4 3
5 28
10 2
6 4
0 32
1 0
9 17
30 25
9 9
11 13
8 2
21 5
31 4
26 29
16 21
22 6
9 26
26 11
11 3
20 27
8 21
23 21
9 11
10 13
8 19
20 12
29 24
24 14
25 2
23 9
29 4
21 30
17 24
23 29
28 21
12 21
30 24
0 28
2 16
12 20
24 11
32 32
5 13
29 2
7 27
7 0
31 19
21 28
4 12
2 27
24 5
10 14
30 30
15 27
6 22
27 0
13 27
13 2
32 15
12 0
20 5
3 10
17 20
3 31
21 26
22 23
20 19
1 10
19 29
30 22
26 6
9 18
0 0
23 8
25 15
19 1
24 7
1 14
13 13
8 24
29 27
1 16
22 28
31 26
0 29
5 24
7 4
18 17
8 14
31 24
18 19
24 18
5 19
16 20
19 13
23 31
31 8
24 24
25 22
10 7
8 30
14 0
16 24
14 1
7 1
9 16
2 7
21 12
11 19
15 18
6 24
4 19
28 4
11 16
0 24
18 2
32 22
2 21
22 4
18 14
26 15
25 17
31 22
3 27
28 7
17 12
19 3
3 19
6 26
3 2
27 21
8 27
32 16
0 1
23 23
19 30
25 20
28 6
24 12
5 29
6 21
23 25
2 20
28 2
12 31
0 5
31 32
21 8
25 31
19 5
14 25
12 11
25 26
15 5
18 9
26 4
3 5
5 14
24 27
25 11
10 17
8 25
9 23
26 20
11 11
9 12
9 13
15 23
17 13
20 2
3 25
29 7
31 31
0 25
18 13
16 4
12 10
17 27
24 23
16 1
7 18
2 28
19 22
17 30
29 15
2 30
27 1
23 18
2 29
7 20
1 11
16 28
22 19
30 31
26 0
8 20
8 15
26 23
24 9
29 6
26 17
15 2
25 9
3 26
17 15
26 3
4 26
13 22
14 26
15 20
5 4
17 4
8 3
1 7
1 19
13 3
19 26
9 21
10 31
25 28
31 14
30 5
15 26
24 3
3 15
9 32
30 2
13 28
0 31
32 12
8 0
8 26
0 23
2 4
13 32
5 6
10 21
21 21
30 11
16 8
15 29
14 13
15 9
29 9
10 23
7 11
30 15
28 30
13 0
20 6
22 2
17 11
29 30
19 17
30 13
12 16
18 27
26 9
7 15
8 5
31 18
15 10
1 4
6 20
2 3
30 16
4 16
20 28
22 29
11 2
6 12
0 14
1 8
17 19
12 12
28 29
22 17
23 12
18 0
17 23
14 11
31 1
28 26
20 22
8 29
32 20
32 7
29 3
20 18
23 19
0 21
16 10
19 8
3 20
28 32
30 27
1 13
32 5
22 18
32 30
3 0
27 4
19 15
21 14
26 31
5 0
15 0
15 3
3 21
23 30
22 20
19 24
29 18
26 16
14 18
24 6
18 20
27 20
4 25
26 27
24 10
1 9
10 3
15 17
27 8
5 17
29 29
4 11
30 0
6 13
23 3
28 3
3 30
1 26
17 31
20 11
3 28
32 4
5 21
31 2
25 23
4 14
10 11
25 21
24 32
22 14
1 31
4 5
10 20
14 20
10 1
16 32
12 2
10 8
14 24
26 1
2 0
28 11
31 0
27 10
13 15
10 19
14 9
15 19
27 30
21 22
9 5
26 26
32 26
27 2
9 24
13 16
32 14
22 27
21 0
11 20
14 29
21 11
8 31
6 5
5 7
3 11
20 30
24 1
9 27
11 9
14 12
31 9
26 2
27 9
1 23
30 28
27 5
22 15
15 8
16 26
13 8
3 18
17 0
32 25
13 5
6 10
13 9
14 30
19 6
30 29
14 32
25 25
0 26
18 24
1 24
15 4
24 13
18 31
2 24
27 7
7 6
28 14
13 21
11 29
12 24
32 2
0 8
10 0
26 28
18 8
6 6
21 7
13 12
22 32
14 27
18 28
26 25
2 13
29 16
0 3
8 13
21 32
26 30
11 25
2 22
23 0
27 22
21 16
5 22
28 19
11 30
5 32
32 28
16 17
16 22
29 22
4 17
8 10
20 24
9 0
19 4
9 29
6 7
11 26
1 17
29 20
17 3
31 5
24 31
16 6
32 1
10 30
0 10
18 5
21 3
21 24
30 26
10 27
30 8
1 25
25 3
11 28
17 28
25 5
30 20
3 9
17 32
24 28
24 20
12 26
21 29
3 8
6 32
15 6
8 12
4 21
28 20
23 7
7 21
6 19
10 9
12 1
17 6
4 24
16 23
13 1
5 25
29 13
25 0
18 22
26 18
8 16
4 28
30 17
23 4
5 30
20 32
32 17
23 2
11 22
0 19
22 12
19 10
27 25
11 27
11 23
6 2
28 27
32 8
27 23
22 9
21 1
9 10
14 16
1 22
25 27
19 32
32 11
2 11
20 9
23 11
5 11
17 2
3 22
30 18
14 4
0 20
22 26
31 20
4 1
2 12
19 27
18 7
20 31
17 5
25 8
31 25
4 15
31 3
32 0
21 27
31 30
20 29
13 10
10 4
15 11
26 21
3 14
7 32
3 4
12 22
9 8
0 15
32 6
13 29
30 12
23 16
8 17
31 12
27 24
27 31
14 8
16 18
7 23
6 23
16 13
24 16
0 18
28 15
7 9
8 7
1 21
14 2
10 18
23 10
11 10
12 9
7 7
7 19
3 13
9 22
10 16
15 16
29 17
29 32
24 19
7 24
1 1
22 21
6 18
30 1
17 29
0 13
14 7
29 8
9 7
16 2
25 10
4 22
3 29
15 30
14 6
9 15
19 16
9 30
15 12
4 6
2 26
32 19
8 1
22 1
22 16
11 8
21 18
11 7
19 7
17 25
4 8
26 5
4 2
3 16
22 8
2 19
10 5
13 26
20 8
17 21
2 25
6 17
17 8
31 7
24 30
8 28
10 26
24 22
24 26
14 14
22 25
30 4
4 29
25 30
11 6
29 31
23 28
26 8
6 25
12 4
13 18
15 28
7 10
14 23
7 3
29 5
17 14
23 24
19 12
23 26
29 14
25 1
13 19
9 2
14 19
29 10
21 10
28 1
0 4
10 28
25 13
13 7
20 21
18 15
19 14
5 31
28 0
26 14
31 21
12 19
5 26
