22 7 20
...............T......
.....T................
......T.............TT
.............T........
................T.....
......T.T.............
.....T................
......................
.T........T....T....T.
......................
......................
......................
....T......T....T.....
.....T................
..T...................
.....T.....TT.........
......T...........T...
......................
T.....................
.T..T............TT...
........T.........T...
.....T................
18 7
3 6
8 6
3 3
21 0
15 11
9 19
16 12
3 7
7 1
6 18
19 17
2 16
9 21
2 19
0 20
2 9
18 11
7 19
8 0
4 21
6 2
2 13
6 21
15 2
17 13
7 2
21 16
13 2
8 9
0 12
8 20
10 11
19 3
15 15
11 12
4 10
17 4
4 15
4 2
2 21
6 16
14 4
6 20
4 9
7 17
10 3
17 12
12 7
1 5
6 17
0 13
18 8
8 2
5 10
6 19
3 11
19 6
19 11
1 6
10 20
11 1
10 1
21 14
11 0
1 4
18 15
18 1
16 9
0 10
11 16
15 0
9 6
10 5
11 17
9 12
13 4
2 0
18 5
8 17
6 11
7 14
10 10
11 8
7 3
13 14
6 13
6 5
3 19
1 7
20 13
10 0
1 18
13 18
6 7
19 14
1 3
5 9
7 9
21 7
15 20
20 2
9 1
8 21
9 0
19 1
18 6
20 15
11 13
4 12
13 8
12 19
18 13
1 9
20 12
15 10
15 5
5 14
5 16
5 0
16 6
12 3
20 11
5 20
13 3
9 8
13 19
10 13
0 2
2 15
20 0
20 7
9 3
14 6
17 18
15 18
0 16
10 14
14 11
6 9
15 4
13 6
12 11
13 9
8 16
8 15
21 1
12 13
19 5
9 2
13 20
4 20
19 2
16 20
21 13
16 1
21 12
8 19
11 15
0 8
13 5
16 17
1 8
12 18
18 14
7 18
1 2
16 10
14 3
15 16
13 10
10 7
5 15
21 10
21 11
18 18
20 16
20 17
3 15
5 8
2 6
1 21
7 8
4 13
19 16
11 20
14 5
3 17
20 5
1 19
14 21
5 12
1 0
10 9
19 19
14 12
12 16
17 5
10 16
17 9
14 15
5 2
11 5
5 18
6 15
19 20
14 8
11 11
2 18
8 4
3 13
0 1
7 11
1 15
20 1
20 14
11 21
9 17
11 18
3 5
21 3
3 2
12 20
15 14
16 2
0 21
3 14
2 17
16 19
14 18
6 8
3 18
17 10
5 11
20 9
16 15
3 16
2 8
0 19
12 12
4 0
0 3
12 0
8 3
4 8
1 11
8 12
17 8
6 1
3 21
3 20
4 17
14 10
15 13
11 10
17 21
9 9
19 15
1 10
9 20
21 17
10 4
18 16
13 17
7 0
4 3
3 4
21 21
9 10
16 14
20 4
15 19
9 15
14 0
4 16
18 4
3 12
13 0
10 15
18 3
12 17
18 9
15 1
19 8
9 13
10 21
12 10
16 7
13 13
8 1
15 8
19 21
2 20
7 16
5 13
8 8
9 18
4 6
5 7
21 15
0 9
19 10
6 4
10 17
17 1
19 18
4 4
2 4
21 6
17 20
18 19
12 9
16 0
20 20
13 16
8 5
12 15
8 14
9 16
11 7
1 17
20 19
1 20
17 17
14 2
2 14
17 16
11 4
8 13
18 2
10 8
4 1
5 21
15 9
5 17
14 14
10 6
13 15
8 10
0 17
21 4
12 1
17 19
20 8
2 10
16 3
21 5
11 2
9 4
17 2
4 7
8 11
3 1
8 7
13 11
19 4
7 12
5 5
2 5
4 5
20 3
19 0
3 0
18 0
13 12
5 19
12 4
19 9
9 11
20 21
10 19
7 10
18 21
21 2
9 5
6 6
7 13
5 6
16 11
2 12
17 14
2 3
6 0
1 14
13 21
7 20
19 13
5 4
0 14
13 1
16 13
5 3
18 12
0 6
16 5
9 7
4 19
14 7
14 1
11 6
7 15
20 6
15 3
15 17
4 18
12 2
7 21
16 16
12 5
18 10
1 1
4 14
6 10
1 16
6 3
7 5
21 18
14 16
9 14
19 12
0 0
17 11
10 12
1 13
15 12
11 19
3 8
21 9
14 9
0 7
0 4
17 15
12 21
12 6
10 2
6 12
16 21
1 12
7 6
4 11
16 8
21 20
15 7
0 18
14 17
8 18
14 19
11 3
11 9
5 1
0 5
0 15
21 8
20 18
14 20
11 14
12 14
15 21
6 14
10 18
2 7
16 4
18 17
3 10
17 6
12 8
18 20
2 1
2 11
2 2
20 10
17 0
16 18
14 13
7 7
17 3
7 4
19 7
3 9
13 7
17 7
21 19
15 6
