34 14 22
.T................................
..T.T........T..................T.
.......T.......T..............T...
...............T....T....T.......T
...........T.T...T......T.........
.......T..........................
............TT................T...
......................T...........
..................................
.....................T............
.........T........................
...............T......T...........
...T................T.............
..................................
.T.....................T.....T....
..............TT..................
...........T........T.............
..................T...............
......................T.T.........
...........T..T.............T...T.
.......T........TT...T....T......T
..................................
.......................T........T.
.............TTT.........T..T.....
......T...........................
T................T.....T..........
T........T.....T..................
.............T.....T..............
................T....T............
...........T......................
..................................
........T.........................
...............................T..
.T....................T...........
19 29
12 8
21 12
18 15
25 13
29 19
21 30
20 11
0 24
26 9
28 3
33 3
15 9
12 10
24 18
19 8
18 28
1 17
12 17
32 4
3 3
17 9
1 4
12 30
26 20
5 23
1 12
16 3
23 15
20 17
4 3
12 1
4 6
8 32
15 28
23 6
32 26
24 4
6 3
4 4
0 5
26 11
0 16
11 4
16 27
32 2
20 5
13 27
16 7
23 28
6 15
12 3
25 32
24 30
8 20
31 33
9 29
13 9
29 3
8 25
25 1
33 5
18 17
9 27
4 23
16 10
8 12
1 0
22 31
15 23
3 7
27 16
28 30
7 26
29 0
17 13
6 18
14 4
6 23
29 7
18 1
16 30
28 24
13 26
32 5
22 16
1 25
29 2
15 29
19 13
28 0
27 5
26 4
10 12
28 7
6 31
8 11
26 6
33 0
32 31
13 6
10 30
22 19
29 14
19 4
16 19
20 22
2 32
29 10
7 1
15 26
25 19
30 16
31 13
0 28
17 19
18 5
26 29
12 9
23 12
9 5
22 2
18 33
6 9
15 30
7 31
18 9
27 3
0 10
8 13
25 2
6 33
0 22
5 3
4 10
30 30
12 23
13 1
27 19
10 19
19 0
1 21
1 29
30 7
11 24
1 20
13 18
10 14
18 7
33 20
28 11
11 19
21 2
8 21
14 33
19 9
5 20
14 3
11 27
27 7
5 7
9 6
22 22
16 15
27 30
21 24
8 22
10 4
15 7
6 1
31 11
29 33
9 23
18 14
28 10
32 10
1 19
30 21
12 33
6 24
24 9
32 19
25 4
23 19
4 9
7 22
10 11
19 1
2 21
22 15
22 10
19 12
10 9
19 15
13 31
31 16
9 12
12 21
4 21
31 23
26 32
27 27
4 13
5 19
10 33
2 4
12 11
33 26
7 20
8 15
21 19
29 18
22 1
32 32
21 23
10 8
2 8
20 2
15 22
22 11
21 15
23 13
2 0
24 23
10 21
25 27
18 12
14 11
1 32
31 19
3 13
9 3
9 1
27 17
14 15
19 19
11 20
20 26
25 20
19 32
23 24
18 2
5 30
3 18
19 28
5 9
5 12
17 21
20 24
28 9
11 21
11 15
5 15
28 21
3 32
24 17
7 33
9 19
3 27
11 12
2 29
27 26
28 14
33 4
22 13
8 24
18 23
17 16
7 19
19 10
17 10
33 28
6 13
27 21
8 33
12 24
19 18
8 28
17 15
6 16
19 16
16 24
13 2
4 7
0 4
19 7
3 16
12 28
10 1
8 14
28 8
0 27
30 14
12 29
11 2
19 2
31 6
2 20
2 28
8 10
15 17
25 30
7 4
23 7
7 14
6 14
23 17
1 26
1 3
27 1
23 22
24 26
27 12
0 14
20 6
13 13
13 11
23 20
23 10
14 0
14 26
18 31
17 30
22 14
3 26
12 18
27 11
24 7
27 14
33 9
19 3
33 18
7 18
26 8
31 32
33 21
33 27
13 12
31 10
26 21
18 18
20 19
18 11
8 19
31 21
5 32
12 0
14 1
7 29
11 18
24 11
25 14
3 4
17 4
15 12
14 32
3 10
2 9
12 15
11 9
9 17
17 28
4 28
4 24
29 28
13 23
1 24
31 26
8 6
7 6
30 11
9 16
30 23
29 17
5 8
14 28
24 32
17 1
2 22
33 7
28 31
27 31
4 12
25 22
25 9
8 3
3 25
10 7
21 18
10 3
20 3
10 15
4 19
0 31
19 17
1 8
0 11
33 10
31 3
0 32
9 26
33 15
6 8
26 16
19 6
22 30
32 9
20 9
9 2
22 27
31 25
5 0
27 28
24 13
3 28
27 2
9 4
4 30
17 25
13 3
15 4
0 0
20 21
30 18
20 7
16 28
11 3
6 19
4 25
15 21
10 28
15 16
21 9
26 13
9 24
3 30
1 18
8 9
13 33
15 10
17 2
7 2
22 6
9 14
28 16
23 29
15 24
4 0
25 15
31 31
25 12
27 4
11 22
23 2
21 22
0 30
17 26
30 20
24 24
5 11
30 3
6 4
7 0
1 7
28 25
28 26
8 26
2 13
21 5
16 8
20 30
11 28
12 20
26 24
4 31
5 26
13 28
17 17
31 18
11 30
22 32
24 20
8 0
23 9
7 10
30 12
29 15
17 33
2 15
0 21
26 12
13 7
6 22
11 16
6 6
5 10
30 17
32 17
31 30
15 1
7 3
33 23
2 17
33 14
7 13
10 25
32 18
22 28
1 16
14 7
11 11
5 1
12 12
9 18
30 22
6 20
24 31
13 17
2 5
29 6
11 8
15 25
20 23
22 26
1 9
2 27
16 2
13 0
25 25
23 8
6 12
22 0
26 25
14 25
2 30
20 31
4 8
18 24
3 9
9 11
33 6
14 31
7 12
14 21
14 13
11 17
19 31
24 22
23 4
21 0
29 9
32 27
20 18
18 16
24 28
2 33
16 25
30 31
5 33
17 32
2 16
4 5
32 21
20 13
8 7
4 16
6 11
14 20
4 1
19 21
0 7
6 29
27 8
23 16
30 32
4 32
21 16
5 29
18 6
24 19
5 24
33 22
1 1
19 33
29 25
31 24
1 5
15 5
25 29
19 23
6 26
20 10
22 24
16 23
30 26
12 22
7 5
14 27
21 14
0 26
5 18
29 1
8 1
26 33
25 33
12 32
9 33
26 10
17 27
13 22
0 33
23 27
29 20
22 17
32 8
18 25
30 2
2 25
17 23
2 31
21 28
17 14
27 20
32 20
18 32
29 31
26 19
17 18
30 24
10 23
30 6
20 16
30 28
9 30
25 21
32 11
33 31
16 26
5 13
24 3
12 2
28 13
4 22
17 5
14 12
8 29
13 14
21 26
21 31
22 7
21 8
24 10
30 0
29 30
6 25
23 1
23 21
5 5
8 31
33 11
33 32
9 25
14 6
22 20
12 7
21 7
17 8
17 31
14 16
25 6
3 5
7 32
9 20
30 13
33 12
3 8
25 31
9 32
13 15
26 15
21 11
17 7
14 10
14 5
18 8
11 14
6 27
0 6
16 14
32 1
10 5
27 25
20 1
26 31
21 33
8 27
11 33
5 25
24 0
29 16
5 27
10 32
16 5
30 8
28 2
3 31
21 1
9 31
23 32
17 6
31 7
16 6
14 18
3 11
19 25
31 27
18 22
6 28
4 15
31 2
4 17
16 18
23 14
16 11
20 29
1 27
29 5
6 32
23 31
15 32
20 27
26 7
5 31
3 19
25 16
18 0
3 6
15 8
31 8
0 25
17 29
25 0
27 15
2 18
24 27
0 19
16 31
31 12
27 23
4 2
29 26
22 8
13 29
6 2
2 3
28 22
27 0
7 9
12 31
26 27
28 4
33 13
5 17
10 2
16 4
29 12
30 9
25 11
22 12
23 25
33 1
16 33
11 29
12 27
10 22
18 20
25 3
26 26
8 5
20 15
11 0
6 7
21 25
11 26
5 14
24 29
16 21
28 27
8 30
17 22
32 24
27 6
16 13
26 28
7 15
33 25
2 24
26 23
0 13
21 21
23 26
31 14
14 17
28 5
11 25
26 5
17 24
10 13
33 24
16 9
13 25
2 2
25 17
21 32
28 32
22 29
24 1
15 19
15 3
14 19
15 18
12 16
2 14
19 24
16 29
3 12
31 22
4 33
13 5
27 24
22 23
0 29
15 0
25 10
22 5
32 22
16 32
7 24
19 27
6 17
8 16
19 22
16 17
3 24
27 29
15 33
20 12
20 8
4 20
10 10
28 29
28 20
4 11
12 14
0 3
32 15
15 15
0 15
30 19
21 29
25 26
23 11
5 6
7 23
3 21
6 21
24 5
15 6
1 6
12 19
22 25
20 4
20 14
8 2
24 25
27 18
21 4
21 27
6 0
11 7
29 27
29 21
15 31
31 17
29 29
33 17
29 23
31 9
14 23
20 0
31 15
2 10
3 0
3 23
0 18
18 29
5 22
13 24
31 5
18 19
11 13
14 22
0 2
0 23
7 16
5 4
9 8
23 30
12 4
25 18
24 2
20 33
21 13
32 33
26 1
3 33
29 4
33 2
10 6
25 8
26 18
4 18
11 32
28 33
28 6
26 22
29 13
3 14
29 32
26 2
26 0
24 21
7 21
29 22
7 17
10 20
32 12
23 5
21 20
17 20
24 12
17 3
1 13
29 11
11 5
32 14
5 16
23 33
27 22
4 27
27 32
9 10
0 8
18 26
19 11
1 15
22 4
32 23
1 2
0 1
15 20
21 6
30 29
1 14
31 20
26 14
4 29
5 2
10 29
10 24
32 7
33 29
32 25
8 23
10 17
18 27
6 10
25 28
3 22
23 3
15 11
6 30
4 14
16 20
3 1
29 8
1 11
14 24
24 15
16 12
30 10
32 3
27 13
20 25
7 8
2 19
11 1
2 1
9 28
29 24
19 20
13 19
25 24
12 26
16 22
3 20
32 30
1 23
26 30
9 15
15 2
30 5
32 6
5 28
27 33
23 23
28 23
14 14
30 25
9 0
20 32
13 10
3 15
23 0
2 23
0 20
24 6
7 27
9 7
17 12
33 30
32 29
6 5
33 16
7 11
17 0
9 22
10 31
22 21
24 14
7 25
14 2
30 15
13 32
14 29
26 3
7 7
8 4
19 30
24 8
13 4
25 7
21 10
30 4
1 33
18 30
11 31
2 11
1 22
28 12
8 17
12 5
13 30
1 30
32 28
7 30
16 1
18 3
31 28
3 2
8 18
8 8
27 10
10 18
2 6
18 10
10 16
28 19
2 12
31 29
20 20
13 21
12 13
13 8
28 15
14 9
9 13
19 14
11 6
28 1
32 0
22 18
20 28
24 33
14 8
14 30
21 3
11 23
32 13
19 5
5 21
11 10
1 10
24 16
15 13
9 21
2 26
28 17
10 0
27 9
1 31
19 26
12 25
33 8
31 0
1 28
15 27
32 16
22 33
0 12
16 0
26 17
13 16
18 13
25 23
3 17
28 18
30 33
10 26
3 29
33 33
23 18
4 26
18 21
0 9
9 9
16 16
15 14
31 4
13 20
30 27
17 11
12 6
7 28
33 19
31 1
28 28
21 17
22 9
18 4
10 27
30 1
22 3
25 5
2 7
