33 9 6
.................................
.................................
..............................T..
.................................
.................................
.................................
........................T........
.................................
.................................
.................................
.................................
......................T..........
.................................
............................T....
.................................
.................................
.................................
.................................
.................................
.................................
.................................
.................................
.................................
.................................
.................................
.................................
.................................
.................................
.................................
.................................
.................................
.................................
........T........................
24 30
16 0
15 17
32 23
26 0
29 30
20 2
24 5
3 32
14 22
6 27
29 26
28 28
11 16
22 30
6 23
8 4
3 22
24 28
3 26
17 8
0 2
6 2
29 4
3 24
13 25
0 28
32 9
16 28
18 17
2 1
22 32
8 28
14 4
3 12
14 12
28 9
18 1
24 10
5 29
9 0
20 5
4 21
4 30
17 28
3 0
27 0
4 15
28 16
19 30
14 25
28 7
4 10
7 27
29 24
28 8
11 3
9 5
28 20
30 1
19 1
19 20
10 8
9 8
12 26
22 10
19 28
15 14
32 1
4 14
0 10
7 29
26 27
12 29
8 2
31 29
7 31
23 5
24 29
5 1
29 17
24 12
11 19
16 24
8 20
25 10
11 10
2 12
27 2
0 32
10 5
28 30
29 12
21 0
6 4
11 20
12 20
32 28
6 31
17 30
32 19
30 0
13 13
1 31
12 14
8 21
26 24
31 6
23 21
9 30
20 17
30 28
15 29
27 27
15 5
1 6
9 11
5 15
15 32
30 22
16 4
8 26
14 5
9 20
30 4
30 6
9 6
28 6
15 19
20 13
1 3
13 26
25 28
20 14
4 25
4 29
32 18
27 8
0 5
18 0
5 11
24 18
6 28
25 21
6 7
11 24
6 6
29 16
29 22
32 21
26 9
27 15
18 30
25 24
28 25
19 31
17 27
28 14
26 4
26 18
17 21
10 31
17 22
6 15
30 16
10 16
7 12
26 3
16 22
22 4
26 31
4 7
22 11
7 7
13 28
7 9
21 16
23 23
27 21
13 4
12 13
6 13
11 21
12 6
3 3
26 8
28 15
15 3
23 11
15 22
22 19
18 2
29 13
29 28
8 14
7 15
13 17
15 18
20 20
27 28
31 10
16 25
1 14
2 31
17 13
31 26
21 1
29 11
32 24
18 14
18 21
17 3
10 20
1 17
11 13
8 30
21 29
19 26
10 2
4 22
28 10
14 14
3 2
25 22
22 26
5 25
6 25
27 25
13 21
20 28
30 18
26 11
4 16
4 9
25 4
3 15
23 13
9 25
24 6
24 13
8 0
16 11
1 11
28 26
11 27
30 29
13 8
4 19
29 18
13 2
0 3
4 13
13 14
20 15
7 25
0 7
1 7
22 21
16 29
9 7
8 17
22 20
22 7
9 32
26 15
31 24
7 19
0 0
10 3
27 1
25 16
27 9
24 8
26 2
18 20
14 26
1 26
9 27
5 30
7 30
24 14
3 4
4 26
9 1
1 1
15 7
25 7
5 20
24 9
26 32
4 5
20 3
0 18
16 12
5 4
29 1
28 1
20 26
6 9
4 24
20 18
26 6
12 21
23 29
28 11
3 27
27 24
12 5
23 30
18 6
12 7
25 30
3 31
6 22
11 7
5 13
23 15
21 15
22 9
32 8
12 16
31 9
15 23
8 9
0 22
6 20
11 32
32 4
14 9
6 21
3 10
1 24
23 9
25 14
31 15
18 16
18 12
15 0
16 21
0 24
32 0
29 20
30 12
22 23
11 9
16 14
27 5
8 24
21 4
4 31
9 19
18 32
5 24
16 23
16 10
22 0
24 26
30 2
7 2
24 22
23 26
3 21
2 15
20 11
21 20
14 7
24 4
4 0
12 12
3 8
31 22
14 31
31 18
17 32
6 1
29 29
14 10
31 7
1 30
2 25
15 6
2 19
14 1
7 23
3 5
19 11
19 2
9 31
4 18
23 20
0 25
25 2
17 1
11 8
13 18
7 28
2 32
16 6
31 14
31 1
2 28
12 32
22 6
14 32
16 32
24 1
6 24
13 6
31 23
27 29
4 11
15 30
0 27
19 6
3 14
10 25
8 29
30 3
17 7
27 30
2 20
8 15
22 5
28 31
7 18
31 19
25 17
19 14
17 11
21 10
23 10
14 0
20 9
18 25
4 4
23 31
8 16
0 19
4 27
21 13
31 2
8 31
16 8
12 24
9 28
2 2
12 1
10 0
0 21
21 21
19 7
30 27
31 4
8 22
11 31
27 18
24 11
21 9
13 3
25 15
13 23
4 1
14 19
25 1
23 16
0 30
26 25
19 4
22 24
25 25
32 16
0 8
10 9
18 27
32 2
27 16
28 5
0 15
1 8
16 30
30 13
24 17
31 21
8 32
16 17
32 29
22 22
1 16
7 16
15 31
18 31
5 18
7 22
9 14
23 14
13 0
2 26
19 17
19 5
32 3
18 28
17 0
11 25
3 16
2 4
13 19
5 23
6 17
2 0
18 7
17 20
1 20
28 32
20 8
24 32
10 24
24 2
19 23
26 23
27 19
6 16
2 14
16 1
12 31
10 10
7 20
11 14
16 31
13 27
17 24
10 27
32 15
5 32
2 22
18 19
3 13
18 5
17 15
32 5
22 1
22 27
25 0
4 8
11 6
23 28
22 17
1 4
12 25
31 3
15 26
9 29
18 26
24 15
20 25
26 1
26 10
5 28
25 29
7 11
17 17
21 26
30 26
18 8
1 15
18 24
32 31
11 26
17 4
13 9
23 4
11 0
20 21
8 19
23 32
10 17
18 3
9 23
26 13
26 29
27 20
22 16
3 17
11 4
23 22
9 12
12 2
8 3
32 30
12 27
21 19
28 23
14 20
4 23
9 26
21 28
1 10
13 11
23 25
19 13
5 14
17 29
0 23
21 18
10 23
13 12
15 4
6 5
2 7
2 6
29 25
21 12
21 14
20 6
20 32
30 20
13 20
15 15
24 25
10 4
7 10
10 6
13 31
7 5
15 16
27 13
31 11
13 7
17 26
29 9
10 22
26 20
5 21
30 11
25 31
24 27
22 3
30 24
25 27
32 25
8 6
32 7
15 2
20 4
23 17
29 6
5 2
6 19
30 31
4 12
6 14
15 25
2 18
22 13
32 26
16 9
29 27
12 22
32 14
31 31
14 17
23 0
26 16
26 30
20 19
15 9
5 0
13 16
14 15
20 24
10 26
17 18
23 1
2 17
8 7
26 22
28 19
7 1
17 19
21 22
19 29
21 32
30 5
7 17
18 22
17 5
15 28
28 4
0 31
7 13
19 19
25 19
1 29
15 13
22 31
1 18
11 2
21 8
16 13
3 23
6 30
29 8
11 5
19 21
27 31
20 1
24 7
19 3
12 9
0 29
3 29
3 1
12 10
11 15
22 25
21 30
15 27
24 0
16 18
31 0
6 12
15 1
25 9
30 9
19 0
10 12
23 27
25 11
12 4
26 21
18 18
10 14
14 18
9 3
14 13
2 16
0 12
17 16
9 4
5 6
4 32
11 12
26 19
18 4
31 30
12 28
26 12
12 11
14 8
21 31
25 13
10 11
29 5
29 21
1 5
26 5
26 28
5 27
9 15
18 10
27 10
6 32
7 24
2 24
23 19
29 2
12 30
28 0
17 6
29 3
21 27
7 6
24 16
15 8
5 9
21 7
5 31
7 26
1 9
14 29
0 17
31 13
16 7
1 13
28 22
6 0
32 20
0 9
0 26
14 21
28 29
27 4
25 32
30 15
19 18
30 7
17 14
6 11
27 11
31 5
3 9
13 29
28 12
31 12
3 18
19 32
1 2
20 27
2 9
30 30
2 23
3 7
32 6
24 19
14 24
21 5
31 8
12 0
1 0
7 8
6 10
24 21
10 18
29 31
28 17
8 25
20 30
14 2
8 13
29 15
8 18
6 18
5 12
27 7
11 18
32 17
30 10
8 5
13 10
7 0
19 15
25 26
19 16
9 13
3 30
5 16
0 20
31 16
22 12
25 3
9 18
31 25
16 26
10 29
22 8
21 23
16 2
28 18
16 20
4 6
19 8
9 16
19 12
18 11
2 29
5 3
18 13
2 5
2 11
12 19
21 2
31 28
4 2
22 2
25 23
22 18
16 5
30 23
3 11
18 15
11 11
20 10
2 10
11 28
16 16
2 3
11 30
24 24
23 24
23 2
11 17
21 11
19 25
11 23
13 32
10 21
15 10
19 27
23 6
29 10
29 19
9 9
25 6
27 6
6 3
29 32
7 21
9 22
5 19
32 22
14 16
26 17
27 17
15 24
27 14
20 0
10 7
19 24
29 7
17 25
2 13
22 14
13 5
5 5
32 27
19 9
22 28
12 17
28 27
26 14
0 11
21 25
9 24
5 17
16 19
26 26
31 32
11 1
4 20
8 23
10 19
17 23
2 27
6 8
13 24
23 8
4 17
12 15
8 8
24 3
23 18
25 20
14 6
14 11
28 24
12 3
0 6
25 18
3 28
13 30
0 13
1 23
32 32
8 27
14 27
22 29
11 29
31 27
15 21
10 1
24 23
5 7
13 15
20 22
27 3
9 10
9 21
3 25
11 22
25 5
8 1
30 8
17 31
1 27
1 25
5 26
19 22
4 3
32 10
30 17
1 12
8 10
15 12
7 32
7 4
2 21
27 23
24 20
18 29
28 3
32 12
21 3
14 3
1 32
5 22
21 24
19 10
9 2
27 12
20 7
16 15
25 8
25 12
18 23
17 2
31 17
1 19
12 8
10 28
17 10
30 32
10 15
26 7
8 12
10 32
29 14
17 9
23 12
32 11
3 6
12 18
31 20
22 15
2 8
1 28
0 14
27 22
30 14
21 17
14 30
7 14
20 16
15 11
6 26
0 4
15 20
14 28
30 19
16 27
32 13
12 23
9 17
1 22
29 0
29 23
20 29
1 21
28 13
23 7
5 8
3 19
10 30
27 32
5 10
13 1
27 26
28 2
13 22
2 30
21 6
7 3
8 11
4 28
30 21
10 13
30 25
20 12
23 3
24 31
0 1
17 12
14 23
6 29
18 9
20 23
20 31
16 3
28 21
3 20
