40 14 0
......T........T.T...TT..T...T.........T
..T...................T........T.TT.....
TT.....TT......................T.T..T..T
.T...T.........T.TT.T....T.......T.....T
...T....T...T.....TT......T.......TT.T..
.....TTT........T.........T......TT..T..
.T..........T............T..T...T..T....
.....................T.T....TT......T...
......T.T.............T..T...........T..
.T.T..TT..........TT..T..........T...T..
.....TT..T...T..T...T....T.........T...T
........T..T.T........T..T........T.....
....T...TT..........T....TTT............
.T......T.........TT....T....T.T.T.T....
..............TT.......T.T..............
......TT........T.....T....T..TT.....T.T
........T.T............T.T...T...T......
...T................T...T..........T....
........................TTT...T.....T...
..T....T...T.............TT........T....
...........................T....TT......
.T...............T.T........T...T.......
TTT..............T..............T...T.T.
...T.....T.TT.....T......TT..TT..T......
.........T......T........T.T......T.....
..T.........T.T.......T................T
TTTT.T......TT..............TT.T..T.....
T...T..........T.....T..................
........T....TT.....TT...............T..
...T...........T........T.....T.........
TT....T.............TT..........T.T.....
...T........................TT...T......
....T....T.......T...T..T.....TT........
..............T.....T...........T...T..T
.....T......T.....TT...TTT.......T..T..T
.T...............T.T.................T..
T......T.....T...........T..T...........
..........T..............T..T...........
.T..T..T...T....T..............T........
..T..T..T................T........TTT.T.
32 10
2 25
12 17
35 5
11 34
15 2
6 20
35 39
16 23
12 36
21 14
27 5
26 3
38 34
35 8
10 36
20 11
13 16
14 33
5 27
31 2
26 12
21 16
33 22
4 0
36 38
24 28
2 28
33 14
36 4
24 12
11 36
25 13
36 7
36 37
24 11
14 32
16 3
13 33
39 33
11 13
28 3
23 32
30 38
16 32
38 20
34 29
8 14
22 31
21 29
12 39
32 6
31 27
31 25
9 3
1 39
21 9
25 26
37 20
27 0
28 0
14 12
39 8
29 25
26 35
37 21
14 34
33 28
25 8
28 32
19 12
34 39
18 29
27 10
32 31
13 2
17 33
0 35
8 5
38 10
28 30
25 18
27 13
22 10
12 0
29 2
11 38
29 16
39 7
13 19
16 17
26 33
11 7
24 3
18 10
33 5
33 38
26 23
33 12
25 37
23 31
3 19
22 12
23 15
30 29
28 37
17 24
13 37
18 1
5 17
9 24
31 17
5 5
16 19
29 18
36 27
31 24
7 38
10 8
13 18
2 2
22 7
33 16
17 15
38 23
26 38
5 34
18 23
7 0
27 26
17 0
6 33
14 20
28 24
12 7
17 4
13 13
6 6
28 39
18 19
31 36
36 6
20 23
6 36
24 9
27 37
15 17
36 0
25 39
11 29
29 28
8 20
29 9
26 6
16 35
1 20
6 9
2 31
15 4
19 3
29 31
24 31
3 0
12 37
32 33
34 9
36 23
30 28
26 15
38 16
35 23
17 2
36 26
1 5
22 34
0 24
21 27
21 5
31 0
37 17
33 27
25 21
1 25
7 18
8 26
8 33
19 20
19 27
8 13
13 24
15 8
39 14
7 25
26 8
39 27
24 8
19 29
3 35
19 0
19 16
6 26
1 0
15 35
27 29
23 20
1 34
17 7
15 9
35 13
35 15
4 16
0 7
36 12
13 20
6 34
30 37
22 25
30 39
16 7
38 38
29 19
22 13
19 38
25 14
23 10
14 38
16 0
27 33
23 8
20 33
19 7
21 19
17 38
37 37
19 18
7 6
27 34
39 11
28 7
12 25
11 26
21 34
35 4
27 38
14 21
31 6
34 0
10 14
39 2
16 38
11 18
15 36
38 19
2 38
6 18
27 8
25 38
17 18
30 19
13 14
18 27
10 22
31 23
14 17
35 0
10 25
39 18
21 28
15 33
11 22
2 37
2 18
6 23
35 31
29 26
37 15
3 6
14 4
13 28
30 2
19 9
33 19
15 18
13 15
33 9
2 24
30 22
17 39
18 38
24 21
36 21
31 22
39 15
9 37
33 39
14 29
32 36
3 28
5 23
4 38
3 8
8 37
13 10
23 22
1 15
23 19
31 31
7 19
32 2
21 6
28 33
11 8
6 19
13 29
15 37
23 21
25 33
24 25
29 38
17 31
9 29
20 14
32 18
28 13
0 34
34 26
34 11
19 10
5 10
11 28
1 7
14 19
26 39
22 5
18 5
25 2
30 34
5 22
10 19
10 12
37 29
15 1
39 6
21 24
34 23
16 18
14 10
18 37
34 24
1 18
24 37
0 16
32 39
18 24
37 33
23 36
18 31
10 31
38 25
24 29
32 27
19 28
6 28
9 9
10 39
29 14
26 30
26 7
3 2
29 4
28 25
28 26
39 30
8 39
7 23
0 27
13 6
14 28
18 25
36 10
24 35
3 29
31 5
8 2
8 1
28 4
3 12
10 35
10 13
35 32
35 24
0 31
26 36
12 2
8 15
29 21
16 10
19 14
9 10
32 26
36 13
13 23
19 1
2 3
23 26
15 31
39 32
26 37
34 1
39 37
9 4
30 9
33 18
15 21
13 7
21 33
31 26
10 3
38 8
5 6
10 6
30 8
39 16
17 12
34 8
36 5
20 7
23 2
7 37
1 22
4 34
17 23
8 25
38 35
9 0
14 25
5 31
39 9
35 25
25 4
17 28
36 34
28 38
36 19
26 25
7 14
34 33
29 12
4 30
9 13
3 3
18 9
27 4
4 1
9 30
10 38
33 13
11 37
36 31
9 15
32 12
36 3
23 29
17 27
25 28
18 16
25 6
8 38
7 16
12 16
2 34
8 0
34 10
31 20
21 2
34 5
35 7
34 3
36 33
30 31
17 14
19 35
18 34
13 8
30 11
17 11
26 16
30 14
20 1
4 8
25 15
22 26
21 30
38 6
14 6
36 25
38 15
35 17
30 3
5 4
12 21
3 31
15 28
27 27
15 5
16 24
7 15
35 35
17 37
8 22
23 4
4 15
15 6
39 28
5 32
15 15
32 34
0 38
4 12
17 9
34 28
17 3
11 24
39 12
6 22
31 7
24 15
1 21
8 17
8 28
26 5
4 18
33 10
28 12
5 13
34 14
16 37
5 30
30 6
4 35
12 12
5 14
7 27
2 35
1 37
17 1
12 1
17 25
2 12
7 39
25 22
13 0
0 5
32 28
18 3
27 30
4 21
34 37
35 38
31 33
8 4
26 32
7 2
37 12
1 6
0 28
20 22
18 17
4 36
22 38
16 9
7 1
30 36
21 31
16 21
9 31
28 35
13 27
34 7
8 36
0 2
11 12
20 17
35 29
36 15
0 10
39 35
22 19
38 32
6 16
31 21
5 16
7 11
23 30
8 31
26 10
19 17
33 21
13 12
11 20
23 37
9 14
21 21
21 39
28 16
11 39
2 22
20 20
0 21
20 35
26 18
10 24
10 37
25 34
21 13
31 4
4 26
37 26
17 26
4 25
14 27
21 25
12 38
35 19
9 2
5 35
5 2
34 25
6 39
3 13
31 15
12 28
19 13
12 13
1 1
30 12
9 27
8 10
36 1
22 33
33 23
36 14
31 14
12 33
1 17
27 11
8 23
16 34
20 19
31 30
38 5
36 16
31 34
9 22
7 5
17 5
20 4
10 34
0 39
22 16
35 6
28 19
25 1
21 8
10 10
15 26
6 21
31 32
20 36
10 23
2 30
24 23
5 18
36 22
27 22
26 13
22 28
13 21
22 0
6 15
31 8
16 20
0 33
29 7
37 8
12 4
27 19
27 16
0 37
19 21
32 21
17 34
22 32
22 29
15 32
28 14
3 4
7 32
18 12
16 1
13 17
23 12
27 7
39 34
14 30
37 5
36 18
33 34
16 6
10 33
29 0
23 6
29 34
29 33
1 36
35 2
12 14
8 34
26 17
4 11
26 0
3 16
0 26
38 26
33 33
11 15
20 5
14 2
10 1
3 24
37 7
24 34
9 25
39 36
27 28
6 27
27 31
16 25
30 21
29 11
29 37
1 31
3 10
2 15
31 39
33 32
14 35
22 37
26 21
26 26
4 7
3 5
7 13
11 27
8 21
19 24
32 20
33 36
7 10
25 25
14 37
12 6
37 6
1 38
24 16
13 4
9 1
1 26
30 30
17 30
38 0
18 2
24 33
10 20
31 13
32 23
10 29
18 11
20 16
2 0
16 14
12 35
35 20
23 14
33 11
12 32
37 32
10 30
30 24
32 16
9 17
5 1
22 24
4 33
37 11
14 39
3 1
15 0
30 18
22 27
36 29
1 24
20 9
10 9
13 25
6 35
7 12
4 6
5 19
26 4
8 9
35 28
12 30
1 23
3 34
7 22
4 19
5 21
9 6
0 30
26 19
9 16
31 11
11 31
33 8
15 10
18 15
14 1
23 39
8 7
24 4
2 6
22 4
27 39
1 11
26 14
2 23
22 8
28 10
20 13
31 35
12 10
21 3
1 32
21 4
35 34
23 18
38 21
6 14
34 15
27 24
37 10
19 26
22 2
35 21
22 21
0 4
22 22
38 39
26 20
4 9
27 9
11 10
39 10
24 30
18 20
35 26
27 32
13 34
5 8
22 11
25 30
6 37
22 9
19 5
3 26
15 34
24 14
29 17
23 28
9 34
39 17
33 0
14 16
36 24
4 17
23 33
13 36
7 34
32 7
3 9
14 18
6 2
7 3
34 36
1 19
23 7
2 5
13 26
35 1
15 23
33 30
23 9
16 16
14 15
38 9
15 7
29 32
28 18
3 11
9 20
5 11
39 0
37 39
24 6
3 36
14 36
11 19
38 3
38 11
16 33
20 24
27 21
28 23
37 19
35 3
18 32
5 25
20 30
24 18
34 21
1 14
24 13
19 25
11 30
24 32
20 37
7 17
20 31
16 39
30 20
10 16
1 35
36 2
1 28
5 0
28 31
32 29
1 8
30 10
5 37
34 38
34 32
36 32
11 33
5 3
30 7
33 4
21 22
36 9
4 37
24 27
1 3
37 28
6 10
34 27
11 16
12 31
33 29
16 31
4 28
32 24
29 13
38 28
3 14
30 0
17 36
2 13
21 26
21 36
22 14
9 5
12 18
34 31
19 23
13 30
21 38
32 11
20 21
6 29
26 1
8 3
20 6
18 4
3 30
30 17
3 15
24 22
19 36
10 7
6 31
20 3
11 21
21 0
2 11
20 26
37 27
11 1
5 9
30 15
33 25
30 16
15 11
29 10
7 30
7 35
7 33
3 7
15 27
29 5
9 32
28 9
29 22
26 34
3 33
29 35
36 39
17 6
8 19
5 15
25 11
1 12
39 38
25 5
19 6
1 16
27 15
12 19
11 25
0 9
14 3
20 28
0 14
33 1
28 5
6 8
12 24
20 32
28 20
8 11
33 26
25 12
23 17
9 19
9 38
16 13
14 26
28 8
29 6
6 3
22 35
34 35
10 0
39 29
39 31
20 8
7 21
37 31
9 33
32 13
14 0
16 22
13 5
8 35
30 35
6 13
31 19
18 7
2 33
26 29
27 25
26 2
24 19
28 17
31 9
10 27
10 21
0 15
14 14
34 30
6 4
15 22
4 2
4 13
24 7
39 24
22 23
14 5
20 2
15 24
39 26
24 2
37 0
2 19
38 29
29 1
14 13
6 12
31 18
2 9
14 24
3 27
0 1
19 31
19 2
2 7
28 6
0 25
38 7
22 39
0 36
8 29
11 4
34 2
26 24
27 3
17 35
9 8
37 14
5 29
13 1
12 15
6 5
10 11
3 25
7 28
19 39
10 4
18 22
26 22
3 39
11 0
38 1
27 36
36 35
7 4
17 13
20 15
22 17
2 16
29 3
9 7
15 29
9 21
18 36
32 38
10 5
16 36
20 18
24 39
26 28
30 4
25 29
32 37
11 5
29 8
9 36
26 9
24 10
26 31
13 35
13 38
30 23
31 38
15 38
32 3
9 12
9 26
29 30
16 4
3 37
21 1
28 22
22 20
11 2
25 10
21 18
6 24
38 2
34 22
23 3
35 10
25 36
37 18
34 13
35 14
28 21
32 8
37 9
27 14
35 12
39 5
32 32
9 35
35 16
32 1
25 32
35 18
33 20
21 17
28 27
28 11
33 35
37 3
8 24
18 21
25 19
9 23
38 36
21 20
36 8
30 26
22 18
39 21
17 22
19 4
16 2
11 3
3 18
31 1
29 15
37 23
14 11
11 6
34 4
32 9
15 30
17 20
4 32
15 19
38 30
17 32
21 32
30 13
24 24
7 26
29 24
0 12
39 20
19 34
12 11
39 13
15 16
25 9
15 39
0 8
20 38
23 35
17 16
0 23
27 35
22 1
4 4
29 20
27 23
0 11
38 37
28 15
38 17
37 4
27 20
30 25
32 15
0 0
39 4
17 10
21 15
5 36
15 3
38 24
13 22
22 15
8 32
12 34
18 14
35 36
3 21
12 23
6 25
15 13
19 19
3 17
13 31
23 23
34 19
8 8
5 20
4 22
25 20
21 23
12 20
8 6
25 17
25 7
17 29
24 26
1 13
4 24
0 22
12 22
19 32
36 11
31 37
12 5
14 7
21 10
27 6
7 24
1 29
33 6
3 23
31 28
5 12
11 32
34 18
1 4
39 19
34 6
0 19
1 10
39 23
35 22
33 17
0 32
35 30
36 30
28 1
8 27
0 13
11 35
12 26
8 16
2 20
0 6
3 22
16 29
27 18
39 1
23 16
21 37
33 2
32 4
9 18
35 37
14 23
11 14
35 11
4 39
37 2
37 22
9 28
19 33
0 18
2 17
13 32
30 1
13 9
23 38
20 10
2 10
14 9
5 7
11 23
25 27
21 12
32 25
37 13
35 9
16 12
27 17
32 14
24 17
25 3
24 1
18 8
29 27
38 22
2 29
28 34
18 13
25 35
6 17
0 29
22 6
27 2
38 12
20 27
18 18
2 1
10 18
24 38
4 20
37 25
35 27
3 32
7 36
30 32
25 31
17 17
38 13
4 29
5 24
31 16
28 29
18 0
2 4
13 39
18 30
25 24
11 11
8 12
16 30
16 26
12 3
6 30
7 31
15 14
23 24
19 8
19 30
7 9
37 36
13 3
37 1
12 9
25 23
1 9
23 13
4 23
28 2
18 6
34 34
15 25
23 11
4 14
8 18
2 39
34 16
31 3
32 0
33 15
6 1
36 17
6 38
5 39
7 8
0 3
16 11
0 17
15 12
22 30
29 36
16 8
1 2
14 31
11 9
26 27
36 28
38 27
14 8
15 20
18 33
32 19
34 17
7 7
20 39
19 22
38 33
34 20
30 33
39 25
16 15
13 11
36 36
27 12
39 3
32 5
20 29
5 38
5 26
25 16
2 27
37 30
6 11
28 36
23 1
1 27
32 30
23 0
31 29
12 8
22 36
4 5
38 14
33 7
27 1
39 39
3 20
30 5
38 4
20 0
39 22
20 34
6 0
23 25
16 27
2 14
33 24
10 15
24 5
32 35
10 17
19 37
17 21
2 26
4 27
38 18
18 26
33 37
11 17
6 7
18 35
37 38
23 5
21 7
37 34
7 20
12 29
14 22
32 17
37 35
6 32
5 28
31 10
3 38
1 30
37 16
2 32
25 0
16 28
2 36
31 12
34 12
8 30
9 11
18 39
37 24
4 31
2 21
23 27
33 3
36 20
5 33
19 11
24 20
19 15
20 25
4 3
28 28
17 19
38 31
10 28
23 34
12 27
10 26
33 31
24 0
18 28
29 29
29 23
17 8
30 27
29 39
24 36
26 11
32 22
16 5
21 11
2 8
20 12
22 3
7 29
10 2
21 35
35 33
1 33
10 32
4 10
9 39
