34 6 19
.........T....T...........T.......
.T.......T....T.....T........T....
..................................
......T.....TT....................
.T....T..........TT.T.....T.......
....T.............................
................T...T.T...T.......
..........T...T..................T
.....T.......T.T..................
....T...........T.................
...................T..............
T.................T...............
...T..T..T.......................T
........T...T.T...................
..................................
.................TT........TTT.T..
...................T..............
.........T.T......T...............
...................T..............
...T...........T....T.............
.........T...T..T.......T.........
...TT.............T...............
............T.....................
.........T..T.T..................T
.T...........T............T.....T.
....T.T.....T.....................
............................T.....
........................T.........
.........T........................
...T.T..T..TT...................T.
...................T.....T........
..........................T.......
..........T.......................
.........................T........
3 14
11 12
29 18
4 29
12 12
25 3
0 7
24 13
30 31
0 31
13 21
26 4
6 0
3 22
25 20
16 27
9 10
28 13
21 6
8 18
25 16
1 17
31 11
17 14
13 0
0 10
5 33
11 13
25 0
14 13
11 11
30 29
15 10
6 20
2 17
24 24
30 8
16 11
2 2
0 26
26 22
9 1
14 33
21 16
22 31
31 31
22 16
3 30
6 23
1 23
16 3
26 9
31 22
28 17
20 8
17 1
17 32
18 19
19 19
16 0
19 30
27 2
12 10
6 13
16 33
31 32
24 28
12 32
1 20
3 29
31 12
3 11
9 26
5 17
21 31
20 24
20 14
5 24
30 2
32 20
7 30
19 28
21 2
6 9
24 14
0 25
16 15
22 14
10 24
25 26
30 14
14 24
22 12
26 15
8 14
9 24
25 14
28 28
24 2
31 19
27 0
5 27
7 13
9 23
12 17
3 26
31 7
19 3
8 20
30 16
16 21
24 32
19 25
8 19
5 14
13 7
10 1
12 25
9 4
6 22
15 32
17 0
4 22
3 0
15 28
11 20
23 31
12 13
5 25
5 19
23 4
22 2
31 15
25 22
9 28
1 9
7 10
29 29
17 20
24 30
17 30
5 28
4 8
26 28
29 17
15 19
7 22
0 1
15 12
7 2
2 24
23 0
23 3
14 29
10 17
11 16
21 22
23 32
6 12
16 26
22 24
21 26
27 5
5 8
9 31
33 13
13 6
23 15
23 24
7 29
2 18
29 9
22 3
21 21
1 0
8 28
3 10
7 18
19 33
2 33
20 33
0 23
28 9
2 16
3 27
30 21
7 8
24 8
20 2
15 22
26 29
0 18
16 7
17 3
16 9
25 25
25 13
27 17
10 10
2 7
23 18
21 12
16 6
10 31
30 3
21 5
19 16
8 25
17 17
21 3
10 33
23 11
17 24
19 18
28 14
30 1
32 22
24 19
26 16
23 33
10 30
5 23
0 4
7 4
10 18
24 4
25 10
11 28
15 8
20 3
13 13
17 25
4 33
32 7
20 12
6 32
3 5
2 21
33 14
19 27
27 18
21 18
15 24
2 8
13 26
13 14
23 2
4 24
4 16
8 30
24 21
29 4
21 10
23 28
9 8
6 7
32 12
26 32
14 4
13 1
22 4
19 7
21 9
3 23
12 28
15 2
17 15
5 10
4 10
23 9
14 14
25 11
25 5
22 13
21 28
16 10
8 8
11 17
24 3
12 1
28 6
16 22
25 33
31 21
23 12
30 23
15 3
14 19
4 13
31 29
30 10
0 28
25 19
18 29
8 17
21 13
22 19
33 33
17 33
18 13
5 15
17 11
11 31
11 22
26 21
31 8
22 5
18 15
8 22
17 18
19 5
12 31
12 9
3 21
4 15
0 29
26 5
11 1
20 19
8 5
28 23
21 17
10 29
28 0
14 26
1 11
24 18
23 13
12 2
13 11
33 19
25 30
32 21
21 4
29 24
19 22
1 4
9 0
14 28
23 6
24 11
21 14
8 2
8 4
24 12
23 21
31 6
7 25
2 27
7 26
14 8
3 12
13 2
17 22
9 22
28 3
9 25
13 27
2 14
18 12
10 19
14 6
1 30
19 31
28 10
29 25
0 14
2 6
10 13
14 10
31 26
14 16
29 15
8 10
8 33
21 20
25 32
31 0
22 32
2 23
10 15
6 24
18 31
13 22
32 15
19 8
13 9
12 23
15 29
6 21
1 3
10 21
3 31
23 26
33 11
6 15
29 0
12 14
14 1
33 17
12 33
30 12
3 18
24 5
18 32
3 17
19 15
32 31
7 31
6 16
31 30
1 2
25 4
9 33
0 13
30 24
26 8
5 32
31 1
31 13
10 9
13 30
6 2
8 15
31 2
20 6
9 29
14 30
25 12
29 6
10 23
1 1
21 8
32 33
12 20
21 25
20 18
28 26
16 12
14 11
22 27
31 23
21 11
5 3
11 3
30 17
0 32
6 5
14 7
17 26
10 8
29 1
10 2
1 13
31 33
30 18
0 0
22 30
0 2
21 30
6 29
25 29
30 5
11 6
30 25
21 1
7 17
13 17
18 2
7 5
30 4
3 2
17 16
29 23
23 16
9 16
18 4
12 18
7 27
3 32
13 8
28 18
32 4
12 0
26 0
30 32
12 24
0 22
33 29
33 4
12 29
16 29
6 8
33 3
31 28
11 7
10 4
32 25
18 7
32 2
10 22
1 6
9 13
3 28
11 26
3 33
20 17
14 22
16 19
24 22
26 27
5 30
19 26
6 1
6 11
6 18
5 11
15 20
23 30
33 21
5 20
14 3
1 29
33 26
22 9
13 10
23 1
24 33
29 16
12 4
15 7
22 0
16 30
11 29
12 8
18 11
4 2
26 10
30 7
20 7
32 32
9 15
19 10
2 30
30 9
15 4
28 31
29 5
33 24
9 14
4 17
6 27
10 14
16 16
4 30
27 21
10 3
26 3
7 15
25 2
33 1
0 11
3 25
33 25
18 9
4 28
33 8
14 23
17 10
1 15
33 28
6 19
0 21
22 26
2 28
15 6
24 27
24 1
9 2
17 27
9 18
29 22
32 24
22 6
6 3
30 15
33 5
11 23
11 8
32 13
10 11
28 29
9 30
7 1
14 25
4 23
8 6
22 22
12 19
11 14
15 18
20 31
32 16
1 14
1 28
4 5
18 26
33 23
27 25
7 24
17 13
25 28
18 1
16 8
24 20
27 29
20 20
23 25
8 13
26 18
1 5
22 17
5 6
27 6
13 25
24 9
18 23
25 1
29 14
20 26
3 9
14 32
22 28
2 29
25 23
14 21
7 12
27 24
6 10
24 29
26 12
23 23
32 23
10 25
22 1
15 25
29 7
15 1
25 6
23 19
33 22
33 16
4 12
18 10
14 18
8 24
25 21
29 27
16 18
16 32
23 20
6 30
2 12
30 11
27 11
5 5
31 5
7 23
18 20
10 27
13 3
26 25
14 17
19 12
13 31
23 7
30 22
15 13
2 20
0 9
22 11
11 21
32 19
7 14
9 20
1 7
4 6
9 9
21 0
16 4
11 24
32 17
4 18
12 30
33 2
18 0
30 27
29 20
26 20
2 1
18 24
10 0
28 33
14 12
2 0
10 16
22 21
14 5
19 11
6 26
4 32
29 31
19 24
25 15
33 27
13 5
20 29
6 4
19 29
13 33
31 4
3 1
22 25
16 23
6 6
25 7
31 25
15 31
27 3
7 28
26 31
20 30
7 33
30 30
15 30
33 9
33 15
33 10
27 12
12 5
0 12
32 10
12 3
3 16
1 8
30 0
19 0
10 28
4 7
20 11
0 5
31 10
9 32
28 32
1 16
31 27
10 6
26 23
8 16
22 18
26 33
28 30
13 29
30 6
33 18
28 16
32 8
9 12
29 12
15 9
12 11
5 7
33 20
16 20
22 20
28 21
5 13
2 26
24 26
24 16
2 3
7 32
3 3
27 19
33 30
6 33
8 3
12 27
8 21
15 33
24 25
2 9
2 11
9 6
11 32
24 6
26 17
3 13
17 6
27 7
18 27
13 4
28 5
25 18
12 15
3 19
4 9
19 21
18 14
17 19
28 4
28 24
27 22
21 24
6 14
8 0
16 24
29 3
5 4
1 22
30 26
20 4
30 19
28 15
21 29
26 6
16 13
4 25
8 32
6 31
20 21
11 25
18 25
18 18
30 13
23 22
23 17
5 12
11 4
3 24
11 33
18 3
28 22
7 21
19 20
5 29
18 6
23 14
8 29
7 11
21 32
14 0
21 7
10 7
33 32
19 32
19 4
22 33
15 14
11 2
26 11
7 9
15 15
28 20
0 16
15 21
29 21
1 31
17 2
27 4
19 17
25 31
28 1
8 26
19 13
33 31
8 31
10 5
20 13
4 20
29 2
6 28
17 12
32 27
3 6
32 18
8 1
27 9
24 10
32 6
14 2
28 27
11 10
1 18
9 21
20 0
24 31
3 7
13 28
5 0
4 11
29 10
2 19
4 14
22 7
25 17
2 5
27 30
17 4
4 1
23 29
16 5
27 23
33 12
7 6
2 4
1 10
25 24
18 21
15 16
5 26
7 7
21 23
1 26
10 12
1 25
5 22
5 21
20 27
19 6
8 7
17 28
6 17
4 0
18 17
16 17
31 9
25 8
1 32
18 8
11 9
9 27
18 5
27 14
27 8
29 26
31 18
17 29
9 5
30 28
21 19
22 23
19 2
5 9
8 27
5 1
8 9
5 2
0 8
31 20
28 7
0 6
26 24
29 13
20 16
22 29
20 5
14 27
3 15
3 4
15 5
0 15
26 30
20 22
13 15
13 18
13 19
18 22
20 1
4 27
2 10
16 25
16 28
32 5
10 20
18 30
5 31
20 15
29 28
11 0
17 21
26 13
22 15
4 3
4 26
16 2
17 31
12 6
30 20
32 0
26 7
31 17
17 5
2 13
12 22
21 15
18 33
18 16
29 32
28 11
32 14
14 15
33 6
13 23
9 3
26 1
17 8
3 8
31 16
27 32
22 10
15 27
5 18
20 25
4 4
33 7
22 8
16 14
27 15
27 31
27 27
27 26
33 0
1 19
21 27
16 31
29 30
24 7
27 10
4 19
8 11
2 22
27 13
19 9
27 28
20 23
11 5
0 27
11 27
19 1
23 27
24 15
12 21
29 33
20 32
15 26
9 11
7 0
15 0
27 16
7 20
1 27
32 28
13 20
26 26
23 5
31 24
13 16
11 19
25 9
7 19
27 1
17 23
21 33
4 21
1 24
1 12
2 25
28 12
19 23
9 17
1 33
1 21
2 15
23 8
28 19
10 26
26 14
32 3
20 10
12 26
26 19
14 9
24 23
24 0
11 15
32 30
14 20
32 1
28 8
11 18
4 31
25 27
32 9
15 11
0 33
6 25
0 24
32 26
13 12
12 16
29 11
0 30
15 17
31 3
11 30
28 25
27 20
29 8
13 24
26 2
29 19
32 29
27 33
30 33
9 7
0 19
24 17
5 16
20 9
16 1
12 7
14 31
0 3
19 14
23 10
20 28
10 32
31 14
17 7
7 3
32 11
17 9
8 12
9 19
13 32
3 20
28 2
2 31
2 32
15 23
8 23
0 20
18 28
7 16
