40 7 20
........................................
........................................
........................................
.......T................................
........................................
....................TT..................
........................................
.....................................T..
........................................
........................................
.................................T......
........................................
.T......................................
........................T...............
..........................T........T....
........................................
.....................T..................
........................................
........................................
........................................
........................................
........................................
.....T..............................T...
.................T......................
........................................
...T....................................
........................................
........................................
.......................................T
........................................
........................................
.T......................................
........................................
........................................
........................................
........................................
........................................
........................................
........................................
........................................
4 4
29 36
11 37
9 9
35 28
26 30
37 12
33 27
37 18
32 29
22 29
37 24
30 25
14 31
13 31
22 24
15 29
29 0
22 25
34 3
4 27
29 17
18 33
39 16
11 2
9 2
16 34
37 9
22 18
9 38
0 37
20 0
28 24
3 24
39 5
19 36
3 39
3 36
11 15
25 15
19 2
20 29
8 4
7 34
6 14
38 24
34 13
20 3
15 24
3 33
25 36
11 32
30 17
38 17
13 37
2 29
26 27
39 10
19 34
0 9
25 7
20 4
21 0
36 10
5 33
10 20
8 9
3 21
4 35
24 16
19 9
32 8
21 36
6 16
27 13
1 7
26 10
13 11
12 27
36 17
0 2
10 4
30 10
38 10
2 33
8 30
33 7
4 13
38 21
15 15
39 17
33 24
5 11
18 13
15 38
6 28
25 35
35 29
8 5
20 23
15 33
5 24
15 23
0 33
33 11
3 3
22 28
17 19
4 33
33 10
9 25
34 31
1 37
4 26
15 1
1 26
5 35
23 39
28 13
20 27
29 11
29 22
24 0
12 22
21 16
25 4
5 10
24 34
36 0
27 31
31 31
6 8
22 33
0 38
31 12
24 7
20 10
22 21
23 32
33 16
37 10
8 20
12 30
33 9
11 4
20 37
24 27
11 26
15 0
8 19
5 22
16 33
19 23
26 23
37 11
21 4
29 12
20 8
0 7
16 39
0 14
8 13
18 14
24 4
2 14
3 2
32 22
11 9
11 25
3 32
14 13
10 5
26 9
2 27
12 37
26 36
31 30
37 39
3 5
38 35
25 5
37 29
13 15
37 2
8 39
31 21
11 34
7 18
31 15
4 14
36 25
11 11
16 17
23 5
37 35
22 5
38 13
19 19
23 8
8 29
37 32
32 26
16 1
16 5
23 20
18 20
13 16
1 15
6 1
17 23
22 38
8 2
16 35
11 1
2 10
7 32
6 21
15 3
16 30
8 35
1 28
9 27
38 14
19 18
28 2
1 17
26 24
7 16
32 3
26 38
33 8
25 20
21 15
7 29
16 16
15 12
32 32
29 6
19 8
4 18
37 8
32 13
0 8
20 26
0 1
16 9
23 33
27 23
21 34
16 31
2 36
38 7
1 21
2 24
19 5
10 6
15 4
7 36
33 29
33 38
15 39
30 8
26 14
0 39
29 7
13 18
0 3
15 31
31 27
2 1
22 37
26 17
32 33
19 25
19 29
21 39
5 15
31 34
36 38
15 5
35 24
30 31
12 13
1 1
39 1
28 10
35 4
28 20
3 15
1 35
19 27
37 3
39 3
36 23
39 12
14 0
8 1
34 2
15 18
39 34
12 23
22 3
16 20
25 32
30 4
17 33
13 19
1 30
14 32
12 18
28 21
9 35
2 5
37 27
4 23
21 7
28 16
5 31
7 39
22 14
31 25
37 34
34 37
15 13
1 19
11 38
2 25
11 7
38 25
16 10
33 4
21 29
34 29
36 34
18 39
17 13
32 25
12 29
36 24
17 8
27 9
15 6
10 28
15 20
31 39
31 3
7 27
35 25
18 30
4 3
10 29
3 10
34 24
25 39
6 26
14 12
14 7
14 19
9 26
28 39
9 28
14 8
29 10
13 26
2 6
23 4
6 0
8 27
27 1
26 34
18 24
24 23
22 1
36 32
31 16
19 30
7 17
25 21
4 6
24 11
27 2
6 34
5 5
25 0
27 37
31 1
31 29
2 0
22 6
2 32
5 36
9 21
27 7
34 30
6 20
24 30
22 16
18 27
7 37
12 3
9 17
29 5
15 34
25 11
14 39
23 11
0 17
20 14
31 22
23 34
27 20
30 15
2 3
19 31
14 3
14 38
11 12
16 24
28 26
28 5
38 29
6 6
32 4
2 15
26 26
7 25
21 11
19 11
25 37
25 13
7 26
19 1
33 34
17 14
38 11
18 19
1 24
30 37
36 29
1 13
14 16
21 30
35 13
22 7
27 32
10 8
20 16
38 33
2 37
6 33
13 27
27 34
9 0
18 29
19 15
24 19
7 21
23 16
35 8
1 36
2 19
36 1
34 6
28 8
4 9
19 7
30 1
9 30
34 20
13 4
36 16
28 12
18 12
18 35
17 22
28 18
0 22
18 10
39 26
0 32
6 2
6 22
3 30
29 8
33 30
20 20
17 25
23 31
39 29
21 37
19 13
34 12
31 37
27 30
29 23
12 28
27 27
35 39
6 36
13 8
13 10
37 0
31 10
27 4
4 8
32 27
14 21
14 35
2 17
10 30
12 21
31 28
23 13
29 1
17 2
2 12
12 31
19 32
1 6
25 8
2 30
9 23
34 25
1 18
7 4
30 29
8 3
31 6
6 5
3 18
2 4
14 6
39 22
33 31
37 13
10 32
10 19
26 3
4 21
29 25
9 29
11 8
3 11
13 13
35 30
15 27
11 20
30 18
26 6
22 8
12 2
39 31
3 38
9 10
36 6
39 6
33 15
30 28
27 6
28 11
32 7
29 18
5 32
26 37
38 12
13 5
6 25
30 13
7 19
3 6
38 36
21 24
4 39
35 16
9 8
38 32
4 31
6 30
19 38
17 18
31 36
1 8
27 25
1 10
14 29
18 34
22 15
15 21
27 29
36 36
13 28
38 34
24 22
16 4
5 29
21 13
33 26
13 0
17 20
34 36
36 39
30 30
12 11
10 36
3 9
36 26
10 2
25 14
19 12
6 13
21 23
35 6
28 31
3 35
0 31
39 20
34 38
17 24
1 12
20 9
5 3
35 27
35 37
22 31
22 17
36 27
30 39
29 34
25 33
18 8
25 26
35 17
35 0
5 7
21 20
25 9
19 20
35 9
9 11
14 25
18 31
21 17
30 20
23 22
10 13
19 10
27 28
28 15
0 12
36 33
22 13
2 11
27 0
18 32
18 18
5 25
13 3
14 28
21 33
33 23
19 16
0 29
7 33
21 18
24 36
19 35
13 9
8 17
38 28
21 1
39 27
2 38
28 0
37 17
23 37
39 35
18 25
12 34
32 38
12 25
21 21
15 28
16 32
33 36
4 2
25 10
34 5
12 17
2 7
29 3
37 6
20 34
25 12
14 17
10 25
5 39
25 6
5 2
13 39
17 27
12 20
29 24
8 15
39 15
4 37
10 17
27 16
37 21
5 20
8 31
18 23
29 9
6 32
7 15
5 26
21 31
4 20
38 18
20 12
4 12
37 37
39 14
17 11
20 22
24 15
24 17
39 24
14 24
17 39
38 38
35 18
13 6
29 21
4 10
0 23
24 1
10 10
27 26
17 7
20 28
38 8
34 7
36 30
36 19
31 18
20 19
21 26
12 12
31 8
13 24
34 28
34 9
25 25
13 2
8 23
37 22
12 10
9 4
2 39
7 0
39 25
13 14
20 13
13 34
6 19
31 26
12 1
5 0
0 19
13 22
16 27
8 38
21 35
2 31
38 3
36 2
1 9
23 26
32 9
37 33
32 1
16 38
0 34
38 9
30 19
4 29
34 17
0 27
36 31
6 27
22 10
22 12
18 28
29 37
18 11
33 32
8 12
11 5
39 18
4 5
1 20
37 4
14 18
0 4
17 30
31 24
30 36
28 37
36 18
2 9
23 7
19 14
7 30
9 6
4 16
23 28
1 11
29 27
7 9
38 19
24 25
7 3
11 27
28 1
17 0
31 19
23 9
8 26
24 38
1 33
8 21
8 8
16 13
15 2
33 20
35 36
12 14
23 6
16 19
33 5
4 15
18 38
22 11
23 27
4 28
33 2
11 39
2 16
5 37
28 25
16 6
26 22
33 39
4 7
37 7
21 25
34 39
10 18
28 38
24 2
27 39
5 6
35 15
35 7
6 9
0 6
4 25
9 19
5 19
15 10
24 32
3 20
5 13
18 0
21 12
16 26
17 1
10 24
35 19
24 24
35 22
6 37
17 10
30 3
32 2
37 14
26 4
39 38
10 38
4 0
8 14
2 34
11 36
14 20
32 16
4 36
27 14
30 5
35 11
32 15
22 20
16 0
19 28
29 30
14 11
39 4
2 20
32 11
17 28
33 6
3 19
27 5
32 0
35 12
20 33
11 28
34 1
12 0
15 35
21 19
17 9
15 25
33 21
28 33
38 27
14 23
24 35
19 33
30 16
34 8
34 15
12 8
18 2
24 12
25 38
4 24
13 30
25 1
38 1
17 15
23 24
22 19
8 18
23 14
18 3
18 36
27 17
31 35
28 34
13 38
34 19
0 26
32 18
30 9
10 37
20 32
6 7
10 39
30 21
32 21
39 30
0 15
16 36
20 1
38 0
30 22
30 14
7 23
32 24
3 25
36 8
27 21
21 28
33 14
10 27
25 27
29 14
30 0
3 27
30 38
34 22
19 17
11 29
3 17
26 21
12 5
13 1
24 6
23 10
10 15
13 29
10 31
8 34
31 9
15 30
25 23
38 37
38 20
0 5
23 29
22 9
6 18
8 0
35 31
29 31
22 0
36 7
26 15
36 11
34 11
26 13
24 28
6 10
30 26
36 4
21 3
37 25
22 34
2 8
17 21
37 28
24 8
36 15
17 16
1 0
17 32
1 22
23 21
1 32
31 33
18 22
14 30
28 17
19 3
21 9
6 4
20 38
19 4
11 35
8 22
14 9
23 38
15 16
0 25
38 22
22 32
31 2
9 20
4 22
3 28
7 31
19 26
36 20
22 30
33 0
39 32
10 16
24 9
15 36
5 4
32 10
15 32
31 14
36 22
14 33
14 14
0 21
14 26
27 8
8 28
37 30
14 10
28 9
9 36
26 11
20 2
19 21
25 2
17 26
8 11
13 25
12 26
1 38
28 3
26 35
35 21
27 15
32 30
11 13
5 14
16 37
32 23
10 23
29 15
2 23
11 14
17 4
7 20
12 6
36 35
8 7
23 35
22 22
10 34
34 23
3 34
32 12
6 29
37 15
36 9
7 13
39 21
39 0
39 8
10 33
22 39
1 2
10 3
9 12
5 27
36 3
9 16
37 16
39 37
15 26
26 12
6 15
35 5
29 39
29 13
39 9
32 36
20 7
31 32
12 39
15 7
26 2
33 35
19 24
1 29
5 30
12 7
5 8
38 31
35 23
25 16
16 18
4 1
19 22
10 35
13 17
31 17
12 9
1 14
9 13
8 24
8 33
34 27
35 3
31 23
1 31
29 38
13 32
30 2
22 26
24 37
24 20
16 11
18 17
4 30
31 0
37 36
28 29
24 18
20 17
23 2
11 6
16 29
17 3
7 12
23 3
6 38
23 17
4 19
17 38
31 13
6 12
22 36
3 8
3 22
31 7
33 3
10 0
12 33
4 38
20 18
18 16
16 28
23 0
23 18
11 18
20 24
25 31
7 14
39 28
28 23
27 19
22 27
2 18
31 20
21 2
9 15
32 31
29 33
27 10
16 21
28 14
30 12
3 0
10 12
30 32
31 38
38 39
32 34
18 1
10 26
1 25
27 35
8 16
26 28
26 32
14 2
18 5
5 23
24 39
28 19
27 22
24 26
2 28
21 5
34 33
14 15
35 38
14 4
17 6
20 36
10 1
9 5
13 36
32 6
37 1
5 9
21 14
33 22
9 34
17 29
4 32
35 34
34 26
34 21
1 3
5 21
30 27
17 34
27 12
16 23
13 23
29 35
38 2
17 17
38 26
30 7
6 3
26 16
33 12
4 34
0 11
1 5
26 29
15 37
30 35
27 38
36 13
20 11
21 8
9 31
28 28
11 22
26 25
9 33
23 36
18 7
3 37
26 20
0 28
39 2
16 2
35 26
11 3
27 3
12 32
34 16
39 39
24 21
24 31
37 5
32 35
22 4
26 1
25 28
21 22
9 32
16 3
28 6
37 23
16 22
28 32
22 2
30 34
7 1
13 35
2 26
16 15
21 6
39 23
37 19
11 19
2 35
7 22
9 1
31 5
28 22
25 17
39 7
29 4
23 25
39 11
12 35
0 13
3 4
23 23
23 12
27 24
36 5
7 24
11 16
12 36
20 5
20 21
11 17
22 23
35 35
2 13
20 39
16 25
33 19
26 18
18 15
25 18
34 14
6 31
23 30
10 7
20 35
16 14
12 4
3 13
15 14
1 34
36 12
32 14
26 8
4 17
12 24
27 33
24 33
8 32
34 18
26 5
11 33
10 9
14 1
8 37
7 35
27 11
18 6
21 38
18 9
18 21
7 38
33 37
30 11
3 16
31 11
0 30
20 31
22 35
6 39
7 10
14 37
39 13
32 17
34 35
33 18
36 21
32 19
35 14
32 5
1 39
29 32
2 2
0 16
17 31
7 2
5 1
5 28
32 28
0 18
11 10
2 21
32 37
1 23
6 23
11 30
38 5
25 30
15 9
36 28
0 0
12 38
19 0
10 21
7 8
21 10
3 12
14 27
13 20
20 30
4 11
34 32
33 1
5 34
19 37
25 34
14 22
35 32
28 35
12 19
12 15
17 5
3 26
24 3
9 22
17 12
20 6
20 25
3 7
38 4
39 19
14 36
9 18
30 23
7 28
9 14
24 14
15 19
25 24
13 7
5 17
8 10
3 29
9 37
2 22
5 38
35 33
38 30
21 32
6 17
14 5
39 36
37 38
24 29
23 19
26 33
38 15
15 17
5 12
7 6
9 7
35 2
0 35
25 19
19 39
11 0
32 39
9 39
23 1
26 19
1 16
38 6
15 11
10 22
5 16
34 10
9 24
21 27
35 10
16 7
15 22
9 3
33 25
38 23
29 20
7 11
13 12
11 21
16 8
29 26
33 13
11 24
17 35
34 4
8 25
20 15
12 16
28 7
3 1
14 34
6 35
35 1
16 12
18 26
13 33
11 23
33 17
26 7
0 10
8 6
34 34
28 27
19 6
29 2
30 24
1 27
31 4
0 36
25 29
7 7
29 19
24 13
28 4
13 21
17 37
18 4
27 36
26 31
24 5
23 15
30 33
37 26
29 28
11 31
34 0
3 14
25 22
8 36
36 14
33 33
6 11
37 31
10 11
10 14
38 16
3 31
30 6
29 29
29 16
26 39
0 24
24 10
28 36
5 18
37 20
32 20
27 18
15 8
3 23
25 3
1 4
28 30
6 24
17 36
26 0
35 20
7 5
18 37
36 37
39 33
33 28
