29 25 15
.....TT......................
...........T.................
.............T......T........
........T....................
.............................
.....T.................T.....
T.....T............T.........
......T.....T................
.............................
...........T..........T......
..................T..........
.....T....................T..
....T.........T.....T........
.............................
...........................T.
...........................T.
.............................
...........T.................
..................T..........
................T............
T.T..........................
........T..................T.
..............T..............
.T...........................
.........T...................
......T................T.....
...........T.................
......T............T.........
.............................
26 11
1 20
4 27
17 12
19 8
22 14
17 6
14 7
22 4
7 27
4 9
5 8
11 1
23 10
28 9
1 14
4 5
7 26
7 8
8 6
26 23
12 10
19 4
21 23
6 27
18 9
23 13
25 21
11 18
7 6
14 21
14 3
14 6
5 3
25 23
18 15
16 21
21 12
2 28
10 1
1 13
13 24
10 27
13 13
17 13
9 27
22 27
2 12
25 25
15 28
7 25
19 15
25 13
2 26
7 12
5 17
21 15
2 22
3 27
21 13
27 8
4 4
10 12
18 20
0 19
1 27
7 20
17 10
12 17
14 4
25 26
23 22
0 13
22 0
13 2
5 10
3 4
1 6
22 13
22 22
17 17
23 14
17 8
24 15
23 11
3 15
22 1
0 21
12 9
2 9
1 11
21 0
9 3
15 2
21 28
11 22
4 2
27 20
2 3
13 27
19 14
28 21
5 7
6 24
2 1
22 23
20 1
14 25
14 18
2 14
15 19
18 6
14 23
28 13
16 23
10 21
9 25
22 5
25 11
2 2
24 13
12 18
14 14
23 17
5 21
28 11
3 18
16 12
11 28
28 28
26 10
19 5
16 27
24 12
6 7
14 12
25 18
17 22
23 0
15 14
19 23
3 8
8 28
28 26
4 8
12 12
28 8
13 19
28 6
15 3
23 24
5 11
28 17
6 3
1 21
24 14
12 21
2 24
12 5
0 20
7 11
9 26
13 0
5 23
3 17
16 22
22 28
7 1
3 20
17 0
13 18
13 6
8 10
20 10
21 6
7 7
12 19
8 24
5 0
27 10
10 2
1 18
23 23
22 10
23 27
7 28
26 21
9 13
19 24
28 19
21 25
4 17
18 8
22 18
13 22
23 8
24 24
28 23
3 10
23 2
18 17
2 25
4 10
27 25
5 13
24 23
9 9
20 3
8 0
26 20
4 25
3 11
13 14
3 19
11 7
15 27
1 25
27 28
14 16
16 15
13 26
11 5
10 14
28 20
27 22
4 13
9 22
18 14
5 27
6 14
22 26
20 18
9 18
21 16
10 7
22 20
2 17
1 23
27 27
13 21
25 9
6 17
4 1
3 16
14 0
2 6
1 17
3 14
16 26
3 25
17 26
26 13
12 2
1 24
9 6
1 26
27 7
12 11
24 25
3 2
14 20
2 20
10 3
13 4
6 6
3 24
20 13
26 22
21 21
11 2
23 26
11 17
6 13
4 3
19 7
10 16
10 9
7 10
20 19
12 25
19 1
21 24
27 1
21 2
20 15
22 7
17 28
3 0
4 14
5 2
19 17
16 6
15 6
13 3
0 4
18 22
5 22
7 24
15 5
2 4
9 15
26 17
27 0
8 21
8 15
9 19
0 8
2 8
28 14
11 15
21 27
13 11
3 23
1 7
23 28
8 1
26 8
14 8
6 10
5 19
9 10
27 9
20 17
16 14
3 7
25 16
11 0
15 11
6 15
14 24
16 28
20 6
18 21
20 23
13 10
27 15
16 13
11 11
8 4
26 19
26 7
26 0
2 11
10 17
8 5
9 8
27 14
10 0
13 23
12 20
4 20
4 23
27 18
5 1
28 15
21 26
12 22
19 0
0 25
7 3
0 18
18 4
22 8
15 7
7 21
24 28
19 25
25 6
20 28
20 12
22 3
15 25
8 17
19 9
3 1
18 13
25 12
12 7
16 2
21 19
13 8
12 8
2 5
15 20
10 11
26 24
13 17
20 8
27 4
7 2
1 3
21 7
8 7
0 9
20 5
22 15
24 11
12 26
17 20
23 12
0 0
15 9
25 8
10 10
16 7
12 3
15 24
28 4
25 7
3 12
0 28
12 1
22 19
21 9
4 11
24 18
5 16
6 19
18 10
16 5
25 10
21 5
14 26
21 14
0 7
9 24
5 18
23 4
23 16
0 15
4 21
16 16
13 12
27 26
2 27
6 21
23 9
14 22
18 28
5 5
17 21
11 9
5 25
23 20
28 12
21 17
3 21
9 23
5 28
3 5
2 23
7 15
3 6
16 11
9 14
10 6
18 7
4 6
14 27
7 5
17 25
15 8
23 7
20 7
20 11
8 19
10 19
27 23
10 5
12 13
6 18
19 6
1 19
24 10
8 27
25 17
18 27
0 5
24 3
9 11
1 9
16 19
0 12
9 16
8 13
5 26
6 28
11 16
17 14
4 26
11 3
25 28
15 15
22 6
18 25
15 21
10 8
19 10
23 5
18 16
23 6
25 1
8 16
24 9
11 20
25 15
22 25
27 11
8 26
17 23
5 9
19 2
27 12
7 4
23 1
10 4
7 14
1 12
28 22
10 15
9 4
27 24
21 20
25 24
28 10
2 21
23 3
26 9
15 4
16 20
7 23
5 14
14 11
9 17
9 7
11 10
22 21
15 23
11 23
4 22
25 4
12 27
12 16
6 26
21 10
7 19
9 20
6 5
24 22
23 18
24 4
28 1
15 18
20 0
19 20
16 0
13 7
25 3
13 25
11 24
19 27
8 22
12 23
26 5
24 6
25 0
2 7
4 16
6 8
8 3
26 14
17 2
20 22
7 9
0 6
13 16
14 15
0 11
1 8
11 6
20 26
1 15
5 24
20 20
11 4
24 7
28 3
18 3
18 1
14 17
6 16
0 2
1 4
18 2
15 26
24 26
6 4
24 5
24 16
4 19
9 5
7 18
26 4
27 16
3 3
19 16
15 1
17 15
25 27
26 2
19 19
8 8
13 15
18 19
11 12
15 22
28 7
21 8
27 17
4 7
26 3
10 25
7 17
12 24
5 12
4 24
16 24
27 5
7 16
19 21
12 4
12 14
26 1
2 16
1 28
21 1
20 9
16 1
19 13
6 1
13 9
24 21
17 5
3 22
14 28
24 2
19 18
8 12
8 14
0 26
24 8
14 19
0 23
11 26
5 15
21 22
11 27
14 1
8 25
21 18
20 25
20 27
0 27
27 13
7 0
26 28
25 5
12 15
15 10
22 9
9 2
2 19
22 24
25 2
24 19
2 13
28 18
3 9
17 18
17 24
2 0
10 18
10 26
6 11
28 5
1 5
10 23
4 18
11 19
20 16
3 13
6 2
27 6
0 17
16 10
8 9
26 27
28 27
0 24
22 17
4 15
27 3
3 26
22 11
21 3
12 0
10 13
13 5
11 8
0 10
27 2
8 20
17 7
18 11
17 16
1 22
7 13
6 25
9 0
20 4
5 4
4 12
17 11
19 12
19 3
16 18
8 2
5 20
9 21
11 21
8 18
4 28
11 13
2 15
0 16
19 22
24 20
5 6
25 19
17 9
19 11
26 25
1 0
16 3
19 28
6 23
26 12
14 2
16 8
6 0
9 12
18 24
16 4
22 16
18 26
20 24
26 15
18 5
22 12
0 1
13 1
28 0
21 11
25 20
17 19
17 3
4 0
23 25
1 2
6 9
24 27
11 25
16 9
26 16
9 28
12 6
11 14
0 3
23 21
16 17
23 19
10 28
0 22
9 1
28 24
26 26
15 13
26 6
20 21
28 16
24 17
17 4
15 0
17 1
6 12
10 24
17 27
7 22
16 25
13 28
21 4
14 5
2 10
15 16
15 12
1 10
14 13
6 20
8 11
12 28
15 17
18 23
8 23
20 2
2 18
6 22
18 18
14 10
26 18
24 0
19 26
18 12
24 1
10 20
23 15
10 22
18 0
1 1
27 21
27 19
1 16
28 25
3 28
22 2
25 14
14 9
20 14
13 20
28 2
25 22
