25 13 15
.........................
.........................
.........T...............
T..............T.........
.............T...........
...T...............T.....
.....T...................
.......T......T..........
.........................
.........................
..T....T..........T......
.........................
.........................
...........T.............
.T...............T.......
...............T.....T...
...T.....................
.........................
.........................
.........................
.........................
.........................
.........................
.........................
.........................
6 6
2 5
14 18
17 7
21 5
18 15
20 6
14 0
11 7
0 19
1 22
10 16
3 16
3 19
0 24
13 19
11 24
22 22
8 19
13 1
10 21
4 15
17 20
11 10
14 23
18 13
23 1
10 14
13 10
14 7
22 18
0 3
15 15
15 19
24 4
11 1
20 1
6 11
1 14
8 18
14 9
2 21
11 20
13 5
21 2
4 20
9 16
5 10
17 2
13 9
16 22
6 23
14 10
10 10
5 9
18 14
1 17
5 23
5 12
10 19
4 3
8 13
11 4
7 2
14 22
2 13
24 22
2 23
11 8
1 1
1 24
21 24
6 8
21 13
16 15
17 18
4 8
16 6
12 12
11 23
3 13
24 9
10 5
7 18
17 23
7 1
19 3
18 19
2 3
18 0
21 9
9 7
15 8
19 24
3 23
9 4
14 13
24 14
15 21
11 19
13 20
16 17
0 1
3 7
13 4
13 24
24 20
23 19
23 12
22 7
12 22
7 22
2 0
24 17
18 8
7 11
23 17
22 11
23 10
1 20
6 10
24 13
23 5
15 13
8 17
19 23
15 0
17 6
1 9
5 0
7 14
20 3
5 1
20 21
10 11
18 5
10 20
2 9
4 10
23 14
3 4
0 18
18 6
15 11
17 17
17 15
15 7
15 4
14 24
4 2
23 0
0 15
23 24
8 14
19 4
11 2
18 18
20 22
12 5
16 10
6 2
23 21
7 19
3 12
12 15
24 21
6 4
10 13
1 2
1 18
9 13
17 9
18 24
4 14
16 14
21 15
17 22
8 11
0 16
21 17
3 10
18 3
6 17
20 8
12 24
1 8
16 0
20 19
17 11
24 23
10 6
22 16
12 11
2 8
1 16
20 11
13 18
2 1
16 8
7 16
12 0
16 24
20 23
20 12
5 15
23 15
17 19
4 0
21 4
6 1
13 17
23 3
4 4
21 20
17 4
10 12
11 3
18 10
13 11
1 19
17 21
8 1
3 14
0 10
19 2
12 8
18 16
5 14
19 7
12 21
13 0
20 2
17 3
4 6
16 13
11 21
7 12
1 4
2 22
12 2
9 3
1 13
21 14
21 0
7 6
2 6
1 11
15 23
2 10
23 13
17 1
22 13
18 23
14 21
13 7
23 20
11 6
0 23
15 14
23 2
4 11
6 24
24 19
13 14
24 0
22 24
0 8
19 17
5 18
5 20
10 0
9 6
19 6
16 20
15 10
23 22
4 9
13 3
9 20
23 6
8 21
11 14
9 24
3 24
18 4
18 1
5 6
9 23
22 12
12 3
21 1
14 3
7 7
22 6
3 8
10 9
16 3
21 22
15 12
3 15
23 8
11 15
22 10
17 14
10 1
1 7
5 5
19 5
7 5
7 10
9 2
16 4
15 1
8 0
10 24
0 21
3 0
20 7
0 13
4 21
14 1
0 22
19 20
6 3
16 21
3 22
22 21
3 18
18 2
21 11
21 12
7 3
21 21
7 20
24 24
24 3
1 10
14 4
24 8
23 9
10 22
16 23
9 22
15 6
21 8
8 5
20 15
5 21
17 5
21 18
13 21
8 9
8 6
19 12
4 5
16 9
13 13
15 17
2 19
15 9
16 2
11 22
11 18
10 4
19 18
4 23
1 21
23 16
1 23
5 13
22 23
5 22
8 20
5 17
3 11
11 12
13 23
13 16
6 7
5 4
22 2
12 19
3 3
4 12
22 8
7 9
12 20
2 14
15 16
6 20
22 3
19 11
14 5
9 19
19 10
9 11
15 18
22 19
4 16
10 15
6 12
19 8
4 17
2 4
15 22
18 20
24 6
22 20
20 24
19 14
13 22
9 5
15 2
16 1
1 12
23 18
9 8
22 14
4 18
5 3
24 7
3 9
4 19
14 6
8 23
5 24
3 5
0 4
20 16
9 18
0 6
20 4
16 5
8 15
8 22
0 11
12 18
24 1
24 15
22 5
13 12
13 6
18 9
16 7
2 2
10 7
12 7
18 21
0 7
1 15
0 5
5 16
6 16
5 19
14 17
20 0
20 5
21 3
18 17
0 0
4 22
16 18
20 18
2 18
1 0
6 9
20 14
2 16
2 24
16 11
17 12
19 16
8 16
19 9
1 5
8 2
23 7
22 9
12 16
17 8
7 4
4 1
8 4
11 11
24 5
24 18
12 4
9 12
14 11
0 9
6 19
12 10
21 6
15 24
21 16
21 23
3 17
14 2
21 7
11 9
12 1
6 5
2 17
3 6
14 12
8 24
11 5
4 13
22 15
16 19
24 12
10 18
10 23
6 14
11 17
11 13
5 8
23 11
13 2
17 0
15 3
17 13
20 13
6 15
14 15
19 19
21 19
0 17
8 10
10 17
10 8
6 13
9 1
10 2
5 11
0 14
6 21
19 0
9 0
19 1
19 22
24 2
18 12
14 19
23 4
6 18
7 13
11 16
9 15
24 11
0 20
12 14
18 7
8 7
1 6
21 10
2 20
3 21
6 22
19 13
5 2
12 9
17 16
13 8
18 22
3 20
14 8
2 11
3 2
2 12
12 17
7 21
10 3
2 15
24 16
1 3
20 17
17 10
24 10
2 7
9 10
22 17
14 20
8 8
13 15
8 3
15 20
7 15
7 23
4 24
7 8
14 14
23 23
20 20
7 17
0 2
9 21
11 0
9 9
9 17
12 23
22 0
4 7
15 5
16 16
9 14
19 15
20 9
3 1
8 12
7 24
7 0
22 1
12 13
5 7
20 10
14 16
16 12
19 21
6 0
12 6
17 24
18 11
22 4
