31 19 27
.......T.............T......T..
......TT.......................
T................T......T....T.
...............................
.........T...........T.........
...........T...........T.......
..T........T.......T...........
........T......................
........................T......
....................T..........
..........T.T......T...........
.........T.....................
..T.......T.......T............
..........T....................
...............................
.T......T.T...T.........T......
..........T.T..................
.....T...................T...T.
...............T............T..
.......T................T......
.....T.........T..T......T.....
...T.........................T.
............TT.................
.......T.......................
..T.....T..T.......T..T.T......
.......................T.......
.......T....T.T................
.............TT................
...................T...........
..............T..........T.T...
........T...T......T...........
22 19
6 12
7 19
21 29
6 22
8 28
29 4
10 24
17 4
24 4
0 20
7 29
10 5
24 13
16 4
1 12
28 4
23 18
13 6
6 15
24 14
21 1
3 5
23 14
29 8
5 17
22 24
6 1
0 18
19 21
26 0
5 16
19 14
22 7
9 23
24 26
8 19
19 5
28 15
17 15
3 27
3 23
19 12
24 27
17 5
21 24
11 26
14 23
16 30
9 6
10 1
11 23
18 0
25 19
1 16
13 21
1 13
7 21
29 23
20 6
5 13
25 16
7 11
27 7
8 26
22 0
13 18
29 0
14 0
3 4
16 20
9 1
4 18
13 24
24 6
3 10
27 28
9 21
1 4
2 16
29 2
9 22
19 15
16 26
7 23
7 17
12 1
22 27
4 29
25 18
14 1
21 6
20 5
2 9
22 8
15 22
9 30
21 18
23 19
26 12
15 4
23 26
7 18
9 25
13 25
22 6
28 18
19 11
17 18
20 21
4 8
5 27
8 18
19 7
20 9
0 16
13 22
19 28
17 17
8 16
2 19
28 24
12 25
19 26
24 22
15 23
12 19
22 17
20 30
29 9
23 25
15 5
16 29
26 6
28 17
1 15
13 1
3 8
6 4
1 1
11 1
17 3
30 4
29 6
29 21
23 28
23 6
22 22
20 17
23 16
5 3
4 21
5 2
9 2
4 15
8 21
11 28
27 13
7 8
12 6
25 28
7 30
9 10
23 23
8 29
17 12
22 23
2 0
30 13
25 22
12 10
2 5
26 18
28 0
10 21
3 13
14 10
1 30
5 23
7 0
4 20
1 2
13 12
13 16
13 11
12 15
23 4
22 30
29 20
5 8
17 16
15 16
29 12
9 15
12 11
23 24
8 22
13 9
10 7
30 23
25 24
5 30
25 0
15 13
28 22
21 5
10 18
29 14
3 22
22 29
27 21
15 24
17 1
16 23
20 11
26 14
22 16
0 11
2 18
27 19
14 25
30 19
3 24
17 27
13 8
0 29
12 23
1 27
18 30
3 9
10 0
30 0
12 26
14 22
26 8
29 27
2 22
23 3
20 0
21 16
2 24
6 25
30 21
5 25
2 17
22 9
21 17
14 5
5 9
19 6
21 14
26 2
17 20
26 25
2 10
13 7
27 5
24 7
18 20
23 7
28 1
4 9
9 5
14 17
30 11
24 25
13 0
3 11
9 20
18 9
3 7
19 0
25 26
18 5
14 28
28 3
29 3
8 27
29 7
1 19
8 2
22 10
23 11
29 11
9 14
16 17
26 23
16 5
20 13
18 27
2 21
21 22
4 6
8 9
0 12
5 20
1 25
3 17
10 8
7 27
28 20
15 28
6 18
6 0
19 30
10 23
29 30
20 27
11 27
15 29
4 5
30 27
8 7
17 23
12 7
21 10
27 29
21 21
21 30
19 22
12 5
9 9
14 27
20 29
27 24
7 25
29 29
13 26
25 13
15 0
8 12
13 13
12 22
18 10
25 25
17 21
28 8
22 1
4 0
10 6
28 7
12 13
11 9
0 3
16 14
8 4
28 28
24 20
13 15
17 14
9 16
28 29
23 0
12 9
23 17
17 28
22 25
17 9
11 30
23 9
16 13
10 14
4 11
18 17
23 2
8 6
26 30
15 3
2 12
29 18
8 11
13 5
7 15
6 7
27 6
3 20
29 1
10 28
8 30
11 22
20 26
21 8
24 12
23 12
28 13
1 17
24 19
25 20
17 26
15 14
6 8
4 2
4 12
21 13
22 12
21 4
11 25
9 24
7 20
1 6
17 13
2 6
11 14
27 0
14 20
19 25
16 15
6 2
30 24
17 24
24 3
29 26
30 8
28 19
22 18
1 7
27 25
25 11
16 11
19 10
1 3
14 26
9 3
7 28
20 23
17 6
27 8
16 1
0 26
18 18
12 29
10 22
3 18
14 30
19 18
9 29
2 7
7 7
5 7
0 13
11 16
16 12
6 26
26 19
13 17
13 14
21 19
21 12
19 9
25 10
24 28
18 11
26 24
0 28
30 20
30 26
21 28
22 21
29 16
6 13
11 0
8 15
13 19
1 23
27 22
8 20
20 15
19 16
23 22
26 5
6 19
12 24
21 27
18 16
26 16
18 7
24 11
15 20
5 10
19 27
3 30
23 1
2 8
15 7
16 25
4 30
13 20
9 26
1 26
9 0
1 5
5 26
6 23
8 3
20 1
7 14
16 10
24 8
7 6
26 15
22 5
10 26
7 26
15 2
17 10
12 14
17 0
2 20
5 6
12 0
13 3
14 14
26 10
10 29
18 19
28 30
8 5
0 19
23 29
18 23
20 18
20 16
24 24
11 19
21 9
2 2
16 0
0 2
12 21
14 3
17 29
10 20
15 21
4 25
6 24
4 4
30 6
25 15
20 20
16 27
4 22
25 12
29 22
17 19
9 18
4 17
25 17
14 4
4 13
21 7
15 18
22 11
30 2
28 12
8 10
18 15
25 6
1 24
27 23
18 4
11 12
30 18
16 3
6 16
28 5
11 6
18 13
11 4
5 1
27 15
6 9
24 29
10 30
18 29
23 30
5 4
6 27
20 28
27 12
24 1
3 6
3 26
23 15
9 13
25 7
30 17
18 28
17 22
11 8
4 19
26 26
24 21
18 14
30 10
30 5
3 28
3 14
2 27
6 30
11 13
30 28
10 25
8 1
26 4
26 22
28 11
14 15
11 20
2 13
13 4
15 19
3 12
21 26
11 7
0 1
12 28
18 8
13 23
0 22
24 30
24 2
9 17
14 16
25 23
10 4
16 16
1 28
13 2
5 22
15 26
30 25
25 1
16 6
26 28
16 18
26 17
6 21
3 2
16 19
16 7
28 10
4 28
9 11
3 1
21 25
5 24
10 9
2 25
29 5
27 11
26 9
17 7
21 20
8 25
22 3
26 1
15 25
29 25
20 8
3 16
4 27
4 16
5 11
0 21
21 3
25 5
9 12
0 25
19 3
1 14
23 10
15 12
28 27
17 8
0 23
24 17
20 24
9 19
21 11
16 24
27 30
12 12
20 25
3 29
25 27
1 0
11 24
2 4
11 15
10 27
14 24
15 27
19 13
28 6
15 30
18 1
23 21
7 5
10 3
20 7
3 19
25 4
29 17
1 20
19 29
1 29
5 15
2 28
22 14
12 18
7 1
2 14
1 22
2 3
11 10
19 1
19 24
25 8
30 16
15 11
11 29
27 1
7 22
5 21
11 21
1 8
9 7
24 18
26 29
16 21
30 15
29 13
27 4
18 26
1 18
12 3
23 13
19 17
7 3
10 17
9 27
2 15
22 13
17 25
18 2
20 19
13 29
19 2
30 30
2 30
5 28
16 8
14 9
17 30
0 8
16 2
4 26
6 20
2 26
29 24
18 22
24 16
12 16
14 12
28 2
8 13
27 3
30 3
27 2
3 15
15 10
14 7
4 1
3 0
12 4
29 19
9 4
30 29
22 4
12 8
13 10
19 19
30 22
10 16
6 11
7 16
14 29
27 18
0 7
4 3
27 9
10 2
22 20
26 11
10 11
12 17
11 3
20 3
1 9
14 21
2 11
12 27
1 21
29 28
27 14
28 23
9 8
19 20
22 28
8 23
22 26
27 26
5 19
14 19
25 9
29 10
9 28
18 24
7 12
13 30
24 9
28 14
22 2
6 6
27 27
0 9
30 1
2 1
29 15
20 2
0 0
30 9
3 25
3 21
11 2
28 25
2 29
24 10
0 14
14 8
6 14
7 9
4 14
10 13
28 26
4 10
6 5
0 5
7 10
21 2
22 15
24 0
27 17
25 14
20 22
28 9
20 4
26 3
1 11
6 28
24 23
14 11
30 12
14 13
0 30
12 20
23 5
18 3
26 13
16 22
28 16
8 8
8 24
4 7
5 0
14 2
14 18
0 17
11 11
18 12
18 25
0 4
30 7
25 29
6 3
8 17
27 20
3 3
20 14
8 14
23 8
0 6
7 4
21 23
25 2
25 3
26 7
24 5
25 21
11 5
0 27
27 10
0 10
19 4
19 8
16 28
6 10
7 13
6 29
16 9
6 17
13 28
15 15
5 5
15 17
15 6
17 2
4 23
28 21
0 24
10 12
5 29
25 30
11 18
26 21
1 10
19 23
21 15
10 19
7 2
27 16
10 10
26 27
24 15
18 21
20 12
8 0
10 15
21 0
23 20
20 10
23 27
7 24
17 11
2 23
12 2
12 30
15 8
5 18
14 6
5 12
30 14
18 6
15 1
13 27
5 14
15 9
26 20
11 17
4 24
