37 8 30
....T..........................T..T..
T............T.......TTT.....T.......
.T.......T.....T.........T.......T.T.
..T...TT..............T......T.......
T..................T.....T.....T....T
............................TT.......
....TT.T............T.......TT.TT.T..
.TT.........T...T...................T
.........T..............T...........T
...TT.....T.T................TT.T....
................T..............T....T
................T.......T.TT....T....
.T.....T...............T.......T.....
................T................T...
.....T.........T......T..............
.................T.T.................
.T.............T....T..........T.....
..............T.....T................
.T.......................T...........
...T...........T............T......T.
......T....T.......T......T..........
T..T.......T.......T.................
T..............T...........T.........
............T.....T.T..T..T........TT
.TT........T.............TT..........
.............T.......T...........T...
..............................T...T..
T....................................
..........T...........T....TT........
..T...T...........................T..
T........T...........T.....T...TT....
..............T...................T..
..T..........T...........T..........T
.T..................T.T.............T
.....................TT......T.......
........T...T.......TT.T.............
.............T.T....T....T...TT...T..
12 16
20 34
30 9
15 23
1 24
25 8
33 35
25 13
3 4
11 10
28 19
21 22
17 8
28 2
36 4
16 30
8 36
26 0
10 19
16 3
19 34
18 33
21 9
33 7
31 28
4 36
15 5
10 20
35 21
23 11
16 10
18 11
28 5
10 17
18 17
14 30
34 20
14 35
24 31
33 32
24 19
30 21
28 28
10 15
10 8
36 22
14 9
33 12
28 7
6 23
5 36
3 34
31 16
3 12
12 25
5 2
13 3
16 26
10 34
4 0
6 2
15 28
11 7
34 33
31 18
35 32
13 17
17 1
34 24
30 7
20 20
35 33
15 25
10 16
36 24
17 15
12 14
32 29
0 26
11 4
3 22
9 9
8 17
3 15
8 30
36 10
35 16
15 6
0 21
16 33
18 35
15 17
3 24
2 29
21 23
11 1
24 24
1 10
23 14
26 9
26 34
17 4
25 6
20 35
32 16
9 36
4 16
13 4
33 4
5 16
4 25
30 27
5 8
8 29
5 10
1 5
28 33
17 23
28 3
26 17
8 8
24 10
23 31
28 8
13 36
20 32
22 4
23 33
4 20
35 24
4 14
16 27
27 2
9 30
6 7
31 10
0 23
33 30
30 1
10 18
9 6
7 33
5 19
29 2
2 22
4 19
14 24
13 20
22 28
32 12
33 14
4 33
5 13
32 9
36 0
6 17
19 22
10 7
8 12
5 22
8 9
12 34
7 16
34 2
7 24
25 1
26 24
19 7
12 4
24 14
3 29
7 21
17 30
34 22
13 7
4 7
10 0
9 12
22 36
14 3
0 17
20 8
30 13
19 32
13 27
32 26
27 9
22 16
16 1
13 28
4 4
35 15
13 21
9 27
34 14
18 36
32 2
8 4
30 29
21 3
15 10
27 16
7 22
18 2
25 14
20 14
28 26
32 25
17 33
34 36
35 10
6 16
36 9
7 1
13 1
16 8
26 10
4 1
13 32
8 33
26 3
16 4
33 15
17 13
7 9
2 32
2 2
8 2
34 17
29 15
8 26
3 0
24 5
10 33
34 35
15 32
32 7
32 13
22 6
25 3
34 9
2 4
0 3
3 5
19 33
2 28
6 4
33 19
13 11
8 25
12 5
7 7
21 14
8 31
8 24
9 28
35 1
36 5
20 13
25 35
6 12
10 26
17 20
10 24
20 33
22 3
1 3
24 18
28 16
7 34
11 11
36 34
1 29
17 25
1 12
19 21
14 26
11 2
3 9
34 28
13 19
13 23
12 24
3 20
25 18
5 12
16 24
26 6
29 16
8 0
23 29
1 6
28 4
14 27
3 1
20 1
16 2
1 21
4 11
11 35
29 0
24 27
28 0
17 29
8 15
24 8
10 3
33 5
31 20
5 15
30 36
3 30
12 33
29 30
22 10
18 26
26 4
9 8
27 7
11 21
3 28
6 32
0 5
30 26
36 17
32 4
12 29
13 34
35 27
10 11
17 5
16 0
6 30
2 17
21 7
5 14
36 25
21 32
31 35
36 16
7 4
15 9
2 31
22 2
33 24
35 9
15 20
9 22
29 5
36 28
16 25
6 20
24 11
28 17
32 28
36 27
17 9
2 34
29 8
13 31
18 34
24 22
33 26
36 3
20 30
0 6
19 25
7 8
5 3
35 22
30 34
0 8
29 3
10 2
14 18
10 9
32 22
23 24
12 21
21 1
27 12
16 36
16 12
19 8
30 16
6 31
20 0
25 36
12 2
17 14
36 21
20 4
25 22
8 20
25 9
6 8
15 27
5 28
33 20
21 19
9 26
29 6
14 11
34 23
20 5
28 27
23 27
27 8
27 26
3 7
15 13
25 16
14 4
24 28
29 12
22 7
33 18
18 18
25 0
30 11
2 33
7 28
28 9
13 10
26 2
29 33
4 26
20 36
29 29
4 17
10 27
32 11
22 19
34 16
21 8
32 20
23 28
13 15
18 28
25 26
26 15
9 31
21 21
20 28
26 32
1 19
7 5
29 32
35 26
18 19
30 33
26 18
24 35
2 9
18 24
12 17
12 35
3 18
31 15
7 29
17 24
3 19
10 21
17 34
31 12
26 21
22 8
3 35
22 26
29 11
26 8
35 20
1 7
36 11
23 22
27 31
9 10
25 29
22 1
15 0
19 3
12 30
3 26
15 26
21 12
14 7
12 19
30 8
9 34
6 13
22 14
22 5
31 25
20 29
31 4
25 32
10 29
32 32
27 5
30 22
26 7
32 14
35 35
6 6
10 36
12 15
11 9
31 36
8 3
30 20
8 35
30 25
10 30
22 25
28 25
0 7
28 13
35 2
21 26
29 21
9 25
26 23
35 5
14 25
11 25
18 23
4 27
7 14
3 13
32 30
35 8
25 5
9 5
21 31
6 36
10 5
28 29
22 17
9 35
1 11
13 0
6 0
20 21
3 10
5 33
29 20
11 27
33 36
32 3
5 34
18 29
19 23
19 28
11 34
34 13
26 19
18 0
1 13
10 22
22 31
11 24
34 8
3 21
2 21
19 35
36 19
5 0
12 12
34 29
15 19
17 35
7 20
14 14
0 31
34 10
18 30
0 33
4 13
29 26
33 6
2 1
16 23
24 17
29 19
17 7
3 11
32 27
23 26
0 36
9 0
0 9
1 27
3 3
6 9
7 25
17 27
20 16
14 20
29 34
10 13
20 2
21 11
18 16
19 27
17 28
10 28
12 32
21 29
6 3
35 13
29 23
6 29
1 30
11 14
33 17
9 11
26 5
20 9
35 25
6 19
9 1
14 16
8 28
33 31
35 19
11 8
6 15
22 22
17 12
23 3
26 22
5 18
2 8
23 20
36 29
19 16
36 13
31 30
18 10
12 11
14 15
18 31
23 21
0 11
23 4
2 6
25 15
32 19
9 15
5 4
2 16
0 12
30 4
19 0
1 17
27 25
6 5
16 28
23 9
26 16
14 22
27 22
29 31
31 19
0 2
30 6
20 27
34 5
33 2
1 20
22 29
30 19
4 12
11 19
13 25
17 3
12 6
27 32
10 1
31 32
2 23
24 33
13 6
28 21
4 35
5 30
0 34
4 29
35 28
32 10
4 8
13 33
7 6
30 3
8 1
13 18
4 15
3 31
14 6
4 32
22 33
32 31
6 21
4 6
29 17
16 7
10 25
17 36
11 26
24 1
14 0
33 3
5 23
30 14
8 10
21 28
27 35
24 7
11 31
19 2
16 18
19 26
36 33
15 11
19 18
12 3
17 21
11 33
1 23
31 26
32 5
10 14
4 2
31 23
36 36
3 6
16 29
23 19
33 13
32 34
29 27
27 3
23 1
34 19
11 6
27 27
11 32
22 0
11 20
14 28
6 25
1 18
5 24
12 1
30 18
9 2
7 30
9 7
18 12
18 7
14 8
28 10
6 22
14 17
2 36
0 10
7 10
13 22
26 14
29 28
31 17
7 13
26 20
1 35
23 36
30 35
13 8
24 13
2 0
30 12
9 17
18 15
17 0
4 9
9 32
20 10
26 36
27 10
16 15
33 8
8 21
32 36
26 35
11 12
6 28
19 4
3 17
36 23
16 16
34 15
13 13
24 26
18 5
15 22
25 2
15 24
1 34
14 21
22 11
18 13
14 12
4 3
22 9
15 1
8 19
29 1
3 33
36 20
35 30
21 16
25 4
13 5
12 27
12 7
10 23
16 21
25 23
23 5
10 10
2 20
24 2
4 24
1 25
20 3
2 19
19 9
12 26
28 32
13 35
29 14
11 5
4 28
14 32
33 21
11 23
32 21
20 11
6 11
0 4
5 29
31 31
9 24
5 11
29 9
28 36
18 27
16 13
10 32
33 28
0 19
34 1
26 1
26 12
8 13
22 27
23 35
24 9
32 18
8 27
29 13
16 35
14 5
36 31
13 29
16 6
33 16
5 6
25 20
35 11
32 6
28 1
34 26
33 9
24 20
30 23
27 36
26 13
10 6
27 34
14 2
0 14
25 27
24 36
22 15
21 33
3 36
21 30
21 15
24 29
19 14
6 26
21 34
33 11
9 33
8 34
34 31
17 2
0 35
33 0
5 21
32 1
29 24
6 24
23 15
5 31
31 33
21 25
3 16
31 9
20 7
23 10
2 10
2 27
26 25
1 22
2 25
17 17
15 33
15 4
26 27
31 24
0 22
15 30
18 3
0 15
23 34
3 27
20 18
10 4
36 7
31 6
15 18
15 8
34 34
18 20
22 12
8 11
16 19
7 19
12 9
31 2
22 30
28 24
21 17
6 27
29 18
35 6
20 26
17 6
19 30
24 6
26 33
34 21
20 23
34 4
3 8
26 11
35 3
14 31
1 4
35 17
31 21
0 28
2 30
17 16
22 13
35 29
21 27
18 32
31 22
30 28
7 36
36 18
35 12
7 35
15 15
26 31
16 31
16 9
23 16
5 17
21 10
28 20
28 31
19 20
28 15
14 33
23 25
35 36
6 10
34 0
1 8
11 15
18 25
27 14
16 11
27 19
9 13
21 5
19 29
12 8
17 11
23 30
35 23
9 23
27 4
13 2
24 12
0 32
23 0
11 22
9 18
27 0
30 31
21 36
16 22
33 33
25 33
25 12
17 10
36 26
31 13
14 19
33 34
18 4
19 6
25 30
19 31
23 6
7 18
1 28
24 3
1 33
28 35
15 12
8 22
6 34
29 4
2 3
33 10
7 31
13 12
23 2
2 14
30 2
25 10
34 11
13 16
28 6
24 34
34 25
16 5
21 4
11 30
2 12
0 24
32 17
8 32
27 33
28 23
14 29
30 15
14 36
29 35
10 31
34 32
25 31
20 17
28 18
22 21
31 1
15 31
20 15
12 0
35 7
1 14
5 26
1 2
1 16
14 23
15 14
18 8
34 30
1 1
29 36
13 30
34 18
0 13
6 18
3 25
33 1
31 7
9 29
16 34
29 25
32 8
19 36
19 10
27 11
27 23
24 30
14 1
20 19
3 14
28 14
15 36
33 27
12 31
8 23
8 18
32 35
12 13
6 1
30 0
8 5
11 18
3 32
17 18
7 17
21 0
12 18
24 15
8 14
0 20
11 0
31 3
30 24
20 24
27 29
1 0
12 10
31 34
9 4
14 13
9 19
33 23
1 31
25 19
5 20
35 34
20 31
4 31
11 29
22 23
29 10
11 36
21 24
12 36
16 20
5 5
33 22
23 12
12 22
34 12
11 3
32 24
23 17
2 35
36 12
11 16
7 3
32 15
26 28
36 35
34 27
0 25
27 30
13 26
17 31
13 9
2 15
27 28
31 8
10 35
5 7
21 2
27 24
19 12
19 24
26 29
2 24
35 4
8 16
5 27
26 26
7 27
9 14
30 30
20 6
22 20
0 0
18 14
4 23
2 18
19 15
26 30
4 30
2 5
36 2
19 1
18 1
3 2
18 6
24 21
13 14
4 34
36 14
4 10
2 26
32 23
25 34
30 17
31 29
15 2
2 13
21 35
4 18
36 30
7 11
8 6
1 36
5 32
22 32
35 0
23 18
15 34
17 19
4 21
15 16
7 15
27 17
19 17
18 21
32 0
16 32
17 26
11 17
12 23
36 8
6 35
28 30
1 15
30 10
22 24
6 33
22 34
23 23
20 25
27 15
7 32
11 28
23 32
19 5
24 4
9 3
31 5
17 22
31 11
7 12
14 34
13 24
18 9
1 9
25 25
0 27
7 26
25 7
12 20
22 18
0 1
21 6
35 18
30 5
33 29
15 21
31 0
14 10
28 22
15 29
25 21
27 20
27 21
36 1
1 26
7 23
27 18
16 17
4 22
25 17
24 16
30 32
19 19
5 9
5 1
29 7
5 25
29 22
5 35
20 22
31 27
4 5
34 3
24 0
33 25
32 33
19 13
34 6
11 13
21 18
25 28
2 7
35 31
3 23
2 11
6 14
20 12
24 32
36 15
9 16
27 6
27 1
15 7
8 7
23 8
16 14
24 25
25 24
36 6
27 13
10 12
7 2
36 32
35 14
28 11
0 29
18 22
15 3
24 23
28 12
22 35
12 28
0 16
7 0
34 7
1 32
23 7
9 21
17 32
21 13
19 11
9 20
31 14
25 11
23 13
15 35
0 30
21 20
28 34
