31 15 21
...T..T........................
................T..............
...............................
..T..............T......T......
...T.....TT....................
T...T....................T.....
............T..................
...............................
...............................
..................TT.T.........
...............................
......T....................T...
T..............................
............T............T.....
.........................T.....
T........T.....................
...............................
....T...TT...T.T...T...........
.....T........T................
..T...................T........
.............T.................
...........T....T..............
....T..................T.......
.T............T................
..................T.....TT.....
..........................TT.T.
.....T.......................T.
.......T....T............T.....
.....T.........T...............
....T......TT.........T......T.
..........T.....T..............
18 3
10 18
21 13
1 27
22 5
8 5
25 24
6 15
23 4
26 11
11 21
17 9
11 3
8 18
5 20
18 13
11 1
20 17
0 8
5 28
2 3
9 16
22 17
20 3
18 25
3 21
11 27
1 21
12 11
16 18
12 14
21 16
26 5
7 23
2 28
12 1
16 16
8 10
2 27
18 5
12 25
5 17
12 29
6 4
16 28
3 9
6 8
7 6
6 21
1 11
0 12
2 18
30 0
16 0
15 16
9 23
10 9
20 30
10 0
19 23
27 30
23 0
7 18
19 28
16 17
3 3
1 10
28 3
9 14
18 27
11 11
28 20
14 15
21 17
20 0
30 9
29 25
4 29
1 5
10 23
18 6
19 17
0 30
11 13
26 18
6 24
25 14
29 5
25 28
2 7
18 18
25 13
21 12
26 4
16 19
4 20
20 4
21 30
12 30
0 26
22 3
23 15
2 0
17 11
28 21
17 4
3 18
26 27
0 28
8 29
28 4
12 26
10 6
29 12
2 20
11 20
13 20
29 27
5 12
0 21
18 8
30 19
13 23
10 26
9 18
7 14
16 10
23 13
14 25
20 11
24 22
30 23
24 6
24 30
22 10
21 0
28 27
24 15
18 2
30 6
27 5
7 8
13 10
14 4
8 13
19 18
15 7
23 7
18 17
27 29
3 6
23 1
21 4
14 6
8 2
26 6
29 10
27 0
13 4
30 12
25 15
24 7
18 24
4 24
14 7
30 14
18 22
21 27
13 6
17 25
4 13
9 27
25 18
15 14
1 7
6 13
29 14
10 19
30 7
15 30
14 16
22 4
7 19
9 8
1 12
29 28
10 22
12 20
8 19
19 0
10 15
27 22
5 19
2 22
7 10
3 15
28 24
28 22
3 5
27 19
15 9
4 19
29 2
13 5
21 15
5 16
17 3
13 3
20 1
2 21
4 30
27 8
5 3
8 21
30 10
17 27
1 29
28 18
0 6
0 13
27 10
13 0
1 6
18 9
0 3
21 14
20 28
15 11
20 27
11 29
10 5
19 25
28 13
29 6
18 23
1 26
9 3
22 19
6 25
26 10
27 6
3 7
10 14
16 27
30 25
1 22
26 0
29 22
13 1
3 10
6 10
25 17
1 20
28 25
6 27
1 17
25 10
28 6
4 1
24 19
25 8
11 28
6 16
21 21
26 17
27 13
26 25
8 14
4 28
2 17
11 5
4 27
11 10
14 30
23 22
11 16
18 7
11 24
17 17
3 24
22 18
17 0
29 24
18 14
19 11
2 29
17 2
5 0
4 12
24 17
25 4
28 0
9 5
13 18
30 22
14 2
22 13
24 5
23 23
22 26
7 20
13 9
6 0
29 21
23 17
7 5
27 26
17 21
18 0
22 0
12 5
0 5
0 14
11 17
8 0
7 26
10 29
20 23
19 27
14 13
12 3
13 2
25 0
26 21
1 14
11 22
18 21
13 30
28 17
19 14
30 20
5 24
27 16
23 11
29 7
25 22
21 2
6 5
2 14
24 21
7 13
5 13
17 18
23 24
0 27
3 4
5 15
4 2
5 25
21 1
26 3
15 4
29 18
7 25
9 30
8 12
14 26
28 5
28 7
20 20
15 2
29 20
5 27
9 19
24 28
22 12
2 19
4 21
27 18
8 23
2 23
14 20
13 15
26 13
6 28
20 15
12 16
25 7
3 8
13 26
20 13
14 1
25 26
5 22
22 23
21 7
10 17
21 3
2 30
2 13
30 18
8 16
10 28
27 1
25 21
10 13
1 16
19 1
7 9
17 8
10 2
13 11
30 29
12 8
6 30
25 20
0 24
8 28
29 8
9 11
12 27
5 4
30 28
30 1
1 28
28 19
30 11
23 20
2 10
1 4
10 27
27 11
8 9
16 5
17 5
5 9
0 4
4 7
7 22
24 9
5 6
15 8
21 11
15 21
30 21
21 20
12 24
11 30
27 7
12 28
7 17
24 29
7 30
6 17
17 29
22 6
17 7
1 2
27 27
18 30
1 24
4 3
26 2
13 17
10 20
17 22
23 6
5 5
16 12
16 22
19 9
3 2
15 23
29 23
7 15
15 17
29 19
9 1
5 29
12 10
29 1
25 1
3 30
3 26
11 12
2 12
24 11
17 1
26 1
20 29
13 29
19 4
1 0
13 25
15 15
20 7
19 10
8 15
3 0
16 24
3 28
18 11
0 17
21 10
0 23
4 22
8 1
7 29
29 17
27 20
20 12
6 12
16 4
18 1
6 7
23 14
25 29
13 8
18 4
22 11
24 27
13 16
4 4
4 18
1 30
18 12
26 26
17 6
21 28
11 25
22 20
9 20
14 29
26 20
12 21
30 30
29 9
5 18
30 8
26 23
5 10
13 7
9 26
16 30
13 14
26 12
20 5
8 27
24 3
30 3
22 29
12 23
23 10
24 1
23 9
19 13
30 16
8 22
14 14
5 30
3 29
6 14
20 14
26 19
3 25
22 22
25 6
5 14
22 21
7 3
14 21
7 1
4 17
29 16
28 29
18 28
19 22
9 17
3 14
8 4
12 15
3 27
8 3
14 27
9 29
23 2
2 4
21 26
27 28
27 12
12 19
15 1
7 11
14 3
11 7
1 1
20 22
6 22
25 9
25 23
15 3
2 15
0 9
12 0
16 6
29 0
15 19
6 29
7 28
26 24
23 27
28 28
12 13
22 7
7 24
11 19
0 7
9 25
7 4
2 9
30 27
7 0
2 6
23 29
13 27
28 9
8 30
19 15
24 8
25 16
12 9
1 8
21 8
3 11
21 19
26 8
3 12
5 23
15 0
16 14
19 26
9 4
30 4
17 13
25 3
12 6
24 26
6 3
15 26
27 2
2 11
0 2
20 6
13 24
30 13
17 24
3 13
22 25
29 26
28 10
25 25
19 5
17 30
11 14
4 23
11 9
20 9
28 16
27 9
17 10
29 4
17 14
23 3
11 8
19 24
9 6
15 22
18 26
6 20
6 11
4 9
24 23
25 11
20 10
16 8
15 10
5 8
30 26
2 25
17 26
0 11
17 20
24 25
15 6
13 28
29 3
26 7
19 2
24 0
18 15
1 18
2 24
28 30
10 4
29 30
16 23
10 25
23 5
7 27
8 26
25 19
16 29
6 26
9 10
14 18
17 19
2 26
14 22
22 1
6 19
26 30
17 23
2 16
1 23
27 3
1 13
10 12
16 21
26 16
9 7
12 22
7 16
9 2
5 11
3 20
14 8
22 24
21 24
0 25
22 16
6 2
15 28
11 2
23 30
28 8
23 21
4 11
9 9
4 15
12 2
6 18
15 13
30 5
16 13
27 4
16 2
24 16
5 2
19 30
27 25
19 29
9 22
18 16
23 18
0 19
8 20
15 24
20 16
28 15
3 17
10 10
0 16
0 22
10 8
24 24
24 10
25 30
15 12
15 20
8 25
11 23
21 22
27 17
4 6
11 6
9 28
24 12
22 15
17 28
4 10
15 5
22 9
26 28
24 20
9 12
0 18
4 8
23 19
22 8
10 1
0 29
20 25
17 16
0 20
15 18
20 18
20 21
4 14
9 15
29 13
18 10
2 2
11 0
30 24
9 21
3 22
27 15
8 17
10 3
21 23
12 7
10 11
3 19
29 11
7 21
26 9
4 16
10 16
14 11
24 4
2 8
19 19
23 16
28 12
19 3
13 13
1 25
26 22
15 27
27 23
4 25
7 2
20 2
24 13
5 26
4 0
7 12
28 1
14 5
9 24
16 7
2 1
19 21
12 4
14 28
24 14
30 2
20 24
27 14
22 27
19 7
11 4
13 19
16 11
8 24
22 28
19 20
21 18
12 17
21 5
18 20
1 19
27 24
28 26
14 9
25 12
20 19
21 9
28 11
18 29
10 24
12 12
1 15
25 27
20 8
6 1
14 17
23 8
22 30
16 9
6 9
0 10
15 29
3 23
30 15
22 14
29 29
6 6
25 5
14 10
16 1
14 19
17 15
21 25
21 6
5 1
10 21
5 7
23 28
19 6
0 0
27 21
1 9
19 16
23 25
20 26
13 12
3 16
10 7
16 26
22 2
16 20
16 25
2 5
13 21
8 8
26 14
24 18
8 11
3 1
9 13
0 1
17 12
12 18
26 15
11 15
19 8
21 29
5 21
10 30
16 15
15 25
26 29
8 7
23 12
6 23
29 15
14 23
23 26
11 26
25 2
14 12
24 2
18 19
1 3
28 2
14 24
8 6
4 5
9 0
4 26
14 0
28 14
7 7
28 23
13 22
19 12
30 17
16 3
11 18
