28 26 0
..........T.................
.......T...........T........
.......................T....
...................T........
.............T....T.........
T................T..........
.....T.T....................
.T...T..T.............T.....
...T...............T.T......
................T...T.TT....
................T........T..
..........T........T........
...T....T...................
.............T........T....T
........T.........T...T.....
.....................T......
T....T...T..T..T.........TT.
...T.T......................
..........T................T
..........TTT...........T..T
T....T...T......T........TT.
.......................T....
.......T.............T......
T...T....T..T...T........T..
.........T..................
............................
..T...T.T.T..........T......
...................T........
6 20
6 8
21 15
26 20
23 17
15 21
13 14
19 12
3 25
15 1
10 15
3 10
0 12
3 24
21 14
2 23
20 2
9 18
24 2
4 16
16 8
3 12
27 2
18 27
6 3
21 1
0 19
25 19
5 13
20 21
12 19
1 19
12 24
2 15
5 21
24 0
6 25
10 1
10 12
8 1
9 27
14 24
18 9
23 15
1 6
5 7
7 21
3 9
5 14
27 19
3 3
17 25
12 26
18 1
0 15
24 20
5 2
3 15
22 1
13 2
0 7
8 23
10 17
17 27
21 2
21 7
20 24
11 18
10 9
27 23
14 1
14 5
21 23
12 14
16 24
20 25
6 5
4 0
2 6
4 27
10 19
27 9
21 5
13 17
2 8
18 17
24 8
12 1
25 8
10 25
26 6
3 8
27 11
13 4
21 17
12 9
4 23
10 22
13 26
25 12
21 13
11 3
7 2
8 24
5 17
15 10
3 6
24 15
12 6
19 16
26 19
0 18
27 6
24 1
16 15
24 21
3 16
3 18
6 23
9 21
22 4
6 7
10 24
4 26
21 19
17 8
6 4
9 19
16 12
6 18
14 7
18 6
18 18
12 25
17 14
22 3
10 18
5 4
3 0
3 2
11 10
17 2
5 9
7 20
27 21
6 6
13 25
12 2
20 3
19 17
25 23
25 5
26 13
18 21
6 9
5 0
23 21
25 26
26 25
16 0
4 25
1 26
10 0
9 9
20 16
14 6
4 4
13 8
23 12
23 10
14 8
25 18
22 17
0 22
7 27
11 7
16 21
6 21
4 22
26 9
1 12
20 12
23 20
24 22
1 24
27 24
12 8
26 11
20 26
22 9
25 17
17 4
7 10
14 0
2 13
10 8
17 15
7 18
19 20
3 27
19 7
0 8
20 1
16 22
21 25
2 9
10 20
14 2
11 14
26 17
17 1
21 27
1 21
16 20
10 14
10 13
8 10
18 23
20 7
9 25
3 21
21 9
9 17
7 4
26 4
22 5
10 10
18 24
6 16
20 23
20 14
2 14
23 16
18 26
20 15
9 22
23 25
20 13
14 20
26 16
17 13
1 16
3 20
14 25
8 6
2 3
16 5
23 11
0 1
1 10
16 11
26 21
5 6
26 5
24 13
4 24
0 17
7 6
5 15
20 19
16 18
1 1
22 0
24 11
27 10
18 13
18 2
11 22
19 4
14 11
3 23
24 18
25 20
22 2
20 6
11 17
17 18
11 27
24 27
24 12
19 22
6 14
19 27
15 11
12 11
24 24
7 16
11 4
9 7
20 18
10 26
6 24
17 22
1 7
22 27
18 7
1 3
15 16
18 11
23 18
11 5
9 20
14 15
22 21
20 0
17 26
7 1
2 22
3 19
2 19
20 10
1 14
20 11
12 4
14 9
20 4
19 5
5 27
13 0
0 3
13 6
1 11
21 12
23 2
23 13
9 5
20 27
1 13
4 3
23 6
1 0
21 0
25 22
7 12
7 19
8 7
3 14
7 5
19 3
4 14
8 13
14 12
18 5
20 8
15 9
8 5
26 22
13 21
1 25
22 20
4 18
9 15
17 6
2 24
17 24
22 26
5 19
16 7
13 23
7 9
8 16
24 25
19 23
16 16
18 16
6 13
25 3
14 23
25 16
6 0
2 26
15 14
27 25
8 8
9 6
9 4
1 23
25 27
7 22
19 26
12 10
17 23
18 15
24 3
13 18
19 8
27 17
24 9
13 20
19 0
4 21
5 12
2 16
22 22
0 2
4 5
2 11
5 16
14 26
3 11
19 21
20 5
15 3
14 10
13 13
5 1
13 11
0 27
7 8
2 5
23 14
21 3
11 2
0 23
11 6
10 16
5 10
27 7
14 13
6 22
8 19
17 9
14 14
16 4
2 4
16 3
0 25
16 1
1 20
11 25
10 4
25 21
12 3
21 16
12 27
4 13
26 15
13 10
12 13
22 23
22 24
15 24
21 24
2 2
8 14
8 22
18 3
1 5
27 1
14 3
21 8
25 15
13 15
23 23
21 6
12 15
27 12
0 13
12 20
26 23
21 20
23 3
24 7
16 26
14 27
14 4
19 18
14 21
0 5
21 26
7 0
2 12
13 16
22 18
10 7
1 8
20 20
14 17
18 22
17 19
13 9
18 12
15 25
1 4
15 0
8 26
9 8
8 11
5 5
7 14
9 3
13 27
15 27
27 4
2 10
6 26
12 0
15 20
6 10
3 22
24 23
11 0
26 0
25 6
26 26
11 12
11 16
15 26
17 20
2 21
3 4
5 3
21 21
9 23
25 4
15 19
9 0
4 17
26 27
13 24
0 9
7 15
5 23
5 26
18 19
2 18
11 15
2 17
27 8
9 13
25 2
8 20
10 6
16 25
12 7
19 11
12 22
18 4
19 10
0 24
15 18
8 15
25 13
15 8
19 1
14 19
27 20
5 20
9 16
5 24
27 27
11 8
11 20
25 9
5 22
11 19
17 17
26 24
7 24
22 8
8 25
27 26
15 6
26 2
17 3
11 9
7 23
2 27
13 7
0 6
2 25
26 1
24 14
3 17
23 22
7 11
22 14
17 5
27 22
4 6
16 6
3 1
6 15
4 2
4 8
27 13
1 9
17 7
27 3
4 1
24 5
17 16
23 24
23 1
25 1
6 12
17 10
8 17
5 25
10 11
16 27
7 17
19 13
22 25
16 17
11 11
24 6
27 5
13 12
8 12
22 6
9 24
17 12
23 8
22 16
24 17
3 13
17 11
9 2
12 17
1 27
23 19
14 16
7 3
2 20
5 8
26 8
9 11
13 3
4 7
4 12
0 11
11 24
8 9
6 17
18 8
0 10
27 14
8 18
25 7
11 21
6 11
27 0
13 19
0 0
22 15
21 18
6 1
15 4
9 26
4 10
15 2
4 19
15 7
19 9
12 18
11 1
19 6
15 22
10 3
16 23
12 23
8 0
17 0
22 7
25 14
11 13
24 10
16 19
21 11
19 2
7 13
19 15
3 26
8 4
2 7
8 27
23 5
13 1
14 18
16 14
26 3
9 14
17 21
16 10
3 7
10 27
24 26
0 4
1 2
4 11
10 21
26 10
12 12
21 4
11 23
4 9
15 17
6 27
27 18
25 0
1 15
9 1
0 21
10 23
0 16
9 10
23 27
8 3
18 20
0 26
23 26
18 10
12 21
24 19
18 14
13 22
23 7
2 0
27 16
23 9
24 4
26 14
22 12
26 7
1 22
14 22
7 25
12 16
22 19
26 12
10 5
16 2
11 26
5 11
8 21
4 15
22 11
15 13
7 26
16 9
2 1
21 22
12 5
21 10
6 2
19 14
25 11
20 22
5 18
1 17
22 13
9 12
20 9
15 5
25 25
1 18
4 20
18 0
19 19
26 18
27 15
15 12
18 25
23 0
24 16
3 5
23 4
20 17
6 19
10 2
22 10
7 7
15 15
19 25
8 2
19 24
25 10
15 23
13 5
0 20
16 13
25 24
