23 12 10
.......................
.......................
.......T...............
.......................
.......................
..................T....
.......................
......................T
.......................
.......................
............T..........
.....T.................
........T..............
............T..........
.......................
.......................
.......................
.......................
..T...........T........
.......................
.......................
.......................
................T......
7 9
18 8
11 5
16 20
9 9
9 13
14 21
7 10
2 7
17 18
12 15
19 3
17 4
13 21
22 8
4 8
21 4
15 0
3 3
10 17
7 2
16 21
19 15
1 8
0 17
2 10
5 8
1 5
17 20
13 18
21 22
10 11
19 11
4 20
13 19
12 0
1 15
10 3
13 7
8 20
8 0
17 1
6 18
3 2
7 20
11 6
4 9
13 10
4 3
8 12
16 12
10 8
11 8
21 14
7 6
9 8
9 4
8 15
13 15
11 3
20 22
18 21
14 5
7 15
1 1
21 5
12 13
11 13
9 1
6 14
17 3
20 2
15 1
7 16
15 7
9 5
8 7
20 9
17 14
12 1
12 8
22 20
2 6
0 15
19 5
11 9
6 5
21 6
8 4
5 7
20 16
20 4
22 10
6 15
10 13
7 4
16 6
1 3
8 22
1 21
22 12
6 10
12 18
0 2
3 12
18 13
20 7
3 21
15 18
6 13
12 9
11 0
6 8
0 16
17 5
19 6
20 8
5 19
1 22
0 5
12 7
3 14
1 2
21 11
4 22
4 5
16 18
5 0
20 17
19 1
18 19
12 20
20 15
8 8
3 5
13 8
20 19
19 12
16 1
14 6
16 11
6 3
17 9
21 18
10 7
15 22
7 8
18 18
3 20
3 11
0 14
11 4
3 18
4 10
21 16
16 15
4 17
4 4
17 16
18 22
2 16
10 0
5 17
9 10
8 6
4 13
0 4
15 19
10 6
3 1
18 16
11 20
15 14
21 21
10 15
1 6
20 6
16 0
21 13
16 2
1 13
15 9
8 17
20 20
9 21
3 0
16 19
0 3
16 4
19 7
19 4
7 11
22 0
14 3
3 8
13 6
12 12
20 13
14 9
5 13
3 7
15 15
10 21
15 16
22 9
11 22
22 19
5 9
15 4
10 18
9 11
13 20
2 4
9 20
18 14
1 20
10 2
5 11
13 22
2 21
22 1
19 17
20 1
9 14
16 7
0 7
7 17
6 4
14 0
13 4
3 4
18 3
2 0
10 19
18 12
12 10
17 10
11 7
19 2
18 9
14 14
2 2
15 21
5 1
8 9
16 14
1 7
14 12
0 19
20 18
18 20
22 15
2 14
1 11
14 16
14 11
4 6
7 21
18 5
21 20
17 2
0 8
8 11
17 15
4 16
22 17
7 12
0 18
16 13
13 14
2 8
8 18
5 22
2 20
19 14
13 17
9 3
2 15
5 5
12 16
19 8
3 17
18 7
0 13
2 5
2 9
4 7
7 22
14 19
10 16
7 14
3 9
8 14
14 17
17 22
17 8
8 16
2 13
12 4
19 19
11 21
19 20
6 20
1 14
22 5
13 1
5 12
13 2
18 15
22 3
21 17
20 14
22 21
10 22
3 6
0 20
21 2
15 5
10 12
1 18
20 5
14 4
18 17
6 21
7 3
5 16
6 7
13 13
21 0
11 12
19 10
12 3
11 15
20 12
11 11
10 14
15 12
3 15
22 7
0 10
21 7
5 4
1 4
17 13
14 7
16 22
0 12
4 0
4 11
9 17
15 17
22 16
13 9
4 2
17 11
4 19
1 10
10 5
2 18
11 10
7 18
15 20
22 13
19 22
9 15
5 18
18 4
11 18
1 9
12 17
18 11
12 6
8 1
21 15
7 7
20 3
12 22
22 18
2 22
12 19
15 8
17 7
8 19
8 10
22 11
22 6
6 19
9 18
6 16
18 1
19 0
7 0
16 17
7 5
17 19
5 21
10 9
22 2
11 1
3 22
6 12
16 8
14 1
9 7
9 22
14 15
20 10
9 0
3 16
12 14
6 6
19 16
16 10
14 20
13 12
19 13
11 14
9 19
4 12
9 2
7 1
20 11
17 0
8 2
22 4
1 19
20 21
4 18
9 12
8 21
8 5
6 1
8 3
14 22
2 3
14 18
21 3
13 5
12 5
8 13
11 19
16 9
1 17
0 21
0 1
10 4
16 3
21 12
4 14
5 3
15 3
2 19
19 9
14 13
21 10
14 10
1 16
6 22
18 10
3 10
2 11
6 9
17 12
14 2
3 19
21 19
11 17
18 6
10 20
2 12
2 1
13 0
15 11
7 13
13 3
5 14
10 1
19 18
14 8
7 19
2 17
3 13
1 12
0 0
1 0
21 1
5 10
0 6
16 5
6 17
10 10
18 2
6 0
4 21
22 14
9 16
9 6
12 2
21 9
4 15
6 2
5 15
21 8
4 1
17 17
0 9
12 21
5 2
15 10
18 0
17 21
15 13
0 22
5 20
19 21
17 6
15 2
20 0
13 16
6 11
22 22
16 16
13 11
12 11
11 16
15 6
11 2
5 6
