31 6 30
...........T....T..............
T.....T.......T....T...........
.T..................TT...T....T
..T..T.................T...T..T
...T.TT..........T....T........
..T..........T....T............
...T.........T....TT......T..T.
.............T....T.....T......
...............T.....T.........
............T.....T......T.T...
.T..T.................T........
.....T.T..TT...................
..TTTT................T.T......
..............T................
......T......T........T........
.T....T...T...............T.T..
............T..................
T........T.........T...T..T....
..............T.T......T.......
.....T.T.............TT........
.T..........T.T......T......T.T
....TT.............TT......T...
...T...T.T....T.......T...T...T
.....T...........T.............
....................T...TT.T...
.......T..............T........
..TT.......T..T...............T
..................T.T.T.....T..
...........T......TTT...T......
..........T.....T.........T....
.....TTT......T.T.T............
5 2
0 3
5 15
29 9
6 6
10 17
22 3
13 1
17 21
14 29
7 17
9 15
11 9
15 27
8 6
18 22
27 5
23 18
1 5
19 28
17 4
18 20
8 29
11 23
2 6
22 9
8 20
20 17
7 23
3 18
7 3
22 19
26 7
18 18
8 1
5 1
15 15
9 20
2 2
7 6
7 26
5 23
18 12
9 29
7 7
25 25
16 11
17 19
12 4
6 20
27 29
22 14
2 16
6 15
4 14
1 28
1 13
23 29
10 4
0 16
25 15
8 21
18 27
13 21
1 22
4 29
9 10
3 22
15 9
3 2
29 6
17 7
5 20
14 22
11 21
21 26
23 30
21 23
6 0
16 13
30 3
27 18
17 25
24 5
12 20
15 0
7 29
2 21
0 1
10 29
21 14
24 9
10 9
19 11
26 16
24 8
17 0
19 25
22 6
30 18
1 1
27 27
14 20
19 7
11 11
0 12
23 8
6 27
23 17
10 5
20 25
25 26
4 26
10 16
8 8
15 22
22 23
4 8
25 19
9 6
24 27
0 0
14 4
0 25
10 28
1 4
23 25
21 13
3 19
7 2
6 8
15 1
7 30
1 24
2 28
4 24
28 19
2 10
12 25
2 11
17 27
15 17
12 11
8 4
3 0
28 23
23 16
28 3
16 26
2 4
17 13
17 8
1 11
20 18
20 0
28 21
12 27
30 14
13 27
18 1
3 4
16 5
12 0
16 28
6 12
18 29
16 3
1 6
9 18
2 26
7 1
18 14
10 26
20 15
10 23
28 27
7 12
28 1
19 4
17 30
9 8
17 5
18 23
12 19
11 10
10 3
14 12
23 5
6 4
25 5
3 27
12 8
30 17
14 14
22 7
26 15
30 7
11 13
6 26
24 19
0 7
21 11
15 7
26 8
25 29
1 12
1 7
2 19
22 5
20 30
4 6
12 30
15 24
28 14
5 29
16 16
23 4
27 8
5 26
3 17
16 25
4 30
13 0
0 27
10 22
13 5
2 22
15 12
20 12
5 7
10 12
3 5
10 18
28 26
30 25
12 24
29 11
13 3
19 20
14 18
20 20
1 21
12 9
26 20
21 0
3 6
0 26
7 10
10 14
25 17
7 8
6 11
25 0
24 25
5 21
2 17
1 14
11 29
6 7
8 16
16 1
10 25
19 16
11 15
13 2
7 28
15 11
17 28
9 13
30 29
26 21
5 9
12 10
23 10
24 29
25 13
4 3
17 16
29 20
26 6
19 10
25 18
15 8
22 28
2 18
6 19
16 21
27 22
19 26
30 11
22 10
15 20
16 0
20 26
26 22
25 20
24 16
2 8
14 1
25 8
29 27
27 3
30 21
25 16
6 25
26 23
13 15
20 6
13 7
0 28
16 8
26 10
2 0
4 1
21 28
28 8
14 10
11 27
29 8
2 13
4 21
14 13
4 16
9 3
13 30
13 12
22 0
22 18
14 24
18 10
30 6
22 4
19 13
3 3
5 4
23 13
3 20
7 20
27 25
22 29
22 1
24 22
30 2
12 21
0 18
26 25
23 28
13 23
7 27
15 23
30 26
19 9
20 10
19 8
2 27
11 14
6 2
6 14
9 7
20 23
21 20
25 4
28 0
30 15
24 10
28 5
16 9
28 11
14 8
24 4
5 22
19 12
9 12
9 25
15 30
20 27
28 12
3 10
11 30
20 2
21 6
9 30
3 30
20 22
24 12
23 3
17 15
14 3
29 21
15 14
14 17
3 25
24 14
28 16
14 23
15 28
30 5
3 9
30 24
23 6
8 7
29 14
0 8
9 26
5 3
28 29
18 16
8 28
22 21
10 6
29 0
10 11
27 2
8 3
5 11
9 11
24 6
18 11
12 26
3 14
13 13
29 12
23 24
6 23
6 5
29 13
19 22
18 2
13 24
13 8
23 22
5 6
17 29
21 30
26 28
13 25
12 7
17 18
17 22
20 3
24 11
6 17
15 25
29 17
5 30
4 19
21 22
25 10
0 6
11 6
30 22
28 30
15 18
8 9
0 30
17 23
7 11
24 13
28 22
21 16
20 8
9 19
23 27
12 28
5 25
26 17
10 24
19 5
12 16
4 11
26 5
21 19
17 3
27 4
13 26
20 11
5 19
14 6
24 1
16 30
13 16
25 14
7 9
6 29
2 1
14 26
25 22
13 22
22 27
7 15
6 18
2 12
13 17
0 19
15 5
18 8
26 29
21 5
25 9
27 21
6 28
22 17
27 6
5 24
11 3
26 14
29 3
25 24
14 28
27 12
0 14
23 7
15 26
19 29
12 17
16 29
2 20
24 7
5 28
11 7
14 7
21 27
28 4
30 16
20 5
30 30
4 15
0 13
19 30
24 17
9 5
7 21
14 16
19 14
22 16
13 6
4 22
8 19
9 16
23 11
23 20
13 4
20 24
17 2
29 5
2 23
23 23
16 15
11 24
28 20
12 3
8 13
29 30
19 17
30 23
17 6
25 23
19 18
6 10
7 14
27 15
6 30
23 21
0 9
2 30
10 2
4 13
13 20
12 6
12 1
5 16
24 20
12 23
6 1
25 30
7 18
9 17
14 0
25 27
0 22
13 9
3 26
24 28
10 19
14 21
16 27
13 28
28 2
7 16
18 21
29 10
11 18
9 14
23 9
22 26
24 3
15 19
4 10
12 15
3 23
25 11
11 12
21 7
11 4
2 5
7 4
4 18
21 15
16 19
29 4
1 9
15 16
26 4
26 9
5 8
10 27
26 2
29 28
29 22
23 15
12 12
12 13
16 17
13 29
1 17
6 13
27 16
27 1
14 25
3 8
29 23
10 13
5 18
25 7
27 7
8 2
28 10
21 24
27 11
0 29
19 19
15 3
30 1
11 8
1 10
11 26
4 23
25 12
15 2
27 26
7 24
27 13
9 0
0 24
16 4
19 24
20 21
0 21
20 19
11 1
7 0
1 2
21 29
18 5
29 16
9 21
11 16
23 0
16 23
7 25
18 17
22 8
8 26
7 22
5 14
27 10
8 24
21 25
11 2
2 24
8 0
10 0
6 3
22 15
16 24
24 24
26 0
19 0
0 23
26 11
16 18
16 22
19 15
27 23
23 2
29 2
29 25
4 0
15 10
30 28
27 17
18 25
30 0
15 21
25 1
27 30
5 12
18 26
28 25
23 14
25 21
28 6
13 10
22 13
20 29
3 28
20 4
20 14
17 12
15 6
21 4
19 1
21 10
24 23
6 21
20 28
11 28
9 23
17 9
21 18
20 7
18 28
4 7
11 5
30 9
17 10
4 4
29 29
30 8
17 20
26 19
21 9
5 13
3 24
12 5
2 3
28 17
17 11
4 28
27 9
8 25
18 4
23 19
28 24
24 18
0 11
11 22
21 1
1 19
0 5
2 7
19 21
9 28
16 7
1 16
23 1
1 15
30 19
21 17
26 27
8 22
19 6
1 25
28 13
14 2
15 29
16 10
3 7
15 4
21 12
30 13
13 19
13 14
20 9
1 30
30 4
22 30
22 2
14 11
27 24
1 29
18 15
10 30
11 0
29 18
8 17
0 4
26 18
22 24
13 11
26 12
10 8
0 2
14 15
25 3
4 25
3 1
1 0
4 20
20 1
18 7
20 16
18 3
30 12
9 4
29 15
1 23
14 30
2 15
17 17
17 14
18 13
12 2
2 9
27 19
22 12
19 2
26 1
29 26
28 9
16 12
11 25
7 5
18 6
19 3
10 1
21 2
24 21
10 21
10 7
1 3
19 23
15 13
2 14
29 1
26 13
25 28
5 17
22 11
9 1
5 5
0 10
17 26
1 8
8 14
1 26
8 15
24 2
20 13
24 15
18 19
26 3
21 21
18 24
2 25
10 10
26 30
16 6
8 30
0 20
28 15
13 18
4 17
12 29
11 17
1 20
27 14
7 19
24 30
4 12
18 9
23 26
29 19
3 15
16 20
30 27
21 8
0 17
7 13
24 0
29 7
3 29
25 2
9 27
2 29
26 24
11 19
9 9
9 2
3 13
27 28
29 24
8 10
14 27
16 2
12 18
10 20
8 27
6 9
22 22
18 30
22 25
3 11
30 20
3 21
3 16
27 0
5 27
9 22
10 15
5 0
16 14
6 24
26 26
9 24
14 5
1 18
28 18
12 22
11 20
27 20
12 14
6 22
14 9
6 16
23 12
28 28
30 10
8 5
8 18
17 1
19 27
14 19
24 26
1 27
25 6
5 10
17 24
8 12
4 27
4 9
21 3
18 0
4 5
4 2
22 20
8 11
28 7
8 23
3 12
