26 21 17
....................T...T.
.........T..T.....TT.T....
TT...TT...T.............T.
.TTT...................T..
......T..T.......T...T..TT
T........T.......T..T.....
...T.........T............
....TT....................
...T......T.....T.........
.T....T...................
TT..........T.............
....T........T.........T..
...T.......T............T.
.....T..T....T.T..........
...T..T.T.........T.T.....
.T........T......T....TT..
................T.....T...
T.........................
....T........T.T........T.
..T.......................
T....................T....
...........T..............
....T............T......T.
..............TT.....T....
..T.....T................T
T.....T....TT..T.....T.T.T
2 25
23 16
0 23
5 17
20 16
13 5
3 12
24 17
24 23
24 9
5 6
13 25
5 9
12 0
6 24
2 18
9 6
12 3
19 24
7 6
4 0
0 3
22 18
12 22
15 6
12 1
0 15
11 8
19 19
16 25
24 12
12 14
7 0
22 25
1 15
2 1
2 23
21 1
8 12
4 2
20 2
23 14
12 8
1 4
12 12
6 22
15 13
10 1
9 19
13 13
11 13
18 12
11 25
21 20
11 22
20 21
13 10
21 19
20 13
6 1
0 0
1 2
18 21
6 7
7 11
17 1
14 12
24 0
24 7
12 21
17 0
0 9
23 9
2 0
20 24
6 12
25 21
17 23
11 17
13 20
15 10
1 12
11 14
10 11
3 14
24 25
17 20
15 18
8 21
25 19
2 9
18 4
13 6
12 17
4 3
2 15
21 6
4 24
6 11
17 12
3 22
10 21
14 20
0 5
9 12
6 19
2 17
21 4
11 11
4 10
14 15
14 3
3 0
1 7
0 17
9 22
17 8
2 8
9 2
21 18
20 6
0 12
15 8
1 5
25 11
5 14
20 9
17 7
11 1
13 17
10 14
22 20
16 9
23 13
4 6
21 7
10 15
9 15
0 16
14 23
15 16
13 16
9 9
13 24
3 21
18 3
25 18
22 4
8 1
1 21
8 2
4 16
1 1
19 21
16 5
13 9
16 17
17 25
20 3
1 24
8 22
1 20
4 19
0 1
9 5
10 23
13 14
1 14
4 23
6 16
11 6
25 6
13 4
7 21
11 16
23 6
9 3
9 16
3 20
14 21
17 2
18 9
15 14
6 23
5 10
18 14
24 3
2 22
3 4
17 3
16 15
3 25
14 17
9 23
9 25
25 23
18 18
19 22
8 15
2 24
15 22
14 25
3 7
22 17
13 21
17 13
25 24
5 19
11 9
23 18
4 25
12 16
22 3
10 22
24 19
18 5
8 6
2 2
13 23
3 2
10 3
10 17
24 10
9 13
24 22
19 20
25 1
25 10
15 5
2 13
24 8
18 23
12 24
12 13
16 0
2 10
17 6
24 18
1 13
16 18
14 18
12 2
4 9
7 17
0 11
23 4
14 11
25 14
2 11
7 23
8 25
19 10
22 9
13 0
2 16
1 18
20 17
20 11
16 13
23 15
5 4
23 23
5 8
15 19
11 0
9 11
17 22
24 21
9 8
18 0
0 14
2 20
15 0
17 16
4 21
10 10
1 6
3 15
10 4
18 15
0 22
0 24
20 10
23 21
21 15
0 25
7 10
20 5
18 11
10 13
16 16
25 22
5 23
4 12
19 12
7 1
15 17
1 11
9 24
14 4
17 11
4 7
24 20
17 10
20 4
14 14
24 4
15 23
23 24
16 14
20 20
17 5
16 3
5 7
0 2
1 8
16 8
14 10
20 0
13 7
8 16
13 2
8 10
11 15
19 14
11 24
7 2
9 14
3 3
18 1
20 15
7 3
3 1
24 16
23 7
13 11
21 8
10 0
9 10
23 25
7 18
8 18
20 18
23 11
16 23
15 20
3 23
10 2
1 19
6 8
18 19
19 17
12 19
23 19
2 7
6 10
7 24
7 7
7 9
14 2
22 13
21 16
6 21
22 0
3 13
10 9
11 4
23 10
8 24
1 23
17 17
5 16
14 24
24 1
6 18
7 13
25 15
25 7
21 9
5 12
23 17
24 24
21 2
1 25
4 17
19 1
19 3
16 2
3 5
16 22
16 24
7 5
21 12
0 6
5 18
14 5
14 1
24 15
9 21
23 0
4 4
4 22
23 3
12 10
14 9
20 23
3 19
18 8
16 1
15 4
7 19
1 9
2 6
9 17
24 5
11 21
22 8
6 0
16 19
3 8
6 6
18 17
10 7
6 13
19 6
17 4
13 19
14 0
21 21
8 23
25 16
10 8
21 24
7 4
12 4
19 18
15 11
15 12
21 0
12 11
8 4
17 14
11 19
8 13
25 9
22 1
19 5
20 1
13 12
1 16
22 2
20 14
25 12
5 25
10 20
19 15
4 13
25 13
14 6
4 8
16 12
25 3
24 6
15 1
24 11
10 5
11 10
2 3
18 24
23 5
13 3
18 20
2 4
5 20
18 10
18 2
0 10
7 22
5 15
21 23
8 5
4 15
4 18
10 24
21 14
8 11
18 13
22 15
16 21
18 6
7 12
21 11
2 21
9 4
11 12
19 25
23 20
6 2
25 20
4 20
22 7
0 19
3 10
3 17
3 18
20 22
17 18
9 18
0 7
12 9
19 2
25 5
7 8
13 18
1 10
12 5
25 8
23 12
17 21
5 24
16 6
14 19
10 12
4 5
14 22
8 19
13 15
14 13
17 9
15 25
21 25
6 15
10 19
12 25
7 14
2 5
6 25
14 8
0 21
1 0
23 22
12 18
21 10
16 11
21 13
23 1
8 9
11 5
22 10
22 16
20 19
5 1
7 20
23 8
5 11
22 11
19 13
19 0
12 6
6 9
1 3
10 6
13 1
11 7
5 21
11 2
0 4
4 1
9 1
16 4
5 22
22 24
18 7
8 17
4 11
15 2
14 7
12 20
25 25
9 7
9 20
9 0
4 14
0 20
21 3
11 20
3 6
8 0
3 16
17 19
19 8
21 22
0 18
1 17
2 14
17 24
2 12
8 20
11 3
15 24
11 23
15 3
6 3
24 2
22 5
22 22
19 9
15 21
7 25
22 19
12 15
5 13
13 22
22 12
6 5
12 23
7 15
21 5
3 9
25 2
20 7
16 7
15 7
18 25
5 3
7 16
20 12
16 10
8 3
8 14
6 17
10 18
22 14
15 15
22 21
1 22
24 13
19 16
17 15
11 18
19 7
25 0
6 4
3 11
25 4
19 11
6 20
18 22
25 17
5 5
24 14
13 8
22 6
23 2
0 8
3 24
6 14
8 7
20 8
5 2
2 19
21 17
12 7
16 20
22 23
19 4
10 25
20 25
19 23
18 16
15 9
8 8
5 0
10 16
14 16
