21 19 10
......T.T............
.....TT...T.T..T.T...
.T...................
....T...T.T..........
....T..........T.....
...............T.....
.....................
T........T...........
........T....T.......
...................T.
.......T.......T..T..
.......T......T...T..
..TT........T.T......
T.........T.T........
.T...T...T...........
.....T.T.............
.......TT........T...
................T....
.....................
...............T.....
...............T.....
7 8
7 12
11 17
6 20
1 0
3 18
6 10
2 14
2 18
6 7
0 6
12 0
16 12
4 7
16 18
20 17
12 16
6 15
12 18
0 20
11 14
19 16
18 19
15 20
6 16
1 6
19 9
0 16
14 10
0 5
16 10
18 15
17 11
3 5
4 10
4 16
3 6
12 13
7 13
14 20
16 9
13 3
9 3
0 15
2 10
2 15
18 12
2 7
8 2
20 2
2 9
6 13
0 8
17 10
20 8
16 14
5 6
10 20
9 4
6 3
10 0
4 17
20 14
8 16
0 11
7 16
17 14
17 0
16 3
6 0
12 1
19 2
0 19
20 10
9 15
5 16
15 10
8 15
6 12
13 18
10 8
2 3
7 3
10 1
13 8
1 17
7 17
1 20
11 20
14 2
2 8
6 17
14 7
3 10
5 5
8 0
7 18
10 6
1 10
10 9
11 16
0 17
7 7
8 12
15 5
9 1
13 20
15 19
7 10
2 20
16 19
5 10
9 16
9 17
13 1
11 4
11 11
9 8
18 2
9 0
18 3
5 7
13 0
17 12
13 14
3 0
8 3
15 13
2 16
6 6
4 4
5 11
15 14
8 10
17 5
17 18
16 17
3 1
16 0
6 19
9 2
5 4
19 3
4 9
3 8
18 16
1 9
1 3
5 1
18 0
11 1
0 0
11 6
0 7
7 0
13 2
11 8
2 5
6 9
12 7
6 4
8 11
20 6
9 11
3 9
11 0
5 0
1 5
16 4
10 7
14 19
12 2
10 12
8 19
5 17
18 10
11 3
18 7
12 3
7 6
3 20
11 7
14 9
9 14
15 15
13 12
14 14
17 15
13 15
4 12
11 13
0 12
5 18
9 7
7 11
19 19
14 8
4 5
5 12
10 11
9 12
11 5
15 2
13 16
3 2
0 14
3 14
20 12
11 15
3 11
20 11
1 12
4 1
8 9
8 18
6 14
2 13
19 13
9 20
20 16
20 15
8 17
16 5
5 9
19 4
10 5
8 8
15 17
2 12
4 8
13 7
0 18
2 0
14 15
1 7
1 1
11 10
12 11
20 20
18 9
5 19
4 3
14 6
16 20
15 6
15 12
19 15
7 20
4 11
3 16
10 16
6 5
17 20
20 1
15 16
18 8
0 9
17 19
16 8
18 14
4 13
18 18
14 17
18 1
1 4
7 5
10 14
13 10
3 3
9 18
16 6
4 20
2 11
11 12
13 4
12 14
15 0
20 4
7 9
1 19
14 11
17 6
16 2
8 5
9 10
15 1
8 7
15 11
6 2
7 4
14 4
5 13
11 19
17 16
8 1
11 2
11 18
19 5
1 13
1 14
9 19
20 3
10 3
12 10
2 6
14 1
19 6
5 8
17 9
9 6
16 15
2 17
17 7
10 4
19 10
1 2
3 4
16 13
18 6
3 7
2 1
19 0
18 13
12 8
14 5
1 8
12 4
7 14
15 7
10 17
13 19
20 5
3 13
19 12
18 17
15 4
20 9
11 9
20 0
8 20
0 13
8 4
6 1
19 17
16 11
14 3
16 1
1 16
6 11
17 3
12 20
14 12
18 20
6 18
19 7
14 18
19 14
19 18
7 19
16 16
12 17
2 4
0 3
7 2
20 7
4 2
2 2
20 18
10 2
5 14
4 15
9 5
8 14
17 17
7 15
17 8
18 4
5 15
4 14
12 5
0 4
17 13
12 15
3 12
13 13
17 2
6 8
13 9
4 6
19 1
16 7
3 15
12 6
15 8
18 11
5 3
20 19
4 18
12 9
4 19
18 5
15 9
17 1
1 15
19 20
10 19
5 20
1 11
19 8
13 11
9 13
20 13
10 15
9 9
12 19
14 0
13 5
15 18
1 18
19 11
14 13
8 6
17 4
13 17
7 1
14 16
3 19
0 1
8 13
15 3
0 2
10 13
12 12
10 18
13 6
4 0
2 19
5 2
10 10
3 17
