35 10 17
........T..........T.............T.
T.....T.T..........................
......T.T...TT..............T....T.
.......T...........................
..T.T...T............T............T
...................T....TT.......TT
...T.......T..T....................
T..T........................T......
..............T............T.T.....
....T...T..T.......T...............
......................T............
......T...........T.......T........
.T..........TT......T.....T........
T.TT.....T...................T.....
...........................T.T.....
T......................TT..........
T..........T..T...T................
.........T....T..T...T.............
T....TT...........T....T...........
............T...T..T...............
...T...................T...........
...........T................T......
...T...............................
...........T..T.....T..............
....T...TT...........T............T
......T............................
....T....................T.........
.............T....T......T.....T...
..........T...T........TT.....T....
...................................
.........T.T................T.T....
......T..T.T..T..T..TT.....T..T....
T....................T...T.........
.....T...........T.............T...
.T...........................T.....
5 1
3 27
17 6
14 3
27 18
25 24
11 19
27 27
13 13
25 8
9 31
14 4
7 27
12 23
8 20
6 20
12 9
22 30
24 9
3 5
34 29
12 34
3 16
9 24
18 5
12 18
4 13
9 21
20 14
6 26
4 0
32 2
13 10
28 34
8 3
5 25
16 30
2 31
2 23
2 24
0 19
15 34
13 11
33 33
21 2
29 32
27 19
2 15
17 28
30 13
17 20
12 29
33 26
8 13
15 19
34 23
9 27
33 24
26 31
8 7
27 30
30 21
23 21
30 7
27 3
28 6
27 2
31 7
12 21
2 27
5 31
30 20
23 27
16 2
1 31
29 0
15 29
33 31
13 29
5 22
10 9
25 2
3 30
23 15
24 17
5 32
5 4
13 5
13 8
30 34
26 20
17 26
32 29
12 25
9 23
12 27
7 24
7 33
21 11
10 13
1 22
10 21
33 20
6 27
28 17
13 1
18 2
24 24
0 22
11 4
18 12
27 20
14 21
10 25
34 6
22 31
13 28
27 32
14 34
25 31
31 29
23 12
32 15
5 11
26 19
15 6
16 22
19 32
28 28
30 14
19 33
29 14
0 34
12 14
12 16
14 25
33 32
27 11
33 27
0 29
12 22
14 32
18 13
23 5
24 14
30 25
33 29
19 30
30 33
15 14
9 22
34 22
13 2
33 14
32 12
13 34
0 16
17 16
4 17
27 17
28 10
30 17
12 26
9 25
29 10
33 10
1 9
19 11
18 0
27 5
10 8
23 1
14 31
25 4
29 18
8 32
17 29
18 17
27 25
10 3
1 8
0 23
2 12
8 10
22 15
20 34
30 12
1 26
17 0
29 12
8 11
13 9
32 26
14 7
5 8
30 5
9 17
9 30
29 16
28 19
15 9
7 26
1 0
8 8
0 32
30 32
27 6
6 1
27 29
4 16
21 4
21 21
2 10
19 26
3 28
33 3
3 18
14 27
15 25
9 10
24 18
5 28
8 15
13 24
12 19
4 20
2 8
32 10
30 26
9 19
33 2
33 11
19 1
1 2
19 18
7 21
31 0
23 11
2 11
11 9
17 4
25 13
22 12
19 3
1 17
5 12
20 9
16 17
10 31
0 3
30 9
5 7
1 21
11 6
18 24
20 27
12 31
20 24
7 29
15 5
0 6
0 27
18 16
24 0
8 27
14 6
6 34
20 1
24 7
5 26
4 15
10 18
17 34
20 23
16 9
34 5
19 34
7 28
19 6
10 0
10 17
19 9
17 25
6 4
22 6
12 13
31 10
28 29
14 24
12 15
21 13
23 9
9 3
11 26
23 17
5 34
32 31
19 23
34 26
26 26
21 5
26 8
20 0
20 11
23 33
2 6
24 5
21 17
20 19
1 28
0 1
28 33
31 28
7 12
18 28
5 14
9 8
23 4
18 4
8 18
14 0
19 22
26 12
9 6
32 7
12 11
6 29
7 34
7 31
20 18
1 18
22 33
11 28
19 17
34 7
23 7
22 34
33 9
14 18
23 31
0 0
7 0
16 31
34 9
12 2
28 32
20 17
6 3
26 5
11 13
6 10
2 32
28 27
17 1
26 24
9 13
11 14
30 6
32 25
14 20
15 15
19 24
14 11
11 10
9 16
13 6
20 4
10 11
32 1
23 28
8 26
20 30
24 27
21 29
5 6
31 9
13 12
34 34
28 18
9 20
12 3
23 22
10 5
17 13
11 18
25 19
25 28
34 14
9 34
16 13
0 9
1 24
34 27
12 1
10 29
27 22
25 16
29 17
11 16
25 10
24 23
0 33
22 14
21 20
3 26
33 28
6 30
31 30
11 25
28 20
3 34
22 8
2 2
21 14
26 33
1 16
18 34
24 26
8 24
22 13
22 5
4 26
1 3
2 16
32 24
6 6
7 20
23 25
10 34
13 25
24 12
29 29
13 3
2 29
7 3
3 1
29 3
32 16
19 8
3 24
4 7
13 15
34 10
15 28
23 20
3 9
18 6
16 29
11 30
6 18
1 27
28 9
15 13
5 33
14 33
8 2
16 6
0 15
25 5
29 15
6 16
12 30
27 26
17 5
29 27
22 24
31 20
21 7
10 2
5 15
26 21
10 32
31 22
7 13
34 12
6 21
34 17
31 18
7 18
31 8
30 2
28 1
22 0
18 21
5 10
26 13
17 32
25 6
26 22
30 16
10 20
21 8
11 33
10 33
16 1
27 9
24 25
15 26
27 1
22 22
21 3
25 21
3 25
10 24
21 27
5 27
28 26
6 17
16 24
11 3
17 9
31 17
6 2
22 10
18 8
4 18
30 30
2 17
29 23
29 4
4 14
5 30
4 1
21 23
22 28
9 9
7 9
22 11
28 16
11 0
21 26
9 28
5 5
11 29
15 4
0 30
22 20
28 31
3 19
24 16
9 32
4 27
17 15
23 32
27 14
8 0
6 15
26 17
21 16
10 12
21 9
20 16
24 1
14 5
11 11
24 30
32 18
5 23
31 2
15 23
14 30
29 8
4 30
25 18
12 17
9 5
32 21
30 19
13 27
23 10
15 11
28 21
20 31
21 18
32 32
32 13
28 30
4 29
17 23
8 4
15 27
6 11
10 4
3 2
34 15
24 15
15 17
11 31
26 7
25 33
27 23
21 0
16 8
31 11
20 26
16 27
3 14
7 1
4 32
15 31
21 1
31 33
10 28
19 10
8 28
1 23
11 1
14 22
18 19
29 1
19 13
12 6
2 0
18 10
26 25
3 11
10 30
31 1
6 31
25 32
31 34
19 25
10 26
11 7
11 22
16 34
19 0
28 3
31 16
20 10
17 18
8 16
25 7
24 34
25 34
18 3
15 0
13 32
11 17
31 31
20 32
14 23
1 32
27 24
4 19
0 7
20 2
14 1
11 21
28 2
22 4
22 18
13 18
20 13
2 18
19 19
7 19
13 31
24 21
4 10
29 7
6 22
33 4
19 5
24 8
30 28
21 33
27 28
2 9
12 5
25 20
33 13
32 17
2 1
26 2
30 22
29 22
5 0
6 8
26 11
16 32
12 28
33 18
31 3
5 3
19 21
9 0
23 3
9 7
27 15
22 23
3 33
4 21
31 32
32 11
28 22
9 14
28 12
21 24
0 31
25 9
30 29
2 25
2 33
24 4
34 13
34 19
0 4
15 1
5 19
31 19
24 13
19 7
5 9
30 3
26 10
32 22
25 23
15 21
16 10
30 27
28 5
3 17
17 2
23 0
24 28
14 16
30 10
29 28
16 7
28 25
28 14
10 27
13 14
11 5
26 0
28 4
23 30
15 32
20 28
30 18
8 23
27 31
7 30
0 21
21 10
32 28
15 33
27 7
26 15
31 5
18 31
29 31
33 7
25 17
17 11
0 2
3 31
13 26
18 22
24 20
15 20
18 14
9 11
23 24
4 4
17 27
25 25
34 33
18 26
7 6
1 20
34 20
31 26
21 31
30 15
13 33
34 30
16 21
4 9
14 14
15 10
16 15
3 32
24 22
9 18
33 12
17 7
18 7
5 21
20 33
34 2
11 34
27 12
16 3
5 2
11 15
1 6
31 12
18 30
21 22
3 22
31 21
14 9
2 26
20 7
33 8
29 2
3 13
2 34
12 12
17 33
5 18
10 22
32 34
5 20
20 6
26 1
28 13
2 13
19 31
12 10
25 22
29 19
14 8
30 1
34 16
8 6
2 21
13 4
6 33
31 4
8 21
25 3
27 16
15 8
27 8
27 0
29 5
4 8
25 1
15 7
28 11
24 31
3 21
21 32
23 6
0 8
34 32
20 22
25 30
30 11
22 25
16 16
15 12
14 19
2 20
3 4
24 10
29 9
7 10
1 25
15 3
8 9
4 6
11 12
14 28
12 33
10 10
16 20
13 23
1 14
32 30
14 15
23 2
28 7
19 15
23 14
1 33
3 20
34 24
23 8
7 11
26 32
7 5
15 30
4 28
17 21
1 1
16 0
22 32
34 18
13 20
22 16
25 27
2 3
3 8
5 16
26 6
19 4
18 1
4 24
22 21
8 22
17 30
25 14
0 11
3 23
20 20
31 23
0 25
4 31
33 21
4 3
28 8
29 13
7 22
9 1
3 0
32 3
21 28
7 7
17 14
14 10
9 12
8 1
21 12
22 9
26 28
19 2
30 31
2 22
5 13
5 17
23 34
22 27
7 25
26 4
12 24
18 15
26 29
0 18
16 12
12 20
26 34
34 4
26 18
13 30
32 33
28 0
14 13
6 9
19 14
17 10
25 11
33 23
33 22
11 32
16 4
29 24
29 6
33 17
8 31
18 9
10 7
28 15
18 20
31 24
8 30
9 33
8 29
32 23
7 4
3 7
0 14
0 20
13 19
28 23
2 28
31 13
21 34
1 13
9 15
33 1
21 25
22 7
2 4
24 3
6 28
22 3
10 6
16 23
26 30
18 33
25 15
30 23
3 29
8 33
17 24
13 16
26 23
15 18
9 26
32 0
26 14
3 15
11 23
21 6
3 3
13 22
18 27
8 17
11 27
25 0
16 25
6 5
10 23
26 27
23 23
22 29
19 20
17 3
23 18
12 4
23 16
9 4
6 12
6 24
20 8
22 19
29 33
23 19
12 7
10 1
17 12
18 18
8 19
24 11
6 25
8 14
9 29
18 11
20 21
8 25
19 29
6 19
21 19
27 4
17 22
33 19
1 5
30 24
27 10
4 11
24 32
32 9
16 33
4 12
16 18
32 27
11 2
33 34
16 26
1 7
16 11
7 32
3 12
19 12
10 16
7 16
7 17
11 8
25 12
31 6
34 31
30 4
18 25
6 23
7 2
32 8
17 19
18 29
12 0
16 28
12 32
1 4
29 34
31 25
24 29
13 7
32 20
1 34
2 7
8 5
0 28
1 30
14 17
20 29
32 4
27 13
14 2
31 14
26 9
20 5
6 14
32 5
5 24
2 14
7 23
31 27
29 11
5 29
1 12
0 24
24 2
34 0
23 26
24 33
18 32
17 8
14 12
15 24
29 20
7 14
6 32
13 0
2 5
33 0
2 19
18 23
30 8
24 19
15 22
1 10
13 21
15 16
33 30
7 15
28 24
3 10
15 2
23 29
0 12
0 13
29 30
32 6
2 30
10 14
8 34
14 29
19 16
6 13
9 2
11 20
34 11
19 28
19 27
26 3
25 29
22 2
3 6
12 8
33 6
10 15
21 15
1 11
29 25
26 16
1 15
23 13
16 5
34 21
0 5
17 17
17 31
22 17
34 3
13 17
20 15
33 16
20 25
1 19
33 15
4 2
32 14
0 10
34 8
34 1
16 14
33 5
10 19
4 23
27 21
25 26
22 1
20 3
27 33
11 24
16 19
31 15
4 33
21 30
1 29
20 12
32 19
7 8
4 22
27 34
6 7
30 0
29 26
6 0
34 25
29 21
14 26
0 26
8 12
4 25
34 28
4 34
22 26
24 6
4 5
33 25
