37 27 10
..........................T..........
.............T....T..................
..............................T.T....
......................T.......T......
.....................................
.............................T.......
......T..T....T....T.................
...................................T.
T.......T.T..........................
...T..........................T......
...........................T.........
.....................................
.....................................
............T.................T......
....T......T.........................
.....................................
....T......................T.........
.............T.......................
...........................T.........
.............................T.......
................T....................
.....................................
.....................................
..........T..T.....T.................
.......................T......T......
..................TT.................
.....................................
............................T........
.........T........T..................
.....................................
.....T.T.................T....T......
.................T........T..........
...T........T...........T............
......T..........................T...
.................T..........T........
...................T.T...............
..............T......................
2 2
34 2
13 4
20 10
28 9
32 3
27 30
26 19
24 17
9 10
27 9
20 18
19 5
20 22
30 24
17 21
25 12
14 24
34 12
8 25
21 32
16 22
3 33
30 5
16 20
6 28
1 32
30 7
31 5
29 9
30 30
35 31
1 21
35 10
17 33
5 14
13 17
21 31
24 31
35 28
27 35
18 5
21 3
15 11
33 19
22 1
20 12
27 12
9 5
29 8
23 18
9 34
24 9
19 36
12 3
3 5
30 32
1 14
12 17
9 19
0 36
19 7
17 26
33 12
21 36
10 35
16 8
27 0
3 35
30 1
10 16
26 29
7 20
27 29
4 20
7 33
25 27
9 12
28 34
7 3
4 25
16 13
2 36
15 26
36 26
10 34
33 7
22 18
15 36
35 36
13 23
20 9
10 1
17 0
10 21
34 8
19 2
1 1
18 20
29 17
6 21
21 21
36 31
2 13
26 13
5 21
1 31
3 0
36 21
35 2
16 27
17 1
32 21
31 13
24 32
21 25
10 26
12 21
23 33
35 24
2 10
18 32
12 35
2 28
22 34
20 17
7 7
32 12
3 21
0 17
11 18
24 25
15 19
32 24
22 30
18 12
3 12
3 25
34 33
12 5
2 11
25 6
24 10
8 33
36 23
26 36
15 29
27 32
9 4
9 18
6 4
25 26
31 12
23 4
13 1
10 15
17 19
23 28
25 3
10 10
27 19
18 9
33 29
25 22
19 12
4 22
2 18
14 19
20 0
22 28
10 6
4 21
24 14
22 15
20 25
31 18
5 17
0 14
28 29
17 22
12 36
31 9
22 36
27 15
1 36
26 2
35 33
27 26
21 33
19 0
16 35
19 35
29 19
11 34
23 20
6 35
14 36
13 14
5 26
19 1
5 34
9 0
9 35
0 13
16 3
11 19
17 4
4 35
25 8
24 34
9 9
2 9
30 17
27 24
27 31
21 2
0 6
23 0
23 5
36 27
3 27
18 6
19 26
0 26
1 5
20 30
4 5
29 27
22 8
9 2
36 28
26 18
25 10
17 8
20 29
27 17
31 33
5 2
16 5
28 28
27 22
2 6
8 11
30 35
10 22
9 8
15 30
8 4
4 15
22 5
20 15
19 3
17 23
17 27
31 3
0 7
14 17
29 3
6 3
8 32
22 6
33 9
8 26
31 6
23 30
8 29
16 31
28 35
31 7
25 23
33 18
0 4
17 13
8 12
11 21
28 36
9 15
3 17
14 20
0 24
3 31
7 13
3 3
15 16
35 35
4 33
20 31
7 22
15 10
26 17
28 19
20 13
22 26
22 10
28 10
12 13
17 12
14 1
13 16
32 32
35 3
7 30
28 32
27 2
28 1
32 30
22 4
24 12
22 12
34 1
32 0
22 32
17 7
18 33
20 21
2 1
22 21
21 18
34 24
2 15
4 34
24 1
0 9
11 7
33 5
4 29
15 20
12 11
32 20
13 5
23 12
8 34
35 11
5 31
27 34
6 25
23 29
6 9
6 30
21 34
32 4
6 36
23 11
11 33
22 27
14 8
13 29
1 20
29 0
4 7
18 31
2 27
11 8
22 17
36 7
1 15
14 9
10 23
15 34
21 1
20 36
35 19
31 0
25 0
31 23
34 23
30 20
10 14
11 4
7 10
30 16
20 14
27 28
3 16
0 2
8 8
16 2
32 29
14 6
5 3
25 21
4 30
30 29
20 34
30 10
33 28
11 13
36 0
18 11
30 13
27 5
28 16
13 33
11 17
18 1
34 22
30 8
15 25
11 29
25 35
2 30
24 22
14 10
28 24
23 9
0 31
6 32
25 11
16 1
32 9
30 14
34 11
28 18
23 21
2 14
16 7
32 23
10 9
21 4
4 10
35 22
6 17
2 33
0 19
34 27
28 25
19 24
2 19
30 18
36 14
33 27
35 25
11 0
31 21
6 22
30 31
14 14
17 5
23 3
6 16
34 13
12 9
7 36
34 25
32 16
33 11
14 5
11 35
0 30
36 30
10 19
12 28
31 4
10 33
25 31
33 25
14 3
12 12
15 18
10 31
22 13
19 23
31 31
7 0
23 15
1 19
13 30
11 10
5 19
28 23
6 7
13 7
20 33
18 29
14 27
30 2
17 32
17 30
26 30
16 18
28 12
12 34
6 10
32 8
13 32
5 36
10 20
9 11
32 2
33 4
10 0
29 32
21 5
20 1
8 6
19 10
30 4
25 34
5 1
22 0
11 16
2 0
20 8
28 21
24 33
34 6
30 23
0 35
33 1
4 11
29 7
28 20
17 28
4 14
7 2
34 34
5 23
32 33
10 17
21 30
35 30
3 10
34 7
34 20
6 33
2 21
29 15
26 25
18 14
0 23
4 13
1 33
22 23
7 34
31 24
36 20
33 22
19 17
23 25
5 30
24 4
28 5
2 32
2 8
1 2
3 34
11 22
25 33
25 14
24 21
14 25
9 14
11 11
0 32
11 20
9 31
8 7
30 12
29 26
30 36
11 9
33 31
22 24
20 4
4 18
33 17
25 18
29 12
4 24
1 27
36 1
35 23
17 15
4 28
12 2
29 2
26 10
10 7
21 7
3 7
18 19
13 8
19 13
8 13
8 19
26 15
14 31
4 36
32 35
23 8
8 1
23 13
1 25
16 6
27 21
20 16
29 23
36 24
30 9
18 22
14 35
12 19
26 12
1 30
8 15
33 16
18 18
6 5
18 3
0 15
4 12
6 1
30 0
26 26
24 13
28 27
5 15
14 2
25 32
12 31
24 35
1 16
9 36
15 12
4 23
26 23
9 28
19 34
22 14
11 26
2 31
22 25
23 31
3 14
13 26
0 20
21 17
36 29
29 25
3 1
27 8
23 6
35 29
6 2
33 26
12 4
4 8
15 5
11 36
6 8
9 26
16 25
29 10
17 18
0 10
12 14
8 9
36 12
36 13
13 25
16 17
15 3
7 6
11 6
34 29
26 11
9 17
10 28
34 10
10 27
16 33
2 17
33 2
27 20
29 28
4 6
23 23
31 28
8 10
29 34
2 16
15 24
1 10
13 12
24 27
12 29
8 17
21 0
28 3
26 1
20 35
29 29
17 25
35 0
15 17
29 31
32 7
9 13
15 2
10 24
33 20
19 18
8 31
14 18
32 18
3 15
28 13
36 35
35 14
11 3
16 28
35 15
29 33
19 30
30 11
24 6
36 17
18 23
15 33
20 28
17 31
29 35
26 31
35 21
31 16
6 11
7 25
11 5
27 3
24 3
21 15
17 14
28 8
2 5
11 2
16 26
9 7
27 23
27 33
24 19
34 0
16 30
6 27
13 22
1 17
18 27
24 2
36 6
33 14
32 25
26 4
14 28
6 24
16 4
22 19
14 26
7 23
17 2
7 29
33 6
22 11
1 11
7 24
2 25
8 22
23 14
36 34
6 18
32 14
21 28
1 4
18 36
10 12
6 15
13 0
1 7
15 14
28 11
12 27
9 29
5 33
26 7
35 12
20 5
2 29
33 30
6 19
14 16
15 15
36 10
0 1
6 29
36 36
32 34
11 12
35 16
11 1
3 13
5 11
4 4
20 11
3 2
18 26
33 8
20 6
18 7
33 10
20 23
30 3
13 6
32 13
6 12
1 26
26 6
5 32
16 36
19 14
14 33
28 30
12 30
5 16
36 33
16 15
10 3
12 15
27 36
2 24
26 5
10 30
2 3
31 14
7 15
7 27
30 26
7 1
26 3
21 9
15 9
23 16
16 0
24 29
35 20
8 20
28 22
18 16
34 18
17 3
32 1
26 34
25 13
5 12
25 1
9 22
5 7
22 29
8 21
12 8
14 7
5 22
17 17
17 24
24 5
32 6
4 19
26 20
17 11
18 0
13 21
15 1
8 3
17 6
17 9
10 4
7 28
7 12
3 8
30 6
33 13
10 36
23 36
28 33
31 26
12 1
1 9
13 35
11 14
5 25
20 7
30 25
3 4
32 26
9 25
31 10
21 26
3 22
22 16
5 4
14 13
36 15
17 35
0 27
18 15
27 27
11 25
9 32
18 17
20 26
31 1
28 26
19 32
1 29
17 16
20 19
3 29
5 35
7 21
34 31
18 13
34 26
24 0
5 8
15 32
16 16
21 22
13 9
19 20
12 23
21 35
14 22
24 24
26 21
30 34
15 28
9 30
13 28
31 36
35 26
10 5
3 11
12 7
8 23
31 25
15 4
30 22
12 26
19 22
18 28
6 13
24 23
13 15
26 32
12 25
21 10
23 17
33 21
27 10
19 16
21 20
5 18
4 3
29 6
16 32
0 16
36 2
4 9
5 9
10 8
4 27
29 5
18 34
7 26
36 11
11 30
8 27
6 23
27 7
2 20
32 10
16 21
14 4
29 30
1 12
28 15
34 21
32 36
7 32
10 11
6 31
10 32
35 9
18 4
32 5
7 14
26 27
36 19
23 27
15 35
4 2
7 19
3 23
7 17
23 2
20 3
4 0
0 33
29 16
6 26
2 23
29 14
8 16
10 13
7 8
9 20
15 0
26 0
16 29
16 24
11 15
19 19
24 36
20 32
0 3
25 17
29 22
11 28
3 32
13 18
5 29
22 22
4 1
13 24
0 25
29 1
19 11
33 34
7 16
30 21
35 5
4 17
22 7
12 24
36 9
12 22
28 7
27 14
1 8
19 8
1 3
25 5
13 34
19 31
34 36
22 33
31 30
35 27
9 6
31 15
3 26
21 8
15 22
30 15
21 24
28 6
29 24
25 30
33 24
34 9
29 18
32 27
23 26
15 7
21 19
27 1
25 25
30 33
19 4
25 28
35 4
6 6
36 32
2 4
15 13
26 28
23 19
31 17
27 11
18 35
4 16
25 2
16 12
9 24
31 22
36 4
11 23
32 19
5 27
22 9
23 10
8 5
18 2
35 32
8 28
34 3
7 31
12 33
25 29
10 25
25 19
3 6
0 22
8 24
8 30
22 35
7 4
24 30
3 28
7 35
34 16
16 34
25 24
2 12
34 35
21 6
11 31
17 34
19 15
14 12
32 22
35 18
31 32
35 13
19 9
31 35
24 28
18 21
33 36
23 1
32 11
36 16
21 27
7 9
5 0
11 24
33 32
6 0
9 16
26 14
13 2
29 36
33 35
26 24
16 9
26 35
18 25
18 10
4 31
25 7
24 26
14 29
5 13
31 20
17 10
9 21
22 2
20 2
30 19
34 5
5 24
23 22
35 6
35 7
24 20
15 31
9 23
28 2
12 18
29 20
9 33
32 28
15 23
8 14
19 6
9 1
17 36
24 16
34 4
21 11
30 27
33 3
10 2
2 26
14 34
12 16
13 20
14 30
6 20
5 5
13 13
23 34
27 4
20 24
1 34
33 23
7 11
16 19
22 3
1 13
4 26
30 28
31 19
29 4
17 20
14 15
15 27
36 3
17 29
32 15
33 33
13 3
19 27
25 4
34 28
21 12
35 17
1 18
0 21
16 23
14 23
12 32
36 18
8 18
13 31
23 24
7 18
25 20
27 16
16 14
34 15
18 30
32 17
13 19
19 33
35 1
12 20
12 6
3 24
8 35
0 28
35 34
12 0
23 35
18 8
11 32
32 31
13 10
2 35
0 8
29 13
5 28
6 14
31 2
23 32
36 8
22 20
16 11
5 20
21 23
1 6
25 16
33 0
26 8
11 27
3 18
14 0
20 20
26 9
2 22
34 14
1 28
24 18
7 5
27 25
16 10
0 12
31 34
19 29
5 10
31 11
8 2
21 16
19 25
23 7
15 21
5 6
0 29
3 36
28 4
13 11
27 13
6 34
25 36
28 17
29 11
34 19
28 31
21 29
14 11
18 24
15 6
2 34
1 22
0 0
26 22
10 29
4 32
3 19
25 15
35 8
25 9
27 6
21 14
14 21
34 30
24 15
1 24
34 17
8 36
2 7
28 14
26 33
10 18
13 36
19 21
36 5
9 27
3 9
31 8
1 35
29 21
13 27
14 32
33 15
24 11
0 11
24 8
0 5
24 7
21 13
12 10
3 20
0 34
36 22
20 27
26 16
34 32
9 3
22 31
8 0
19 28
15 8
3 30
27 18
31 29
31 27
1 23
28 0
36 25
1 0
