23 13 19
.T...T........T...T....
..T...T.....T.T.T.T....
..........T.......T....
T.TT..TT........T.TT...
...TT..T..........T.T..
.......................
...............T..TTT..
...........T..TT.T.....
...T.T..T.T..T........T
.......T....TT.........
.................T.....
.....T...............TT
.......T.....T......T..
...............T......T
....T.....T.TT......T.T
..............TT.......
.........T............T
...........T.T.........
.....T.T..T....T....TT.
......TT....T......T..T
.......T....TT.........
..................T....
......T.........T......
12 12
13 14
2 8
3 12
1 11
4 21
11 8
1 8
4 5
17 6
12 0
21 4
20 17
8 17
20 6
7 18
10 9
14 22
17 16
19 10
17 14
10 11
3 1
21 1
2 5
11 5
14 8
7 3
4 4
0 3
4 14
7 11
5 0
6 1
18 13
12 16
6 18
14 2
14 15
18 20
8 10
7 8
3 17
3 16
13 2
10 4
12 14
3 5
2 3
3 4
17 20
18 11
15 22
8 7
1 12
16 13
9 2
9 14
17 3
14 1
8 0
3 13
0 4
19 7
6 10
14 16
7 7
0 22
8 15
13 4
14 5
4 13
12 21
22 13
20 11
1 16
10 10
0 17
16 2
5 8
9 13
13 7
13 19
18 2
0 13
8 19
0 19
10 18
18 21
22 7
1 13
15 18
21 21
2 22
20 16
0 6
10 1
0 21
19 18
17 13
3 11
8 11
19 0
3 3
17 17
2 16
20 20
7 6
22 17
17 4
11 18
16 12
14 0
7 9
11 2
6 19
1 10
19 20
0 12
7 20
10 19
10 3
15 14
11 15
17 8
21 0
14 13
13 16
5 13
3 15
16 18
4 16
18 6
12 2
18 0
7 13
8 16
2 6
13 5
17 9
14 18
9 11
22 5
10 16
0 7
15 1
13 10
5 20
18 5
13 12
8 20
2 0
10 12
3 21
22 15
9 16
11 10
7 5
5 1
4 18
21 8
22 16
9 19
5 22
6 2
5 21
10 20
0 8
10 22
22 10
21 14
10 8
17 1
14 10
5 5
0 5
6 12
10 17
12 15
16 6
9 1
5 14
19 4
13 0
14 3
19 1
19 12
7 16
11 3
2 20
9 3
7 10
17 19
8 9
11 11
22 11
4 17
7 19
13 3
8 22
8 1
21 15
4 10
4 6
18 1
17 22
11 13
22 22
12 17
7 12
16 10
16 20
13 20
22 8
13 21
5 16
2 2
20 19
16 5
21 20
21 9
10 7
11 22
20 21
10 5
0 0
18 7
17 18
12 18
18 3
16 9
3 10
12 5
14 9
11 19
5 7
15 10
19 19
12 10
6 21
13 13
12 9
17 0
9 10
7 1
3 9
15 11
13 9
19 6
10 15
5 6
3 2
11 16
14 11
15 19
6 20
9 17
2 7
21 16
7 14
8 6
16 1
22 1
5 18
2 11
3 0
22 0
1 7
8 21
9 12
9 9
0 1
6 11
19 5
0 2
12 7
5 12
2 9
21 7
19 9
20 7
4 15
19 3
10 2
1 17
3 20
18 22
1 20
11 4
7 4
2 4
8 12
14 17
5 17
1 15
2 14
9 18
12 13
3 7
15 4
6 14
17 7
19 2
15 3
6 15
15 20
3 14
6 8
13 18
10 13
6 13
18 19
20 1
18 15
20 2
16 17
4 11
1 4
3 8
20 10
20 22
9 7
8 8
15 0
7 2
17 2
22 19
19 11
14 14
15 21
6 0
19 22
1 9
5 3
17 5
4 7
12 6
2 19
19 15
2 12
2 15
22 3
5 10
16 22
18 12
13 8
8 3
21 22
18 17
18 18
16 21
16 3
21 5
20 8
4 1
6 7
22 9
3 22
15 7
8 4
18 8
15 9
15 12
22 4
13 17
16 19
15 5
6 17
1 5
3 18
21 18
5 9
10 6
5 11
11 20
20 15
14 19
8 13
3 19
18 14
13 1
9 22
16 7
6 9
16 14
12 8
12 4
19 14
17 12
14 20
21 3
18 16
1 1
5 15
20 0
6 3
2 13
21 12
16 16
2 1
17 11
1 2
1 3
1 22
0 15
7 15
6 22
20 13
2 18
16 11
11 0
19 13
8 14
20 18
0 9
14 6
22 21
12 3
7 0
13 15
15 6
13 22
16 8
20 4
21 2
11 12
4 0
15 13
17 21
0 18
14 21
2 17
1 0
12 22
2 10
11 7
18 4
0 14
8 18
9 0
15 16
20 9
0 16
7 17
14 7
8 2
1 14
22 12
20 5
4 9
15 17
1 19
12 19
7 21
17 15
11 9
1 21
16 0
19 8
2 21
5 19
10 0
22 14
21 6
19 16
7 22
18 10
9 4
6 16
15 2
11 17
14 12
11 6
22 2
16 15
1 6
10 21
15 8
6 6
22 18
20 12
17 10
11 21
21 13
13 11
20 14
4 19
9 21
14 4
9 20
10 14
21 10
19 17
16 4
11 1
8 5
4 2
0 20
0 10
4 3
12 1
9 6
5 2
13 6
21 11
6 4
15 15
20 3
1 18
6 5
18 9
4 12
3 6
22 6
4 20
12 11
21 19
4 8
19 21
22 20
21 17
9 8
12 20
9 5
11 14
5 4
9 15
4 22
