35 16 18
.....T...T........T......T.T...T...
....T.....T.....T.....T..........TT
.T.T....T......T.........T.....T...
.........TT............T.T.....T..T
...T.......T......T..T...TT.....TT.
..T.....TT.T..T.......T.....T......
...T....................TT........T
...T.T................T....T.......
.........T...TT...TT...T.......T...
...TT.T.......T.....TT.T.........TT
.........T......T.....T.....T...TT.
..TT.......T........T.......T......
...................................
..................................T
.T........................T....TT.T
....TT..T.......T..T..............T
.........T...........T.....T.......
...........T...T...T...............
......................T......T...T.
...T...............TT..TT...T.....T
.............T...T.......T....T...T
...T...T....T..T.....T....T........
............T.......T...T..T...T...
T.T..................TT...T.....T..
............T..T.T.................
............T..T..T...TTT...T.T....
...T........T.T........T..........T
............T.....T.............TT.
TT.T....T.....T.T.......T.......T..
.......T...........T.T.............
.....T......T.T....T......T...TT...
.T....T.TT....T................T.T.
...TT.T................T......T.T..
..........T........TTT.............
.T......T....T.T..........T....T...
20 21
11 17
14 16
34 25
25 4
27 2
7 34
32 14
21 32
12 17
33 18
15 16
23 2
0 13
22 3
34 16
2 21
1 1
25 25
30 6
12 14
31 3
12 32
13 26
8 28
2 2
12 1
11 32
33 34
15 5
25 31
10 31
33 20
13 7
17 18
14 14
29 16
25 33
17 4
13 24
27 8
17 1
4 28
19 14
6 18
24 16
8 34
33 2
3 27
31 1
17 21
31 19
30 2
9 3
21 7
30 24
9 34
5 13
32 5
33 13
2 10
5 25
8 5
18 28
3 12
32 15
14 24
18 34
13 19
3 16
24 20
31 14
34 6
34 14
30 20
28 16
8 27
27 13
17 16
8 22
30 12
30 34
8 0
19 26
11 3
16 19
4 15
0 20
27 16
16 26
18 10
17 9
14 32
0 14
4 22
7 4
29 3
13 18
8 10
23 21
19 34
16 30
17 28
11 7
4 13
31 25
14 9
7 33
31 6
22 19
30 22
17 30
11 16
0 19
31 22
0 7
14 4
15 2
6 2
18 2
32 4
12 13
34 2
26 7
24 0
13 34
22 0
23 20
3 8
11 5
20 20
9 11
0 5
1 29
17 3
6 20
7 1
10 25
13 1
7 13
16 11
14 21
2 11
29 21
4 10
33 11
9 9
12 26
17 15
18 20
28 20
29 30
2 5
6 22
33 17
18 30
5 23
30 11
20 23
28 12
24 12
28 29
9 28
10 30
23 0
20 0
25 21
27 14
18 18
27 32
30 16
13 15
21 14
9 25
25 7
25 14
0 26
14 0
30 17
16 10
30 1
28 5
33 16
34 8
2 16
10 18
25 30
6 6
16 25
1 5
8 31
6 10
1 19
22 20
14 10
28 32
33 25
1 28
6 0
6 8
7 8
20 10
17 8
9 24
28 30
10 34
10 14
30 18
12 4
32 33
32 29
19 5
28 0
23 19
9 5
16 18
31 21
23 31
1 12
22 7
22 29
20 9
5 20
8 25
26 1
15 28
1 15
21 26
4 1
19 19
17 33
22 14
23 30
2 3
2 28
9 29
34 17
26 26
0 2
4 24
0 4
22 28
26 13
18 26
31 5
19 13
34 19
6 9
7 29
12 12
28 4
6 19
12 2
17 7
11 4
24 27
4 16
20 8
27 6
28 25
29 28
2 29
13 28
15 1
28 33
26 6
0 34
32 10
12 5
0 10
34 7
5 2
15 23
21 31
12 24
33 12
10 16
4 20
18 0
9 10
13 8
9 12
5 4
2 31
30 0
16 27
26 15
30 21
13 10
14 8
17 24
26 30
0 15
20 30
5 22
29 4
8 15
16 12
20 6
8 33
13 23
26 33
34 5
29 12
32 19
30 14
9 6
24 10
24 34
22 23
29 18
12 21
22 15
29 7
26 14
24 32
24 23
1 9
24 8
5 15
25 17
21 24
27 19
31 16
12 28
6 13
9 14
29 26
22 34
2 17
3 22
32 11
15 18
26 9
30 31
5 14
2 26
15 21
12 10
4 25
27 20
1 24
7 14
25 27
27 10
2 19
20 29
26 29
24 31
18 4
19 24
19 10
17 31
19 32
31 2
19 20
26 21
3 21
15 13
26 32
13 25
32 8
3 32
27 1
28 31
21 12
16 21
12 25
9 2
25 6
3 6
2 13
15 19
23 34
30 30
29 22
26 0
3 34
28 8
5 21
31 30
18 29
28 27
0 6
2 15
31 28
4 30
34 13
3 14
23 17
6 21
21 4
28 14
32 0
17 17
3 20
34 10
25 0
6 34
29 17
15 12
10 10
17 6
5 32
10 0
34 3
3 1
24 4
34 21
23 29
22 33
33 10
20 22
28 18
25 5
5 1
0 23
28 10
14 31
17 5
21 22
20 31
32 23
19 6
28 1
8 21
23 14
1 10
31 20
13 0
1 8
28 21
11 19
26 8
24 22
6 31
12 33
31 10
7 23
23 18
22 6
28 19
5 9
34 9
17 27
10 23
3 23
9 22
9 17
0 22
26 20
30 10
34 27
14 6
13 13
19 7
14 34
23 24
2 0
9 19
32 30
1 26
10 21
6 17
34 20
14 2
15 22
11 9
26 25
7 16
18 7
33 0
0 3
14 28
8 1
4 7
27 30
26 28
0 27
22 17
9 23
23 32
29 27
20 12
9 0
33 22
10 2
1 3
20 33
12 3
4 29
5 24
33 7
27 31
27 11
28 26
6 16
4 2
29 32
11 26
8 6
23 23
5 7
4 0
13 14
3 5
33 24
1 25
11 23
2 12
22 11
27 9
11 25
4 34
12 31
22 24
22 30
10 5
27 5
12 18
20 3
9 32
4 4
7 30
21 2
27 27
27 18
24 18
22 32
7 24
3 13
10 27
1 6
25 12
26 3
34 23
33 32
9 1
24 2
22 22
19 21
21 33
14 11
10 3
8 30
11 20
29 25
31 23
34 15
8 18
9 21
33 28
6 14
10 15
30 26
21 21
23 1
16 32
8 11
8 32
7 27
6 23
7 18
23 15
19 8
5 29
15 4
30 13
4 31
8 17
21 34
12 11
21 13
11 18
31 27
27 26
25 9
8 8
25 1
8 13
26 10
34 12
17 22
29 31
22 8
14 1
13 4
34 29
32 34
11 24
24 21
15 7
29 14
20 5
25 20
0 1
31 12
17 14
1 20
23 22
12 30
20 32
7 5
28 34
4 6
14 26
31 18
11 33
23 26
7 11
33 5
11 0
14 18
30 4
9 7
10 1
24 15
32 18
1 30
21 25
5 33
3 24
28 6
5 8
19 27
4 5
0 28
26 23
32 17
2 32
11 13
22 12
12 9
5 10
19 31
23 28
10 20
22 1
32 12
14 3
20 16
15 24
22 18
32 7
20 13
12 22
27 0
19 11
32 16
28 28
10 22
7 26
30 9
4 32
10 13
30 32
18 25
1 11
33 9
26 12
24 28
31 4
22 9
26 2
8 23
19 25
29 33
6 25
15 33
29 24
11 14
11 27
25 32
7 12
25 26
2 25
34 30
14 15
22 21
10 6
19 17
32 13
0 11
27 33
21 6
13 17
12 23
11 10
4 11
6 27
25 15
16 14
3 28
33 23
15 8
31 24
20 28
16 22
26 19
32 3
29 6
17 34
5 16
12 20
1 13
9 31
14 23
18 3
16 28
33 1
25 22
6 7
4 21
0 24
6 33
33 15
7 10
13 20
7 21
1 23
11 2
15 11
19 33
34 31
14 25
29 1
13 5
27 4
17 12
15 17
11 1
14 30
20 7
2 27
34 0
8 9
25 28
31 15
21 16
6 12
7 32
9 8
23 3
12 16
25 19
11 15
27 28
1 2
15 27
21 27
32 21
1 7
21 28
34 26
2 7
23 9
20 17
12 27
20 1
23 12
11 12
31 33
13 6
5 12
29 29
16 0
29 23
34 28
31 7
22 10
14 33
5 34
26 18
4 27
26 5
16 29
2 8
1 18
5 11
22 4
24 6
10 9
5 30
8 7
2 1
6 26
28 13
15 26
13 16
11 8
2 4
18 1
18 23
34 22
33 26
24 1
32 28
28 17
10 11
14 20
15 15
11 31
3 7
14 17
26 24
4 26
24 7
28 2
22 27
29 10
14 12
11 30
17 10
32 26
7 28
26 11
3 3
15 34
6 1
21 20
20 34
17 2
17 29
6 15
25 29
18 8
7 17
16 24
2 20
15 29
13 11
24 33
31 17
27 34
18 9
28 9
34 4
15 3
5 18
13 29
1 21
0 30
28 15
22 2
9 26
12 34
0 25
19 22
1 14
24 14
24 26
15 32
34 11
4 19
18 13
5 17
23 25
3 18
26 31
18 22
6 4
10 26
15 14
32 25
2 23
31 29
10 8
22 13
18 27
17 20
30 3
30 23
5 3
11 34
2 9
16 9
5 6
20 19
23 7
18 5
27 15
2 34
33 3
18 21
24 5
30 7
5 28
18 31
12 7
16 34
26 16
5 5
34 18
31 0
9 15
30 25
18 24
16 2
10 33
23 16
1 16
1 31
7 15
30 29
21 10
13 21
16 23
0 9
17 32
32 2
24 17
4 8
33 14
19 16
31 13
21 30
24 25
19 0
16 3
24 19
29 5
21 18
19 15
12 29
6 29
19 18
17 0
0 0
3 9
16 15
0 21
8 29
29 2
28 7
25 11
10 17
15 6
7 0
3 0
34 24
28 23
16 5
7 6
0 32
18 16
25 18
25 8
1 17
1 34
3 15
3 33
14 27
20 15
24 24
10 29
32 32
14 5
7 3
13 9
16 20
16 13
28 24
25 34
11 22
14 22
24 11
15 9
19 1
27 12
17 26
16 16
12 19
21 8
10 12
18 14
33 21
5 0
26 34
2 18
19 2
9 27
18 33
4 14
31 32
29 34
11 11
24 9
15 31
29 20
30 27
14 13
20 26
16 33
30 8
27 23
29 15
7 31
20 4
11 21
20 25
0 8
23 27
32 9
27 7
3 30
18 15
21 15
7 22
16 17
22 26
1 33
16 7
30 5
27 29
19 29
13 3
9 20
27 25
29 13
15 10
17 13
24 3
25 3
11 28
28 11
7 19
27 17
33 30
23 33
10 32
9 18
32 31
20 18
23 13
6 3
34 32
4 23
20 2
24 30
33 33
4 12
27 21
3 26
21 23
21 1
7 9
14 29
6 32
3 11
3 31
21 5
12 15
8 14
9 33
18 19
4 17
10 7
8 24
21 0
7 7
19 4
2 33
19 3
23 6
9 30
6 5
6 24
14 7
13 32
17 23
33 31
31 34
21 3
29 19
15 25
9 4
34 34
1 32
6 11
25 23
29 9
34 1
2 30
29 8
7 20
16 4
28 22
13 2
25 24
21 17
32 24
8 2
18 12
1 0
0 33
32 27
33 8
22 16
3 2
29 11
5 26
6 28
32 1
30 19
17 11
27 22
27 3
17 25
3 10
13 12
23 8
15 20
11 29
9 13
9 16
25 10
13 33
8 12
28 3
7 25
33 4
5 19
12 0
31 8
10 24
16 1
25 2
5 31
22 31
32 6
27 24
21 29
10 28
14 19
19 28
19 9
12 8
0 16
23 4
18 6
15 30
10 4
0 29
24 13
31 9
3 19
0 31
18 11
33 19
1 22
12 6
11 6
16 8
21 19
16 6
20 24
13 27
8 20
32 22
8 16
26 22
4 33
0 12
31 11
20 11
22 5
19 30
0 18
26 4
1 4
2 24
4 3
8 4
26 27
26 17
30 33
20 27
18 17
4 9
19 12
25 16
15 0
22 25
3 17
24 29
20 14
7 2
30 28
3 25
31 26
5 27
8 26
25 13
33 6
13 31
8 19
16 31
10 19
19 23
6 30
2 22
2 14
30 15
3 29
21 11
29 0
23 11
1 27
17 19
8 3
13 30
13 22
4 18
33 27
2 6
18 32
21 9
23 10
31 31
3 4
34 33
23 5
32 20
33 29
