31 1 8
...............................
.......T...T...................
.....T.......T.................
...............................
....................T......T...
...............................
.................T.....T.......
..........T..........T.........
...................T...T.T.....
.........T.T........T..........
...............................
..T.........T...........T..T...
...............................
................T..............
...............................
...............................
.............T.................
.........T.....................
..............................T
..TTT.T........................
...............................
...T..........T..............T.
...................T...........
......T..T........T............
.....T.....T...T..............T
........T................T.....
...............................
....................T..........
......T........................
....................TT.........
............................T..
11 2
13 0
21 8
23 6
0 11
18 12
19 6
16 8
16 13
17 2
8 10
19 27
19 21
26 13
12 8
28 24
26 5
15 19
9 20
0 18
27 27
15 10
2 9
14 3
30 20
8 19
4 17
2 23
23 23
28 0
25 26
28 14
0 20
6 12
18 26
30 9
4 14
6 20
14 10
23 8
30 19
5 13
6 14
7 4
6 6
19 18
23 20
28 21
15 28
15 4
25 20
12 28
2 11
24 25
9 17
0 29
17 11
11 3
13 1
4 29
13 25
9 0
12 30
14 21
17 15
11 16
23 16
4 19
17 19
17 8
13 19
22 11
2 28
5 0
12 1
10 16
8 14
4 11
26 14
18 0
22 24
29 28
0 26
28 8
2 3
30 24
24 30
30 8
7 17
30 16
1 1
1 8
8 7
5 8
21 10
13 3
24 14
8 13
23 22
18 17
2 17
5 10
14 12
14 17
29 29
1 9
24 18
4 21
30 27
18 6
14 28
27 11
23 27
18 9
22 4
0 16
23 19
4 25
4 8
26 19
22 3
13 29
11 15
7 9
7 23
7 5
12 16
29 27
22 29
27 22
16 19
24 20
30 30
17 10
30 5
17 1
16 22
5 20
9 10
8 8
22 8
13 9
1 20
5 29
2 24
1 22
9 25
20 10
7 24
23 24
16 5
2 25
23 0
11 25
27 8
25 29
25 22
13 13
7 11
28 23
26 7
15 13
9 14
15 5
13 14
15 29
11 5
29 1
11 12
2 27
2 8
17 4
17 25
26 28
25 16
18 8
26 17
5 24
11 21
7 29
19 10
26 8
3 17
2 6
17 7
0 3
17 14
1 7
13 4
23 9
11 24
14 20
9 6
11 7
27 24
2 4
26 29
1 21
21 19
15 6
19 19
16 0
18 15
21 1
29 11
29 24
10 10
8 20
25 11
10 18
23 30
21 30
6 15
28 30
7 7
0 24
25 18
13 28
2 14
25 14
4 0
14 1
20 12
20 27
20 16
9 3
20 1
5 14
0 10
23 7
29 23
26 27
7 27
27 14
24 6
6 28
24 19
21 16
15 15
20 14
10 9
14 9
29 19
22 9
13 8
30 6
7 13
1 14
3 29
4 9
15 17
11 8
17 30
12 11
24 28
1 10
27 28
30 14
7 25
19 7
18 1
3 7
9 26
1 30
22 30
2 15
27 30
28 28
1 11
22 19
28 4
27 12
0 27
27 6
3 21
7 14
25 7
18 19
21 6
24 10
16 11
11 19
11 11
0 8
7 21
18 13
9 28
21 26
10 2
12 25
26 24
23 15
10 3
22 12
13 2
30 17
20 9
6 29
2 10
17 20
27 25
12 2
7 1
16 23
6 13
26 0
19 13
28 3
9 21
16 26
26 4
10 28
16 24
22 16
19 30
28 25
29 30
11 29
8 3
29 16
8 11
13 21
6 17
6 27
12 19
19 14
0 14
8 1
7 28
16 28
14 27
8 24
21 4
26 26
26 18
4 7
18 28
21 22
12 12
0 22
27 10
22 15
24 4
14 19
18 24
12 29
11 6
18 23
23 1
17 13
27 15
2 22
15 2
20 21
1 5
24 1
30 3
22 22
18 14
4 23
7 30
12 3
9 8
4 16
4 1
19 20
21 9
11 10
18 20
2 13
29 18
24 3
1 19
21 11
18 25
26 21
23 21
18 3
21 0
16 1
23 26
12 10
7 12
27 13
16 25
5 2
24 12
17 16
3 14
10 12
22 1
2 19
26 20
23 25
13 15
9 9
6 10
15 20
6 30
10 21
23 3
2 0
19 15
13 6
27 7
7 8
3 25
19 5
9 27
8 0
30 7
15 16
4 24
14 24
20 6
19 12
6 5
5 19
24 9
3 3
8 25
24 17
8 4
16 6
14 18
30 21
12 14
26 6
15 3
1 2
6 21
16 14
11 13
1 28
24 8
12 4
21 28
22 20
17 0
23 18
19 17
30 1
3 26
27 2
3 13
19 3
22 23
21 18
6 1
9 29
0 9
13 16
9 1
23 14
19 11
20 13
16 18
5 4
19 24
20 30
4 12
25 6
24 15
15 26
5 5
18 27
11 26
28 20
4 18
19 16
15 7
19 29
18 2
6 24
29 22
3 1
25 9
29 20
17 22
23 17
12 5
14 0
22 0
28 12
19 1
0 28
9 5
5 3
8 22
8 18
20 2
17 9
25 30
23 5
25 25
8 16
17 18
22 2
17 28
15 18
2 7
17 26
10 29
1 18
6 2
13 10
18 30
1 4
21 23
4 13
5 15
20 28
30 22
17 17
14 7
9 12
29 3
7 26
30 4
24 24
9 15
18 18
0 2
17 6
30 13
9 7
19 4
1 3
25 24
15 23
14 2
28 27
20 29
22 13
21 21
25 4
0 19
27 0
29 26
3 0
21 27
0 30
10 7
20 15
5 11
17 24
19 26
29 5
21 14
4 28
3 12
25 2
14 25
2 21
30 0
14 8
0 21
29 0
28 10
2 16
11 9
21 29
2 20
30 29
9 19
5 22
29 4
16 12
24 23
17 29
3 10
5 6
30 11
9 2
7 18
18 7
21 24
23 13
9 11
19 22
0 17
10 5
11 1
27 19
6 7
12 15
10 0
24 29
12 26
3 28
3 4
26 23
20 5
4 2
22 10
14 6
16 17
15 14
6 22
15 25
15 11
9 18
5 21
28 1
15 9
9 13
16 16
0 1
16 3
25 5
16 20
3 11
14 4
11 28
21 17
20 25
28 17
5 28
24 16
20 22
13 17
18 5
8 30
29 17
15 30
3 9
24 13
15 12
30 12
23 10
14 26
16 21
12 22
2 1
12 17
28 7
12 13
0 5
13 12
26 1
6 9
3 23
11 14
22 17
22 21
11 0
28 18
13 20
2 30
15 22
27 21
10 15
10 1
5 17
28 26
10 11
27 18
18 10
30 25
12 20
28 2
25 1
5 30
7 10
18 22
6 11
14 14
27 4
28 11
21 25
10 30
3 19
28 19
8 23
23 4
4 22
22 28
5 23
1 27
11 27
29 15
25 21
5 9
24 2
12 24
8 27
26 9
25 10
25 12
25 23
7 6
10 6
2 5
1 17
14 13
12 27
24 27
16 2
11 23
5 16
28 29
29 6
10 22
1 6
28 16
28 5
7 2
10 17
13 30
14 5
22 7
6 18
27 23
27 5
25 8
3 22
19 9
3 20
1 29
14 15
4 30
25 15
22 5
10 25
16 30
10 26
11 4
3 27
9 23
23 12
0 23
10 20
7 20
15 21
5 12
22 6
25 13
21 3
17 5
1 25
9 4
6 16
25 17
28 6
20 8
20 11
10 27
19 8
4 6
13 26
1 15
7 15
19 25
25 0
24 0
20 0
26 3
4 26
10 14
8 21
19 28
4 27
30 26
13 7
19 0
7 3
13 11
28 22
8 12
28 13
14 16
16 10
18 16
0 6
11 17
30 28
15 0
25 3
19 2
27 16
10 8
29 8
20 26
21 15
12 9
6 19
4 10
5 18
0 0
3 16
21 7
21 20
21 5
20 19
28 15
2 12
17 21
14 11
29 21
12 7
11 20
21 12
8 6
8 5
29 13
14 29
12 18
8 9
27 29
25 19
0 13
18 29
9 16
8 2
20 17
7 22
11 22
18 4
29 2
12 21
26 22
21 2
3 24
27 17
6 25
18 21
24 5
7 19
1 12
16 29
17 12
26 30
24 11
12 0
2 26
22 18
22 26
3 18
20 23
21 13
9 30
29 12
15 24
0 4
8 26
20 18
6 4
20 3
26 16
4 3
13 22
15 8
3 15
26 12
3 6
18 11
13 18
8 15
0 7
12 6
28 9
23 29
25 27
9 24
6 23
20 7
20 20
6 8
1 24
17 27
24 21
5 26
9 22
6 26
0 12
27 20
26 2
29 25
6 0
16 4
23 11
27 1
7 16
1 26
27 26
4 20
16 7
29 10
15 27
3 2
22 27
6 3
11 18
4 4
30 15
1 16
7 0
26 25
15 1
8 17
30 18
4 5
23 28
30 2
16 27
16 9
5 1
2 18
3 5
22 25
5 27
30 23
8 28
13 23
3 30
30 10
10 13
24 7
23 2
0 25
13 24
10 19
1 0
24 22
5 7
10 4
13 27
1 23
10 24
26 10
14 23
16 15
3 8
27 9
26 11
27 3
25 28
2 2
1 13
19 23
20 4
14 30
20 24
22 14
29 7
24 26
4 15
13 5
17 3
29 14
17 23
11 30
14 22
26 15
5 25
2 29
10 23
8 29
12 23
29 9
