37 4 15
......................T....TT........
.........T...............T...........
......................T.......T......
..................T........T....T....
...........TT.T.........T............
..........T..........................
.......T.T....T......................
.....................................
...........T...................T.....
.....................................
............T.............T..........
.........T...............T.....T.....
T...........T........................
..................T..................
...................T.................
.....................................
..TT..T....................T.T.......
...T...........T.......T...........T.
.....T.......T..T...T......T.........
.T.........TT.............T..........
........T...T........T...........T...
.....T..........T.T.T....T...........
.....T....................T...T......
...........................T.........
TT............T..T...............T...
.T............T.................T....
.T........T..........T....T..T.......
...T......T.......T.T...............T
.............T........T....T.........
...............T...........T.........
................T....................
................TT...................
..............T.............T........
...........T.T.......................
..........................T..T.......
...T.T.....T.........................
.T......T....T...T...............T...
18 12
17 5
8 9
21 18
19 32
35 5
27 29
30 29
15 9
12 0
3 22
3 23
25 16
14 35
19 29
4 6
32 31
33 6
28 6
20 28
18 22
29 3
14 25
7 31
21 25
14 30
12 16
19 23
11 33
9 5
0 7
0 33
30 31
0 17
24 10
16 1
8 22
31 35
0 16
29 9
6 12
35 36
21 17
14 24
13 14
30 32
1 18
8 29
6 35
11 15
30 10
4 4
0 30
35 19
12 7
15 17
13 35
11 25
0 27
21 30
13 26
8 14
0 6
20 0
10 31
0 1
13 16
15 8
33 8
36 10
31 15
3 17
23 12
27 0
27 7
6 18
0 19
12 23
13 17
17 12
4 1
11 31
25 23
13 21
8 0
9 28
28 30
20 18
9 20
5 29
2 31
9 14
19 30
19 18
24 33
24 32
25 9
24 0
28 17
0 25
4 0
11 16
22 36
9 10
28 22
2 22
3 13
31 8
32 28
2 30
18 15
28 7
25 13
16 35
14 17
35 16
10 34
30 19
8 16
34 20
34 16
32 22
23 4
17 18
17 36
11 22
27 5
8 26
23 32
21 15
17 28
1 13
14 11
36 28
36 5
14 4
7 21
34 31
14 13
10 1
11 12
32 8
26 29
36 24
35 8
1 34
24 27
27 27
22 3
7 26
26 21
22 7
15 10
3 28
31 19
14 29
18 31
11 30
36 8
22 22
32 30
20 8
18 28
34 32
31 34
4 33
36 30
21 0
16 25
34 4
6 21
33 13
22 26
9 36
17 25
25 22
9 3
23 36
7 5
6 32
20 19
15 12
12 13
35 4
5 20
30 13
34 24
17 32
23 33
35 17
36 3
17 14
7 9
2 18
29 20
32 21
31 16
34 29
1 17
2 8
9 24
35 30
8 32
8 35
20 15
27 11
17 31
26 28
30 6
27 12
18 18
23 13
24 6
30 16
22 20
3 30
36 0
5 25
16 13
35 15
17 21
27 35
28 2
21 24
19 10
36 6
36 2
7 22
34 2
29 25
17 3
9 18
1 32
12 14
25 24
1 28
10 24
26 34
35 13
8 13
34 1
3 34
9 17
14 12
23 29
29 35
30 33
24 3
4 2
13 27
19 3
22 31
12 27
17 30
8 23
9 26
22 28
15 20
9 8
36 21
8 36
32 2
12 17
7 19
6 16
24 9
33 17
7 20
21 31
18 27
3 32
20 21
19 2
29 4
1 7
2 10
22 18
16 32
20 4
6 1
3 8
1 1
22 14
29 13
31 32
12 8
11 14
10 2
32 33
3 10
15 2
26 17
26 10
29 21
25 4
6 6
11 4
2 6
33 26
9 25
8 15
35 3
12 10
5 15
7 17
28 21
15 11
20 7
6 15
13 3
4 29
27 24
13 31
25 31
23 6
15 15
35 12
21 21
29 26
8 6
17 8
23 35
25 25
11 9
14 34
29 15
11 5
22 32
21 20
18 0
19 25
5 18
12 21
20 17
24 26
29 33
3 31
31 1
2 9
5 1
30 0
36 18
17 23
26 22
0 24
33 27
7 32
29 32
35 14
35 20
12 19
34 18
2 23
31 31
34 0
21 9
31 2
23 0
5 12
3 25
6 36
8 27
25 3
18 10
12 3
29 30
21 19
8 11
27 8
18 9
36 19
30 22
34 35
11 32
15 3
4 9
11 18
7 4
9 1
13 0
26 12
0 28
2 13
19 24
31 7
10 18
32 25
32 4
20 1
28 26
0 21
26 1
16 29
7 7
25 14
29 16
31 14
2 12
4 34
29 14
29 36
21 6
26 26
35 21
6 31
15 13
34 23
36 7
35 7
14 33
3 0
16 19
27 17
13 33
34 8
35 23
18 19
25 7
7 14
22 35
4 23
16 27
15 0
8 5
11 21
14 23
19 7
5 10
27 36
34 25
23 27
32 9
16 7
25 35
33 31
17 0
29 6
34 30
24 22
29 23
4 14
3 12
29 7
1 0
16 9
28 12
33 36
10 29
19 15
23 30
5 9
36 23
21 7
27 32
3 35
31 6
35 1
29 18
15 21
11 3
20 32
20 3
9 30
16 5
17 22
24 36
1 11
9 32
31 23
36 25
23 22
8 2
3 3
28 5
33 16
17 20
34 6
34 27
16 10
12 33
16 17
22 2
10 36
27 13
28 27
5 13
31 20
27 22
16 16
1 10
19 27
30 36
8 30
8 8
18 6
8 12
8 10
26 19
28 32
36 33
29 19
20 26
10 30
26 8
32 15
27 15
25 18
2 0
14 7
13 1
31 26
18 24
12 29
10 19
31 21
19 31
16 15
7 24
24 28
32 23
2 15
4 15
31 22
4 20
25 2
6 11
26 6
18 17
7 13
6 26
31 11
25 17
21 14
12 22
2 14
25 33
4 19
34 11
11 1
7 35
0 11
14 14
14 15
32 24
1 29
30 25
28 31
33 0
23 9
17 1
11 20
10 22
3 11
35 18
18 23
5 0
9 21
32 3
36 36
15 32
6 20
22 25
13 34
2 11
25 8
3 20
9 34
9 6
1 25
12 15
21 12
18 26
23 10
12 18
32 27
14 26
16 12
27 26
11 36
22 5
16 14
22 27
15 29
1 9
3 7
32 6
27 9
15 6
28 28
2 4
12 5
2 36
16 20
7 15
11 19
2 24
36 17
10 6
13 4
35 26
14 16
15 23
24 7
26 13
32 14
24 17
33 20
25 10
28 35
9 23
24 14
34 33
23 24
8 1
13 30
1 36
31 25
31 5
13 25
30 15
29 5
32 36
35 28
24 34
5 31
30 12
7 11
23 18
17 19
11 26
28 13
24 8
5 6
27 33
1 33
0 4
29 24
15 36
11 0
28 1
29 22
4 16
31 27
19 22
20 30
12 4
6 24
34 9
21 28
31 12
34 22
33 15
24 5
25 29
13 36
27 14
34 13
13 5
14 5
13 13
28 19
3 27
10 23
12 35
7 8
26 24
1 16
8 3
7 0
15 16
17 33
31 10
13 8
20 20
17 15
24 13
17 4
7 18
31 4
6 2
6 34
0 5
8 18
29 28
8 7
10 14
19 11
32 32
33 29
35 32
17 35
36 15
2 33
15 19
20 22
29 8
14 2
17 27
24 2
34 12
32 34
8 20
33 25
12 9
31 18
9 11
18 2
14 3
9 13
12 25
10 7
6 4
14 19
21 10
23 3
0 14
28 24
31 29
22 8
11 34
30 26
11 23
33 12
36 26
0 10
28 3
2 16
5 26
3 6
18 34
5 27
21 1
16 21
4 7
24 18
35 2
34 7
8 33
33 32
1 2
11 2
30 14
25 26
5 2
16 0
35 29
7 28
24 21
15 28
16 26
7 6
9 27
20 29
25 28
0 31
0 9
23 17
35 24
16 23
11 28
25 21
21 33
7 2
13 11
19 26
26 20
33 5
19 19
5 8
22 4
18 1
36 29
18 20
27 2
2 26
32 29
10 12
0 20
12 24
22 19
14 22
31 3
13 24
6 30
24 31
10 32
2 3
30 24
11 29
17 7
28 0
26 16
23 19
12 28
22 29
4 32
0 35
21 5
15 25
10 0
35 25
30 28
19 36
13 23
34 28
12 31
16 18
21 11
31 17
34 36
12 20
26 33
11 6
22 16
6 5
35 10
9 4
21 13
18 36
5 33
34 19
30 21
19 9
15 35
11 10
19 34
18 13
5 36
13 9
14 9
30 9
26 18
2 32
23 7
23 25
7 25
14 32
33 23
9 33
32 13
23 1
2 20
14 20
16 28
28 15
13 7
33 33
3 29
6 10
28 29
26 4
32 12
27 18
17 9
21 34
17 26
35 27
13 29
13 6
20 35
1 24
12 2
22 12
23 20
9 15
16 3
36 35
15 30
31 30
23 31
15 34
15 31
26 25
18 3
0 29
27 1
36 34
29 34
7 12
35 33
19 33
15 24
20 2
35 22
32 0
10 15
13 28
10 16
3 36
24 12
27 30
31 0
5 34
34 17
31 28
29 29
12 30
26 35
17 16
26 32
11 7
18 30
15 26
18 4
4 17
28 36
6 8
6 3
2 7
15 4
16 11
33 11
10 27
7 27
18 29
16 22
4 28
9 31
23 11
29 1
29 0
16 31
26 31
19 17
35 31
36 31
33 30
33 35
25 27
5 30
18 35
7 3
14 21
25 5
0 26
24 25
18 32
4 26
10 26
19 8
9 7
10 17
6 0
17 11
36 32
1 31
5 17
4 24
11 24
27 31
36 1
28 8
20 34
0 0
6 27
7 30
19 13
0 2
10 8
21 27
20 33
1 20
36 22
17 13
3 18
35 6
25 15
15 33
5 28
26 5
8 28
24 30
5 7
9 12
32 26
33 18
32 20
3 2
33 9
11 11
6 9
2 25
25 32
10 20
29 12
32 19
26 2
30 5
10 5
6 33
15 18
28 20
20 13
3 33
30 20
1 23
19 21
33 2
2 27
23 26
5 23
14 31
24 23
6 23
9 19
33 10
30 23
36 20
1 5
12 11
20 23
14 28
30 18
0 36
30 3
19 0
16 24
0 22
0 13
21 8
4 11
8 21
30 7
24 1
2 5
23 5
15 5
34 3
26 23
3 15
36 9
34 21
32 5
17 10
6 29
10 11
24 24
20 27
36 27
8 19
14 27
15 1
1 21
23 28
22 9
6 14
25 34
31 33
35 35
3 9
25 30
9 22
26 36
28 10
24 19
6 25
14 0
25 11
13 15
34 14
20 11
7 23
16 34
20 31
22 17
21 3
21 36
20 6
12 26
16 30
14 18
25 20
13 32
4 27
1 22
34 26
18 11
14 1
25 12
23 16
36 4
33 28
17 34
22 23
23 8
6 28
3 21
15 22
27 10
16 4
4 25
26 0
0 34
21 32
31 36
1 4
19 6
17 6
15 27
30 4
1 15
8 34
8 24
19 14
25 36
26 15
19 5
20 36
30 30
28 14
25 19
16 2
0 8
28 16
28 18
26 11
19 4
4 12
10 33
22 6
11 27
1 3
18 14
31 9
30 11
1 35
2 35
2 28
19 16
24 20
10 3
20 5
9 35
36 12
20 25
18 5
1 26
20 24
23 23
2 2
23 34
13 20
9 29
7 29
9 0
12 36
4 35
19 1
13 22
16 6
6 22
22 33
27 28
21 22
22 11
12 1
4 31
31 13
36 16
4 10
10 21
33 34
33 3
14 10
13 10
35 34
31 24
29 10
1 8
22 24
32 16
9 2
32 11
16 8
4 5
32 35
5 19
8 31
1 19
11 35
2 19
35 0
6 19
23 21
27 34
24 11
30 2
5 14
14 6
24 4
8 25
23 15
4 8
29 17
7 16
7 33
30 17
9 16
32 17
24 29
27 25
30 27
7 34
33 7
2 21
0 32
1 12
17 24
33 4
21 29
0 15
22 21
10 10
20 16
21 16
3 1
11 13
4 36
5 21
18 7
2 29
2 17
26 27
15 14
5 4
6 13
5 11
28 25
36 13
19 35
19 12
3 4
21 35
33 21
8 17
26 3
14 8
27 19
29 11
10 4
8 4
4 13
11 8
15 7
26 9
13 19
22 1
5 35
1 27
21 23
21 26
23 2
1 14
22 10
27 16
28 11
10 9
11 17
25 0
18 16
13 12
26 7
22 13
4 18
4 30
12 32
35 11
3 24
5 22
9 9
29 2
7 36
12 6
34 5
33 14
2 1
10 35
17 17
13 2
28 9
0 12
24 16
5 16
23 14
3 5
5 32
10 13
30 34
29 31
32 10
0 3
36 14
36 11
6 17
6 7
34 34
25 1
22 0
28 33
30 35
10 28
22 30
20 14
21 2
34 15
27 4
4 22
29 27
7 1
22 15
27 3
26 30
16 36
28 34
3 19
32 1
32 18
12 34
3 16
7 10
5 24
30 1
34 10
30 8
26 14
18 25
33 19
24 35
1 6
32 7
19 20
17 2
5 3
10 25
20 10
16 33
14 36
18 8
5 5
3 26
13 18
35 9
27 21
33 1
18 33
33 22
0 23
2 34
22 34
1 30
20 12
27 23
4 21
17 29
28 23
21 4
24 15
12 12
18 21
28 4
4 3
19 28
3 14
27 20
27 6
25 6
20 9
33 24
