25 15 10
.T.T....T.T......T.......
....T...T...T.....T....T.
.....T....T..T..TT.TT....
......T............TT....
.........................
...........T.............
.T...T....T..............
TT........TT.......T...T.
............T.....T..T...
........T................
.........T..T....TTT....T
T.............T.T....T...
............T.T..T.....T.
...T..T.T.........TT.....
..T....T..T..............
....T...........T...T...T
..............TT..TT.....
.T..T......T....TT....T..
....T.......T...T........
....T......TT..T.T.......
..TT..............T...T..
.T.........T........T....
..T...T......T...........
T...T...........TT......T
......T........T....T....
24 11
21 15
0 5
17 17
17 2
13 16
7 18
20 6
22 1
4 21
24 22
18 21
10 16
2 17
22 18
3 4
12 14
17 14
23 15
2 4
9 9
7 15
5 10
14 13
17 8
0 18
12 3
11 0
18 9
23 19
11 11
0 13
14 10
8 0
21 2
0 0
6 4
24 13
1 10
17 9
0 11
4 3
20 7
22 11
8 15
5 15
24 6
14 24
11 15
5 11
21 3
4 14
17 18
18 7
15 13
17 5
10 4
1 11
21 23
20 13
0 6
20 23
23 0
4 17
17 16
4 2
9 20
22 22
13 14
24 10
8 4
9 13
15 6
5 21
11 22
3 14
19 10
12 18
24 4
9 22
18 6
10 15
13 20
13 13
5 4
1 9
18 19
24 19
19 15
2 15
24 21
6 18
23 11
2 20
13 17
10 8
7 0
19 2
10 18
9 21
17 21
22 0
11 13
1 6
24 3
16 2
5 1
17 12
24 14
1 3
7 7
17 11
4 19
14 12
9 7
15 18
5 12
22 13
7 8
0 20
7 4
16 14
21 21
4 20
18 24
7 2
18 23
4 15
9 4
14 4
3 3
21 22
12 4
15 9
6 17
15 21
3 20
15 14
16 22
0 4
0 3
22 9
19 8
7 20
20 18
14 21
8 17
2 21
9 6
6 19
0 22
13 24
22 5
14 22
15 19
15 17
14 20
13 2
19 0
13 22
7 10
20 12
23 6
17 19
9 15
16 0
2 11
18 18
16 13
9 12
14 23
8 3
10 13
21 0
14 2
13 11
19 16
3 23
22 10
22 7
5 6
13 5
15 0
5 22
22 15
14 9
20 10
5 18
3 21
8 10
15 1
5 19
15 3
8 7
11 17
20 1
1 14
19 24
12 0
24 20
12 8
3 1
1 15
18 12
9 0
7 19
5 13
7 3
6 13
23 7
24 15
2 14
11 6
8 6
1 18
8 20
15 23
6 23
7 9
20 17
10 5
4 18
14 8
18 5
22 23
19 14
10 20
13 12
3 7
16 6
2 5
9 1
18 15
20 11
6 7
7 11
15 5
11 16
18 20
0 24
1 7
21 14
17 24
12 10
6 6
6 16
15 7
22 24
6 5
2 3
7 21
19 21
12 9
10 7
4 13
5 5
15 2
17 22
11 19
8 9
24 12
1 21
4 5
14 0
0 19
13 15
12 13
10 22
3 17
16 17
1 17
16 11
13 21
19 19
11 24
11 20
10 6
21 6
19 22
12 19
20 19
11 7
21 10
0 7
9 11
14 17
11 3
1 16
10 21
23 17
1 0
3 18
11 2
23 22
10 10
2 13
10 11
21 5
16 7
1 20
1 4
1 5
12 17
23 1
17 23
20 16
5 24
8 12
12 5
9 19
0 21
4 11
16 5
19 9
7 6
20 0
17 4
22 8
11 23
9 16
6 9
12 6
13 7
15 10
19 6
9 24
0 9
21 24
23 8
3 24
1 12
13 9
10 14
21 8
16 15
6 20
16 1
24 0
24 7
0 1
10 9
0 2
3 16
5 9
19 7
16 4
7 23
16 19
0 10
21 19
1 23
22 4
16 12
23 23
8 11
18 17
6 8
2 8
4 6
4 1
13 8
7 24
19 5
9 5
14 15
22 17
23 14
23 13
20 3
3 10
16 20
5 0
14 6
2 9
9 17
8 16
14 11
6 24
6 22
8 5
1 2
20 22
3 12
23 3
24 9
17 1
2 24
4 7
23 24
6 14
13 6
20 9
1 22
23 4
9 3
5 23
9 18
20 5
20 24
3 22
24 17
6 10
3 9
10 0
13 0
15 4
15 16
2 0
22 6
19 4
18 1
11 8
8 19
15 15
11 18
22 19
19 20
15 11
17 0
5 14
1 1
11 10
12 12
24 16
2 18
12 21
13 10
14 5
17 10
14 7
20 20
9 23
4 16
18 0
16 3
5 16
10 2
13 3
8 8
3 19
0 8
24 24
11 14
6 12
5 7
6 15
22 3
18 22
2 22
11 12
24 8
5 17
23 10
3 6
17 3
22 14
12 23
8 2
12 2
16 18
19 12
1 19
21 17
6 21
17 20
16 24
6 0
12 16
7 1
8 22
21 9
22 16
11 5
7 13
19 13
24 1
23 18
6 3
6 2
4 4
23 12
18 14
13 4
21 16
10 1
16 21
4 10
4 24
3 2
2 6
21 1
8 21
10 19
6 1
12 11
14 14
10 17
10 24
18 10
22 12
0 14
18 11
22 21
18 8
21 18
2 1
18 4
8 14
21 13
2 10
8 23
2 23
12 15
23 21
16 23
12 22
12 24
11 21
15 24
12 1
17 15
5 3
7 16
18 3
8 18
17 6
0 15
13 1
21 11
11 4
14 3
23 5
12 20
9 10
16 16
3 11
7 5
21 20
2 2
23 2
4 0
4 9
13 18
12 7
20 15
20 21
21 7
14 18
6 11
2 12
24 5
9 14
17 7
10 23
23 16
1 24
8 1
23 9
1 8
11 1
2 19
18 2
14 19
4 12
3 5
16 9
2 16
3 13
19 18
10 12
9 2
1 13
10 3
18 13
0 17
8 13
14 16
24 18
21 4
24 23
4 23
7 17
15 20
5 8
19 1
3 8
19 11
22 20
21 12
5 2
19 23
15 8
20 4
7 22
4 8
13 19
22 2
18 16
5 20
13 23
23 20
19 3
3 0
7 14
24 2
2 7
8 24
20 2
15 12
19 17
3 15
0 23
17 13
16 8
7 12
15 22
14 1
20 14
0 16
11 9
20 8
9 8
4 22
16 10
