32 23 14
.....................T........T.
.........T.........T..........T.
.........................T....T.
................................
...........T............TT...T..
......T.......T.................
..................T.T....T......
........T.......................
..T.T........T..................
................................
.T..........T...........T.T.....
.....................T..........
................................
T..............T................
....T..................T.......T
..T.............................
..T......T.......T..T.T.........
................................
.............T..T...............
.........T..............T.......
................T...............
.........................T..T...
....T...T.......................
......T...........T.............
................T...............
..........T............T........
...........T......T.............
........T.......................
T...T..............T....T...T...
............T.....T.........T.T.
...T.........T...T........T..T..
..............T.....T...........
4 15
4 4
2 7
0 22
10 7
3 2
4 5
3 0
25 23
24 28
16 15
19 0
30 19
7 24
31 19
15 7
12 31
12 7
20 23
6 14
16 21
12 23
6 15
29 27
25 28
31 14
0 8
9 3
17 31
12 4
8 26
22 30
9 14
4 13
14 8
2 20
17 29
6 31
9 20
27 8
8 2
21 31
28 26
7 27
10 22
27 21
22 8
17 26
0 15
11 3
1 2
29 2
9 16
28 29
20 16
11 7
26 7
5 23
23 6
12 14
0 21
11 13
19 31
29 12
15 4
25 14
3 25
29 3
7 14
12 28
28 28
24 17
5 28
28 4
26 1
9 10
6 7
22 17
4 18
4 16
26 29
30 17
9 12
8 13
18 4
17 18
25 31
17 1
27 29
7 19
9 24
10 10
13 1
8 29
23 11
16 4
4 3
23 22
1 21
11 20
11 2
1 28
12 24
27 12
17 16
26 0
28 13
28 24
16 2
8 0
23 4
1 30
14 14
27 17
21 29
3 31
20 20
23 21
24 12
5 18
22 15
12 18
24 13
24 31
23 23
6 1
9 8
5 19
7 8
22 11
20 29
13 21
16 0
13 8
21 5
14 7
2 21
22 1
31 30
26 28
3 3
0 31
1 26
19 13
21 10
13 11
11 19
26 11
5 7
12 13
10 1
30 4
13 25
12 30
0 24
29 25
30 29
10 12
13 4
19 24
30 28
19 16
9 6
0 12
15 14
20 12
22 9
18 14
26 30
28 8
21 25
27 9
19 17
3 26
9 18
16 9
25 30
12 12
30 26
10 19
24 23
5 26
27 31
28 23
21 8
0 11
25 24
1 29
2 18
7 18
18 30
31 28
14 17
28 20
6 3
10 28
30 14
24 9
31 26
11 16
7 26
12 20
21 4
29 6
13 10
12 17
0 3
11 21
6 27
29 23
12 2
20 25
3 13
6 23
26 2
23 18
8 10
27 0
1 19
4 6
28 19
18 1
20 21
1 22
7 17
20 2
8 19
13 16
11 1
17 0
14 13
7 7
10 11
14 5
30 20
6 5
22 24
12 10
20 31
9 2
15 22
2 17
27 26
21 14
25 26
3 1
10 26
6 0
12 0
19 26
2 5
4 10
22 4
11 10
13 20
11 23
26 25
6 9
2 9
24 10
14 23
4 21
1 31
16 31
8 12
27 30
25 25
14 25
5 20
7 9
10 31
10 4
31 10
30 16
0 26
25 29
5 1
16 25
5 31
10 2
4 30
5 2
11 0
2 28
6 25
18 16
24 1
24 11
17 8
20 24
18 3
1 0
6 19
2 27
24 18
7 20
24 3
3 14
21 13
5 25
3 6
30 30
28 12
0 30
15 21
3 9
29 17
4 29
8 27
4 19
9 25
15 9
3 17
1 4
23 30
2 10
4 11
28 25
12 3
14 24
22 19
17 17
24 19
13 17
26 23
11 27
30 2
22 22
23 29
21 0
29 13
2 12
31 20
4 24
22 27
4 26
19 8
8 20
22 14
15 27
8 11
19 21
14 22
30 6
25 5
0 0
3 18
16 7
31 4
1 7
23 25
26 13
19 7
31 21
22 7
22 12
18 6
18 26
25 22
13 26
21 22
29 14
28 1
14 12
22 2
19 12
8 30
29 16
8 28
17 24
31 9
14 9
10 16
23 26
1 20
6 6
0 6
3 5
17 12
5 11
24 4
11 25
3 23
8 1
25 8
3 11
25 16
17 15
21 15
30 13
18 0
15 16
2 11
17 25
29 5
20 0
27 1
5 6
19 28
23 15
25 4
0 25
29 9
18 22
30 12
0 10
28 21
5 0
15 8
22 25
31 8
9 5
28 5
10 17
19 20
10 6
21 16
25 21
14 18
3 24
24 24
16 22
10 0
22 20
26 4
31 24
28 18
15 1
13 13
11 8
10 3
16 28
17 27
29 0
8 7
5 16
23 12
29 8
2 30
12 11
19 5
1 15
0 23
22 29
9 29
29 15
21 27
9 13
27 4
6 10
22 28
8 8
0 18
29 30
7 16
0 29
30 25
27 25
16 12
13 30
4 31
14 3
23 1
2 24
16 24
17 20
30 3
6 20
25 2
26 8
17 14
25 12
10 20
31 22
25 3
19 15
29 31
5 15
30 0
31 17
31 27
12 1
3 29
2 3
23 16
11 6
30 24
25 7
26 27
22 13
29 28
23 28
18 5
21 30
28 11
5 8
28 16
21 6
22 31
3 22
25 17
14 0
18 13
9 1
1 23
25 9
1 14
12 26
2 4
2 15
13 19
23 14
17 10
20 22
1 18
25 1
7 28
23 17
6 26
6 4
13 24
19 9
21 20
6 8
23 7
3 28
18 20
18 11
15 12
31 2
13 23
15 6
29 19
20 18
23 13
1 8
13 9
18 18
9 23
25 18
8 16
30 11
4 23
1 6
16 16
5 9
6 12
12 6
20 3
1 13
29 4
19 18
25 19
27 24
30 10
13 31
28 14
3 19
9 4
18 23
29 18
23 24
7 25
10 25
25 20
2 22
24 21
20 6
13 5
2 1
13 3
14 4
20 1
3 15
12 29
9 22
1 16
14 26
26 10
26 21
5 30
18 28
21 7
7 3
5 5
11 4
18 10
9 30
14 6
9 7
8 24
26 14
9 27
24 15
20 27
11 18
15 25
19 10
27 18
31 16
23 2
30 21
13 18
23 31
21 17
7 0
26 9
0 9
5 21
22 16
27 16
0 13
1 17
19 6
26 26
31 1
31 29
15 18
24 8
1 11
21 2
11 9
16 1
22 10
31 12
6 22
8 6
14 1
31 0
4 22
20 26
24 29
5 27
8 31
8 22
19 4
2 16
23 8
31 11
22 26
28 17
20 9
4 8
21 19
11 15
12 25
27 15
18 9
5 3
13 6
15 23
9 28
16 18
11 30
19 29
16 29
14 10
5 22
0 17
7 10
16 23
22 5
6 30
29 26
27 7
25 0
9 11
24 0
27 3
19 1
4 7
2 0
24 5
10 9
11 12
26 15
18 31
4 14
1 9
10 23
27 5
21 11
16 8
21 9
8 25
8 15
18 27
14 15
0 27
9 0
7 2
18 8
13 28
24 25
29 22
28 27
10 27
4 0
6 2
15 24
12 5
24 2
24 16
15 13
27 22
13 0
26 6
22 3
8 14
17 19
3 8
14 20
10 15
14 28
13 15
29 10
25 11
13 27
14 27
4 9
20 19
28 2
15 30
13 29
20 30
0 7
26 17
1 3
7 12
7 22
11 17
10 8
10 13
22 23
8 4
30 7
3 12
27 14
1 27
19 25
21 12
12 21
30 5
17 6
25 13
25 15
26 16
31 15
29 7
31 23
19 14
15 31
26 18
17 11
0 28
3 21
15 26
20 14
6 17
1 5
15 10
23 5
31 5
26 5
17 22
12 16
31 13
18 24
8 5
1 10
7 11
17 7
28 0
7 30
22 21
31 3
21 26
2 29
10 30
11 5
10 29
27 28
26 19
8 17
7 29
30 22
27 2
23 19
11 26
27 19
18 12
17 4
16 10
20 15
16 20
24 7
10 18
26 20
14 16
11 28
7 1
21 3
27 13
20 11
13 12
5 4
15 5
12 19
16 17
25 27
23 20
24 20
17 28
15 0
23 9
4 20
21 18
18 2
22 0
27 11
20 4
9 31
26 31
14 21
7 21
9 17
17 30
19 30
15 11
3 30
5 14
30 9
14 31
19 3
16 26
5 29
9 26
6 18
28 15
1 25
0 4
15 19
16 19
26 3
3 7
6 13
13 2
3 4
30 18
12 8
2 2
30 23
17 21
15 20
7 13
12 9
11 14
10 21
11 22
13 7
27 10
15 17
12 22
19 22
20 17
18 29
31 7
10 24
27 6
1 24
23 0
24 22
28 7
9 21
7 4
21 23
4 12
1 12
2 31
0 19
20 5
26 12
13 22
6 24
14 29
2 23
8 18
20 10
17 23
6 29
18 21
8 23
21 1
12 15
23 10
27 20
0 5
17 5
16 27
6 16
17 3
25 6
6 28
3 16
9 15
7 23
16 14
17 2
18 15
20 13
4 2
10 14
15 3
7 5
11 11
31 25
2 25
14 11
0 1
29 24
30 1
15 28
19 23
24 26
0 14
26 22
29 11
25 10
16 5
3 10
5 24
28 31
7 15
11 24
23 3
16 30
2 8
5 13
11 29
28 10
6 21
4 27
28 6
24 6
24 27
20 8
17 13
22 6
1 1
18 19
31 6
2 26
12 27
15 15
21 24
11 31
26 24
16 13
31 18
2 6
9 19
5 17
29 20
5 12
2 13
4 17
8 21
19 11
29 29
16 6
3 27
28 22
22 18
0 20
28 30
4 1
18 7
29 21
21 28
24 30
7 31
27 23
16 11
7 6
30 31
4 25
19 27
5 10
16 3
2 19
30 15
19 2
28 3
23 27
18 25
29 1
6 11
3 20
14 19
15 2
4 28
28 9
30 8
18 17
30 27
20 7
10 5
8 3
15 29
17 9
0 2
31 31
27 27
19 19
24 14
21 21
9 9
2 14
14 30
14 2
8 9
20 28
13 14
