32 18 21
T...T..T....TT.....T.....T......
..........T.......T.............
.....T...........T............T.
T.T.........T........T.....T....
..T..T.......T.T......TTT.......
...T........T........T.T......T.
............T......T...........T
....T.........T...............TT
.T.T......T.T...................
...............T.T......T....T..
...T......T.....T...T...T......T
T.........T..T....T.TT...T......
...T..T...T.......TT..T..T....T.
.T.T..TT...T.............T.....T
...T...........T....T.T..T......
...........T.T....T.........T.TT
T............T...T..T...........
..T.T..TT..TTT.T..T............T
..T....T...........T....T..T....
.....T.T....T.T.T.T.T...........
T........T......T...........T.TT
...T......T..........T.TT.......
................T.T..T.T..T.....
..T.TT.T......TT.....T..........
.T...........T..T.T....T......T.
........T............T....T.....
.........................T..T..T
..........T..T..............T...
.........TT.TT...............T..
................T.......T.....TT
......T..T..T......T....T.......
TT.......T..........T.....TTT...
1 29
0 9
10 28
27 12
19 25
25 7
19 9
2 1
4 6
1 27
28 7
12 18
11 30
25 27
15 27
6 3
31 2
13 31
16 9
24 28
30 5
23 12
9 14
1 31
31 0
30 0
16 16
21 22
2 14
27 7
8 12
27 28
8 24
3 20
20 7
18 17
28 20
10 12
17 0
8 1
18 5
13 23
0 20
6 31
8 11
11 6
9 27
7 14
22 3
4 15
28 21
19 16
10 25
4 20
23 2
31 11
18 19
15 13
10 10
4 2
3 6
29 18
1 11
21 21
31 14
6 19
31 12
12 17
18 3
24 2
30 10
23 23
20 3
31 28
30 26
10 0
5 3
29 22
1 13
1 26
17 1
23 9
21 14
7 30
25 8
21 0
7 18
28 25
5 7
23 10
6 28
3 7
21 29
24 17
10 17
14 23
6 26
20 27
15 2
21 23
5 28
5 24
22 4
24 30
4 19
10 8
28 23
13 10
6 5
1 4
0 23
8 8
11 4
31 4
18 14
28 22
7 3
27 11
20 0
17 20
21 17
6 22
0 27
29 4
0 24
13 2
29 23
13 3
4 29
30 27
4 8
14 1
10 2
2 31
27 17
17 10
15 0
18 7
16 6
19 26
3 27
10 18
8 16
5 9
18 8
0 15
21 6
24 29
4 26
19 11
20 17
11 21
29 14
28 31
31 24
7 26
27 30
8 18
12 13
17 5
27 9
10 15
24 5
11 5
24 9
9 22
12 23
6 10
8 7
12 11
5 29
21 28
22 26
9 7
20 13
22 12
5 11
13 11
30 11
26 31
14 17
9 26
12 2
18 2
29 0
20 11
7 0
12 21
30 7
19 19
21 10
31 6
4 4
10 16
27 3
9 15
26 10
27 6
0 30
1 17
24 13
1 3
4 28
6 0
23 7
25 24
2 12
9 5
23 19
29 25
28 5
31 18
29 15
13 18
0 19
2 5
9 20
28 17
16 31
30 8
31 1
9 24
24 10
0 21
25 11
12 19
6 14
3 23
11 29
4 31
15 14
19 23
19 10
18 31
16 8
21 20
26 30
30 4
27 5
6 29
7 9
17 13
7 4
18 12
11 31
18 23
19 5
1 19
12 16
23 15
17 14
27 0
30 29
5 25
18 27
5 27
8 2
10 11
18 26
11 22
26 23
5 14
31 10
16 19
11 26
30 30
10 31
9 30
30 17
6 20
18 18
18 20
17 23
15 26
14 18
24 26
2 19
22 1
4 30
17 27
18 10
2 27
18 11
1 21
18 0
10 7
28 2
3 22
22 14
29 19
30 9
11 23
13 14
15 12
17 24
17 7
8 13
22 10
16 21
22 5
10 5
13 21
8 28
2 2
8 26
7 19
18 1
3 18
20 15
24 12
14 9
23 20
20 9
11 10
14 4
23 24
17 25
14 3
9 1
27 16
6 4
9 28
31 27
26 18
25 21
0 28
2 18
1 7
30 1
24 20
2 10
20 4
5 23
15 31
0 12
23 6
12 4
5 30
5 6
25 12
12 26
26 25
11 19
5 21
0 22
9 29
4 18
25 6
20 22
14 27
30 3
3 5
6 23
21 31
4 7
7 12
20 12
15 21
17 17
9 12
16 26
26 17
3 2
4 9
31 19
19 7
4 3
24 22
6 25
21 26
15 25
8 25
9 6
5 17
19 14
21 16
22 15
8 19
11 18
15 3
20 5
26 7
7 24
30 20
27 13
28 16
9 9
4 23
22 31
0 3
25 22
9 16
29 12
11 24
22 30
9 13
7 22
11 7
4 22
26 27
25 5
27 1
28 4
30 24
12 7
31 20
24 23
28 3
4 10
26 0
7 17
11 27
27 18
25 2
14 6
1 12
31 22
22 20
19 1
13 28
3 24
1 28
30 28
23 22
14 0
28 19
26 29
7 29
15 24
29 5
24 31
2 16
14 19
13 0
18 16
17 16
18 4
14 15
28 1
30 18
23 30
8 30
23 14
9 17
22 8
5 1
22 2
5 16
12 5
19 18
1 18
26 5
26 6
24 19
18 13
0 8
31 21
12 10
25 15
3 0
6 30
7 15
24 1
13 24
13 13
6 24
15 1
11 11
3 1
0 14
12 15
4 0
7 6
4 21
27 29
9 18
10 4
28 8
14 2
14 20
20 8
21 27
16 12
16 18
3 21
10 26
11 9
13 16
9 25
26 11
10 13
25 28
7 28
29 21
15 18
24 14
14 14
23 27
22 27
19 15
25 1
26 20
21 7
11 0
10 21
6 9
16 13
16 4
29 7
7 5
9 4
21 5
7 20
27 4
12 25
12 27
27 22
10 27
18 22
28 11
13 26
30 12
26 26
16 0
25 30
25 31
28 29
15 19
12 22
5 10
7 27
0 25
20 28
15 23
0 4
31 5
19 0
28 18
30 2
5 0
5 2
10 1
1 23
0 26
28 0
16 28
29 30
25 20
2 26
18 24
29 16
10 30
18 28
21 19
1 10
26 15
21 30
27 25
14 30
3 29
5 4
31 17
19 8
0 11
17 15
18 9
31 23
13 12
9 11
0 7
14 22
19 12
25 4
11 15
16 7
8 10
16 3
12 30
7 8
17 26
30 13
6 15
6 6
30 25
21 8
25 9
8 27
6 1
26 19
26 28
29 27
14 28
7 7
6 16
15 30
11 25
18 21
2 17
12 29
23 13
9 3
24 25
13 25
30 19
13 7
24 18
23 31
2 7
23 16
24 4
6 13
6 11
29 9
5 31
3 26
15 4
17 30
21 9
8 3
4 24
26 16
20 23
23 29
23 25
29 31
13 6
14 24
23 11
0 2
3 25
25 26
10 19
21 2
22 29
3 4
2 11
19 29
16 23
19 22
7 2
29 3
18 15
14 16
31 25
28 9
27 27
0 29
14 8
29 24
13 4
1 22
26 12
29 28
22 25
31 16
27 8
11 17
16 10
6 7
17 12
4 5
1 30
20 16
27 19
11 28
27 20
2 0
19 4
0 31
26 22
13 22
21 12
21 1
13 27
13 17
13 5
10 24
12 24
18 29
2 22
31 9
1 5
16 20
14 29
20 14
7 13
9 23
21 24
28 10
14 25
29 29
10 6
25 29
12 1
29 1
3 30
30 21
14 7
18 30
8 9
3 28
20 6
22 7
10 14
19 31
16 27
25 16
27 14
3 17
29 11
20 30
8 14
5 22
31 7
20 1
29 17
16 24
4 13
15 15
17 21
15 8
23 0
19 17
15 22
7 16
3 12
1 9
24 21
12 6
24 3
9 8
14 31
14 12
30 31
3 11
8 21
1 2
11 3
16 11
3 14
2 9
12 31
28 27
31 26
20 2
30 16
31 8
0 18
12 12
7 1
7 23
21 15
11 13
8 4
14 13
5 5
3 10
18 25
4 25
23 26
22 11
11 2
3 31
31 29
17 29
15 9
29 26
10 9
31 15
7 25
3 13
23 17
14 11
2 28
12 3
22 24
28 24
31 3
17 31
2 25
8 17
19 20
20 31
4 16
23 1
3 3
31 30
2 6
22 13
23 28
27 2
20 19
24 24
25 14
12 9
22 23
13 30
6 27
7 10
17 28
16 1
2 24
10 23
24 8
15 20
25 10
23 18
14 26
22 22
28 15
17 11
19 30
15 5
17 6
1 24
19 6
15 11
4 1
6 17
22 18
14 21
24 0
2 15
27 21
11 20
17 2
17 19
12 8
28 30
22 21
19 13
2 21
17 18
20 20
25 0
20 25
15 7
4 17
29 2
16 15
3 16
25 17
22 17
29 10
23 21
9 31
13 29
26 3
20 21
17 22
15 10
13 20
5 15
3 15
25 23
16 2
19 2
12 28
31 13
2 3
29 13
16 5
23 8
12 20
21 18
31 31
26 14
16 22
5 20
27 24
25 13
10 29
4 14
1 14
6 2
22 6
24 27
27 31
26 8
19 27
16 17
15 16
10 22
20 26
7 21
2 8
13 9
7 11
29 8
9 2
25 18
8 22
3 8
28 12
26 21
22 0
21 11
8 5
2 23
9 21
24 16
21 13
6 12
24 11
11 1
4 27
14 10
5 26
11 16
17 4
26 9
0 5
0 13
24 6
9 10
22 9
22 19
1 0
2 30
8 31
6 8
26 1
5 8
5 18
30 15
24 15
8 6
2 4
21 25
6 18
22 28
19 3
1 8
27 15
28 26
27 26
15 6
28 13
1 16
30 23
30 6
19 28
15 17
11 14
27 23
20 18
20 29
4 12
24 7
26 13
13 1
0 6
23 4
26 4
30 14
0 1
17 9
25 3
28 28
5 19
17 8
3 9
25 25
8 15
10 3
2 20
1 1
14 5
28 14
25 19
17 3
19 24
28 6
9 19
12 14
10 20
11 8
26 24
2 13
30 22
12 0
22 16
1 25
13 19
13 8
26 2
8 23
18 6
8 29
20 24
20 10
3 19
15 28
29 6
0 0
23 5
8 0
21 3
16 25
0 10
0 17
5 12
4 11
19 21
23 3
15 29
27 10
5 13
1 20
16 30
9 0
2 29
1 6
29 20
11 12
8 20
6 21
7 31
16 29
1 15
13 15
16 14
21 4
