35 2 22
...................................
........T.............T............
............................T......
...T......T........................
..T................................
...........................T.......
...................................
...................................
...................................
.................T..............T.T
.......T..T........................
............................T....T.
...................................
...............T...................
...................................
....................T..............
...................................
...T......................T........
......T............................
...................................
.................T.................
..........T......................T.
..................T.............T..
........................T..........
...................................
............................TT.....
..........T........................
.................................T.
...................................
.................................T.
T...................T..............
...................................
...................................
.............................T.....
........T..........................
22 33
23 14
27 5
23 24
16 24
30 27
9 28
34 7
33 28
6 28
12 23
12 33
11 7
11 27
29 0
30 31
0 19
9 26
1 10
30 14
4 27
17 10
26 27
28 25
1 21
22 20
8 27
20 12
0 22
15 28
24 6
30 24
30 29
26 23
13 15
0 15
2 23
11 23
16 2
22 29
32 18
12 4
5 4
31 16
16 8
2 13
17 20
4 34
28 19
25 14
29 33
33 29
32 1
11 8
29 27
20 6
26 5
5 14
12 16
12 29
23 29
18 13
7 31
19 11
30 4
9 33
5 9
18 5
8 4
23 7
30 18
22 3
13 9
10 21
18 4
28 1
17 16
10 26
18 27
24 27
7 15
0 21
2 17
30 30
26 6
13 30
17 3
9 3
33 26
27 28
25 15
23 26
10 2
5 6
9 5
4 1
27 14
32 23
12 15
21 21
11 12
3 23
34 33
16 15
32 20
20 18
33 1
12 21
20 30
2 27
15 19
13 12
0 14
15 16
17 19
14 13
32 2
32 5
28 10
0 18
6 31
30 11
1 9
5 32
14 6
27 25
16 13
34 18
16 22
10 32
26 24
7 22
0 9
4 33
14 1
30 7
11 16
19 32
21 26
11 22
18 28
10 28
25 20
28 26
8 20
9 11
28 4
17 2
19 5
7 6
10 15
31 11
14 29
27 29
19 29
31 15
1 28
26 17
24 24
18 34
20 5
19 23
21 8
14 10
12 26
31 34
30 12
30 25
17 7
3 21
22 30
27 13
33 11
30 34
29 21
24 26
24 10
29 2
23 6
33 32
29 29
32 27
9 4
1 8
13 26
26 25
13 19
28 17
25 28
15 10
2 1
8 15
21 9
15 2
29 5
27 26
7 24
22 26
15 21
34 16
25 21
34 19
6 9
28 33
2 34
15 20
16 17
34 12
34 8
8 14
14 33
12 30
25 4
24 28
19 33
6 2
12 6
20 11
18 7
3 20
31 25
31 23
14 4
25 26
34 0
3 9
25 16
21 33
18 15
23 1
6 11
8 9
26 9
13 13
27 9
4 15
9 10
7 34
1 32
22 5
26 32
22 16
8 21
4 4
23 20
10 27
30 1
1 24
26 28
15 25
20 20
4 32
20 32
34 15
1 11
1 25
24 33
10 24
18 24
20 3
13 16
3 33
2 30
16 26
14 26
16 4
13 33
30 10
3 0
8 31
4 24
17 5
6 3
21 32
21 3
10 20
21 10
30 26
3 18
33 14
8 5
14 8
30 3
4 2
31 7
3 2
23 13
29 12
28 28
24 21
13 0
16 28
34 11
13 17
23 4
30 19
2 11
4 29
18 8
4 12
27 22
23 12
7 14
6 6
34 13
14 18
4 11
23 22
2 25
9 25
24 29
15 0
7 20
30 5
29 11
1 2
34 10
23 0
14 24
31 10
25 27
22 17
18 30
25 18
18 20
12 31
7 30
16 32
32 17
17 22
32 33
17 6
20 17
14 12
34 23
14 25
29 18
24 5
17 34
31 13
9 7
11 25
14 30
15 29
19 21
12 11
9 19
4 9
10 22
9 9
33 8
14 0
8 24
14 19
5 15
0 2
26 30
5 21
29 22
15 27
6 29
12 0
2 14
2 29
10 4
27 4
11 15
11 34
14 16
13 31
3 25
11 32
6 12
6 17
7 1
6 25
4 10
3 30
10 17
31 28
34 26
10 1
29 26
24 11
18 32
28 18
2 9
13 4
20 16
20 34
15 11
2 5
24 20
29 19
32 0
26 12
8 3
12 27
11 3
5 12
29 6
8 25
15 22
32 7
4 23
8 12
11 14
31 18
33 19
18 0
6 24
26 2
30 15
27 27
22 2
6 27
29 8
10 14
20 15
0 8
15 4
13 5
6 5
13 25
19 15
2 22
33 27
16 33
26 4
3 14
21 15
3 13
3 17
31 6
29 17
0 1
7 17
10 13
31 1
32 12
19 6
3 32
33 18
1 19
24 18
4 19
19 0
16 3
1 18
23 11
19 4
10 34
9 31
19 13
22 24
3 29
22 15
19 24
2 4
25 33
21 28
8 10
32 34
10 30
24 12
24 13
33 16
29 10
10 12
20 9
27 21
33 31
33 0
7 32
17 31
9 27
30 32
31 12
33 13
29 1
1 30
15 32
32 30
14 7
5 10
31 14
10 23
18 26
32 16
29 15
28 14
24 9
17 32
5 26
5 13
7 25
12 10
24 30
33 2
21 24
34 5
26 33
15 33
14 21
16 9
30 8
16 34
13 27
6 26
18 23
12 3
7 2
17 23
3 6
2 7
16 12
9 8
23 16
9 21
8 7
5 19
14 5
21 12
0 32
29 9
9 15
18 3
6 34
24 1
5 28
7 18
16 7
33 34
34 30
3 27
23 10
8 34
9 6
23 9
18 14
21 30
21 20
26 13
6 13
14 14
30 0
24 25
12 5
33 5
7 10
4 22
10 6
23 2
5 2
2 8
27 2
5 33
24 32
29 16
34 3
27 24
25 11
23 18
7 4
8 17
16 5
20 26
14 3
11 6
8 1
15 5
21 13
6 1
27 0
29 13
7 9
5 7
14 28
21 14
2 32
18 25
32 4
10 33
19 22
5 20
19 25
31 22
28 16
34 22
13 14
33 20
9 1
32 11
21 4
28 29
27 7
11 20
19 26
25 30
2 33
1 20
32 9
8 13
22 25
1 34
11 17
22 23
28 34
8 23
6 0
0 27
17 25
6 18
17 17
5 5
5 30
16 18
26 0
19 10
25 5
24 17
22 22
12 20
12 24
8 32
22 27
21 16
16 6
31 32
7 33
33 23
32 19
0 3
8 28
11 28
5 25
21 1
14 2
19 17
9 14
15 24
32 32
25 24
29 34
15 6
11 10
22 8
31 26
31 8
14 11
16 20
12 8
17 4
23 15
10 0
17 8
7 27
0 0
17 28
27 12
15 1
21 6
26 3
16 0
27 1
34 28
8 29
34 1
25 29
6 19
31 19
13 1
23 21
25 10
0 34
32 25
28 31
26 29
14 27
14 15
10 10
1 4
8 30
1 33
9 0
27 34
25 12
21 29
14 34
25 7
25 31
3 19
19 31
28 30
33 15
1 3
8 22
27 16
22 10
19 3
15 12
20 33
28 15
4 31
32 13
13 24
1 23
2 16
11 11
19 28
7 7
9 23
34 20
20 0
5 34
7 5
24 16
15 15
29 28
20 13
6 15
33 3
28 23
23 27
3 10
25 2
32 21
3 28
20 25
4 21
19 19
1 27
13 7
18 11
0 25
22 9
25 13
25 25
28 32
2 20
34 25
6 32
7 23
30 23
23 30
4 17
32 6
15 8
7 8
17 30
0 30
34 14
31 9
26 18
13 23
12 19
27 30
28 27
7 12
33 21
28 2
19 14
23 19
21 11
0 29
28 24
28 8
16 14
10 11
27 33
3 16
17 13
34 6
13 21
14 23
32 3
12 22
0 10
23 28
26 19
22 31
13 18
3 7
6 7
17 18
2 0
6 33
2 3
9 13
22 32
2 21
15 26
1 1
33 24
20 1
22 0
16 19
0 20
32 31
10 16
18 31
3 26
26 15
7 26
19 27
4 5
3 31
34 32
23 17
25 3
0 31
15 14
3 8
11 29
17 33
12 34
13 28
28 9
20 8
13 34
34 31
8 33
2 19
8 8
33 17
11 30
20 21
20 31
11 5
3 24
25 34
25 17
24 19
24 2
6 30
7 28
22 34
21 5
28 7
0 4
4 16
17 24
22 21
9 32
34 9
27 3
1 26
30 6
19 16
5 23
7 21
24 31
29 4
14 31
18 21
11 0
12 7
13 22
14 22
13 32
13 11
21 34
22 11
28 11
32 15
16 16
2 24
7 13
30 20
9 16
24 14
15 7
5 11
31 3
11 19
16 30
1 22
31 30
23 8
9 12
3 3
27 6
25 19
21 18
30 9
4 0
25 8
5 16
5 1
19 18
29 23
2 10
3 4
12 25
11 13
3 34
22 18
28 22
0 28
31 27
25 22
29 32
11 26
23 32
11 21
2 18
1 14
20 19
31 29
14 20
26 16
8 26
30 33
0 6
17 12
1 7
13 3
19 30
31 0
12 9
8 6
10 8
6 16
13 8
7 11
20 27
31 5
9 22
26 11
11 1
10 3
16 1
24 8
18 17
21 2
34 21
33 25
2 15
31 21
28 13
20 24
15 31
10 9
4 20
9 17
9 29
20 22
8 18
31 17
22 19
16 21
24 23
5 22
34 4
26 7
26 21
18 33
6 22
25 6
6 4
34 24
14 9
14 32
27 20
25 1
8 16
22 14
23 23
1 15
0 7
2 31
5 18
19 34
11 31
8 0
1 13
26 22
23 34
17 11
32 29
9 18
0 12
3 11
31 31
15 23
33 4
24 15
6 8
9 30
26 34
33 12
13 29
11 9
20 29
4 30
5 3
24 22
8 19
19 7
18 29
21 23
18 10
21 7
30 28
19 1
18 19
6 10
15 34
34 27
6 14
1 6
17 9
33 9
3 15
27 10
0 33
12 18
29 3
3 5
24 34
16 29
31 24
6 20
26 31
19 8
12 2
4 18
27 31
27 11
9 2
15 13
2 12
31 2
4 7
33 22
34 2
17 14
15 17
5 27
18 22
28 21
2 2
29 30
1 17
21 17
20 28
28 12
16 23
0 24
15 9
13 6
22 1
18 9
31 20
30 22
10 19
12 17
19 12
10 25
24 7
17 0
31 4
15 30
18 16
29 14
4 6
25 9
2 6
5 8
13 2
15 18
5 31
27 17
21 22
26 20
30 13
16 10
10 18
4 3
13 20
1 12
12 1
26 1
32 14
32 24
11 2
16 27
30 17
22 7
30 21
7 3
21 19
21 27
26 26
29 31
33 7
13 10
2 28
20 10
22 28
2 26
10 29
11 4
4 28
4 8
17 27
32 26
15 3
9 24
27 8
1 16
32 28
28 6
5 17
27 23
24 0
11 18
1 0
5 24
5 29
31 33
21 25
34 29
26 14
16 25
24 3
8 2
0 16
21 0
22 6
26 10
8 11
33 10
3 12
14 17
28 0
0 26
24 4
27 19
25 0
30 2
1 29
34 17
11 33
18 12
1 31
11 24
33 6
4 26
23 33
10 7
28 20
12 28
1 5
3 1
18 2
26 8
33 33
20 23
9 20
28 5
3 22
16 11
17 26
4 14
6 21
20 2
19 9
20 7
28 3
0 23
29 7
33 30
7 0
23 31
27 32
19 2
23 25
12 12
32 8
10 31
30 16
18 18
19 20
27 18
12 14
32 22
16 31
9 34
12 32
4 13
0 5
17 29
10 5
7 19
18 1
5 0
20 14
18 6
21 31
17 15
34 34
23 3
0 13
7 29
20 4
25 32
0 11
32 10
29 20
17 21
25 23
29 24
27 15
22 4
22 13
12 13
23 5
17 1
29 25
7 16
4 25
6 23
22 12
