20 16 15
.....T.T.T..........
.......T............
....................
.T.................T
........T...T.......
.T...T........T.....
....................
.......T..T.........
....T...............
TT.......T.T.T...T.T
..............T.....
......T.............
..........T.....T...
.................T..
T.T...T....T........
...T............T...
.........T..........
........T...........
....................
T..T..TT............
14 18
18 13
16 2
17 12
18 11
17 5
8 19
16 4
9 5
14 19
14 9
13 16
16 12
8 13
6 17
15 7
6 18
15 9
5 12
15 10
4 14
9 10
12 17
18 15
7 5
1 12
2 1
9 9
0 17
8 16
10 4
2 15
12 6
6 2
5 8
17 16
11 19
8 14
9 4
0 14
3 12
18 16
17 19
1 16
9 17
4 12
13 4
9 13
2 9
2 17
15 15
12 18
19 4
8 18
12 19
16 13
19 19
0 11
8 10
6 15
9 1
10 18
4 19
13 5
12 9
11 9
14 8
18 10
7 14
2 3
3 7
13 17
17 7
1 13
11 7
6 4
17 3
14 11
8 2
10 3
6 13
4 18
2 16
5 6
8 4
0 1
18 0
8 7
7 15
14 14
1 9
5 15
0 8
0 7
6 12
7 6
11 17
3 18
9 16
19 13
10 1
7 19
1 17
6 0
1 19
13 11
3 13
3 8
10 7
4 2
4 4
0 12
3 11
15 8
11 12
8 8
18 17
2 7
1 8
7 9
12 13
6 11
13 12
19 0
11 11
11 16
11 4
15 16
18 18
14 3
5 10
14 17
0 19
14 15
8 0
11 2
13 1
4 16
2 6
7 12
15 1
3 3
1 5
1 4
10 10
12 10
3 9
13 15
18 5
11 18
5 14
10 16
11 15
14 4
15 12
10 0
12 7
19 9
9 7
19 12
2 5
6 8
17 14
4 5
14 16
4 11
10 13
2 0
16 10
1 18
4 6
3 10
1 10
6 5
6 14
15 14
7 0
15 2
5 1
3 16
13 9
15 4
6 3
14 6
15 17
7 10
7 7
3 1
8 15
9 8
17 2
16 18
5 7
12 12
8 17
3 2
11 3
0 2
6 7
8 11
14 1
9 11
0 0
18 2
2 10
19 5
18 4
10 5
13 13
7 13
13 0
19 2
10 14
4 9
19 7
1 14
12 4
3 14
5 2
12 11
16 15
6 16
2 13
16 5
18 19
19 1
5 9
2 11
19 11
12 16
16 8
17 13
10 12
16 17
14 5
12 3
18 1
8 6
18 6
10 19
16 7
17 0
10 8
17 8
19 3
0 4
9 15
13 7
19 15
0 16
0 3
9 18
3 0
8 9
12 14
16 19
4 0
4 1
3 4
12 15
4 3
5 5
7 1
1 7
1 1
13 2
13 18
7 8
15 13
12 5
18 8
14 10
2 12
10 2
0 18
2 8
12 0
2 4
18 9
16 1
4 10
19 14
15 18
9 6
7 16
4 17
13 3
17 10
8 1
1 3
13 6
18 14
11 13
7 11
16 16
18 12
8 5
14 2
11 0
6 1
16 14
6 6
0 5
13 8
9 3
1 11
17 17
5 17
1 6
2 18
15 6
15 0
1 15
10 6
3 6
16 6
5 4
7 2
3 19
17 18
9 2
11 1
5 18
17 11
19 6
15 3
19 16
9 0
5 19
16 0
17 9
0 15
3 15
17 4
19 18
11 6
15 19
6 9
5 0
13 19
17 15
13 10
17 6
10 15
11 5
14 13
2 14
18 3
3 17
14 0
5 16
19 17
2 19
2 2
7 3
11 8
9 12
15 5
0 6
4 13
15 11
10 11
14 12
10 9
19 10
16 11
5 13
12 2
12 8
5 3
7 4
0 13
4 7
19 8
9 14
1 2
14 7
10 17
17 1
8 3
4 15
9 19
4 8
11 14
0 9
16 3
8 12
7 17
18 7
6 19
16 9
11 10
3 5
1 0
7 18
12 1
13 14
6 10
5 11
