38 22 25
..T........T..........T......T......TT
......T.T................T.......T....
....................T..T......T.......
.T...........T.......T..T......T......
..............T.T.T...T..T..T..T..T...
.T......T...T.........T.......T..T....
T......T....T................T..T...T.
.....TT...............................
........T..T..................T......T
.T..T.....T......T.............T...T.T
........T...........................T.
......................................
....T.......T..T....T...T..........T..
....T....T.......T.......T....T...T...
...TT................T........T.T.....
.....................T................
...............................T......
.........................T....T.......
.........T.........T.....TT...........
..............T.T...................T.
.........T..T.T....T......T...T.......
................T.................TT..
........T..T............T..T........T.
.......T....TT...............T.T..TTT.
.T............T.T.......T..T.T.....T..
.T......T.....T..T.......T..T.........
....T...........TT.............T..T...
..T................T....T...T..T.....T
....T.........................T.......
.......T..T.T............T.......T....
.T.......T.......................T.T..
..........T..T.....T.T................
......T.....T...........T.....T.......
..T..T....T....T....T....T.........T..
.............T....T...T...............
.T.......T......T........T..........T.
....T.T.T................T..T......T.T
TT...T...........T...............T....
21 37
30 17
23 6
0 15
33 2
1 37
9 36
10 18
19 23
34 5
12 24
7 35
32 9
27 0
13 22
35 29
15 25
15 27
8 24
29 13
19 11
4 25
25 16
27 9
33 11
23 32
16 23
30 8
2 10
15 28
3 4
29 33
18 13
3 22
8 4
37 1
24 5
25 18
18 24
24 15
24 13
33 31
32 36
12 33
9 17
6 13
10 8
30 32
26 33
30 7
27 5
5 18
37 37
26 22
16 25
12 36
20 34
21 27
12 15
11 10
3 29
17 18
15 21
24 1
36 4
26 30
32 10
27 32
12 10
34 32
0 25
23 22
31 25
1 6
27 12
14 27
27 25
30 26
17 1
10 13
5 21
21 14
15 3
27 26
35 30
37 21
4 30
21 11
33 12
6 20
32 37
20 21
29 9
22 35
11 26
4 7
4 34
17 37
16 29
19 8
12 1
0 29
21 30
23 16
6 10
29 1
37 23
37 29
5 19
7 11
27 19
37 33
23 28
34 0
27 23
8 10
11 0
20 8
15 36
5 34
21 33
24 8
29 34
2 2
19 34
28 32
4 27
16 5
5 5
16 8
7 28
22 21
33 30
18 37
1 10
17 12
9 29
36 25
10 26
16 13
30 14
5 1
9 28
0 9
22 13
25 35
26 9
27 3
18 14
8 20
33 37
35 32
34 36
7 37
10 6
8 6
27 28
30 9
30 21
25 33
14 29
0 17
11 20
4 24
10 1
30 25
30 15
8 36
23 17
21 29
10 33
16 18
23 34
25 6
34 23
20 11
26 10
29 19
12 0
28 10
18 33
26 35
25 1
32 31
20 27
30 10
9 33
22 0
5 17
34 30
1 29
7 17
25 15
0 7
36 34
14 15
1 30
10 37
3 27
25 20
29 17
37 22
12 17
15 17
36 20
8 21
33 20
31 18
20 23
29 29
36 19
27 6
11 13
4 4
24 12
9 15
14 3
20 3
11 12
10 4
11 33
15 8
8 13
14 34
17 5
36 3
29 24
7 26
31 33
25 3
35 26
32 17
8 22
28 15
4 11
22 15
8 33
3 18
20 14
14 13
28 27
8 14
5 14
33 26
2 7
20 10
14 30
24 33
11 23
27 33
18 32
9 27
13 9
24 27
29 20
21 25
20 36
25 25
27 34
14 1
37 31
8 1
30 6
12 26
1 21
23 14
24 16
0 33
27 17
28 31
37 0
21 26
2 18
21 36
20 29
1 24
24 14
28 19
8 19
5 25
28 14
21 16
2 4
13 7
28 11
25 27
22 6
16 11
30 31
27 24
25 13
26 1
29 27
24 23
33 16
32 6
22 9
16 33
35 1
7 24
11 8
35 36
31 34
27 22
34 4
26 37
9 3
33 27
2 16
0 1
34 2
10 25
4 16
10 10
36 28
1 4
33 15
0 22
6 31
17 33
21 10
9 31
17 29
3 11
9 1
32 22
17 6
12 31
1 35
32 8
9 19
28 9
37 7
37 35
1 28
35 10
33 14
20 31
3 32
31 14
12 35
23 2
24 25
30 4
33 8
23 10
14 18
3 37
23 18
4 36
16 28
13 6
1 9
19 22
8 26
20 28
10 29
6 28
28 30
2 19
5 7
3 9
24 34
37 30
5 8
21 28
26 0
17 30
11 29
27 30
21 0
18 26
33 36
27 1
9 6
11 22
18 15
3 6
28 26
34 11
4 26
29 10
33 34
31 26
37 28
11 30
6 1
15 14
14 28
2 8
15 15
30 27
0 5
28 5
23 35
36 8
22 36
26 15
18 25
32 26
34 24
5 15
22 28
34 19
37 4
6 26
23 8
1 20
11 32
29 23
19 4
25 24
0 26
31 36
14 23
15 32
14 14
21 2
30 29
9 37
28 37
33 9
14 16
10 15
2 1
37 6
26 28
22 26
24 6
24 21
31 37
26 34
18 35
29 15
5 3
31 28
1 18
22 32
32 18
13 2
9 2
36 1
19 16
11 34
11 25
28 21
36 12
7 12
7 4
18 8
0 11
8 29
6 16
6 25
29 25
14 21
7 19
19 13
18 9
6 36
4 15
1 8
31 13
19 0
19 9
25 10
19 28
4 6
19 1
7 3
2 6
22 20
27 20
24 10
6 6
20 12
18 20
35 12
1 12
25 28
1 2
32 0
35 27
19 19
9 35
26 32
29 8
24 26
31 1
3 14
28 33
31 4
28 34
2 31
23 26
12 5
28 36
12 11
36 30
6 27
35 8
18 0
27 31
21 13
20 30
24 37
18 17
26 8
33 22
12 4
36 27
27 16
13 24
25 32
20 9
5 11
37 3
15 2
29 36
37 2
21 1
7 8
26 18
31 22
34 16
30 24
15 31
0 31
15 0
5 27
9 25
29 6
11 9
19 14
24 11
10 34
36 5
35 20
28 3
1 36
20 18
27 29
6 11
37 5
28 24
0 28
30 1
10 11
31 12
27 18
36 17
6 7
8 23
14 19
10 0
19 7
11 3
31 31
21 23
16 3
16 36
33 23
15 30
8 37
35 7
0 14
16 27
26 3
24 31
31 17
34 18
24 2
34 26
20 13
23 36
1 13
33 21
25 0
16 4
3 2
3 20
19 24
34 10
31 8
20 5
17 35
32 13
26 14
24 29
20 4
11 4
21 19
25 17
2 20
1 32
32 21
3 17
10 17
13 33
2 14
21 20
14 12
1 26
2 9
28 13
2 22
32 29
12 13
19 31
3 19
16 15
5 26
16 19
5 23
3 36
14 8
21 7
20 37
7 15
13 15
33 35
15 5
31 27
3 21
18 21
21 9
0 2
7 33
11 11
20 0
10 19
37 26
32 35
36 33
16 20
32 24
3 31
5 29
12 29
6 12
14 25
22 4
21 4
6 29
1 34
4 14
24 7
33 6
4 32
14 26
33 1
35 5
2 37
15 12
20 32
34 25
8 12
27 35
28 12
9 11
22 31
32 5
5 33
5 28
32 1
22 22
5 10
23 20
31 3
7 30
16 32
37 9
1 14
28 20
4 37
5 22
31 19
18 19
18 34
7 7
31 29
7 32
26 12
27 36
22 3
15 16
31 10
6 32
15 19
12 18
36 11
14 32
26 25
2 35
23 9
33 28
6 21
29 26
25 5
10 9
29 21
35 13
9 12
15 7
5 16
8 32
2 28
4 19
29 32
23 27
0 3
11 15
13 25
0 27
9 24
31 35
23 29
33 25
4 33
8 30
5 12
30 5
37 12
9 22
33 19
10 36
32 28
22 27
7 1
35 33
22 10
16 16
33 3
6 14
9 30
6 33
24 19
19 33
22 29
4 13
8 2
34 27
12 7
4 29
8 7
35 0
9 23
22 23
1 17
33 7
16 17
28 23
32 34
0 4
19 17
32 3
6 2
30 33
37 20
30 22
17 13
2 17
31 32
19 37
33 29
11 36
24 4
17 16
26 19
11 37
4 35
18 36
10 32
13 16
2 24
23 0
22 18
10 2
8 34
28 1
22 2
6 4
9 9
14 5
16 22
21 6
15 20
35 25
18 30
36 14
18 16
33 24
19 32
30 28
35 4
27 27
37 32
13 36
5 4
32 2
34 15
21 18
35 37
8 5
25 8
14 31
5 35
35 18
22 24
29 11
12 34
32 11
4 5
35 2
12 12
9 5
8 9
18 6
37 27
12 9
15 29
26 23
34 9
11 27
16 10
27 37
30 0
21 5
16 35
17 31
0 6
13 17
26 31
1 0
17 9
2 32
4 23
10 16
32 33
6 0
3 8
27 4
35 11
8 3
33 13
16 21
0 36
30 18
23 37
13 12
7 34
3 23
3 26
25 36
33 18
14 36
36 29
0 10
36 9
9 10
13 31
0 32
0 23
28 4
14 37
19 21
13 10
5 36
9 26
12 28
4 3
11 17
3 12
10 23
24 17
26 21
30 19
37 14
29 12
34 35
18 31
37 11
20 35
13 8
17 19
17 21
18 23
2 12
17 8
18 4
28 29
16 7
13 32
23 23
17 24
2 33
11 1
27 14
36 2
8 27
17 11
4 12
23 13
11 18
35 28
12 16
23 11
26 27
0 37
33 17
10 14
36 10
36 21
27 8
5 0
7 2
29 7
26 36
33 5
22 7
25 12
12 30
17 22
7 18
28 0
6 19
2 15
30 3
18 22
13 30
17 10
11 16
6 34
4 0
19 27
7 0
24 36
28 17
29 31
27 15
26 5
18 11
23 24
26 17
22 30
18 18
4 2
23 5
0 18
6 22
14 24
5 2
24 9
26 24
21 24
25 31
32 20
8 28
25 34
30 23
17 4
25 19
22 33
21 21
32 30
1 15
1 27
17 28
34 20
6 17
28 2
22 1
5 6
1 3
19 18
14 22
34 14
15 4
28 7
1 11
29 18
1 1
26 2
4 1
5 20
24 0
34 3
8 17
26 26
23 19
23 15
16 37
23 33
4 22
10 21
27 21
3 28
26 4
37 36
2 5
32 19
17 14
19 5
6 15
13 14
29 0
23 7
13 21
28 8
13 20
14 7
18 29
36 13
25 14
21 3
15 34
10 31
9 18
19 10
8 31
10 24
16 6
23 12
5 37
11 14
19 26
13 13
14 10
31 11
0 8
18 7
12 22
15 9
21 22
15 35
14 9
24 32
10 30
7 20
37 16
1 7
9 8
3 15
31 20
31 6
12 27
29 22
2 29
6 3
28 25
29 14
8 11
6 30
30 2
24 3
33 10
35 24
31 7
29 30
0 12
25 23
35 31
5 32
10 22
10 3
10 28
25 21
0 16
15 1
28 28
11 5
19 12
16 2
3 30
6 18
24 35
7 22
12 2
34 7
2 13
3 25
30 35
13 28
3 10
4 10
34 13
36 18
30 34
35 19
7 21
9 20
13 18
20 15
16 0
37 8
9 21
0 30
17 32
22 17
20 6
13 29
16 1
22 19
10 20
19 36
13 23
7 27
24 20
6 37
17 20
11 31
19 30
16 34
36 32
12 8
23 4
5 31
13 19
7 29
9 16
22 8
7 23
25 37
8 15
14 6
19 3
32 12
13 3
2 26
2 23
37 15
3 3
37 18
28 22
26 16
8 35
30 11
1 22
22 12
22 5
22 25
1 19
31 15
7 36
15 37
36 22
21 17
2 25
32 23
11 28
20 17
34 34
16 31
19 29
18 27
9 7
7 16
30 30
10 5
34 22
25 29
13 1
34 33
30 20
30 16
14 0
10 7
31 30
24 28
37 19
29 2
20 1
34 12
31 24
15 11
1 25
2 11
37 24
32 4
4 8
20 2
20 26
30 37
7 5
13 26
22 34
30 13
15 33
13 11
25 22
28 18
9 34
11 35
0 20
15 26
32 7
23 25
14 4
32 14
31 5
35 34
2 3
3 7
37 10
16 12
7 14
36 0
20 16
5 9
0 35
17 17
5 24
3 34
4 17
34 31
18 5
33 32
35 3
8 8
33 0
16 26
3 5
23 3
14 2
3 13
34 37
35 23
36 37
10 12
22 37
36 7
25 4
19 15
14 35
26 11
29 16
6 5
20 24
31 9
32 27
11 7
26 6
29 4
37 17
31 21
12 14
32 25
32 16
22 11
31 0
21 15
35 14
24 18
17 36
37 13
1 5
13 37
16 9
7 9
24 24
34 17
36 16
16 24
35 16
34 6
35 21
17 27
34 29
6 8
15 23
2 27
14 33
12 37
23 31
15 18
26 7
17 7
20 20
20 22
36 26
34 8
11 6
15 24
25 26
17 23
14 17
14 20
31 2
18 10
29 28
18 12
0 24
12 32
13 35
28 16
11 24
19 6
8 0
2 36
36 36
22 16
1 33
18 28
18 1
25 11
16 14
12 3
21 35
8 25
12 6
9 14
3 33
27 7
34 1
8 16
28 6
31 23
25 30
12 21
17 0
35 15
10 27
35 17
35 6
35 9
15 13
4 21
21 32
27 2
4 31
9 4
11 2
5 30
27 11
2 21
32 15
24 22
12 19
36 6
13 5
14 11
36 15
6 23
36 23
19 2
24 30
3 16
21 12
37 34
17 2
23 1
12 20
26 20
1 31
25 9
34 21
15 6
33 4
3 0
6 35
0 21
26 13
20 7
3 35
9 32
12 23
19 35
30 12
16 30
0 34
22 14
36 24
21 31
30 36
29 5
7 6
19 20
13 0
12 25
10 35
4 28
23 21
32 32
35 35
6 24
35 22
20 25
26 29
20 33
13 34
17 3
34 28
17 34
20 19
36 31
9 0
31 16
7 10
17 25
6 9
18 2
3 24
4 18
2 0
27 13
13 4
28 35
29 35
21 34
1 16
2 34
9 13
29 37
18 3
13 27
0 0
17 15
7 25
17 26
1 23
25 7
36 35
5 13
4 20
15 10
11 21
27 10
8 18
0 13
7 31
4 9
3 1
15 22
19 25
2 30
29 3
25 2
23 30
7 13
33 33
21 8
37 25
11 19
