36 34 27
.............T.........T...T.T......
.T...T.............T................
.....................T..............
.....T...T......................T...
....................TTT...........T.
.....T...............T.....T....TT..
................................T...
...............................T....
T...................................
..TT......T............T..T.........
..T.........T.......T......T......T.
..T.................................
....................T.......T.T.....
...T........T................T.....T
...............T...T....T...........
........T......T....................
.......T................T...........
.................................T..
...................T.........T......
......T...........TT................
....................................
...........T........T..T.......TT...
................T.......T...........
............................TT......
....................T...............
...T...TT.........T........T........
.......T...T.T......T...............
.............T......................
................T..T...........T....
T........................T...T......
....................................
...........T.......T.....T..........
....................................
.....T.....T.T...T...............T..
T..T............TT......T...........
..T.......T...T.....................
10 17
11 1
12 30
15 16
34 12
26 22
11 8
20 5
5 19
1 31
23 32
20 29
5 24
12 27
30 26
27 1
2 21
30 25
20 32
18 5
35 33
31 11
22 20
28 25
11 17
19 31
21 31
8 35
2 10
0 34
26 34
28 30
6 17
19 2
23 21
17 4
10 27
16 19
35 6
15 0
10 7
9 26
15 10
32 22
14 15
12 6
18 35
12 21
29 15
33 31
18 32
12 22
17 16
16 17
18 23
5 10
20 28
0 11
6 35
16 8
23 11
20 17
23 8
19 9
7 10
6 25
6 26
15 19
8 12
0 16
34 16
24 1
16 21
19 35
3 2
35 30
16 13
11 13
31 35
32 26
19 3
33 23
8 6
17 31
35 15
31 30
25 16
21 3
9 12
13 28
21 9
12 11
29 30
6 22
34 31
6 23
33 35
3 18
11 9
2 33
7 30
7 12
1 5
8 18
4 1
24 11
11 15
23 9
29 6
8 32
22 4
1 24
2 2
29 21
10 12
4 27
23 15
26 1
16 15
14 31
11 24
8 4
4 6
15 23
9 18
2 35
28 2
13 20
34 26
34 35
6 24
29 18
29 4
33 29
12 20
26 30
13 22
26 2
26 13
34 15
26 4
11 31
20 25
0 13
11 23
5 0
21 4
8 2
1 20
22 26
3 25
22 35
7 23
35 21
15 22
7 20
23 35
35 23
7 24
7 11
15 30
22 22
9 11
21 2
20 33
24 30
35 35
27 20
30 29
4 24
25 5
16 7
25 19
14 3
19 11
12 18
24 12
2 9
30 1
16 18
1 15
16 34
22 31
17 9
14 11
24 27
32 18
33 30
18 17
27 4
7 35
2 20
27 2
21 6
3 28
16 6
29 17
14 35
19 20
17 19
35 19
15 15
28 22
33 8
21 24
4 17
33 18
0 1
19 30
1 8
35 29
32 9
1 12
23 25
3 29
5 8
29 33
16 20
12 8
35 17
13 15
22 16
12 14
6 19
9 15
1 1
9 32
21 0
29 19
15 6
28 17
16 26
8 9
15 21
9 0
25 2
10 22
25 32
18 15
25 33
31 23
3 16
24 16
5 1
24 8
14 23
10 19
23 34
8 11
16 9
35 8
7 0
19 16
13 0
21 13
21 18
24 3
7 8
4 7
19 22
25 26
25 14
4 22
20 35
4 15
19 21
10 5
22 13
27 13
15 34
22 18
2 11
5 9
3 26
28 32
3 8
35 1
11 27
8 23
15 24
1 27
0 15
17 26
25 4
12 26
5 3
0 29
8 3
28 34
8 16
18 33
12 7
28 4
14 26
20 26
30 6
33 6
25 12
17 6
17 28
15 20
19 12
29 20
3 13
28 7
21 16
0 3
29 29
23 5
14 18
14 13
33 11
4 10
14 10
22 6
16 22
16 0
32 6
19 23
9 19
8 13
6 0
13 12
29 11
5 26
6 29
11 5
4 19
28 23
19 1
34 19
15 14
6 32
18 7
31 18
17 27
20 9
17 14
35 0
25 20
10 35
29 23
13 7
21 15
32 24
27 30
25 25
4 34
30 2
26 26
17 20
15 29
19 28
23 33
25 31
18 14
1 23
27 24
32 28
12 28
5 33
21 11
19 6
23 23
14 2
9 25
34 0
16 29
35 7
4 14
15 5
12 33
35 22
27 11
15 25
8 24
16 32
11 4
35 18
8 33
21 19
11 33
0 28
28 8
13 5
27 15
16 1
25 9
16 14
22 10
18 6
27 3
21 17
8 19
18 25
9 7
11 30
20 19
8 17
18 29
3 20
7 15
34 6
8 7
32 30
32 34
0 17
33 34
8 20
18 27
6 3
3 33
31 12
25 1
18 22
33 0
16 33
24 32
15 8
3 24
6 31
32 21
16 23
7 32
28 21
27 29
29 34
7 31
5 20
12 31
2 19
30 20
20 6
31 14
26 32
23 6
23 24
28 6
13 8
25 22
24 6
30 28
25 35
35 25
35 3
4 4
0 27
7 1
23 20
14 6
24 18
21 27
12 3
9 21
18 4
14 24
8 25
25 13
15 28
11 25
22 15
22 19
20 14
33 15
6 2
34 22
13 25
19 0
27 27
4 16
34 13
29 22
22 7
33 25
8 31
9 17
6 5
1 18
19 5
26 9
22 32
17 23
19 8
28 13
12 35
13 3
34 24
31 32
34 18
9 1
5 4
21 32
0 30
34 33
14 4
5 23
21 29
14 22
22 34
2 12
16 25
23 17
18 8
33 19
3 3
12 9
29 10
21 22
31 10
8 30
24 17
0 7
30 35
20 13
5 14
0 33
3 17
13 11
5 6
19 17
10 13
1 9
30 10
33 4
7 9
32 29
23 10
5 22
10 29
7 34
17 35
21 30
13 24
13 34
0 0
10 30
18 10
6 11
23 31
2 1
20 18
1 0
4 8
7 7
8 5
29 27
28 29
21 10
33 28
17 17
2 3
7 5
14 16
25 21
14 29
29 5
4 9
35 9
9 3
26 16
11 18
9 23
13 35
4 31
26 11
17 32
31 7
19 7
35 28
0 2
4 28
2 29
10 11
27 33
9 14
30 9
27 0
11 0
24 7
32 14
33 9
20 16
30 0
10 20
10 6
32 0
0 9
22 21
22 27
27 17
23 2
7 14
29 9
11 12
9 5
3 7
33 14
11 22
9 9
27 7
28 24
11 21
24 21
23 18
0 21
11 28
23 14
2 22
26 33
19 32
7 33
11 26
14 8
20 22
16 30
7 3
32 8
26 17
13 10
15 33
6 8
1 11
32 31
3 1
5 2
20 10
24 22
10 32
16 2
24 9
24 28
19 18
30 17
16 28
6 12
34 7
1 2
29 7
17 25
21 33
5 29
12 24
21 20
2 0
1 33
20 20
14 19
18 16
31 33
35 24
25 7
16 27
24 34
13 1
32 32
0 14
23 7
13 29
32 33
19 14
16 5
27 18
34 17
9 6
14 27
2 27
34 9
32 19
9 34
27 6
0 26
17 0
35 31
27 31
20 15
10 14
8 29
8 14
27 26
12 16
11 20
27 32
24 5
18 1
9 29
13 13
7 16
33 10
17 7
4 21
19 4
4 20
15 27
3 21
26 10
29 12
25 23
7 6
4 2
30 33
18 11
13 23
14 1
27 19
17 24
13 4
23 13
18 13
15 35
24 29
10 24
15 4
30 8
14 28
21 35
35 26
13 27
0 10
15 1
9 30
18 28
30 23
29 8
12 5
34 34
24 24
8 28
31 17
14 7
3 12
15 11
8 15
1 25
16 4
14 12
25 17
27 8
29 28
30 27
30 5
1 30
8 26
3 19
11 10
26 25
24 20
32 27
28 35
34 10
30 32
24 10
12 15
28 20
26 19
31 25
29 14
2 34
32 17
9 8
12 32
31 20
20 0
4 0
29 1
5 32
21 26
18 3
15 17
3 23
32 7
33 5
28 9
25 15
13 33
3 30
19 19
9 13
22 8
4 25
34 4
28 10
13 32
2 5
9 35
20 11
30 12
21 5
9 16
2 13
33 3
17 12
10 2
13 2
21 21
27 16
14 17
26 3
25 24
14 32
33 27
4 29
1 10
7 19
35 12
19 24
25 28
22 12
26 20
31 29
10 33
23 22
16 12
20 7
26 0
23 29
9 31
26 6
6 9
29 2
9 20
33 12
28 12
34 11
17 10
8 21
26 24
34 14
1 14
6 16
26 15
17 3
31 3
20 34
31 24
9 28
31 21
2 17
18 21
10 28
10 0
25 34
32 11
28 15
17 21
9 33
31 15
31 0
14 33
35 11
1 7
28 5
17 29
22 9
27 25
20 4
10 3
32 20
4 13
9 10
33 2
10 10
5 28
5 12
4 3
35 13
22 11
4 26
17 15
5 7
34 25
32 2
17 2
7 22
17 13
13 31
34 8
24 19
34 29
20 21
10 21
32 5
1 16
27 34
23 4
12 12
25 6
1 32
14 21
7 21
2 6
1 28
3 15
2 26
19 33
10 16
28 19
35 14
2 14
11 35
22 0
27 10
5 27
11 2
5 5
31 8
12 23
21 8
18 31
2 30
12 4
19 13
5 15
27 5
33 33
28 16
28 33
16 10
32 13
5 31
16 16
7 4
7 28
22 28
27 21
30 16
35 20
1 4
17 5
14 5
5 25
2 8
21 25
3 27
23 1
26 7
25 18
33 17
6 30
29 13
4 30
2 16
4 12
20 24
15 7
17 18
29 26
5 35
33 21
30 30
23 27
19 27
2 7
32 1
10 9
29 0
3 11
25 8
1 34
15 12
6 21
11 16
26 35
6 18
31 6
35 16
2 28
7 18
14 30
15 3
0 8
28 27
1 6
31 31
19 29
5 17
5 21
9 27
33 13
18 20
25 10
10 25
16 35
0 6
24 0
14 0
24 31
30 31
30 7
19 34
29 31
34 32
8 1
30 3
12 19
32 10
11 34
6 15
8 8
8 10
22 3
3 35
21 14
4 5
7 13
24 35
5 30
35 2
31 19
4 11
14 34
21 34
0 22
30 21
18 26
15 13
35 10
2 32
27 12
18 2
32 15
2 24
6 6
25 0
24 4
35 5
16 31
33 26
11 29
27 35
32 23
15 18
3 5
28 28
6 34
1 29
0 20
26 18
23 0
9 24
2 4
20 3
13 17
34 2
28 18
20 27
16 11
24 13
35 34
20 30
4 33
7 25
17 34
10 23
23 19
35 27
31 22
12 13
20 8
29 35
5 13
5 34
15 9
21 7
29 24
29 16
6 27
18 24
18 0
11 11
21 23
3 4
1 17
14 20
31 34
8 27
11 19
3 0
24 33
29 25
7 29
1 35
17 33
12 29
22 14
1 21
3 6
26 14
29 32
33 16
23 3
17 30
12 10
22 2
32 4
3 31
17 8
14 25
17 22
33 1
27 23
12 25
26 21
10 18
7 27
10 8
28 0
34 1
25 30
0 5
22 33
18 9
6 28
10 31
34 30
0 24
13 30
18 34
26 31
24 25
3 34
28 26
3 9
2 25
33 20
30 24
0 4
5 16
17 1
28 3
33 22
3 14
10 4
0 19
0 35
12 34
8 34
22 29
30 13
19 15
34 28
20 1
2 31
10 26
11 14
22 25
35 4
13 18
28 14
17 11
26 8
26 23
21 12
23 16
1 3
1 13
23 12
34 5
31 13
26 27
13 26
13 9
22 24
19 10
9 4
32 12
32 3
22 17
6 10
8 22
7 2
12 1
4 35
7 26
13 6
26 12
4 32
28 1
3 10
24 23
16 3
28 11
30 4
25 11
31 2
1 19
26 5
27 9
2 18
23 28
14 9
24 26
33 7
0 25
10 1
20 31
6 20
4 18
4 23
33 32
31 9
2 23
20 12
0 32
22 30
5 11
21 28
11 32
23 26
21 1
31 4
24 15
22 1
31 16
3 32
6 4
25 27
19 25
30 18
30 22
26 28
27 14
32 25
20 2
6 33
28 31
22 23
32 35
26 29
3 22
7 17
18 12
15 31
15 2
13 21
15 32
34 20
6 14
25 29
32 16
23 30
31 27
31 5
2 15
24 2
11 7
22 5
8 0
12 17
6 13
33 24
15 26
20 23
10 34
9 22
24 14
13 14
12 2
30 14
30 15
18 30
34 27
30 11
11 6
34 3
1 22
1 26
25 3
5 18
18 19
27 22
34 23
31 1
29 3
0 12
10 15
31 28
35 32
12 0
13 19
11 3
9 2
30 19
0 23
30 34
18 18
13 16
31 26
19 26
0 31
27 28
6 1
16 24
14 14
34 21
6 7
