29 25 16
....T.T.........T.....T.T....
..TT..T....T..........T......
.....T................T......
..........TT.................
T......T.............T.......
....T.T..................TT.T
.............T...............
.................TT..........
................T.....TT...T.
T.............T..............
.......T....TT..............T
....T....T.T....TT...........
T.......T..T...........T.....
...........T.T..........TT...
..T..T....T........T........T
....T............T...........
.....T..........T............
..........T.T.....T..........
.......T........T....T....TT.
...........TTT...T.....T.....
.............T.T.............
...T.........TTTT............
....T..T.T...............T.T.
....................T..T.....
T.......T..TT................
...T.T.....T......T........T.
.....T.....T.T.T...T......T..
.....T............T..........
.T.........T.....T..T.....TT.
15 20
17 20
20 27
18 2
26 28
6 12
24 14
17 24
21 11
2 8
8 4
24 6
3 27
8 0
20 12
24 2
24 9
11 4
13 16
6 9
7 28
0 22
11 6
3 17
18 16
16 13
3 7
12 13
23 1
13 9
24 3
17 16
11 12
24 18
19 12
10 24
25 13
25 0
21 22
11 15
27 24
19 25
27 11
14 6
0 21
0 2
26 7
28 19
28 1
2 2
1 25
14 7
10 2
9 12
13 25
0 18
25 23
3 16
26 4
6 16
10 9
2 14
16 10
10 28
26 15
25 28
19 4
22 22
12 27
1 8
5 0
25 7
14 17
26 18
20 5
15 7
24 16
1 0
27 18
18 12
27 9
16 23
14 19
15 11
0 26
4 13
15 25
3 15
22 24
26 0
4 23
11 18
0 20
9 11
9 16
2 0
24 5
25 19
16 19
3 19
4 17
12 20
14 1
13 1
23 26
18 5
25 20
24 10
21 25
7 19
16 27
1 26
12 16
10 0
14 26
11 14
1 4
17 7
16 9
26 25
12 24
0 19
12 17
8 6
22 15
2 23
2 26
24 0
21 18
6 19
4 16
2 9
23 12
18 1
23 18
15 17
7 26
25 22
2 16
6 2
12 10
27 10
0 15
23 9
28 4
27 19
8 23
1 22
21 3
27 6
20 20
25 18
4 19
16 2
19 22
26 27
2 19
27 28
23 21
6 10
2 22
8 21
9 9
7 4
20 6
21 26
6 23
9 24
0 9
23 4
20 16
16 20
0 5
17 5
14 11
22 19
21 4
25 9
4 6
1 21
3 26
4 8
21 7
25 11
11 10
22 27
13 19
23 13
10 22
3 1
4 28
22 4
25 14
4 9
18 18
20 18
19 20
13 14
19 19
4 4
1 1
13 6
2 27
14 5
27 8
4 20
7 12
4 2
17 19
8 8
15 19
12 28
3 2
26 14
26 6
27 4
0 8
2 5
27 14
2 20
27 22
14 3
27 17
14 15
18 8
14 25
8 28
17 27
2 18
7 27
17 14
17 23
24 27
21 5
12 3
10 26
15 27
4 22
5 9
28 23
4 11
9 10
20 24
8 1
27 5
22 23
19 0
24 7
13 10
19 14
7 16
9 4
0 24
7 22
20 0
23 8
8 16
1 15
7 9
22 2
1 19
19 8
23 28
6 11
20 3
16 0
26 26
3 14
4 12
8 17
14 13
12 14
26 2
18 7
22 14
8 9
18 6
24 1
25 24
15 16
24 11
13 0
9 27
7 11
19 9
24 20
10 1
10 27
10 8
21 14
5 17
12 26
23 15
17 11
14 8
15 10
12 25
3 5
17 15
25 1
4 10
23 5
24 23
2 25
1 7
28 0
18 9
0 25
4 1
21 1
14 14
21 9
12 9
12 18
28 13
4 0
12 6
13 28
0 10
5 22
21 19
13 24
17 26
1 17
9 17
7 8
28 5
12 15
8 27
8 26
11 21
5 11
2 7
22 16
22 18
4 18
23 23
26 24
6 6
11 23
5 5
11 2
18 15
9 19
0 6
4 26
18 25
7 10
27 3
11 27
23 19
24 8
21 21
23 16
23 17
4 7
16 18
15 26
25 2
16 1
28 9
11 3
6 14
28 26
5 28
19 10
4 14
1 18
0 23
15 8
7 14
13 22
0 17
27 27
23 0
26 23
2 6
0 4
19 13
6 28
26 3
18 27
14 10
21 12
23 6
21 6
25 27
9 6
27 13
21 23
7 17
21 28
20 2
10 17
18 13
5 4
1 23
8 10
6 20
22 25
18 24
0 11
10 15
25 10
9 28
23 22
8 13
5 14
15 18
28 8
21 24
3 23
26 16
1 28
16 14
13 18
10 12
6 15
14 18
2 28
8 19
10 18
10 13
5 13
0 3
25 12
22 8
2 10
5 25
21 20
5 16
6 13
11 26
9 7
7 21
26 20
17 17
23 11
24 12
16 8
5 27
12 21
0 16
18 14
24 26
14 24
20 25
28 10
8 15
2 11
1 13
26 5
17 22
7 6
3 11
6 8
20 7
4 27
4 5
15 1
27 12
9 25
10 23
24 15
26 10
15 13
20 9
5 1
6 3
13 5
25 16
1 12
23 20
19 24
0 1
19 5
21 0
13 17
15 6
19 11
20 21
26 17
4 24
28 18
20 11
27 15
25 4
21 16
25 5
8 20
28 2
1 14
1 11
9 26
11 19
0 28
17 9
1 9
3 28
15 2
13 7
20 26
4 25
13 11
22 6
22 13
12 7
10 4
6 27
25 21
5 8
15 24
16 11
28 14
28 21
10 5
5 20
20 22
7 15
24 25
25 15
28 15
28 11
16 26
3 3
16 12
15 22
21 17
6 7
13 3
14 28
5 12
13 8
28 16
10 19
8 24
16 25
7 13
10 16
12 19
3 25
23 7
20 19
8 3
27 26
11 9
7 24
20 8
17 18
18 3
22 1
4 21
1 10
25 26
23 24
11 5
13 21
17 3
12 12
8 12
14 12
19 27
10 14
5 15
19 17
16 7
13 23
20 28
15 14
27 2
19 16
14 22
20 10
18 23
14 4
10 20
15 21
0 12
13 20
16 16
25 17
22 3
14 27
16 3
18 0
6 26
9 2
6 1
28 24
18 11
11 0
16 21
26 22
22 9
18 22
23 2
24 19
9 15
9 3
16 6
14 16
13 15
7 7
12 23
17 28
3 18
28 3
3 10
23 3
10 6
16 5
17 25
11 7
22 17
5 6
17 1
11 24
8 22
0 13
12 2
9 22
19 18
8 5
7 23
27 1
24 22
3 21
26 21
2 15
18 21
2 17
9 14
8 14
22 20
14 21
10 21
18 19
26 13
8 25
2 12
15 12
6 22
6 17
17 8
17 0
22 10
0 27
15 9
24 24
28 6
22 0
4 15
28 17
21 8
16 22
26 1
18 10
10 10
15 23
16 24
10 11
15 4
24 17
19 3
21 15
7 3
22 12
13 12
1 5
12 4
22 26
1 16
6 18
5 21
23 14
7 0
11 1
12 1
21 27
5 26
7 1
20 17
21 13
3 12
3 6
18 17
2 21
28 28
7 5
28 7
19 2
24 13
3 20
25 25
26 19
17 12
16 15
17 10
3 0
18 26
27 7
7 20
17 21
13 4
15 28
15 3
5 18
9 5
4 3
24 28
15 15
6 0
19 28
14 20
13 27
12 8
8 18
21 10
6 25
5 7
12 11
12 0
9 0
14 0
11 8
23 10
27 25
18 28
1 24
6 4
19 23
11 13
20 4
27 23
1 3
14 2
13 26
20 1
19 7
26 11
19 6
2 1
7 25
27 21
9 13
17 6
5 24
16 28
27 0
8 2
9 1
22 7
24 4
19 26
2 3
2 24
19 21
5 2
21 2
26 8
11 20
9 23
5 19
25 3
20 13
19 1
15 0
23 25
6 24
22 5
3 24
20 14
22 21
17 13
24 21
26 9
9 21
17 4
6 21
7 18
28 20
16 4
14 9
22 28
11 28
9 20
28 27
22 11
8 7
1 27
9 8
28 25
3 13
26 12
0 7
1 2
25 6
15 5
5 3
3 4
1 6
2 4
6 5
11 25
13 13
10 7
20 23
11 17
10 3
7 2
2 13
25 8
5 23
10 25
5 10
13 2
18 20
16 17
17 2
27 20
12 5
20 15
3 22
9 18
28 12
19 15
11 16
14 23
1 20
0 0
3 9
18 4
28 22
11 22
11 11
8 11
23 27
12 22
3 8
27 16
