24 11 23
...............T......T.
...T..T..T.....T..T...T.
.T...T...............TT.
T.T....T..........T.....
..T.....T......TTT......
.......................T
......TT.........TT..T..
.........T....T.........
...T......TTT....TT..TT.
..........T.........T...
.....T..................
..........T........T..T.
...T....................
.....T..................
T..................T..T.
......T.T...T.T...TT..T.
..TT..T....T..........TT
.....T...T.......T......
T...T.....T...T.........
T.........T..........T..
....TTTT................
T....T..................
........................
.....T.TT...........T...
8 11
2 11
4 0
16 23
21 17
1 19
16 3
19 11
1 18
5 0
13 9
1 4
5 1
13 2
18 11
14 2
17 13
18 8
10 7
4 3
13 7
10 10
13 6
10 16
10 11
17 20
2 7
9 23
14 13
4 10
12 18
14 5
7 9
21 21
7 1
22 3
4 19
17 2
2 5
11 4
15 16
8 0
18 15
14 8
18 23
16 8
15 23
8 20
23 7
3 11
7 13
21 9
8 18
19 14
1 17
21 6
1 10
4 9
11 10
22 9
3 2
6 21
21 19
4 7
16 12
13 3
17 23
20 3
1 5
0 23
4 2
20 6
11 22
2 23
20 2
5 20
15 19
13 5
11 6
3 17
14 12
1 6
19 13
8 13
23 11
0 4
11 19
23 14
17 9
17 16
6 20
8 5
18 5
1 14
14 18
10 18
1 16
9 0
4 14
9 18
20 8
9 11
3 8
2 6
15 0
17 10
17 4
18 14
2 4
10 6
9 14
8 2
11 1
12 19
5 23
18 12
5 12
6 12
17 6
18 19
11 20
19 12
0 17
5 17
13 16
6 1
3 0
4 17
6 6
22 10
8 22
7 20
1 11
11 5
4 13
9 9
20 13
16 15
20 17
12 12
16 22
11 0
21 7
8 6
2 21
0 21
23 19
2 19
15 22
20 14
19 7
2 17
11 8
0 1
15 15
12 5
12 21
21 4
1 15
17 14
10 1
6 9
21 2
20 18
22 16
0 8
11 16
16 19
9 13
15 14
17 7
19 18
12 6
19 2
21 8
18 0
13 14
16 20
7 12
11 7
7 5
22 17
11 9
21 3
0 16
16 11
7 0
23 22
3 18
23 12
7 8
23 0
3 20
22 22
22 12
3 15
9 4
15 12
23 5
14 19
2 0
21 5
4 4
10 14
9 22
13 18
17 11
16 10
10 20
0 19
8 10
20 16
6 16
10 4
21 22
4 6
14 11
4 18
19 16
0 6
2 22
15 21
20 5
19 22
11 18
1 9
12 17
18 7
3 10
9 17
9 3
17 5
17 1
6 23
18 10
7 23
12 20
5 8
6 4
10 15
4 8
14 3
5 11
18 20
0 22
22 7
15 9
1 22
19 1
11 13
18 17
23 10
19 6
6 15
4 5
3 1
3 22
5 9
14 7
15 2
16 14
14 22
0 13
9 15
19 20
20 23
19 17
23 15
15 1
5 13
2 14
10 8
13 15
3 9
22 5
7 18
3 5
21 18
16 16
23 23
9 5
20 12
16 5
19 23
12 9
8 15
3 16
7 2
17 17
10 5
5 14
5 7
22 18
11 15
16 4
3 19
22 21
16 18
18 16
18 21
12 15
18 3
22 11
4 15
22 20
2 1
7 21
2 9
8 23
22 23
14 15
14 0
17 22
4 23
23 8
7 22
7 16
6 5
2 8
9 21
2 20
23 3
4 1
2 13
11 23
5 3
12 14
15 3
21 10
13 17
13 22
2 3
5 16
3 6
21 15
0 11
8 14
17 21
22 14
20 0
3 21
14 4
22 19
12 10
5 21
0 0
6 2
22 0
12 16
21 12
15 5
9 6
15 13
6 11
20 20
3 4
16 1
10 2
22 2
6 8
12 8
16 7
20 11
6 18
2 2
14 21
0 10
19 5
7 14
1 21
8 16
17 18
4 21
20 1
8 4
11 3
19 9
20 19
9 10
5 5
6 22
16 9
5 19
21 23
20 10
13 19
23 1
4 20
21 20
23 2
0 3
8 1
23 9
5 22
17 3
9 19
14 17
4 12
8 9
4 16
20 21
14 16
23 16
13 10
7 19
18 6
8 8
19 15
23 17
10 23
16 21
14 10
7 10
1 20
10 17
17 19
8 21
15 4
6 10
17 15
14 20
13 23
3 7
2 15
15 20
7 7
20 22
21 16
7 15
16 13
21 1
12 22
3 12
18 2
6 3
12 0
14 1
18 22
16 17
13 11
10 21
20 4
12 4
12 13
2 18
3 23
14 14
13 1
10 0
20 7
2 16
5 10
1 1
14 9
18 18
3 14
7 11
10 13
20 9
10 9
22 8
3 3
0 20
10 19
18 1
18 9
0 18
8 12
6 0
11 14
22 13
7 6
5 4
11 21
2 10
8 7
1 7
13 12
4 22
5 15
12 11
14 6
1 2
10 22
17 12
19 0
23 6
13 20
0 9
6 7
15 8
6 14
22 1
22 6
0 2
10 12
11 2
8 3
23 4
14 23
16 2
17 8
16 6
0 14
19 19
23 20
12 1
9 1
9 8
1 0
1 23
6 17
5 18
19 8
21 14
8 17
21 11
22 15
12 2
15 7
7 4
4 11
9 7
21 13
23 21
0 7
21 0
6 13
10 3
19 10
15 18
22 4
9 20
9 16
7 3
12 23
3 13
9 12
1 8
11 12
2 12
15 17
20 15
19 4
11 17
15 11
6 19
17 0
16 0
23 13
13 8
23 18
9 2
1 13
18 13
1 12
13 13
13 21
19 21
15 10
19 3
12 3
15 6
1 3
11 11
5 2
18 4
8 19
7 17
12 7
13 0
5 6
0 15
13 4
0 5
