33 23 1
...T.........T........T......T...
..................TT.T...T.T..T..
.............T..............T...T
...........T.T...........T.....T.
..T..........................T...
...T.......T...............T.....
..TT.......T................T....
..........T......T........T......
..T........T...T...T.T...........
...T..........T................T.
........T...T....T............TT.
.T......T..T...........T.T...T...
.....................T.....T.....
..T....TT........T....T..........
......T...............T.T.......T
..T..................T....T....T.
T.....T.T.........T....T....T....
.........T.....T.T....T..........
T.....T.......T.......T....T..T..
T................T.......T.......
..TT...............T..........T..
..T...T....T..T.T.....T..........
........TT...T...T.T.............
.................................
........................T........
......T.T............T...........
..............TT...............T.
........T..........T....T..TT....
.....T.T.T.T..........T..........
....T.T................T.....T...
.T........................T......
....................T.........T..
........T.........T...........T..
22 6
26 30
28 14
7 26
18 16
3 32
22 5
6 24
12 20
15 18
1 16
7 16
32 25
11 6
20 21
18 13
15 6
26 31
4 16
7 0
20 3
6 20
6 0
27 29
15 28
28 4
23 18
24 28
13 17
2 30
6 3
4 19
7 18
6 25
5 23
23 13
32 14
30 28
11 4
20 1
28 20
10 1
28 21
9 27
11 32
12 16
20 16
27 32
4 26
28 23
25 16
7 24
24 8
23 17
14 12
29 0
3 7
26 25
18 1
8 4
30 24
28 13
1 20
28 29
9 5
5 19
21 18
4 22
14 20
18 4
9 10
2 15
24 29
2 10
16 7
14 32
17 18
6 9
24 22
1 23
7 3
31 26
27 4
4 10
23 25
20 20
16 10
3 26
21 28
19 5
15 15
7 14
27 16
0 20
2 0
5 17
32 18
17 29
4 14
11 22
12 30
10 25
4 30
3 0
3 30
12 2
19 21
27 18
21 5
27 5
23 7
18 31
24 10
15 4
14 24
28 22
31 3
27 24
15 21
11 18
32 16
2 21
7 12
12 31
31 22
31 30
28 24
2 13
22 25
21 12
9 31
32 11
17 32
13 13
7 22
18 2
8 11
31 13
10 16
15 10
18 23
2 25
3 1
17 28
17 11
24 30
9 4
26 6
31 29
15 22
27 22
9 2
19 12
11 25
27 11
16 30
4 20
1 27
18 8
24 13
18 3
28 30
1 7
21 23
29 1
15 2
16 17
5 21
8 20
13 15
23 15
20 8
28 16
19 13
14 11
28 28
3 18
25 23
20 11
1 19
15 25
6 30
23 19
15 12
6 2
14 4
26 11
29 4
0 27
12 1
11 5
9 28
18 21
5 15
13 27
27 20
4 3
6 12
30 0
8 23
4 32
12 13
13 22
24 32
13 4
20 17
0 12
8 26
32 22
16 25
19 0
11 13
14 9
3 25
10 17
2 4
18 11
6 22
20 27
6 15
9 22
29 30
29 22
3 16
2 11
24 26
1 9
12 27
19 2
23 32
13 25
12 4
0 7
10 7
17 13
3 6
14 3
4 25
25 25
19 22
25 27
5 11
29 15
23 24
16 1
9 11
3 23
3 21
24 24
21 0
3 10
17 15
13 28
22 32
8 32
30 30
17 25
32 6
19 16
2 26
15 17
15 11
7 27
23 6
23 22
32 28
17 7
31 24
25 26
10 14
6 11
3 31
31 19
21 21
7 6
29 28
31 1
0 18
10 28
30 9
13 9
12 10
12 8
8 1
2 14
5 4
29 5
24 18
0 3
26 7
18 25
17 30
9 9
29 2
16 24
13 30
12 32
3 28
15 7
31 7
2 5
1 30
31 0
14 14
17 22
28 3
19 24
5 18
2 20
21 25
27 27
6 8
0 30
1 24
0 1
23 0
12 7
11 21
13 1
21 29
29 6
9 12
6 32
12 0
16 0
14 22
27 1
3 17
25 9
21 8
5 20
28 32
6 18
10 18
26 10
20 24
19 11
14 13
27 31
27 12
22 24
19 25
17 14
9 30
1 22
25 22
1 32
8 6
31 8
10 9
28 18
25 4
4 18
16 27
25 3
4 11
21 32
25 31
3 19
24 19
15 20
7 25
31 16
4 23
27 14
16 3
21 1
26 5
3 4
8 0
11 11
20 2
20 18
17 4
26 27
32 4
4 24
28 7
21 13
30 2
22 13
12 29
4 4
18 9
4 7
22 26
1 11
8 29
13 20
5 27
25 21
0 2
29 24
9 6
8 21
9 7
29 10
2 8
0 26
15 29
1 4
16 6
0 5
7 28
0 13
16 16
26 2
14 26
19 14
19 18
29 21
31 4
3 14
30 20
28 0
16 21
0 23
22 7
25 32
9 13
0 19
16 9
30 10
15 27
0 17
19 3
22 19
22 20
14 21
21 31
10 3
6 7
15 32
4 15
32 17
21 27
27 0
12 22
24 5
9 23
26 29
8 18
17 2
4 5
5 3
22 23
9 32
15 16
30 4
31 2
26 4
20 5
10 32
31 27
27 13
30 15
8 30
25 20
15 24
14 29
18 7
20 31
21 30
32 26
19 32
0 22
0 8
1 5
1 14
25 11
21 7
23 21
32 23
13 24
14 19
12 24
12 6
21 14
10 24
23 31
11 30
26 16
25 7
23 5
20 10
0 24
27 30
24 16
32 31
20 22
22 9
6 5
9 20
29 32
5 10
24 1
21 15
10 5
13 21
8 24
26 18
10 20
2 3
18 22
25 8
18 18
30 8
1 15
29 3
4 21
12 17
26 19
24 7
2 24
18 24
14 23
27 28
5 26
1 17
5 8
5 32
16 12
30 23
32 15
20 25
17 17
24 11
15 9
18 14
29 19
19 28
7 9
27 25
11 23
31 23
10 22
29 23
12 26
26 14
28 26
6 21
11 24
23 9
8 19
30 29
13 3
2 12
22 15
3 5
15 5
3 8
28 12
28 11
31 28
12 12
24 17
30 18
10 30
32 21
19 19
6 17
16 2
28 1
26 17
22 16
15 30
3 27
9 24
1 28
21 4
2 16
27 26
8 14
13 19
32 0
27 17
29 16
7 2
18 6
11 1
20 28
15 23
24 14
14 1
6 31
14 25
31 11
13 2
29 31
3 2
4 0
3 20
29 29
26 13
21 2
31 21
30 13
32 24
2 18
27 6
12 14
0 4
32 20
20 0
16 5
12 15
20 12
15 26
2 17
9 18
19 31
31 32
22 30
32 13
10 23
23 12
31 15
23 29
30 26
18 10
14 17
17 16
8 2
11 0
9 29
32 9
10 4
13 16
16 8
29 18
6 6
5 31
31 20
2 29
22 8
9 21
9 1
17 31
0 6
19 6
9 15
6 29
15 14
24 15
20 6
18 30
5 13
4 2
27 19
17 5
5 30
31 25
22 10
22 12
21 26
28 5
6 27
23 26
30 22
29 20
14 5
15 8
31 9
6 28
8 28
24 0
3 9
15 1
13 29
23 1
25 28
5 7
26 32
22 18
32 3
20 4
10 21
24 31
18 19
11 26
12 11
18 20
5 29
20 29
19 10
8 7
14 10
8 10
26 9
19 4
12 25
1 0
26 21
5 0
14 8
7 4
5 25
18 15
14 16
23 3
11 3
28 31
3 11
15 0
9 19
6 23
13 8
22 14
16 15
20 32
20 13
25 30
19 29
25 6
17 27
14 18
30 19
24 4
5 1
0 25
30 17
1 1
26 8
30 14
26 22
0 0
3 15
15 19
8 15
18 17
27 8
1 6
2 6
2 9
32 10
27 7
0 29
4 28
32 19
31 31
25 14
29 14
28 6
26 20
7 10
13 14
16 11
18 12
25 13
19 15
7 7
30 1
9 26
0 9
17 3
23 16
11 2
14 7
12 21
2 28
25 24
17 1
18 0
2 2
17 19
29 12
23 20
17 12
20 30
10 29
4 31
14 2
28 15
2 7
10 10
13 0
0 14
14 15
4 8
26 1
14 31
7 20
30 5
4 6
29 9
13 23
32 8
8 17
18 32
8 8
23 8
30 32
10 26
5 14
25 17
7 11
18 27
26 0
11 15
1 31
8 16
12 18
22 1
16 4
22 11
24 20
4 1
28 25
17 8
3 3
25 5
32 29
23 27
12 9
26 3
10 2
28 2
19 17
8 31
30 11
24 6
22 21
13 18
23 14
13 31
9 8
22 31
17 21
11 20
1 13
16 14
28 8
25 18
25 10
30 6
19 8
2 27
21 10
11 19
14 0
27 2
22 22
19 30
22 29
29 27
26 15
30 31
16 13
2 23
9 14
26 26
22 2
20 15
24 21
7 31
31 5
20 23
8 22
23 2
21 24
31 17
26 12
27 23
19 9
28 19
12 5
11 10
20 9
11 12
11 16
25 1
14 27
17 20
32 32
13 32
4 29
30 7
9 16
19 1
10 13
8 13
16 23
1 26
28 17
7 13
23 30
5 9
4 9
22 4
20 14
27 3
6 10
3 22
10 31
8 5
11 27
31 18
24 9
6 13
32 2
10 19
7 8
9 17
6 1
32 27
12 28
29 11
12 23
24 27
27 21
17 6
3 24
27 9
0 15
17 0
32 1
1 25
16 20
3 13
11 17
13 10
5 2
30 27
1 10
21 22
13 11
27 15
17 10
2 22
32 12
30 25
23 23
30 3
17 23
9 0
28 27
11 8
16 29
16 18
25 12
24 23
21 17
4 17
21 16
8 12
2 31
20 7
29 26
17 26
0 11
1 21
3 12
19 27
17 24
23 11
16 32
11 29
30 16
7 19
5 12
7 29
23 28
2 32
14 30
5 16
4 12
16 22
6 4
19 20
14 6
18 28
10 12
28 10
23 10
22 27
15 31
27 10
32 7
16 26
31 12
8 25
7 23
10 6
24 2
5 5
21 3
32 5
6 14
0 28
26 28
5 24
0 31
8 3
0 10
22 3
6 26
20 19
31 14
18 29
13 12
30 21
7 32
3 29
26 24
29 13
25 15
17 9
16 19
1 12
31 6
1 8
18 26
5 28
30 12
21 19
5 22
29 17
20 26
21 6
11 28
10 15
15 3
22 17
10 27
25 29
19 23
2 19
18 5
7 30
11 7
21 9
22 28
14 28
25 2
7 1
11 31
7 15
26 23
6 16
19 7
25 19
13 26
2 1
10 8
1 29
29 25
24 3
11 9
24 25
24 12
22 0
25 0
7 17
19 26
23 4
8 27
4 27
15 13
0 32
1 2
12 19
13 7
29 8
5 6
0 21
6 19
13 6
11 14
4 13
10 0
8 9
21 20
9 3
32 30
7 5
16 31
21 11
1 18
28 9
10 11
16 28
31 10
1 3
13 5
29 7
7 21
12 3
9 25
