37 19 9
.....................................
.....................................
.....................................
.....................................
.....................................
.....................................
.....................................
.....................................
.....................................
....T................................
.....................................
.....................................
.....................................
.....................................
.....................................
.....................................
.....................................
.....................................
.....................................
..............................T......
.....................................
.....................................
.....................................
.....................................
.....................................
..T..................................
.....................................
.....................................
.....................................
.....................................
...................................T.
.....................................
.....................................
.....................................
.....................................
.....................................
.....................................
17 10
13 20
11 11
28 5
26 7
11 21
31 13
18 20
12 12
31 28
16 14
7 31
13 0
1 5
24 22
1 7
33 3
12 33
13 36
3 9
12 30
7 33
36 27
25 2
1 8
27 5
16 10
32 27
32 4
1 9
31 23
10 32
25 9
34 26
30 26
21 11
13 6
17 19
33 1
21 33
20 32
3 19
22 27
22 3
17 15
13 30
33 13
23 36
8 5
11 25
31 14
0 29
27 2
12 6
7 13
20 31
6 15
16 21
34 1
33 35
36 25
32 35
34 30
30 27
32 15
8 7
17 32
32 2
25 22
29 34
34 28
29 3
8 12
26 20
2 19
4 26
21 36
22 10
27 8
3 24
31 19
9 9
4 22
16 23
23 31
30 10
13 24
11 29
27 15
35 24
0 20
22 2
8 28
32 22
11 10
26 28
23 11
19 18
2 6
17 21
33 4
17 12
17 3
5 33
14 33
12 8
1 20
4 14
23 19
9 36
27 32
5 0
25 0
4 1
26 8
3 22
14 4
34 24
21 21
9 26
24 33
35 16
5 22
30 15
31 6
23 26
20 25
10 36
33 6
34 33
19 13
10 14
29 33
10 35
33 28
28 24
13 21
17 4
20 35
7 9
22 22
35 30
33 17
23 12
27 14
29 22
6 6
5 34
23 3
7 8
2 15
26 21
11 28
10 25
21 17
33 11
16 17
32 1
26 36
36 12
35 22
28 14
12 34
36 9
16 24
25 10
12 20
26 32
32 18
18 14
15 28
35 25
6 3
27 6
14 2
28 18
8 10
13 19
33 19
34 2
3 10
18 3
6 4
32 36
8 4
27 17
1 35
13 12
7 2
0 6
34 31
7 12
34 18
26 34
27 29
15 26
27 34
27 13
10 19
15 14
33 2
22 36
11 23
34 17
15 11
23 8
10 0
33 31
7 21
21 14
4 24
23 34
14 19
16 6
29 19
8 2
36 20
10 9
9 27
11 30
5 35
14 28
5 30
28 27
7 5
13 15
36 18
15 19
25 13
35 0
23 23
34 6
0 8
26 0
29 10
22 17
14 3
24 0
2 3
6 19
12 24
28 21
3 7
27 26
25 25
25 14
23 6
27 20
31 9
12 7
18 28
21 8
8 14
15 7
28 22
2 10
6 21
10 16
14 5
17 27
4 30
16 20
23 17
22 20
8 0
20 3
20 19
33 32
34 4
1 4
22 33
29 7
32 10
33 10
9 31
18 18
28 2
15 12
33 33
7 18
17 33
18 34
9 28
18 24
5 31
11 0
30 23
10 21
17 20
0 7
26 4
28 0
8 27
7 36
2 34
30 5
3 33
6 20
19 1
12 13
31 22
23 9
13 4
8 25
7 23
36 10
16 12
27 1
24 1
18 13
28 29
6 36
21 3
22 19
12 14
4 31
12 5
24 18
0 12
32 14
23 20
3 20
17 29
28 25
12 2
24 10
4 4
19 20
3 23
36 31
34 29
16 0
5 1
36 16
17 23
6 0
27 31
24 35
20 26
9 1
20 34
13 9
34 10
21 12
5 36
14 12
22 21
0 17
21 24
27 22
31 18
13 17
22 34
0 28
1 2
19 33
26 29
34 15
24 3
28 30
4 2
1 10
6 24
25 12
26 10
11 33
26 5
8 36
14 23
3 11
14 27
35 9
17 0
27 36
31 17
9 20
35 31
15 22
20 36
2 9
2 33
15 24
14 18
22 28
11 27
25 15
31 21
32 6
31 25
11 7
7 28
15 3
20 12
18 22
14 35
34 20
7 16
19 15
28 36
29 14
14 6
10 11
15 18
19 31
20 4
23 21
30 1
1 18
31 35
28 4
18 12
14 29
28 10
23 32
15 9
5 27
36 1
8 13
12 25
28 31
13 1
6 30
16 31
29 23
12 23
4 12
20 30
9 32
11 13
25 33
8 19
20 27
15 4
15 16
32 21
6 33
13 2
24 15
4 13
5 10
34 23
20 5
6 17
21 4
18 4
6 9
13 10
9 11
13 34
35 23
14 10
13 8
25 20
12 10
13 5
23 16
10 3
9 18
30 12
14 16
16 4
18 0
25 27
20 33
11 1
36 32
20 20
0 13
34 11
19 8
2 22
25 6
21 29
20 1
23 22
27 7
19 24
16 32
15 8
29 0
2 26
9 2
16 5
3 35
29 35
24 31
27 11
28 13
35 15
11 15
5 32
4 36
29 28
12 36
8 1
2 27
19 5
21 35
25 26
21 26
17 24
29 25
29 21
7 0
21 25
0 35
33 36
36 22
33 0
34 21
33 18
22 35
17 30
29 36
15 13
26 6
2 25
33 20
32 7
33 29
8 22
19 16
32 11
29 26
26 27
35 36
30 25
23 7
25 3
15 10
24 36
18 11
20 16
9 0
3 3
8 20
36 29
8 6
5 6
14 30
16 18
0 4
11 6
22 4
17 5
15 29
34 14
6 27
5 12
23 10
22 16
21 13
36 7
8 34
35 17
36 4
11 3
8 17
34 22
28 11
12 22
24 2
25 24
23 0
0 31
16 29
29 20
34 35
11 2
25 34
10 31
32 0
3 2
6 28
2 35
14 15
10 6
29 11
13 11
9 33
14 1
29 31
21 0
3 16
25 32
32 20
4 0
34 34
36 0
9 19
15 2
7 4
34 25
15 1
25 23
4 23
36 17
18 29
21 31
16 30
28 6
33 22
23 5
10 10
1 31
32 12
30 32
31 15
23 2
19 34
17 1
34 9
8 15
35 19
30 19
36 36
5 24
15 17
21 16
7 32
33 8
31 32
1 12
27 27
19 29
28 12
12 28
16 28
20 28
1 32
19 2
31 26
28 23
3 28
2 28
12 27
18 10
31 29
23 35
1 15
16 7
7 6
9 35
19 22
6 8
32 28
33 7
9 21
9 34
35 18
1 14
4 19
18 31
10 28
33 24
12 17
4 17
2 29
27 4
11 4
36 26
22 32
21 22
32 30
30 16
9 22
3 5
18 5
17 11
3 14
35 35
18 35
19 17
28 17
13 13
22 26
10 23
21 10
6 5
32 3
6 18
21 30
29 18
13 3
8 30
5 4
22 14
5 23
2 24
17 8
25 16
4 33
17 9
11 9
16 8
16 25
24 11
19 4
0 21
14 26
29 5
16 27
3 26
29 13
13 27
18 32
5 5
29 32
0 24
22 30
12 21
27 9
30 6
3 6
24 12
20 8
32 9
2 7
35 6
3 15
8 16
7 19
16 22
19 10
35 21
7 17
4 28
30 36
0 2
0 10
23 33
21 2
33 15
9 8
11 12
24 19
15 25
24 6
3 31
7 1
31 20
7 24
14 36
35 12
10 15
35 11
25 28
14 34
14 8
0 36
24 20
34 3
15 27
20 21
35 7
21 32
28 7
5 20
35 2
11 18
31 30
13 31
32 5
8 29
9 3
26 22
30 2
2 17
26 25
5 17
32 33
17 35
27 16
20 24
32 29
14 21
28 15
21 1
35 32
9 10
19 27
10 24
22 9
8 18
29 8
1 22
32 26
10 20
14 0
27 18
0 25
17 6
9 30
4 35
12 1
23 14
24 9
3 27
14 20
10 30
0 9
36 28
10 5
1 36
30 8
31 16
35 4
7 14
6 16
36 5
28 20
14 14
11 16
10 7
15 32
19 36
0 30
28 1
5 26
4 3
25 35
0 14
24 7
6 7
19 7
33 23
21 19
36 33
33 34
22 12
4 7
3 13
2 5
26 12
22 8
5 29
12 19
30 14
36 11
0 22
22 13
15 30
12 35
11 5
12 11
2 23
30 7
18 6
32 31
6 22
31 36
17 14
20 15
15 20
22 0
11 34
35 29
23 29
9 7
2 36
22 1
13 18
0 34
10 22
36 19
26 15
23 28
22 5
26 9
35 27
1 33
27 0
29 1
0 1
24 5
16 36
6 2
29 6
32 25
7 27
1 3
31 4
0 32
15 36
32 19
19 12
9 12
12 3
15 31
10 1
30 34
18 19
16 35
8 33
5 19
30 17
7 10
30 13
25 29
23 30
1 16
10 12
28 26
20 18
23 27
5 18
30 11
15 21
2 4
36 24
21 28
28 3
20 10
4 16
8 3
4 5
0 19
20 6
11 19
12 29
13 7
29 30
31 11
18 1
20 17
16 11
18 36
19 0
3 32
15 33
35 1
12 9
17 22
30 29
5 14
24 26
19 28
23 25
26 18
18 16
23 13
25 18
18 9
9 24
22 24
20 9
10 26
17 2
8 11
8 9
25 11
33 14
6 11
19 21
24 29
16 13
11 26
9 15
36 15
6 26
6 1
3 29
5 2
30 24
24 30
10 2
5 25
20 11
8 26
0 26
24 24
10 27
29 24
12 0
7 25
31 8
9 6
17 26
5 8
6 32
19 23
18 25
2 31
7 35
15 34
20 7
17 7
25 36
8 24
3 12
36 34
10 33
35 34
13 16
4 6
4 29
11 31
13 26
7 22
21 15
36 30
3 0
20 23
9 23
18 2
5 13
19 26
2 13
28 16
32 16
27 30
9 13
24 28
2 30
24 23
13 33
18 30
35 33
7 30
1 21
9 16
33 26
26 31
26 23
4 8
25 5
33 25
26 24
12 15
14 22
17 18
16 16
27 10
31 3
7 34
27 35
33 21
28 19
35 3
10 8
0 5
18 27
13 29
33 12
11 22
27 25
17 17
4 34
3 4
7 11
33 30
28 28
4 20
2 8
15 5
27 19
24 25
33 16
11 36
0 3
14 24
1 29
10 34
3 18
4 9
32 17
6 34
1 30
33 9
8 31
17 28
5 21
24 4
20 0
26 26
22 31
28 35
6 23
22 7
7 26
10 17
13 23
3 21
24 13
25 1
30 30
26 13
22 18
27 3
5 7
30 4
26 3
26 33
3 8
3 17
8 21
17 31
36 3
31 10
19 9
7 15
29 29
2 14
27 33
6 13
36 13
25 8
6 31
24 21
8 32
24 32
14 31
30 18
6 29
22 6
27 28
27 21
32 8
32 24
7 7
19 35
12 31
35 10
29 4
4 10
21 20
20 14
33 27
16 34
34 36
18 17
25 19
36 6
34 8
9 17
35 26
32 23
16 26
10 18
17 25
31 7
2 12
22 11
1 23
26 30
7 3
6 25
34 19
8 23
1 25
11 20
26 14
12 32
9 14
13 14
5 3
9 4
17 13
15 35
3 36
14 9
32 32
2 2
27 23
26 1
11 24
18 8
1 1
3 25
30 22
35 5
19 25
23 4
16 19
29 16
24 27
0 33
28 8
34 13
34 12
0 15
0 16
21 18
14 25
1 19
4 18
31 27
2 16
34 5
34 7
25 7
2 11
29 27
26 2
11 14
23 18
16 9
31 33
21 9
16 33
22 29
15 15
29 15
19 11
11 17
21 23
13 25
7 20
28 32
30 31
30 28
2 1
35 28
4 21
34 0
18 15
36 2
36 21
29 12
27 24
22 15
26 19
7 29
33 5
13 32
1 17
25 17
5 15
34 27
13 28
35 14
30 0
22 25
19 6
12 16
24 17
25 4
21 7
12 4
3 1
20 22
10 29
0 0
26 11
24 8
8 35
31 12
29 17
9 5
14 7
15 6
24 34
0 11
14 11
19 19
23 24
1 27
26 35
30 35
18 21
19 30
31 5
6 12
5 28
31 24
26 17
12 26
1 11
1 24
20 29
14 13
1 6
21 27
15 23
25 31
36 23
17 36
9 29
19 14
13 35
11 8
31 1
31 2
16 2
12 18
14 32
34 32
36 8
6 14
18 26
0 27
28 34
19 3
11 35
4 32
25 30
35 13
29 2
4 11
5 16
25 21
30 9
22 23
20 2
28 33
1 26
8 8
5 11
21 5
34 16
6 35
31 0
3 30
13 22
31 31
0 23
35 8
6 10
26 16
30 33
30 21
27 12
24 16
16 3
1 28
23 15
17 34
5 9
2 32
23 1
30 3
10 13
16 15
2 21
15 0
2 18
28 9
18 23
35 20
9 25
18 7
16 1
2 0
19 32
21 6
32 13
29 9
2 20
36 35
32 34
1 34
21 34
4 15
1 0
14 17
11 32
30 20
1 13
36 14
18 33
4 27
4 25
24 14
17 16
10 4
3 34
31 34
20 13
