40 19 30
........................................
..TT....................................
..........T.T...........................
.T...........T.........T.....T..........
...............................T.....T..
...................T....T...............
...T..........T.....T...................
........................................
........................................
.............T..............T...........
.............T........T.................
..................T...........T.........
...T....................................
........................................
.T...............T......................
..T..T........T.....................T..T
.......TT.................T.............
...............T.......................T
.................................T.....T
..T.T...................................
...................................T....
T...............................T....T..
T...............T........T............T.
........T..........T...TTT..............
..............TT.T.............T........
................T.....T.................
........................................
..............TT.............T..........
........T...............................
.......................................T
.T............T...........T.............
....................T........T..........
..T.....................................
................................T.......
............T..................T........
........................................
......T...............T.....T...........
....................TT..................
........................................
....TTT........T.................T......
10 33
24 27
34 2
22 21
37 27
24 28
21 0
28 30
2 32
24 2
25 29
10 10
20 8
26 15
5 6
28 31
24 1
5 9
38 19
8 4
38 36
19 23
28 9
23 37
24 14
14 6
10 17
38 29
7 18
1 30
4 17
28 28
36 17
33 7
32 23
5 38
15 26
20 3
35 22
15 11
38 2
4 18
19 8
37 30
39 18
10 16
10 6
12 2
38 8
8 20
17 21
21 14
23 23
10 23
35 5
3 26
24 10
5 20
39 15
37 25
12 24
24 19
19 4
5 17
14 0
8 27
32 31
33 1
8 37
24 8
24 0
0 23
12 26
1 19
7 32
23 18
16 31
31 38
0 9
19 16
26 5
9 10
33 6
30 22
8 22
18 36
15 29
18 3
21 1
20 1
26 38
28 16
19 9
36 32
13 24
18 10
32 24
35 36
20 30
18 28
3 34
5 29
8 21
10 0
14 2
30 16
16 15
39 31
25 10
0 29
4 27
5 34
36 24
16 28
32 16
8 28
20 7
27 35
22 11
23 28
35 21
39 38
36 26
7 34
19 24
33 39
10 39
3 18
23 5
16 1
20 12
23 13
0 14
31 21
27 13
11 23
37 31
32 26
37 0
4 35
17 29
31 6
37 3
25 1
0 8
26 1
24 9
2 13
10 20
19 39
15 0
30 26
23 26
6 0
32 14
17 3
31 0
1 1
20 24
20 14
6 20
11 21
1 31
9 29
9 33
25 37
35 17
7 39
31 24
4 20
30 14
37 16
2 8
31 20
13 9
17 20
7 33
29 6
4 16
23 0
31 26
18 33
9 27
16 21
13 1
36 18
5 25
1 14
11 6
9 6
1 16
26 17
31 9
21 35
14 19
7 2
19 6
34 18
34 38
16 10
17 18
11 1
31 1
7 21
1 0
14 28
33 12
21 29
6 31
15 13
14 12
32 5
12 22
13 23
4 33
37 26
9 5
1 18
2 34
30 3
35 29
10 2
19 21
0 31
14 39
11 0
12 28
17 19
31 12
13 4
30 35
27 39
23 36
7 7
5 5
21 33
22 33
17 16
13 11
25 26
35 3
6 21
29 10
29 27
22 7
22 19
0 16
22 31
30 23
15 10
14 5
27 9
12 6
1 2
13 36
2 0
32 8
7 25
22 36
8 2
28 32
18 26
13 8
37 37
35 7
21 31
35 4
2 12
34 28
9 36
27 4
19 29
11 5
18 29
24 4
22 1
31 3
32 36
13 21
17 9
7 24
14 14
23 39
7 22
24 36
34 26
36 15
1 4
25 13
15 14
16 26
7 26
30 2
5 12
18 27
35 6
24 16
3 6
9 32
28 21
34 3
1 29
15 12
19 31
4 14
38 25
3 8
28 26
34 39
9 21
13 38
3 29
36 13
0 19
36 39
5 27
39 11
13 34
30 12
11 30
5 35
39 37
9 0
27 23
0 21
3 2
2 9
31 28
23 1
4 0
29 19
31 30
23 10
24 15
17 30
32 12
34 25
39 25
38 39
24 38
10 1
25 21
33 29
10 31
23 24
26 36
29 37
14 11
11 15
19 14
9 37
4 28
38 30
22 2
31 34
0 11
0 28
6 2
8 23
37 14
4 10
18 20
32 1
13 25
16 30
1 34
11 18
22 22
17 4
15 30
4 30
32 38
8 11
13 29
23 20
27 27
26 39
26 16
10 38
11 36
31 22
14 10
13 16
6 14
24 13
38 16
27 34
20 23
27 29
7 27
5 0
30 20
6 25
4 19
29 4
4 36
10 28
19 26
10 26
16 14
10 7
39 6
21 26
7 14
33 22
1 7
21 11
38 18
34 10
4 1
28 12
33 4
27 36
37 13
23 32
12 9
22 8
37 34
35 33
32 34
16 29
22 16
22 0
25 24
36 21
27 7
2 21
11 34
27 30
22 20
2 27
30 28
29 3
0 7
12 30
7 12
28 22
34 19
32 28
34 16
13 3
25 25
15 24
2 29
4 24
26 12
16 7
38 22
5 22
10 8
6 26
1 28
29 0
7 31
30 13
34 31
23 11
23 2
7 9
0 36
20 34
27 20
31 17
20 25
39 13
19 5
4 21
30 27
11 25
13 35
34 11
8 31
23 35
39 23
4 3
21 2
24 5
3 1
6 33
23 7
0 10
14 9
16 6
15 4
24 23
28 19
16 12
38 14
3 23
3 9
27 37
20 5
11 31
15 27
29 22
27 32
25 36
5 19
35 23
34 27
25 16
34 21
24 29
24 34
22 23
28 17
39 34
19 7
5 31
37 1
34 7
39 17
9 26
37 2
9 16
32 2
12 5
28 25
26 2
16 22
36 28
9 39
29 29
22 24
21 16
39 26
17 8
11 13
10 3
35 16
12 11
27 8
34 23
33 13
1 13
3 14
31 32
13 17
26 24
17 11
31 13
8 33
21 13
11 16
10 11
5 13
36 14
4 39
3 15
16 4
2 1
30 5
23 14
35 0
39 32
13 37
32 17
17 17
31 23
13 6
29 5
8 3
18 35
34 30
34 4
4 7
13 15
22 14
17 23
8 13
19 38
16 13
38 24
33 2
14 4
5 7
29 36
20 29
37 21
33 9
15 23
23 6
0 35
22 37
5 36
2 6
14 31
17 33
28 18
20 4
11 39
33 33
25 35
24 22
21 7
3 10
0 15
23 27
15 25
35 26
14 18
26 9
23 12
22 12
3 31
6 4
27 5
24 18
0 18
15 33
6 8
39 8
17 6
21 8
5 18
5 3
25 9
31 14
0 2
32 30
9 14
25 7
28 2
35 2
36 20
16 24
38 15
7 3
27 33
21 18
36 9
32 22
14 1
36 38
39 14
27 11
15 32
19 25
32 19
39 7
7 1
39 1
1 27
18 5
5 15
26 7
32 13
26 22
0 5
34 36
12 38
37 5
30 39
36 31
29 30
39 20
2 26
36 5
31 36
10 27
33 5
20 39
28 7
5 4
10 21
1 17
21 25
29 35
38 6
0 33
18 30
19 20
13 28
37 8
17 31
16 33
14 37
15 2
21 21
28 35
21 12
20 33
9 12
12 25
21 22
2 3
2 2
31 27
16 17
31 31
30 15
13 31
24 12
1 33
38 10
31 19
36 2
31 16
38 37
25 22
12 33
23 25
32 18
22 9
4 9
35 8
11 24
37 38
14 26
32 11
31 29
3 13
27 38
30 8
22 39
0 27
21 23
6 12
37 9
22 15
8 38
33 38
20 0
37 12
24 7
19 22
12 16
17 39
38 12
5 30
27 26
15 3
37 23
25 0
26 23
36 16
30 4
21 9
32 39
20 13
39 35
29 1
22 34
11 11
25 30
8 36
12 31
20 6
28 33
26 13
17 35
34 0
10 14
6 7
11 7
15 38
28 37
28 29
6 36
11 3
33 10
6 13
2 11
32 33
25 28
30 10
1 8
33 34
1 3
31 33
33 37
7 36
2 31
36 36
15 20
8 35
37 29
1 20
4 37
37 18
7 6
34 14
29 38
6 39
35 34
6 37
37 35
6 32
9 19
15 19
39 22
38 38
13 32
22 29
19 3
21 27
31 8
12 32
36 35
30 11
34 1
23 30
0 17
29 9
2 24
9 30
2 20
39 28
5 32
21 5
38 3
4 26
18 9
23 16
0 6
31 37
19 17
25 20
5 24
26 10
38 11
27 14
14 21
7 28
38 23
17 34
13 27
25 4
17 5
32 0
9 7
28 39
12 10
18 8
27 25
28 20
32 25
8 15
35 18
11 37
10 29
11 9
38 33
1 26
8 10
34 9
39 0
29 17
9 18
24 3
33 3
23 15
39 3
32 10
3 30
20 17
4 6
24 32
0 3
8 7
3 22
10 22
29 18
17 36
22 4
29 21
27 2
18 38
7 8
6 24
12 34
27 12
39 4
17 22
0 30
26 19
22 32
21 17
18 31
12 8
35 20
8 32
10 13
36 12
1 6
28 4
7 15
19 18
1 9
8 5
27 0
5 10
15 31
8 16
35 38
9 8
21 38
18 6
9 11
26 37
33 28
6 35
3 21
3 4
5 26
4 8
5 39
29 32
19 1
31 35
20 19
23 4
15 16
12 18
1 24
0 25
25 27
6 19
17 13
38 13
8 17
14 36
32 35
13 19
26 18
33 16
18 25
12 20
20 11
3 35
9 28
21 30
19 37
32 32
16 8
21 19
1 32
30 36
16 34
4 23
6 16
23 22
2 23
23 19
38 9
8 24
34 8
32 29
33 24
1 25
16 18
11 33
11 10
1 22
33 27
14 16
15 37
6 28
30 34
14 13
15 18
10 12
34 20
1 36
1 37
27 21
19 32
25 3
24 33
39 12
3 39
12 19
16 32
6 1
0 39
7 29
4 29
33 20
4 12
22 10
36 11
9 35
35 37
24 26
18 34
22 27
7 38
18 12
3 36
25 31
31 25
26 8
31 18
11 29
11 35
36 30
17 10
20 2
6 38
26 4
7 37
33 19
25 15
2 16
14 27
3 17
17 26
39 2
22 28
17 38
10 18
4 38
36 7
20 10
26 25
3 7
36 27
16 11
25 19
11 28
23 17
1 23
34 37
18 39
8 8
26 14
20 27
15 8
29 2
27 22
6 3
13 12
26 31
2 17
36 3
14 29
38 34
3 32
18 2
2 14
24 24
2 4
8 34
21 37
28 10
0 13
26 34
17 7
39 10
34 29
4 2
2 39
35 19
19 19
29 24
5 1
35 35
2 38
37 4
26 33
35 12
18 32
18 0
39 29
28 15
29 7
4 31
11 22
23 21
10 24
25 8
20 21
5 33
12 0
7 35
0 26
28 0
25 32
27 28
32 20
11 20
20 36
24 20
30 6
4 4
1 5
32 7
3 19
35 13
18 7
22 26
3 12
13 18
29 33
36 10
33 15
33 32
17 0
17 1
2 35
33 14
18 17
15 6
15 7
20 15
32 6
12 1
30 37
22 17
16 19
4 34
22 6
23 9
33 8
28 38
18 22
27 10
12 23
12 17
5 2
25 6
8 12
9 24
13 14
0 34
8 25
39 19
33 18
8 14
30 1
22 3
7 16
20 31
31 5
0 37
0 24
38 32
22 30
7 30
16 20
18 15
20 18
16 16
25 34
1 38
13 5
30 31
29 16
8 0
33 23
3 37
3 24
13 30
10 36
31 4
37 33
25 23
13 22
14 15
28 6
15 34
33 30
21 6
25 2
30 30
5 28
24 31
12 14
30 17
34 13
23 33
38 35
32 15
28 23
8 1
36 6
34 6
26 0
10 34
30 29
10 25
7 11
0 38
23 34
27 3
10 5
19 33
10 15
27 6
19 30
33 26
33 0
12 12
12 39
25 11
13 7
30 38
3 5
6 9
13 33
37 24
34 32
10 19
36 19
37 20
24 35
4 32
21 4
21 32
34 5
31 39
16 25
39 16
3 20
24 30
26 21
9 34
31 10
7 5
38 5
6 15
6 10
20 28
10 9
20 38
12 3
13 20
5 16
6 11
29 13
16 23
36 8
12 36
19 27
32 3
35 32
36 34
16 38
2 37
6 29
16 0
28 36
2 7
11 8
23 38
35 11
15 36
30 33
2 5
33 25
2 36
35 39
15 15
12 7
28 11
24 21
13 26
14 3
38 0
4 5
3 28
14 34
8 29
20 37
9 2
37 11
7 20
32 21
10 37
2 19
23 31
21 34
7 10
35 9
18 37
26 3
21 39
35 14
18 14
10 32
9 38
33 21
12 21
3 27
20 35
0 0
2 22
1 12
15 22
15 39
9 13
38 17
21 24
36 22
26 32
21 3
29 28
38 31
27 1
28 24
12 29
25 5
9 1
31 7
11 14
13 13
10 35
19 36
11 2
1 10
7 19
26 29
29 31
25 38
20 32
29 15
39 36
3 33
8 26
14 30
11 38
28 14
26 30
26 26
9 22
35 15
29 14
19 0
18 24
30 18
23 29
16 37
6 6
1 21
11 26
37 7
16 27
28 3
20 20
2 25
18 4
17 37
14 24
34 35
8 30
4 25
15 28
17 2
35 25
1 15
8 6
6 23
22 38
19 10
8 18
3 11
37 17
16 2
9 9
39 21
26 6
36 1
28 1
33 11
15 9
38 7
37 19
2 10
2 33
38 20
33 36
35 31
30 32
29 11
15 35
14 20
17 24
29 12
39 39
14 17
34 17
21 15
36 0
17 32
13 0
0 4
3 0
13 39
14 33
28 5
29 8
18 21
19 12
30 19
3 38
15 1
18 23
25 18
26 11
3 16
26 35
6 5
3 25
35 30
32 37
38 4
36 37
6 34
0 32
11 17
11 19
5 11
17 25
12 27
16 9
1 35
35 10
1 11
30 9
13 2
18 16
28 34
28 8
27 18
39 9
19 11
29 23
17 14
7 4
22 5
22 25
39 33
30 21
12 37
31 2
7 23
18 11
18 19
3 3
19 34
35 27
36 25
25 14
6 27
14 22
37 39
24 17
6 22
10 30
7 0
9 20
18 13
19 15
37 10
24 25
17 15
36 4
0 1
20 22
34 22
9 25
24 39
37 32
37 22
31 15
28 27
21 28
5 14
27 15
15 21
34 15
11 12
32 9
38 27
25 12
29 34
14 8
30 0
6 17
20 9
1 39
27 16
5 8
14 32
30 24
38 28
35 1
32 4
22 13
39 27
11 4
8 9
10 4
30 7
26 27
2 18
30 25
31 11
9 17
0 22
9 3
16 5
29 20
19 35
2 28
5 23
27 31
24 37
33 31
6 30
26 20
27 17
22 35
22 18
27 19
29 25
35 28
17 28
38 1
23 3
20 26
9 4
11 27
12 15
16 39
25 33
26 28
27 24
25 17
28 13
21 36
4 11
20 16
19 13
16 36
0 12
8 19
8 39
7 17
21 20
34 33
16 3
36 29
14 38
37 15
39 30
2 30
32 27
18 1
14 7
2 15
6 18
39 5
15 5
5 37
13 10
29 39
34 34
9 15
29 26
34 12
19 28
24 6
39 24
14 23
4 13
21 10
14 25
14 35
16 35
33 17
36 33
11 32
36 23
34 24
17 12
37 36
19 2
12 13
25 39
12 4
4 22
5 21
33 35
35 24
15 17
4 15
9 31
38 26
9 23
12 35
17 27
18 18
24 11
37 6
37 28
23 8
7 13
38 21
