33 20 31
T......T..............T..........
.............T...................
...T..............T.....T........
.................................
...T.T.T.........................
.................................
.......T.........................
..............T..................
...T.....T.......T...............
.................................
.....T......T.....T..............
................................T
...T......T..........T...........
.....T...........................
.................................
.........T.......................
.........T............T.......T..
.................................
.........T.......................
.................................
....T.T......................T..T
........T........................
......T.............T............
T....................T...........
.......T.........................
................................T
T...........................T....
..........T......................
.................T.......T.T.....
...T.............................
.........T.T.....T...............
.................................
.................................
2 19
12 20
3 18
7 6
8 17
30 6
0 22
7 16
13 15
1 30
2 27
4 3
6 17
20 31
29 26
9 3
17 32
26 23
17 4
7 0
19 16
32 9
4 13
25 1
21 3
27 13
9 6
15 14
0 3
32 24
29 1
13 23
13 26
19 21
21 22
28 18
30 20
17 21
20 32
6 4
26 12
14 25
21 32
7 19
11 11
10 22
13 6
19 26
2 13
7 1
9 25
16 17
23 25
1 16
13 19
1 8
12 0
25 13
13 18
1 26
18 19
30 30
19 22
6 29
19 8
1 28
8 28
19 23
4 4
19 15
3 29
17 22
22 19
20 27
11 25
16 16
11 12
20 3
8 7
12 27
29 7
2 5
6 3
17 7
27 24
15 24
7 3
29 5
2 10
20 22
1 4
14 15
26 28
20 13
9 18
26 18
28 11
5 32
4 29
15 29
15 31
11 4
24 23
18 22
8 18
6 5
5 13
24 11
2 30
7 20
26 32
22 23
29 28
14 1
12 31
15 23
9 17
26 16
14 3
1 17
29 3
20 2
28 0
29 12
0 5
7 28
3 22
4 30
12 13
24 3
0 29
27 2
19 0
26 14
27 17
0 30
14 10
22 1
9 32
18 11
7 12
30 14
9 14
28 31
3 19
25 19
13 5
22 14
32 6
31 30
32 12
20 24
4 20
17 19
24 30
5 16
29 21
14 6
19 17
5 30
29 19
27 15
18 20
31 28
9 23
2 16
28 8
0 28
24 21
18 13
14 26
31 27
16 26
31 14
4 12
21 27
14 14
29 17
24 7
12 4
13 3
10 4
10 23
22 20
13 9
23 4
13 7
22 7
7 15
32 22
32 13
6 23
3 24
18 29
26 27
19 12
9 15
10 20
6 27
13 17
27 9
4 26
1 0
30 4
30 18
20 25
30 32
1 18
10 1
16 22
11 32
23 29
30 26
1 21
14 30
14 5
16 31
0 0
17 11
24 31
8 5
23 12
25 32
31 7
23 24
8 26
28 1
31 22
15 21
10 28
23 18
1 11
11 30
30 25
13 27
0 18
5 29
0 9
21 12
22 0
7 24
12 11
27 0
21 20
13 1
13 28
23 11
27 21
17 15
25 18
19 4
11 8
19 10
22 28
2 21
28 30
6 21
1 14
10 10
25 31
31 20
27 1
17 31
0 11
28 19
2 24
20 19
26 25
21 8
5 18
24 8
2 12
0 8
16 7
3 1
9 11
13 10
7 2
21 5
27 14
5 19
5 27
31 4
0 21
4 7
19 3
21 6
27 28
16 14
5 2
10 6
1 15
32 19
30 7
12 24
19 6
29 15
15 5
27 18
32 4
13 0
4 17
6 9
24 15
14 28
23 17
17 23
19 20
1 22
26 2
28 12
25 11
7 27
5 3
9 24
10 30
11 23
4 8
15 8
11 3
6 10
5 23
26 3
21 23
27 7
20 20
13 14
20 5
21 19
18 28
11 16
16 23
12 19
29 30
16 12
26 29
22 5
26 19
12 5
23 10
14 19
18 21
1 13
17 14
9 26
4 11
1 25
17 27
4 18
19 25
6 6
26 1
13 8
18 6
4 28
3 21
2 7
11 0
3 30
17 10
20 23
11 28
30 1
0 12
14 27
22 9
8 9
10 21
0 15
30 23
10 0
24 5
8 8
29 22
20 14
32 18
6 31
25 9
5 12
11 13
15 27
30 0
23 14
6 20
3 5
24 29
12 7
27 23
2 1
2 17
9 10
32 30
20 6
2 0
10 17
32 7
24 1
12 6
31 25
0 25
10 13
12 12
10 27
14 23
27 16
26 10
12 15
21 15
21 26
6 2
8 14
28 6
2 23
9 1
17 29
11 24
6 26
17 3
21 31
21 10
27 10
5 21
25 29
9 31
23 1
8 1
28 23
22 29
10 12
14 12
14 8
29 18
7 14
8 12
11 9
15 25
14 22
15 28
17 17
3 25
3 11
10 31
12 18
10 14
22 31
25 16
26 7
29 13
26 17
29 9
6 13
18 24
29 23
8 24
2 6
21 2
20 1
32 15
26 22
25 26
10 24
26 8
10 5
14 21
4 25
12 28
15 6
24 9
0 17
3 15
25 5
24 12
29 4
24 17
11 22
13 13
25 4
8 27
15 11
15 18
12 26
3 12
31 17
27 6
21 14
12 9
31 6
9 16
27 5
12 17
24 22
15 2
31 26
5 26
25 20
30 3
12 32
25 3
2 8
14 29
27 26
3 32
31 1
7 18
5 10
30 5
0 19
29 24
30 27
8 31
1 9
23 6
6 11
28 13
16 20
11 18
19 31
31 8
21 29
5 14
24 10
13 20
10 18
26 4
21 25
15 30
8 3
18 30
1 5
18 17
11 10
24 19
9 20
7 26
7 30
26 5
23 0
13 12
17 0
32 8
28 29
16 10
6 18
28 3
28 9
29 25
11 29
3 14
23 8
31 16
1 31
28 20
18 3
8 19
14 32
23 30
17 8
30 17
2 25
30 10
0 32
2 4
15 4
18 16
31 9
13 32
23 15
3 7
7 8
32 0
23 5
26 9
18 5
28 32
28 4
26 31
32 11
14 31
26 6
12 8
22 16
1 24
7 23
14 13
32 32
21 9
0 7
6 1
19 27
10 7
30 19
1 12
30 12
3 6
26 26
9 21
20 15
28 26
22 2
1 20
20 10
17 13
1 3
0 1
0 24
7 31
27 32
31 10
17 20
31 19
12 29
28 2
7 9
4 10
17 2
8 16
5 0
4 32
24 16
27 25
32 31
20 29
4 27
25 14
20 11
14 4
25 2
0 14
12 25
3 20
32 14
21 30
23 22
26 11
24 14
5 20
29 20
1 7
22 6
15 22
16 28
19 30
16 4
5 6
5 25
17 12
11 14
22 25
6 8
15 32
6 25
6 0
1 6
15 3
24 25
23 28
22 32
14 9
27 22
29 16
3 27
21 24
16 13
11 27
10 29
22 18
31 11
12 14
4 19
29 14
16 24
32 29
19 1
31 24
12 1
27 30
22 27
4 23
20 16
11 6
18 4
0 20
7 22
16 6
1 23
14 20
19 2
27 8
19 19
10 11
2 31
24 32
27 12
20 17
4 24
8 25
28 7
16 18
28 21
23 20
23 3
18 2
19 14
29 2
17 30
1 2
17 9
16 11
31 3
4 9
9 2
9 28
13 2
29 8
2 3
23 26
25 28
22 30
23 2
27 20
30 11
20 26
31 29
23 27
9 30
15 20
20 18
18 25
30 2
0 10
29 27
25 17
8 10
3 10
15 10
28 28
15 17
26 15
9 29
28 15
22 11
17 28
17 18
27 19
22 12
7 17
14 17
23 7
32 5
27 11
14 16
32 3
27 4
19 24
9 8
22 22
5 9
1 32
8 32
12 2
12 22
2 29
0 2
2 28
30 16
13 25
3 8
31 0
18 7
21 21
8 6
25 8
28 14
5 28
24 6
16 25
3 31
28 10
2 22
25 30
16 3
1 1
32 27
15 19
29 11
16 19
24 18
5 8
5 17
9 12
16 2
30 13
4 2
12 16
32 17
3 16
15 26
20 28
16 32
17 5
2 14
15 12
23 31
18 14
25 21
12 21
11 21
18 26
5 24
18 15
21 11
2 20
20 7
23 13
25 24
2 15
17 16
24 4
31 2
4 15
30 9
17 26
31 32
19 32
0 6
2 26
22 10
3 2
9 13
32 28
23 19
8 2
26 30
14 11
3 17
6 7
29 0
9 0
21 28
13 30
22 4
25 6
14 0
30 24
15 0
31 23
27 31
18 9
8 0
17 25
4 6
9 9
12 23
25 12
31 12
4 16
7 29
2 18
29 6
25 25
4 21
22 13
20 12
22 3
29 31
24 2
20 9
21 16
21 1
13 16
19 7
9 4
6 32
4 14
8 29
10 25
24 26
6 14
32 2
18 18
5 22
0 26
25 10
32 25
5 1
22 17
29 32
32 1
11 15
27 29
8 22
7 10
31 5
9 5
10 15
8 23
19 11
31 21
11 20
28 17
13 4
12 10
14 24
6 12
32 16
32 23
11 17
7 5
32 20
2 2
23 21
25 7
3 4
15 13
7 25
21 0
4 22
30 15
4 1
16 9
10 9
29 10
18 32
30 22
26 13
28 16
31 18
3 9
21 4
0 27
12 30
16 15
21 13
30 8
13 24
9 7
11 5
9 27
2 9
15 16
20 4
6 15
11 1
5 7
21 18
22 24
16 5
8 21
9 22
32 26
16 30
18 10
18 12
3 23
11 2
9 19
19 5
11 19
26 24
10 19
32 10
30 28
3 28
7 4
23 23
11 7
4 5
13 31
11 31
13 21
25 22
19 9
25 15
7 32
6 16
16 0
5 4
15 1
28 27
14 2
3 0
23 16
20 0
12 3
24 13
20 21
26 0
6 24
7 7
31 31
18 1
8 30
24 20
3 26
4 31
28 5
8 13
25 23
10 3
19 18
2 32
5 11
25 27
16 29
2 11
30 21
16 27
31 15
3 3
0 13
30 31
18 8
0 31
20 8
5 5
5 15
26 20
6 22
28 24
29 29
14 18
10 2
19 28
10 26
26 21
16 8
18 0
1 10
15 15
8 15
4 0
22 21
0 23
17 1
24 0
6 30
10 8
1 29
32 21
22 8
31 13
16 1
3 13
22 26
14 7
8 20
10 16
21 17
16 21
18 23
30 29
25 0
18 27
7 21
22 15
6 28
1 27
7 13
1 19
19 29
28 25
15 7
17 6
24 24
27 27
24 27
10 32
20 30
23 9
6 19
8 4
19 13
13 22
18 31
28 22
21 7
8 11
17 24
13 11
23 32
11 26
5 31
0 4
15 9
24 28
7 11
13 29
27 3
