20 17 0
...........T........
......T.............
............T.......
..T.................
.......T............
....................
..T................T
....................
...........T........
....................
................T..T
....................
......T.............
....................
.....T......T.......
....................
.........T....T..T..
....................
....................
....................
12 1
1 19
4 0
17 4
3 12
13 7
12 8
5 8
10 12
2 19
14 4
7 16
3 13
1 14
18 4
5 7
1 11
3 5
14 11
11 1
19 15
12 19
0 8
1 5
7 19
5 4
5 19
18 17
15 2
13 8
1 6
8 4
6 0
17 12
2 1
11 12
7 7
4 4
2 17
12 4
16 14
8 10
12 7
5 1
17 9
12 15
16 1
13 18
1 10
2 14
13 2
17 14
9 3
2 12
1 3
0 5
19 1
6 13
0 17
17 7
4 7
9 4
10 16
19 4
5 5
6 19
18 16
2 4
0 15
4 12
15 7
11 3
5 2
18 10
12 12
9 18
10 11
8 8
15 3
11 6
16 0
5 11
15 10
12 16
6 8
16 10
13 3
19 6
19 11
3 19
6 17
1 15
3 7
1 16
3 10
18 0
18 12
9 7
13 11
1 4
10 9
10 10
18 9
8 11
15 0
19 9
11 7
1 9
15 12
14 0
16 16
6 16
8 19
18 7
19 0
15 11
8 3
17 18
4 6
0 3
0 7
19 10
16 3
13 17
4 16
18 2
6 6
6 14
19 12
2 5
3 6
6 18
13 1
5 15
6 9
16 7
0 1
0 19
7 17
13 15
1 7
2 13
12 5
5 18
13 12
13 5
4 18
11 14
11 18
14 16
13 0
0 4
4 3
12 10
11 15
5 14
2 0
6 7
11 19
15 16
2 11
9 11
18 19
5 6
10 7
15 6
3 17
11 0
15 5
7 8
4 17
19 5
8 7
10 18
4 8
2 2
6 1
15 1
10 19
5 17
7 14
2 18
7 15
16 9
4 13
3 0
2 7
16 11
18 8
14 8
9 5
8 15
7 4
6 3
7 12
16 8
12 0
19 13
6 4
13 9
5 13
1 17
6 2
13 10
8 13
8 1
1 0
17 17
7 0
11 10
19 19
11 2
6 12
7 9
9 2
11 4
15 19
2 15
8 16
0 18
10 8
14 18
14 12
4 1
18 3
16 13
17 6
17 8
13 16
16 15
10 15
11 16
2 3
16 19
13 4
18 13
8 18
3 2
10 17
14 3
3 4
16 4
15 14
12 11
1 8
18 1
16 18
4 2
14 6
2 16
5 16
6 11
10 2
10 4
9 16
9 19
9 1
13 13
17 19
1 1
5 12
7 5
10 3
3 14
14 13
8 12
17 2
17 10
9 15
12 3
12 6
0 11
3 9
19 18
4 11
14 15
18 14
10 5
0 2
15 9
12 17
14 1
6 10
7 1
10 14
5 10
18 6
17 13
0 12
9 13
14 2
18 15
6 15
16 5
11 8
15 8
8 5
19 3
7 11
8 0
10 13
17 15
0 6
11 9
18 18
19 17
7 10
3 11
13 19
0 0
9 9
17 16
16 17
1 12
14 9
19 2
12 18
11 13
9 0
8 2
0 16
13 14
10 0
9 14
11 17
3 1
4 14
3 8
12 13
0 13
18 11
14 19
13 6
18 5
15 18
15 13
6 5
14 7
1 13
9 17
2 6
16 12
10 6
5 0
19 14
9 10
8 9
19 7
0 14
7 3
8 14
17 3
8 6
7 18
3 18
14 5
15 4
11 11
17 5
0 9
2 9
9 6
15 15
8 17
9 8
15 17
12 14
12 2
17 0
17 1
3 16
4 19
7 2
16 2
4 15
14 17
19 16
3 15
4 9
7 6
14 14
11 5
1 18
4 5
3 3
19 8
5 3
2 8
2 10
12 9
9 12
7 13
4 10
5 9
16 6
10 1
17 11
1 2
14 10
