29 28 16
....T........................
...............T.............
.............................
............................T
.....................T....T..
.....T.....T..........T......
......................T......
.......T.....................
TT........T..................
T........T...TT....T..T......
..T...T............TT........
.................T...........
T........T...................
.............................
...T.T..T..............T...T.
.......T.....................
.............................
T...........T..T..T.........T
..............T..T...........
...T..........T...........T..
T............................
.............................
...............T............T
..........T..................
....T........................
.............................
.............................
.............................
........T..T.................
1 18
20 24
18 12
2 20
16 9
7 17
5 23
23 27
24 3
12 25
0 1
7 21
12 5
1 16
6 21
19 8
21 28
13 28
23 25
4 14
16 10
1 2
2 7
26 5
25 26
24 15
28 13
11 21
8 10
19 12
15 17
15 15
9 15
27 6
11 22
19 16
16 16
0 15
16 2
2 1
16 7
21 0
27 12
16 12
24 17
17 24
13 8
7 25
19 9
1 21
8 20
20 18
10 12
12 26
17 18
28 5
5 14
14 25
10 27
28 4
9 3
21 22
9 23
20 20
9 10
15 22
18 16
13 14
18 4
17 15
16 4
1 9
28 19
19 7
27 18
15 28
26 18
9 17
18 26
6 16
5 11
8 15
1 12
19 14
14 17
20 14
18 1
0 7
22 7
12 0
13 0
18 17
22 28
19 3
18 10
8 18
2 10
3 8
8 0
18 21
7 13
27 15
28 25
13 12
14 27
5 1
27 7
12 2
27 28
18 9
27 13
3 20
8 11
0 11
13 11
26 21
28 17
17 8
22 12
3 7
1 7
14 24
0 0
13 18
13 1
6 23
26 20
28 23
9 11
26 13
5 13
2 27
5 8
22 16
10 20
13 15
16 15
24 25
21 7
23 9
2 4
14 11
16 13
6 14
10 13
12 17
4 11
24 10
10 8
26 12
14 4
8 14
26 27
24 21
27 5
10 7
25 1
19 10
12 15
2 28
4 12
21 21
15 8
22 22
16 20
3 1
15 7
22 3
11 13
21 3
7 8
23 18
6 13
13 4
28 7
14 28
6 20
6 2
11 7
19 27
27 1
25 18
24 12
28 0
18 7
25 22
11 9
28 6
7 24
25 19
27 10
19 18
25 0
20 11
5 27
15 14
15 5
15 10
10 25
26 6
0 13
4 8
28 1
20 28
1 0
0 25
15 11
13 24
23 10
26 8
11 4
1 11
19 22
5 18
7 7
21 23
20 13
15 3
10 22
14 9
13 25
22 11
17 26
15 4
18 11
21 12
16 27
17 5
24 4
22 10
20 26
26 10
13 19
24 18
19 4
9 20
18 5
11 28
20 10
25 25
4 22
23 12
6 25
28 27
11 5
24 11
1 14
22 4
22 20
10 9
4 16
4 7
4 0
10 14
2 12
19 2
21 19
17 3
10 15
0 2
19 25
12 13
9 8
15 13
17 12
4 19
16 22
28 3
25 11
20 8
10 2
24 20
25 5
16 5
3 22
9 0
7 11
26 11
20 3
27 22
4 24
5 3
18 2
26 3
25 20
19 21
20 25
8 6
16 28
2 0
16 14
14 18
11 3
6 9
5 5
7 27
25 16
24 1
8 27
23 16
12 8
22 19
24 22
3 13
19 6
18 23
21 11
19 5
21 13
11 23
22 17
28 28
17 1
13 3
0 9
9 5
1 27
6 28
12 23
9 7
25 24
25 21
3 15
2 24
15 26
20 19
0 3
9 4
2 8
26 14
7 16
25 28
17 9
27 0
23 20
23 4
10 11
0 6
13 5
25 12
27 26
28 26
5 21
21 25
20 12
25 8
14 14
26 9
18 25
10 26
17 16
23 3
0 21
3 23
19 24
14 23
1 22
12 22
14 15
1 26
24 6
3 19
8 4
20 16
12 16
18 14
28 21
7 5
4 18
2 16
12 12
9 28
14 19
1 20
6 26
3 9
24 5
16 18
10 16
24 7
10 0
14 20
26 2
3 24
27 14
20 7
13 2
20 23
14 16
13 10
23 28
24 24
4 2
18 20
11 26
14 8
11 6
14 0
1 17
25 14
15 0
17 25
0 10
18 24
17 10
2 5
12 10
12 11
4 10
0 19
11 2
17 23
11 1
23 8
22 15
25 2
21 10
25 6
28 8
8 16
5 19
13 17
5 22
6 0
27 27
26 15
20 1
8 25
13 16
26 28
22 21
17 6
10 17
6 8
5 25
15 12
18 13
2 11
23 23
19 13
1 3
2 17
3 28
22 0
0 5
17 7
15 2
8 24
2 19
26 23
6 12
25 3
0 12
9 25
22 2
21 18
15 27
22 14
17 2
25 10
2 25
12 4
24 19
13 9
11 20
5 17
12 9
10 3
8 2
16 3
2 21
10 4
21 1
17 28
13 13
7 15
3 2
27 8
10 24
19 23
18 8
8 7
23 14
11 8
3 18
23 0
11 15
1 8
11 27
9 1
20 17
26 0
0 18
26 26
9 19
27 9
26 19
25 4
26 25
17 27
1 4
3 14
15 24
0 28
7 22
10 18
13 21
18 0
22 24
26 1
9 22
24 27
27 4
14 26
6 1
0 24
14 1
5 28
18 3
26 7
3 4
8 28
13 26
2 6
16 1
11 19
23 24
14 7
7 9
22 8
4 15
24 13
3 17
14 21
16 19
2 26
22 23
27 2
15 23
3 12
27 17
24 28
4 9
6 15
16 6
4 27
16 21
5 24
19 26
25 13
21 17
15 20
24 9
13 27
6 19
7 26
20 27
19 1
22 9
27 20
10 10
13 23
28 9
23 2
27 16
5 7
23 5
18 22
10 5
0 20
27 3
19 20
3 6
1 1
10 6
0 8
11 0
13 6
17 13
17 21
18 15
28 24
11 18
10 28
26 24
13 20
3 21
1 15
20 6
25 17
21 16
12 20
5 16
12 1
15 16
9 9
10 19
21 15
0 23
18 27
17 14
28 18
3 0
16 0
23 26
21 9
6 11
5 12
4 25
17 20
12 18
9 18
2 9
0 4
21 26
27 11
12 24
28 12
0 27
11 12
23 1
25 7
24 16
8 21
7 18
9 24
24 2
3 16
23 6
7 28
19 17
4 17
20 15
17 17
20 22
26 4
22 26
7 3
1 23
16 24
23 7
5 9
6 5
12 27
6 3
26 16
4 28
1 13
7 12
3 26
8 22
8 13
7 0
22 18
8 9
8 17
17 22
21 2
19 0
4 21
6 18
21 20
16 26
6 7
27 19
9 16
0 17
7 2
20 4
16 25
23 19
19 19
5 20
15 6
22 13
7 10
12 21
21 24
5 26
15 1
0 26
5 6
8 26
1 28
9 21
14 3
27 25
28 20
3 3
8 8
18 6
4 1
9 12
12 3
16 11
9 26
2 13
20 0
5 2
28 2
14 6
21 5
14 22
11 11
1 24
8 19
19 28
8 5
20 21
7 6
12 14
23 22
14 10
12 6
16 8
23 17
3 11
2 22
16 23
6 24
20 9
13 7
8 12
10 21
17 4
9 27
6 22
0 22
10 23
23 15
12 19
5 4
11 24
28 22
2 23
8 3
3 10
1 10
6 4
28 14
15 19
9 14
15 18
18 18
9 2
6 6
22 6
15 9
2 3
1 6
24 14
27 23
11 25
2 18
20 2
4 5
1 5
18 19
7 4
22 27
22 1
11 17
6 10
26 22
19 15
3 27
24 23
21 8
17 11
22 5
2 2
28 16
14 5
7 19
25 23
21 4
19 11
28 11
24 26
8 23
4 23
5 0
17 0
2 14
14 12
15 21
4 20
5 10
28 10
1 25
14 2
7 20
2 15
9 6
13 22
3 5
4 3
26 17
25 27
24 8
4 4
25 9
23 13
16 17
10 1
23 21
28 15
7 14
6 17
0 16
15 25
11 16
25 15
4 6
8 1
4 13
12 7
5 15
6 27
20 5
7 1
18 28
9 13
22 25
17 19
7 23
12 28
11 14
27 21
24 0
1 19
4 26
27 24
3 25
21 6
11 10
21 27
21 14
14 13
23 11
