31 22 2
.........................T.....
...............................
...........T......T............
...........TT.................T
..........T...........T.....T..
T...................TT....T....
...T...........................
...T...........................
.........T.....................
....................T..........
..T............................
..T...................T........
..T..........................T.
.............TT.T..............
.T....TT....T..................
...............................
..TT.........................T.
..T..............T...T.........
T...T.T...........T......T.....
....T..........................
.....T................TT..T....
..T..........T.............T...
...............................
......................T........
.............................T.
...............T..T...........T
.................T.T.......T...
.........T..T.........T........
.T.............................
.T..T......T.............TT....
T..............................
9 26
11 12
8 30
6 29
17 4
2 20
19 2
25 20
0 10
30 15
14 3
13 9
27 8
3 30
8 8
23 27
5 13
21 18
1 0
25 0
21 19
25 26
1 23
12 17
7 25
29 15
18 6
16 5
2 0
23 21
19 8
27 0
16 3
17 26
13 18
8 6
30 9
15 18
1 19
21 13
19 4
17 14
13 13
10 29
30 8
16 29
14 23
13 3
8 18
2 10
21 9
2 9
19 20
25 15
10 19
30 7
17 0
13 17
17 7
1 24
29 23
12 30
4 9
22 19
3 10
7 15
0 6
27 26
24 17
20 22
6 24
13 21
11 24
22 21
6 28
28 11
17 3
21 15
22 29
27 20
23 23
3 3
28 8
25 12
26 22
25 5
25 10
20 16
15 19
19 18
11 8
18 5
24 25
29 0
21 21
23 15
8 2
8 1
5 3
9 6
11 29
28 12
23 4
3 22
21 28
23 26
18 28
24 8
11 22
18 0
9 18
8 25
10 14
1 14
7 13
23 10
16 4
15 16
3 6
18 21
1 12
1 20
22 17
26 27
6 26
26 25
13 19
25 14
2 2
17 27
10 9
26 20
22 20
0 24
25 23
11 7
28 21
23 14
5 18
0 7
4 6
30 19
1 25
24 7
3 11
3 28
20 27
14 28
20 1
14 0
15 11
27 13
27 23
19 13
2 17
21 5
17 15
25 3
26 21
6 1
8 14
5 8
12 12
14 13
22 18
7 27
6 17
13 4
30 10
4 2
17 25
15 25
24 30
12 23
16 25
9 17
22 7
30 14
29 7
24 0
3 1
7 23
5 17
22 5
4 20
11 3
4 1
2 12
27 27
22 8
26 11
4 7
4 29
4 23
10 2
4 27
4 22
29 28
23 9
3 27
7 20
30 13
20 23
20 6
20 25
30 18
9 19
16 7
27 16
2 8
7 0
6 16
2 29
13 15
17 2
20 15
23 8
29 3
19 5
10 27
9 28
13 1
14 1
12 1
29 22
0 11
23 18
30 1
16 11
11 17
23 29
7 30
4 5
10 5
23 2
26 3
27 24
1 5
15 30
21 27
9 12
1 1
26 19
15 13
17 30
0 4
10 8
21 20
0 9
22 22
30 27
14 10
13 28
23 5
24 9
4 12
5 2
7 7
12 9
4 11
17 29
3 15
12 25
11 2
0 13
7 1
30 5
10 15
6 20
28 23
15 24
16 21
10 6
22 25
6 5
23 22
12 8
7 2
21 3
10 13
0 1
30 23
2 5
21 10
29 9
16 14
9 27
8 17
9 21
30 12
12 4
20 17
14 9
12 18
19 19
22 2
2 13
28 16
29 20
25 17
1 30
29 2
20 10
19 23
20 19
27 7
0 0
23 1
0 8
4 3
20 20
16 2
25 21
29 26
25 2
10 20
18 9
16 12
11 16
15 26
28 9
13 0
17 19
0 16
2 22
11 5
18 26
28 20
25 4
7 10
8 4
9 25
1 21
6 2
10 25
18 16
25 11
0 17
2 14
3 23
11 20
15 28
24 24
28 26
0 21
7 5
19 15
10 16
27 10
9 7
17 13
8 27
2 16
21 1
24 15
30 17
30 0
20 9
27 21
10 12
8 9
2 19
4 24
4 19
14 18
15 0
6 9
3 8
1 16
17 1
27 6
21 11
0 19
10 7
21 0
25 8
21 29
20 14
11 26
25 18
9 24
11 28
30 3
22 9
3 21
0 5
3 25
19 24
27 18
13 2
15 7
19 12
19 9
12 22
7 6
5 20
25 24
25 7
3 12
1 22
19 0
8 7
17 28
13 7
25 25
29 25
17 23
18 15
18 4
22 0
29 12
26 23
29 29
16 28
16 19
0 27
14 17
12 13
23 19
2 1
8 19
19 7
26 13
9 23
13 27
5 16
7 24
5 14
30 22
12 15
12 10
24 23
16 27
17 21
23 13
3 0
6 11
21 22
14 20
11 1
19 6
22 6
20 11
25 1
25 27
30 24
14 15
2 21
15 27
10 10
30 4
7 19
6 30
18 13
26 14
4 25
13 14
21 16
14 26
21 7
14 24
6 19
18 23
4 26
14 30
23 16
9 5
7 28
26 2
15 8
4 17
6 7
16 20
8 26
9 13
13 12
5 4
28 28
18 27
28 27
1 15
25 9
19 17
16 22
24 11
0 18
15 29
28 19
14 4
22 26
7 8
30 29
8 22
9 20
16 13
6 0
1 27
29 6
20 29
11 23
28 25
7 29
8 5
15 9
25 28
2 30
19 25
4 28
17 6
18 18
12 29
8 0
26 12
6 12
9 3
27 4
24 2
19 26
4 4
3 17
18 11
24 21
3 7
11 14
11 0
4 21
5 12
24 18
19 22
10 24
5 5
29 30
8 23
21 26
9 14
10 11
18 8
1 8
3 24
15 20
5 26
10 0
27 12
28 17
12 19
1 3
8 11
2 11
6 14
11 11
0 20
21 30
11 21
7 11
15 6
14 5
0 3
7 14
22 27
3 18
14 12
15 3
1 10
17 18
14 2
22 4
6 8
8 15
18 25
16 1
12 5
24 22
20 8
8 10
5 27
13 6
7 21
15 22
0 23
21 4
23 6
5 11
1 2
26 1
27 2
16 9
15 5
18 1
13 11
5 10
24 5
1 28
30 25
26 24
26 7
23 3
1 29
16 30
28 7
29 19
12 11
5 29
11 27
28 18
28 30
23 30
28 2
26 17
21 14
3 14
19 16
11 6
17 12
6 27
19 10
18 12
3 19
15 15
15 10
13 8
20 3
28 10
28 3
8 21
0 30
16 23
10 23
27 30
30 21
3 2
8 3
29 13
5 25
5 21
5 6
29 24
4 8
15 12
9 30
25 29
17 11
5 1
1 9
22 3
26 15
28 1
27 19
25 16
9 9
29 4
7 22
29 17
11 9
19 29
2 25
11 4
21 25
10 17
26 26
6 3
23 24
30 20
2 28
26 16
30 2
13 24
4 10
14 19
24 20
9 2
6 10
8 24
26 29
26 0
18 14
5 0
1 26
15 23
22 15
23 7
15 14
16 17
18 19
20 13
30 26
13 29
8 20
17 22
11 19
9 22
22 13
6 4
15 1
27 17
22 10
14 14
21 24
10 18
12 26
17 20
10 30
7 12
27 9
14 8
4 30
15 4
7 17
2 4
3 29
14 25
9 16
28 5
23 25
13 26
5 7
30 16
29 5
20 5
0 26
21 12
22 28
4 15
17 16
0 22
14 22
4 14
24 12
6 18
18 24
8 29
2 18
12 14
20 18
8 13
19 28
29 18
27 25
16 8
16 15
13 16
12 3
25 22
13 23
27 5
6 13
19 14
1 6
9 15
2 6
6 22
12 28
5 24
30 28
16 6
29 8
29 11
22 11
3 4
1 11
19 27
20 28
10 22
18 10
5 22
28 4
27 29
22 24
13 5
15 2
13 10
12 6
12 0
30 30
28 13
17 8
27 14
1 13
4 16
26 30
12 20
23 20
3 5
24 10
14 16
18 2
22 12
16 16
14 7
29 14
24 19
10 3
7 4
7 18
7 3
5 28
20 0
22 30
21 23
7 16
28 24
23 11
18 22
14 11
9 8
8 12
24 4
18 29
2 23
0 2
18 3
9 10
2 3
15 17
16 26
26 28
21 8
28 15
28 14
24 16
24 14
2 24
10 28
20 24
20 21
10 21
24 26
25 6
27 22
26 8
14 29
15 21
23 12
17 9
16 24
19 1
30 6
20 26
17 17
7 9
11 30
14 6
0 12
21 17
17 10
26 9
22 23
1 4
2 27
5 23
28 6
6 23
24 28
9 1
22 16
21 2
24 13
0 14
6 6
18 7
4 13
4 18
20 30
3 20
18 20
19 30
2 15
12 7
14 27
11 10
30 11
29 27
28 29
19 3
10 4
25 13
18 17
24 29
23 17
2 26
9 4
25 30
26 18
6 21
19 11
0 25
0 29
1 7
0 28
12 16
12 24
27 15
8 16
3 26
13 20
11 15
11 25
9 11
25 19
7 26
11 13
29 1
3 13
20 12
26 6
3 16
6 15
20 4
29 16
13 30
26 5
27 3
6 25
27 11
5 19
1 18
28 22
12 21
13 25
13 22
23 28
14 21
4 0
26 10
10 26
24 6
28 0
22 14
12 2
27 28
9 29
21 6
20 7
1 17
17 5
27 1
20 2
12 27
5 30
10 1
19 21
24 1
16 18
8 28
26 4
16 10
9 0
2 7
29 21
5 15
3 9
29 10
5 9
23 0
22 1
24 3
24 27
18 30
17 24
16 0
11 18
