40 25 28
........................................
........................................
........................................
........................................
................................T.......
........................................
........................................
........................................
........................................
......T.................................
........................................
........................................
........................................
........................................
........................................
........................................
........................................
........................................
.............T....T.....................
........................................
........................................
........................................
........................................
........................................
........................................
........................................
........................................
........................................
........................................
........................................
........................................
........................................
......T.................................
........................................
..................T.....................
............................T...........
........................................
........................................
........................................
........................................
12 5
28 14
20 19
0 8
10 35
10 5
38 15
21 12
30 19
15 20
8 12
29 23
27 14
3 22
31 2
22 32
16 12
10 7
13 17
11 4
4 10
18 30
4 31
18 18
1 35
4 21
9 17
14 38
25 34
34 0
36 5
30 39
24 26
38 9
9 37
31 14
22 35
12 17
2 26
29 12
37 31
25 0
31 5
1 9
23 1
17 34
37 36
15 31
35 13
24 12
22 9
30 17
21 1
23 34
5 1
23 24
15 5
2 25
27 27
9 0
14 15
38 30
29 16
19 5
14 37
16 38
15 2
5 10
36 26
37 30
18 20
23 18
0 24
27 23
30 1
7 35
14 16
33 8
7 0
18 3
12 9
33 10
8 26
36 38
14 7
35 22
25 8
0 27
11 17
18 32
22 39
15 11
31 18
15 7
26 28
32 26
2 32
34 25
17 22
13 27
13 3
5 24
13 37
18 35
4 17
3 33
39 26
5 32
2 9
10 2
23 0
12 37
10 27
1 23
35 39
38 1
36 12
6 5
21 28
8 35
39 8
34 14
1 39
5 17
13 24
18 13
1 20
31 35
1 3
31 10
16 21
17 18
8 24
20 9
17 9
28 22
26 3
9 3
13 36
3 12
17 36
26 7
30 2
25 4
13 16
33 1
5 31
25 2
26 36
30 10
15 22
35 35
30 5
11 3
38 5
23 10
25 30
4 11
13 28
28 18
0 26
24 35
19 2
15 8
15 37
12 4
17 13
20 7
19 35
23 11
10 36
11 12
36 22
32 36
13 29
15 39
7 32
5 39
39 14
20 2
16 37
17 6
7 26
2 36
28 29
34 1
2 1
32 8
23 6
17 37
9 26
20 12
16 10
24 17
30 20
29 6
21 15
19 25
35 27
36 3
19 27
7 34
9 31
5 14
18 11
27 11
19 16
5 12
10 16
7 13
2 15
11 10
37 35
37 21
31 38
39 21
0 32
29 10
32 37
12 24
23 9
13 6
7 20
32 25
39 15
8 34
37 4
18 24
3 27
38 3
13 22
4 28
39 10
3 30
26 14
26 12
26 16
14 26
16 23
17 10
10 32
39 20
31 26
22 5
3 23
39 34
6 16
6 18
3 38
27 22
1 12
25 32
31 24
10 9
31 15
6 33
1 7
2 2
22 29
34 18
22 26
38 16
9 30
22 6
7 9
22 15
6 19
17 19
4 34
4 15
8 33
31 36
3 18
27 5
38 13
2 20
0 17
14 32
23 25
17 25
10 38
25 20
28 25
17 11
2 14
14 19
30 23
24 15
34 23
8 4
16 2
28 2
8 13
27 36
6 30
29 5
36 19
34 11
39 0
37 27
25 33
9 1
22 34
35 33
9 10
15 14
28 16
5 5
35 28
32 33
26 29
16 25
7 10
8 21
17 30
22 23
4 1
19 30
17 3
34 34
11 23
1 15
34 36
30 3
26 9
7 12
30 28
35 1
27 26
14 35
36 35
4 3
6 23
31 13
3 11
33 16
28 13
33 0
18 17
15 3
36 31
1 19
39 33
35 18
25 9
38 34
14 12
37 3
20 15
30 26
24 21
35 12
37 7
12 32
13 19
38 25
14 28
2 22
21 14
39 25
10 25
28 30
3 25
28 5
0 2
24 37
38 17
4 23
34 28
20 28
21 33
33 35
32 14
3 28
29 29
33 31
27 32
30 13
16 17
19 33
19 3
6 22
7 18
34 7
8 0
29 27
13 7
34 10
33 37
5 7
33 38
31 22
34 29
34 33
31 9
34 38
36 28
5 16
22 14
12 8
4 0
32 18
36 37
20 1
0 13
10 20
7 3
32 34
2 30
14 9
7 33
5 20
14 18
18 15
15 33
27 2
39 35
31 39
32 20
18 28
24 28
20 22
5 11
17 0
35 5
9 19
31 32
3 36
18 10
1 2
2 11
17 38
2 38
14 1
19 32
22 37
35 9
35 7
2 29
17 2
13 38
22 17
13 9
2 13
4 8
25 6
24 9
2 31
39 2
28 31
31 30
8 28
32 19
24 33
30 12
23 3
20 10
38 35
4 7
36 0
9 27
24 23
3 34
32 21
20 4
10 31
28 19
22 12
7 29
1 24
30 33
2 3
29 4
14 36
9 14
5 3
0 0
28 33
19 19
14 8
15 28
17 26
6 20
32 12
6 24
30 34
37 18
27 0
3 16
39 6
5 37
21 22
38 27
17 20
2 6
15 34
5 23
35 3
4 16
15 1
26 26
24 24
13 25
18 37
13 30
14 27
6 7
7 2
29 19
12 14
35 21
22 2
14 10
35 8
32 11
6 0
23 23
29 21
12 21
1 0
17 15
10 13
33 29
16 31
23 15
20 3
19 8
36 33
21 19
14 21
11 31
17 17
12 29
21 26
12 38
21 7
1 16
39 13
30 7
9 22
22 25
0 3
15 32
26 21
11 36
35 6
15 25
23 36
38 36
10 30
37 37
37 14
20 13
19 31
25 17
26 15
15 38
17 33
37 34
28 35
11 34
24 34
1 18
36 36
23 31
34 17
12 16
32 7
15 15
1 5
24 27
22 0
19 14
38 32
23 14
10 14
8 11
24 19
18 34
37 17
27 35
29 31
38 37
21 9
35 26
18 25
27 39
9 18
20 21
32 5
15 26
4 36
38 31
3 6
25 38
38 19
26 22
8 37
10 15
2 37
0 5
14 2
21 0
38 28
3 19
15 17
29 2
11 39
18 12
37 16
15 21
17 27
31 28
12 10
21 25
1 31
5 26
12 22
20 11
22 8
6 25
25 23
4 25
5 28
10 11
25 25
29 17
15 35
39 39
31 3
4 35
10 22
19 24
39 3
33 39
27 8
12 36
31 12
25 10
33 5
37 19
39 4
14 33
10 34
28 38
2 33
37 24
19 12
24 14
39 24
32 39
35 20
11 15
31 6
26 17
36 17
24 8
16 0
19 37
28 15
38 4
15 30
26 33
8 7
37 39
27 25
10 12
26 38
0 33
0 28
8 20
26 39
21 5
28 24
36 10
12 35
0 19
19 39
15 24
5 18
35 19
3 3
37 11
0 31
3 4
27 24
20 23
38 0
14 11
10 17
38 29
6 9
6 6
31 7
4 30
15 6
12 23
23 4
34 24
31 21
8 3
6 4
9 6
36 25
6 15
21 24
13 8
38 2
33 22
7 21
4 4
11 1
1 34
13 39
30 29
25 21
11 0
24 38
25 12
7 25
21 13
26 11
0 38
13 4
19 10
39 11
5 8
26 31
39 9
32 17
1 21
36 20
1 26
16 32
34 2
16 20
25 39
2 0
11 19
6 26
5 38
9 32
37 22
12 28
34 4
30 8
15 12
32 10
7 22
32 27
29 20
34 35
33 34
5 0
34 26
4 26
21 10
20 27
26 25
28 1
3 2
33 14
18 38
34 12
3 1
32 31
38 20
20 18
16 16
12 20
20 20
16 33
3 32
19 23
24 7
0 12
13 0
20 16
27 6
7 31
37 33
12 11
18 33
0 34
11 24
24 10
20 0
35 31
2 12
28 34
25 3
24 31
21 2
27 17
0 9
11 26
30 16
19 15
23 26
8 15
20 5
2 34
13 2
13 5
6 8
17 12
15 0
39 32
28 3
23 12
16 4
29 3
18 21
6 34
31 29
14 22
1 22
33 36
37 23
33 30
5 15
31 31
10 28
20 32
33 11
38 7
1 37
26 18
4 13
2 7
0 29
32 29
12 33
27 37
22 27
6 38
5 34
14 6
4 27
6 27
32 30
8 14
4 20
3 13
22 3
7 8
26 24
4 2
15 4
33 15
16 19
28 6
13 32
21 30
30 14
32 4
34 13
18 16
39 12
23 33
21 31
17 16
14 34
0 37
30 4
3 8
33 33
34 19
32 24
33 4
39 28
29 22
34 22
29 28
8 1
15 13
31 20
20 37
34 39
3 26
11 27
34 6
37 10
22 7
27 13
36 14
9 23
1 36
20 30
28 37
38 8
34 20
31 34
1 27
22 1
35 38
18 19
2 16
37 1
22 22
22 24
34 30
8 17
36 4
6 14
38 10
25 31
27 12
22 38
0 36
9 7
12 30
3 29
19 11
13 35
14 29
30 30
17 35
27 7
26 2
11 11
14 13
20 34
9 4
8 6
29 18
30 32
5 9
20 36
26 5
36 39
22 10
16 29
21 37
10 21
19 22
13 26
27 33
24 4
12 6
21 3
33 3
19 18
11 20
31 17
16 1
37 9
4 9
18 2
30 24
15 19
25 22
9 34
28 10
21 20
14 17
2 35
11 35
8 8
11 2
39 7
36 16
17 5
12 13
39 22
24 39
2 10
21 11
30 9
23 8
1 14
7 36
5 27
11 9
21 34
32 13
24 25
33 32
13 12
7 37
12 15
32 15
7 6
10 0
19 1
23 16
4 38
35 29
25 29
25 15
20 17
0 10
23 32
36 13
8 25
13 20
23 37
14 14
37 6
8 9
11 6
22 13
33 23
33 17
33 20
6 32
14 20
11 28
21 27
17 28
35 32
36 34
28 23
17 29
24 2
12 1
10 6
10 8
36 18
33 25
36 21
19 6
10 37
6 35
32 35
9 28
9 33
39 27
32 32
8 27
9 12
21 35
11 8
19 17
21 23
25 13
7 30
10 1
4 12
3 35
17 4
23 38
30 37
23 30
20 38
30 36
8 32
37 12
34 16
21 4
26 19
29 11
3 20
13 33
2 28
9 25
7 24
13 31
27 10
38 6
14 23
33 18
4 6
28 28
5 21
28 32
9 29
24 3
32 23
34 32
9 16
30 11
2 21
16 8
26 32
39 29
7 23
22 11
33 27
8 10
8 18
12 3
34 27
4 18
32 16
31 33
26 37
35 10
13 15
29 32
7 17
9 11
33 13
26 4
1 4
35 17
27 20
5 22
4 39
12 26
35 24
1 30
9 24
17 23
28 36
1 25
26 8
21 8
30 22
15 23
31 4
16 28
4 19
1 17
24 16
37 13
7 11
4 24
23 7
3 5
6 29
1 11
33 9
21 39
37 26
27 16
13 1
20 26
3 15
5 35
5 4
10 3
21 29
23 28
37 2
26 30
29 25
28 4
29 35
21 16
7 14
21 21
11 18
7 7
36 8
35 34
18 27
25 1
16 15
13 11
0 7
19 7
17 21
23 19
28 21
16 9
33 28
0 4
13 13
25 11
30 18
11 13
14 3
6 1
19 13
11 37
31 1
16 14
18 22
37 0
16 35
36 11
22 30
14 0
23 22
8 23
30 6
22 18
0 15
11 7
29 14
35 30
0 16
13 18
25 14
30 35
15 9
6 17
27 1
15 27
30 31
17 32
9 36
14 30
0 23
33 2
26 34
4 32
38 22
22 19
36 1
26 27
37 29
32 38
29 37
1 6
29 13
39 19
27 18
0 14
39 30
33 26
20 31
22 4
3 31
23 35
11 29
31 11
37 25
37 38
2 8
38 14
3 17
21 17
18 8
1 10
27 15
4 14
4 33
35 16
14 5
0 11
25 18
8 30
3 21
0 22
36 7
35 36
12 34
20 35
28 20
16 3
31 37
38 26
8 16
31 27
32 28
38 33
23 27
39 31
29 26
3 9
33 12
34 21
15 29
28 17
31 8
8 31
36 29
30 21
10 33
2 17
38 23
17 7
10 19
36 24
25 28
11 30
25 19
2 5
5 6
8 38
37 28
24 6
31 16
26 10
26 35
30 0
5 2
24 30
11 5
20 6
18 4
32 22
2 23
38 12
14 39
35 0
10 26
27 34
7 39
33 7
19 38
23 13
18 6
6 21
17 1
28 11
12 12
24 5
38 39
3 10
1 28
3 37
3 7
37 32
0 21
20 33
7 38
6 31
9 39
23 39
38 21
10 4
17 14
19 28
38 18
6 13
29 38
18 31
19 0
9 21
25 27
33 24
16 18
30 25
15 36
24 32
32 2
24 1
1 38
9 2
13 21
13 14
32 6
16 24
0 39
24 36
24 11
6 28
4 37
12 25
15 18
19 4
34 9
22 33
23 5
11 22
13 23
22 21
24 18
21 32
31 25
1 1
26 6
2 39
31 23
18 1
6 37
6 39
16 27
6 2
10 10
18 23
25 16
23 21
35 2
10 24
36 6
34 15
34 3
11 38
27 30
20 39
25 5
25 24
12 7
11 14
29 0
3 14
12 19
18 9
18 14
39 5
36 27
5 33
20 14
33 19
5 25
39 37
35 37
39 38
12 18
29 34
21 38
4 29
28 8
1 32
6 12
0 25
7 27
22 36
20 25
36 30
18 39
16 22
0 6
6 36
1 29
8 22
28 26
24 22
20 24
16 34
33 6
0 1
27 9
19 26
24 13
8 5
6 11
23 20
9 38
27 19
11 33
10 29
38 11
29 1
34 8
11 32
32 9
9 15
16 13
0 30
7 19
23 17
25 26
2 24
30 27
38 38
29 30
11 21
39 16
6 3
26 0
2 4
7 1
23 29
35 14
29 8
24 20
24 29
27 4
16 26
36 9
16 39
10 23
9 13
16 6
27 28
20 8
36 15
28 12
22 20
28 0
25 7
22 28
16 30
16 7
16 36
35 25
7 4
6 10
18 0
1 13
33 21
38 24
9 8
18 5
18 7
3 24
5 30
29 33
10 39
27 21
23 2
19 21
27 38
8 2
30 15
25 36
7 5
9 20
13 10
29 39
11 16
18 26
1 8
29 15
2 18
31 0
35 23
22 31
17 39
26 23
15 10
28 7
20 29
29 36
27 29
24 0
3 0
17 8
37 8
8 39
39 17
12 0
19 34
14 25
8 36
19 36
37 5
34 37
39 36
34 31
2 27
35 15
29 24
37 15
2 19
17 31
26 13
9 35
5 29
19 20
4 22
5 19
9 5
9 9
8 19
16 11
7 15
10 18
27 31
35 11
29 9
32 1
12 39
17 24
36 23
28 9
21 36
21 18
1 33
8 29
22 16
28 39
7 16
3 39
36 32
0 35
36 2
18 29
39 18
11 25
5 13
0 18
37 20
32 3
30 38
14 31
18 36
4 5
35 4
14 24
12 27
25 37
13 34
31 19
28 27
26 20
39 1
19 9
27 3
16 5
32 0
34 5
19 29
29 7
12 31
12 2
14 4
15 16
21 6
25 35
39 23
5 36
7 28
26 1
