33 20 18
......................T..........
.................................
...............T.................
.............T...................
..T..............................
.........T.......................
.................................
...........T.........T...........
.................................
.................................
.................................
.................................
.................................
.................................
.................................
.................................
.................................
............T....................
.................................
.................................
.................................
.................................
.................................
.................................
.................................
.................................
.................................
.................................
.................................
...T.............................
.................................
.................................
.................................
26 8
3 27
32 3
27 8
26 27
31 20
16 0
6 3
31 32
20 30
16 30
21 20
14 18
6 17
32 16
29 14
17 11
4 20
8 0
27 7
32 15
22 11
1 30
9 9
32 24
18 21
12 8
11 19
27 17
25 7
10 16
24 27
17 9
3 17
27 2
2 18
18 30
27 28
5 26
10 6
10 10
16 26
7 28
30 1
29 29
12 2
13 12
29 31
17 12
1 24
10 7
17 13
26 20
16 32
15 32
8 11
16 31
30 18
2 19
22 15
6 26
15 22
0 6
28 26
19 22
4 31
26 28
24 16
1 32
28 5
15 1
20 24
3 5
0 22
10 4
5 5
14 13
8 6
25 20
12 30
2 6
28 30
15 15
9 6
0 10
28 29
17 27
26 11
28 24
32 5
17 5
15 30
20 16
2 8
11 14
22 5
7 9
10 27
6 18
0 19
21 7
17 26
32 17
15 29
3 12
20 2
19 24
7 10
29 1
9 31
24 8
19 32
13 13
27 25
32 12
2 23
10 32
3 0
25 11
12 26
0 9
13 32
15 17
25 15
6 20
25 12
21 17
16 9
21 27
1 8
30 28
22 21
12 5
2 9
7 23
5 19
24 10
4 18
16 14
20 5
23 21
9 30
24 9
0 1
27 20
7 0
3 15
15 24
21 14
13 25
30 30
14 11
17 16
6 19
16 25
7 5
2 22
5 4
1 2
22 1
6 9
3 8
13 5
24 4
26 15
4 7
13 19
8 15
23 24
10 14
5 0
28 8
28 17
9 4
23 26
32 31
23 0
11 29
5 7
17 17
23 23
22 30
29 25
24 32
18 7
15 20
27 22
7 19
3 24
10 30
3 2
23 6
6 2
2 20
4 23
9 22
6 0
8 31
20 21
0 21
21 30
31 5
28 6
16 7
6 5
26 9
9 10
19 30
16 20
13 27
6 32
13 10
11 21
17 10
8 23
13 31
11 7
17 2
5 15
26 14
6 4
30 26
18 6
21 9
16 5
2 30
31 3
8 25
1 23
18 2
11 15
12 6
15 3
14 19
30 25
5 31
25 4
22 10
10 19
2 4
15 5
7 7
21 24
9 0
31 4
1 29
2 25
3 7
22 28
13 3
1 20
27 9
7 12
32 1
9 19
6 6
27 18
21 32
16 18
24 1
25 10
28 28
22 2
24 6
12 18
3 25
31 11
23 9
20 22
20 32
24 29
0 14
27 16
12 27
11 25
27 0
12 0
9 7
7 4
21 31
25 19
29 15
31 26
11 17
32 27
30 6
32 20
11 22
10 5
29 21
14 6
12 32
14 23
10 17
25 25
5 23
26 30
6 31
29 7
11 2
23 19
14 25
18 23
30 12
21 13
30 22
16 16
2 12
7 32
11 31
4 30
27 13
23 5
17 18
14 5
29 13
31 9
12 3
0 4
12 16
1 12
12 24
8 29
5 28
29 11
31 18
19 13
12 10
7 22
1 5
20 28
28 13
7 20
13 8
25 32
15 14
19 7
6 27
29 9
23 18
27 23
14 31
25 13
28 22
1 4
5 1
20 19
28 20
26 24
24 26
22 16
15 21
27 3
15 19
14 28
8 32
31 12
22 7
32 14
11 32
30 24
18 19
9 2
31 14
12 4
5 12
4 28
13 22
21 26
10 18
21 12
0 5
0 24
0 15
18 3
23 29
10 8
31 7
25 6
19 12
8 27
11 27
31 24
19 5
31 21
19 10
21 23
12 17
23 28
25 27
22 17
23 1
7 29
8 26
22 29
14 2
2 11
20 20
17 1
4 17
27 26
14 29
28 2
7 24
16 19
18 12
10 26
22 4
3 21
14 15
7 30
29 0
3 20
12 31
3 30
30 7
27 14
16 17
19 19
4 6
1 13
6 16
0 8
14 22
8 20
14 8
28 25
13 18
3 9
22 13
26 16
15 0
0 32
28 27
22 31
0 3
19 8
4 26
20 25
25 5
9 29
8 17
24 18
3 18
20 8
7 15
0 23
12 20
6 28
24 7
7 18
29 3
29 10
31 2
19 26
16 8
28 23
20 3
11 5
16 2
17 22
1 9
5 30
25 26
17 15
14 3
5 2
14 7
27 15
19 2
26 17
24 5
20 10
8 16
2 17
3 31
30 27
9 5
5 3
30 10
12 7
19 16
26 1
11 12
8 5
26 31
15 11
0 11
23 14
31 8
4 11
4 14
28 21
10 13
26 6
6 12
10 9
10 25
25 3
24 19
16 23
6 14
27 6
4 2
17 3
5 24
11 9
23 30
32 29
4 1
3 4
31 15
6 15
20 9
14 32
24 30
4 21
16 10
19 15
6 30
22 3
17 31
16 6
17 6
20 0
9 28
14 30
15 31
24 28
17 14
30 2
9 26
12 22
9 17
28 1
11 0
17 23
10 20
2 28
26 12
5 9
2 14
25 16
29 27
26 7
21 8
14 0
9 12
21 25
14 26
7 3
0 2
10 29
1 28
24 11
12 15
32 9
21 0
23 16
8 21
29 28
29 4
7 26
5 20
23 10
15 10
1 0
7 31
32 25
18 28
19 11
4 13
2 29
31 29
20 18
5 18
3 11
4 4
1 31
9 27
31 30
8 7
32 11
29 32
13 24
18 15
15 13
26 5
23 7
4 16
2 32
18 25
32 18
20 26
28 19
20 17
21 10
13 9
25 2
13 7
7 6
12 11
0 12
28 31
14 17
30 32
28 18
23 4
31 27
5 14
2 2
32 26
24 0
19 17
17 19
18 22
16 15
26 26
9 14
16 12
30 13
21 1
7 14
31 31
17 4
31 25
18 0
13 30
2 26
30 0
1 18
26 21
16 3
6 22
27 30
19 0
12 14
5 6
9 1
9 25
8 30
29 26
7 17
15 25
19 1
30 4
25 24
16 24
12 12
27 4
1 6
15 26
13 20
8 9
15 2
12 25
7 27
10 11
6 1
28 7
24 2
10 2
26 3
1 16
11 26
9 8
13 15
30 17
21 18
9 11
26 32
30 5
26 29
11 23
18 20
11 8
13 4
25 18
23 2
2 5
10 15
26 22
28 16
26 13
5 32
6 10
23 27
15 7
5 16
2 31
31 0
32 10
9 20
18 29
6 7
21 5
27 1
8 19
17 28
11 10
7 13
21 3
17 29
18 4
30 9
14 4
4 24
0 0
25 22
14 14
10 22
19 21
32 13
11 18
31 22
18 17
21 19
19 20
20 31
26 18
0 7
1 3
10 0
1 25
16 11
0 13
1 26
17 32
25 28
9 24
13 2
27 11
28 4
9 3
24 22
25 31
24 13
1 11
24 25
12 9
15 12
18 10
25 8
27 5
10 31
3 10
23 17
8 14
21 15
28 11
29 18
17 21
17 20
11 16
30 3
26 2
14 20
29 30
26 25
22 25
4 15
28 12
1 27
0 18
27 29
19 6
14 12
14 1
3 19
11 20
22 18
16 1
26 10
22 12
13 21
10 28
25 1
3 29
22 26
25 17
30 11
18 5
4 3
28 15
23 3
3 13
3 23
11 28
9 18
5 8
6 11
17 25
29 22
8 1
2 13
9 21
22 24
1 15
32 0
6 8
24 24
27 31
3 14
19 14
13 0
32 19
24 3
22 32
6 24
32 21
20 14
5 17
26 0
14 24
32 28
20 6
20 7
20 23
19 18
31 17
4 22
15 28
14 21
29 24
22 22
25 0
13 6
31 28
8 8
29 5
8 13
32 8
8 18
19 3
15 8
22 0
19 9
21 21
18 14
6 23
22 19
25 23
7 8
18 9
22 20
4 9
16 21
18 27
15 6
22 23
21 28
27 12
18 16
32 32
29 23
27 32
31 6
28 3
2 1
23 20
9 23
4 5
11 11
0 30
4 32
8 10
19 25
9 16
10 24
32 30
19 27
18 32
31 13
14 27
31 16
24 14
26 23
6 25
23 31
32 2
13 17
2 24
24 31
30 29
24 23
7 11
14 16
8 4
4 25
2 3
5 27
1 1
29 17
13 29
17 0
22 27
29 19
29 16
9 15
7 21
30 21
13 16
12 13
30 8
24 21
13 14
3 28
20 4
7 25
32 7
17 8
31 1
7 16
12 1
30 23
0 20
20 29
28 9
27 19
15 4
8 3
24 17
2 10
21 6
24 12
21 2
5 13
7 1
28 32
4 19
29 20
23 13
21 4
19 4
2 16
0 17
1 7
1 10
4 27
4 12
11 1
12 28
10 23
31 23
3 3
16 22
23 22
24 15
22 6
17 30
30 16
20 11
16 13
0 31
21 16
2 27
18 11
16 28
30 31
25 29
20 27
15 9
22 8
18 1
10 1
20 15
3 32
8 22
7 2
4 29
3 26
0 27
11 4
10 21
6 21
11 6
11 13
11 30
13 28
27 21
5 10
15 16
32 22
32 23
26 19
15 18
29 2
29 12
8 2
27 10
16 29
14 9
9 32
18 31
2 0
10 12
25 14
18 26
0 26
16 4
21 11
5 22
1 17
6 29
23 8
11 3
23 25
13 11
30 20
17 24
25 21
30 15
2 15
27 24
1 21
20 13
32 4
21 22
31 10
5 29
12 19
19 23
28 14
12 21
23 32
23 15
26 4
13 23
17 7
19 31
8 28
16 27
11 24
1 22
15 23
15 27
25 9
1 14
30 14
1 19
32 6
3 6
0 28
18 18
18 13
0 29
4 10
4 8
2 21
6 13
20 12
22 14
23 12
8 12
8 24
18 8
2 7
19 28
22 9
21 29
3 1
29 8
24 20
3 16
4 0
10 3
25 30
29 6
14 10
18 24
13 26
19 29
3 22
20 1
0 25
13 1
5 11
5 25
23 11
28 10
30 19
31 19
28 0
27 27
12 29
9 13
5 21
12 23
