29 27 18
...............T.........T...
.............T...............
...........T.T..T..T......T..
........T..............T.....
...................T.......T.
...T..T.T................T...
T...................T........
...................T.....T...
..T..........................
.........TT.................T
..........T.....TT..........T
.........T.....T......T......
...............T.............
..T...T....................T.
.............................
.............................
.TT.........T................
....T..................TT....
.............................
.............................
........T....................
....................T........
..............T.....T........
T.T..........................
.T.............T.............
.T.T.....T....T...........T..
.T.........T...T....T........
.............................
....T.......T................
6 21
22 3
14 19
17 8
1 19
3 19
8 6
8 14
6 16
6 12
28 26
4 16
11 23
19 9
19 24
27 13
7 4
9 7
12 21
25 0
22 19
13 9
16 3
12 26
13 19
24 0
22 6
8 11
19 28
9 10
28 20
1 23
0 19
11 11
14 25
12 9
2 24
25 3
11 2
5 10
5 5
19 20
11 15
0 27
2 28
14 10
8 15
12 4
27 23
15 9
27 14
22 10
18 24
17 14
6 3
14 9
16 7
0 0
26 14
12 28
14 0
16 8
17 24
23 15
16 23
1 18
7 28
25 18
5 25
15 12
14 5
14 15
5 3
9 19
10 22
18 15
16 28
8 19
18 25
21 0
27 15
5 23
8 18
5 19
0 11
18 2
9 26
23 20
13 24
0 16
4 13
9 3
21 10
21 23
16 5
18 3
9 4
23 4
23 10
23 25
4 25
5 22
28 9
18 1
15 28
1 1
8 17
21 2
1 0
13 10
25 8
17 7
22 16
20 24
25 14
25 23
6 18
26 16
3 21
24 8
4 17
21 11
5 16
19 18
15 15
27 7
18 14
18 6
21 9
7 9
12 27
3 1
8 0
27 2
24 22
18 9
3 12
6 26
12 5
20 11
25 17
20 22
1 9
20 17
9 27
27 22
4 18
20 2
14 22
17 0
18 16
4 22
28 28
10 7
0 1
27 3
22 20
6 5
20 9
5 18
16 19
16 18
11 1
23 12
2 21
15 18
15 2
12 20
7 12
14 1
19 2
14 23
12 6
1 20
19 14
18 19
27 28
3 8
17 15
7 24
14 4
15 21
23 13
28 23
27 18
5 27
22 22
15 27
9 23
14 27
2 9
4 21
26 1
4 20
1 4
4 26
20 25
1 2
19 3
9 5
15 1
17 6
21 17
5 24
10 20
28 25
22 2
5 26
3 3
0 28
9 24
7 23
8 23
0 6
8 5
23 14
21 8
12 16
4 6
27 25
9 18
23 7
15 7
22 15
20 4
22 25
7 1
17 21
25 12
26 22
24 6
1 10
25 5
2 25
25 15
20 10
17 1
13 7
6 8
27 24
14 8
12 10
27 0
19 19
8 9
17 5
11 8
2 19
23 26
25 16
15 10
27 12
26 20
16 10
3 7
6 24
15 25
4 28
6 10
18 4
10 27
2 1
16 0
28 6
28 21
27 19
24 17
3 16
22 0
17 25
25 27
13 14
28 4
20 0
7 27
16 11
4 12
27 17
5 4
14 2
23 2
13 15
24 5
4 4
18 12
17 12
5 14
23 17
1 13
2 17
8 20
15 17
26 23
11 22
16 17
15 22
22 9
20 6
25 25
20 7
22 21
25 13
7 6
27 21
11 6
11 17
24 1
18 0
17 26
20 16
19 22
22 14
17 17
19 4
20 14
18 26
28 10
3 20
17 22
13 13
26 21
19 26
24 4
0 13
24 21
28 12
16 22
1 25
16 26
11 21
0 20
12 11
2 0
27 6
10 1
23 3
21 16
6 19
20 21
23 5
10 0
14 12
4 27
9 21
25 6
28 24
7 20
1 6
22 4
2 18
19 12
0 26
22 27
17 4
3 9
28 22
1 12
1 26
17 19
13 27
20 1
26 8
5 0
25 21
26 28
10 19
11 12
4 11
0 17
23 28
26 27
2 16
16 13
14 28
23 8
10 2
1 15
2 2
7 2
10 3
24 20
14 6
7 18
13 25
16 4
28 8
9 20
24 10
11 20
28 13
14 17
15 19
21 28
8 4
21 25
16 15
4 14
26 25
28 1
6 0
3 26
27 8
22 11
25 1
12 2
16 21
9 6
11 16
11 25
25 28
2 4
1 3
27 16
6 23
19 5
1 5
26 17
9 1
10 4
5 13
2 3
10 18
28 19
20 13
16 16
18 22
21 4
19 17
6 14
8 3
11 0
9 9
18 11
6 15
3 17
6 6
19 27
17 9
4 2
1 24
23 23
17 11
20 8
18 27
18 18
24 15
21 6
22 17
21 7
14 7
1 14
21 15
21 21
16 14
8 28
10 10
20 26
23 0
7 11
0 7
4 8
19 1
11 7
12 1
19 6
2 8
28 5
11 24
2 15
12 23
13 21
21 27
25 7
7 22
15 16
14 14
0 9
7 7
3 2
28 14
6 27
19 10
4 9
4 7
27 27
5 11
22 26
28 0
26 0
0 25
15 13
12 25
9 25
3 23
15 0
1 7
3 4
4 3
25 10
18 7
3 27
10 24
3 11
9 15
27 1
17 16
8 13
20 12
28 16
5 6
17 28
2 26
5 1
14 3
8 25
0 8
21 18
15 6
7 19
7 10
23 19
23 22
14 24
2 12
3 18
8 12
14 18
1 17
9 22
13 3
27 26
25 26
7 21
18 20
15 3
12 13
24 23
17 3
11 4
20 18
10 12
17 2
25 24
26 12
1 21
25 19
13 16
25 20
12 18
23 6
5 9
10 11
22 23
22 24
3 5
10 23
26 2
26 4
19 16
5 2
0 2
24 11
18 17
3 0
1 16
16 2
12 7
24 24
13 11
9 8
7 8
19 15
14 13
9 13
26 11
10 21
3 24
24 14
22 28
9 16
7 5
12 14
15 4
13 4
7 3
20 23
3 14
22 7
23 11
6 25
19 11
28 15
11 19
2 27
0 15
19 0
14 21
2 7
23 21
9 14
11 13
0 24
16 27
16 12
24 3
16 20
1 11
8 26
13 28
14 16
13 22
7 26
10 28
24 16
15 26
5 17
4 0
28 17
26 10
28 2
0 18
7 13
13 17
28 11
16 1
10 16
10 15
16 9
15 23
12 17
24 18
2 5
17 10
15 24
12 0
2 13
24 7
10 17
3 10
18 23
4 15
5 15
20 3
1 22
25 11
18 10
16 25
13 6
1 27
4 10
13 2
17 27
15 8
6 17
5 20
21 13
5 7
4 23
26 19
11 5
2 23
6 20
8 22
10 6
0 22
23 24
7 14
9 2
9 0
6 28
11 10
27 5
5 21
24 2
4 1
10 25
12 15
4 24
8 7
8 21
27 10
23 27
13 5
24 26
8 24
14 20
24 27
20 5
3 28
11 18
26 9
21 24
13 12
25 9
6 2
26 5
12 8
17 18
11 9
20 20
21 12
6 1
15 5
27 11
2 11
13 18
7 16
12 19
28 7
7 25
22 5
2 20
2 10
8 2
21 22
0 5
7 15
18 21
22 8
26 18
26 15
6 4
12 12
8 8
10 13
19 25
0 23
10 9
13 0
8 16
24 9
18 8
17 23
18 28
6 11
19 7
13 8
24 13
11 28
11 26
21 3
15 14
5 8
21 20
15 11
26 7
3 15
6 22
12 24
20 27
12 22
24 12
24 25
5 12
8 27
20 28
3 25
6 9
9 11
2 6
0 3
9 17
19 21
10 26
0 12
3 13
5 28
8 1
22 1
3 6
26 6
7 0
13 23
13 26
10 14
0 4
23 1
18 5
13 20
6 13
23 18
20 19
14 26
16 6
4 5
26 26
12 3
21 14
13 1
0 10
21 1
17 20
19 23
14 11
11 27
23 16
24 19
25 2
27 4
3 22
19 13
8 10
1 8
11 3
2 22
23 9
20 15
18 13
1 28
11 14
21 26
21 5
16 24
25 4
22 13
6 7
25 22
24 28
7 17
10 5
4 19
19 8
27 20
28 18
28 3
22 12
10 8
22 18
9 12
26 24
26 3
2 14
26 13
21 19
28 27
0 21
9 28
27 9
17 13
15 20
