20 18 10
....................
.........T.TT......T
.....T..........T...
......T.............
.T...T............T.
.....T..T.....TTT...
.....T........T..T..
.......T.....T......
...............T....
...T......T....T....
........T.......T...
T.....T.......T.....
..TT........T...TTTT
........T...........
..........T.....T...
......T.......T...T.
........T...........
......T....T.T.T...T
.............TTT....
............T.....T.
15 14
10 1
13 13
17 16
1 7
6 14
16 18
10 14
4 3
8 2
10 0
19 10
4 4
1 17
15 13
0 13
6 5
15 3
12 1
17 5
2 0
11 3
14 19
18 11
9 2
15 9
19 8
18 18
3 3
7 2
5 5
6 7
1 4
18 9
9 4
7 5
8 14
10 4
1 10
4 8
7 3
2 8
10 5
15 8
0 6
4 9
11 17
19 2
13 10
10 7
3 18
7 12
12 6
8 7
1 5
10 2
1 6
3 1
19 18
0 19
11 5
14 15
1 14
16 16
2 5
19 14
3 14
18 8
0 1
1 15
8 1
19 4
9 12
9 13
3 15
8 16
2 11
12 16
4 5
15 6
6 13
18 19
11 2
11 16
16 5
9 10
7 11
18 6
17 3
6 1
6 8
1 11
5 2
18 1
14 11
1 16
12 14
9 9
19 17
14 18
5 0
11 8
14 5
9 18
13 7
10 10
4 18
14 7
14 13
19 3
16 14
13 11
3 19
15 4
15 19
2 13
16 19
10 15
11 10
6 17
4 2
1 2
9 17
17 12
7 0
2 1
2 19
4 12
1 9
2 17
1 13
18 2
12 5
10 18
10 9
6 2
0 3
15 2
14 6
1 12
3 17
8 5
9 19
6 16
8 8
8 17
11 1
0 8
11 18
17 6
4 13
5 4
7 10
18 3
16 0
19 0
19 12
4 10
12 15
5 19
17 10
18 10
13 0
4 17
15 17
5 11
9 15
14 3
3 10
2 10
12 9
1 0
8 15
17 8
12 19
0 11
3 9
6 18
11 9
2 9
4 6
17 17
18 4
14 4
9 14
18 16
19 19
12 3
14 16
17 18
10 11
16 6
17 9
9 7
16 8
12 12
0 7
6 11
7 14
9 5
10 12
6 10
1 19
17 14
13 17
0 18
12 2
2 3
13 6
0 4
2 6
0 9
13 5
11 19
14 12
6 15
4 7
5 3
11 6
5 9
8 10
5 15
5 10
3 13
10 6
14 8
0 14
16 17
8 19
10 17
16 3
17 1
3 2
16 15
14 10
0 0
9 11
13 1
0 15
8 11
16 4
5 7
12 0
17 4
1 1
15 18
19 16
9 1
15 15
18 13
9 16
13 3
7 8
13 8
15 12
11 14
3 11
16 10
19 11
11 0
16 11
5 16
0 12
0 5
13 15
13 2
8 12
5 1
16 13
6 6
8 4
11 7
18 17
15 16
0 17
17 19
19 5
5 14
13 16
18 5
15 7
12 4
16 1
11 13
13 4
3 0
19 1
7 4
19 6
6 3
4 11
1 18
11 12
2 2
5 18
2 4
13 18
9 0
8 18
19 9
6 19
19 7
5 17
11 11
1 3
6 12
9 3
15 10
7 19
8 3
2 15
18 7
5 6
10 16
5 13
7 13
15 1
7 1
16 9
0 2
12 7
15 5
2 12
1 8
16 12
6 9
10 3
13 12
2 16
14 17
7 18
3 12
8 9
2 7
3 4
15 11
4 14
14 2
4 0
10 19
8 6
4 1
17 13
2 18
2 14
5 12
14 9
17 7
6 4
7 15
12 10
18 15
6 0
7 6
4 16
17 2
12 8
17 0
10 13
14 14
3 7
9 6
19 13
7 17
17 11
4 19
11 4
3 6
15 0
3 5
18 14
3 8
8 13
5 8
14 1
19 15
7 9
4 15
9 8
18 0
12 13
12 11
13 19
0 16
3 16
11 15
12 18
17 15
12 17
13 14
14 0
13 9
16 7
7 16
16 2
7 7
18 12
8 0
10 8
