36 32 2
.T.....T......................T.....
..................T.....T..T...T....
........T.............T..........T..
.....T..............T...............
.T............T......T..............
T.................TT.......T........
.........T...T...T.......T....T.....
..T.............T...T...T...........
..........T................T........
....T......T.........T..T...........
...........T.....T........T..T......
...T..T.T...........T....T..........
....T.....T.......................T.
.................T..T.T.............
.......T....T......T.T..........T...
.T.T....T........T......T...........
.....T.T..................T...T.....
.T........................T.........
...................T..........T.....
....................T...............
T.T...T......T..........T...........
T.T.........T.......................
........................T...........
..........T....T.............T.T....
.............TT...T.................
..............T.....................
.................................T.T
......T....T......T..........T......
.................................T..
.................T.......T..........
......T..T...................T..T...
..........T..T....T......T......T...
.................T...T..T...........
........T...........................
.T..........T...........T.....T.....
......T.............................
2 21
34 17
34 2
19 1
1 17
27 13
14 23
6 10
26 1
23 25
34 0
15 7
25 21
30 19
14 10
21 14
12 22
8 12
0 21
10 17
28 17
25 19
14 5
17 15
32 12
31 26
34 19
13 11
10 8
13 20
25 3
2 2
3 15
34 18
7 17
6 24
29 30
17 5
4 18
18 15
10 22
12 6
6 26
0 35
15 14
14 17
8 10
21 12
29 28
32 9
31 20
30 11
2 9
33 23
2 18
24 4
7 27
6 20
17 33
14 24
11 26
26 12
35 35
8 20
33 6
2 32
9 10
10 12
25 20
0 8
33 16
26 7
28 34
29 18
29 8
31 17
26 24
23 17
13 24
22 21
25 12
19 29
17 1
15 29
28 18
2 15
10 31
32 25
24 10
17 26
18 4
25 17
23 10
1 6
21 1
22 24
14 2
30 12
12 27
31 14
34 26
2 14
35 6
0 11
20 17
35 32
11 35
29 13
34 5
20 34
2 11
31 32
20 23
30 7
33 28
28 2
14 22
6 4
14 19
21 31
5 13
5 5
13 10
33 20
4 25
25 7
24 27
3 12
3 26
18 3
24 3
15 33
8 13
33 15
17 31
30 6
32 33
26 6
30 25
28 33
14 32
34 15
11 24
31 4
12 14
5 35
1 29
20 16
25 1
11 2
15 10
28 15
6 7
8 4
13 32
34 7
30 32
4 2
13 9
30 13
22 27
21 4
31 18
19 26
22 19
24 12
20 7
4 8
26 20
25 0
34 16
27 7
20 25
11 13
30 34
32 8
3 22
26 27
0 0
7 0
31 23
16 17
2 8
23 31
31 11
22 14
26 11
31 25
4 21
5 33
15 24
2 4
5 30
9 29
24 29
9 1
22 3
1 21
33 26
13 14
14 30
13 18
32 7
1 14
31 9
34 27
20 5
2 28
16 29
1 3
7 35
16 1
17 34
10 34
11 33
2 24
21 0
20 22
1 8
12 19
18 29
32 22
15 32
13 16
16 16
21 7
8 6
29 34
30 8
8 3
27 23
12 7
15 35
19 12
7 14
11 22
25 24
32 1
3 29
31 35
8 30
23 19
19 23
17 19
20 33
5 28
19 6
12 5
8 15
30 23
13 19
8 29
6 13
25 32
12 13
21 6
25 5
5 19
32 26
33 4
6 2
7 1
26 31
32 29
31 10
34 3
11 12
7 19
13 15
7 8
12 2
34 13
22 0
21 16
11 25
16 2
23 28
9 35
2 34
9 34
22 23
29 20
29 5
11 20
12 12
12 9
3 32
19 13
14 28
30 22
33 8
0 15
10 3
5 7
31 0
32 18
4 13
23 34
24 5
34 25
15 8
11 14
32 31
28 22
29 12
0 30
15 19
26 5
24 6
15 18
22 26
27 32
19 31
11 11
28 32
0 19
16 15
19 8
15 20
30 0
11 29
11 23
15 16
8 2
5 6
3 18
27 21
16 30
32 24
1 22
12 18
0 1
35 34
25 6
34 28
20 12
32 15
33 1
27 15
12 31
4 26
18 2
23 14
1 10
28 5
3 30
28 12
26 10
8 11
4 20
2 10
16 25
12 29
21 18
0 33
3 35
31 28
17 6
32 6
30 21
9 3
2 1
14 25
11 5
34 1
5 3
2 17
12 26
4 23
7 4
11 34
18 11
11 0
32 27
15 9
35 5
6 25
35 24
19 28
4 5
6 31
14 18
26 34
16 11
7 22
21 5
22 13
27 2
23 12
22 28
16 23
11 7
22 10
29 4
27 26
32 17
16 28
13 3
13 6
6 32
15 2
21 33
32 0
34 4
12 28
16 18
29 3
5 25
6 35
8 14
31 6
0 26
3 11
12 11
15 25
10 24
30 26
26 28
4 22
19 34
35 1
34 10
3 23
6 19
9 11
22 16
28 0
19 0
35 21
26 4
21 32
2 31
4 7
9 0
28 23
22 30
17 24
27 24
35 28
33 24
33 11
35 3
33 30
11 17
25 4
1 4
10 2
6 30
31 2
35 4
15 5
3 7
30 28
12 34
22 22
34 30
15 31
23 4
28 10
19 32
7 9
20 35
19 9
19 33
9 18
27 14
28 16
2 13
6 6
22 5
0 31
10 15
31 8
20 9
18 13
31 1
33 17
29 27
32 19
9 21
4 15
2 3
14 8
5 21
23 1
7 5
5 16
29 23
15 15
20 4
24 9
4 14
13 17
9 5
2 22
10 28
5 27
7 24
7 11
9 4
3 34
21 35
20 13
19 27
17 23
12 15
27 3
15 11
1 23
9 15
18 35
6 5
12 17
21 34
35 10
9 24
1 19
8 21
17 32
1 24
17 8
17 10
2 26
35 33
17 2
27 18
11 6
8 19
23 33
24 18
29 29
28 4
1 2
6 15
0 17
20 24
25 10
33 3
34 12
0 9
27 27
0 32
14 26
13 23
29 16
29 11
34 22
24 7
27 20
26 13
10 30
11 1
6 16
20 14
22 15
12 3
27 6
10 27
24 16
29 24
20 2
5 18
17 0
33 9
26 16
6 17
32 28
30 24
16 22
7 28
9 19
15 1
9 7
13 8
26 25
4 6
26 15
1 5
23 16
1 31
14 0
33 27
17 35
0 16
20 28
33 29
14 6
24 0
32 10
14 12
22 25
35 15
7 29
21 30
11 8
18 16
17 13
19 3
2 25
23 30
3 24
12 0
10 6
10 19
26 26
12 24
25 34
20 0
21 22
25 8
4 30
0 7
13 33
9 31
7 15
22 1
2 5
24 23
10 1
25 13
6 11
22 34
14 13
13 28
18 22
14 3
18 6
29 25
17 16
6 23
35 19
4 4
5 14
13 29
34 31
26 30
10 9
5 0
27 12
24 19
26 17
30 33
28 29
21 26
28 19
6 9
33 32
11 19
27 35
0 20
25 2
18 26
23 3
2 20
3 19
34 24
11 3
24 2
25 18
17 3
28 35
9 22
21 10
33 25
9 30
9 32
20 30
9 8
35 0
5 22
1 28
35 30
21 11
14 11
8 24
21 20
1 20
32 11
23 11
24 14
32 23
29 10
0 14
16 0
11 30
19 22
10 18
28 14
28 3
28 31
5 12
5 11
17 22
7 7
5 20
18 34
22 17
5 29
35 23
22 11
10 20
27 30
1 35
0 29
25 11
21 23
27 0
16 33
33 22
23 0
33 12
25 29
3 9
6 14
33 19
3 21
28 1
26 32
26 22
0 12
27 28
31 19
18 32
25 28
0 2
29 7
1 13
13 12
9 26
5 32
16 3
2 33
7 12
29 32
24 33
24 8
4 35
4 24
10 7
18 27
31 22
27 31
24 17
4 11
25 25
24 34
19 16
4 33
10 35
8 1
16 31
23 35
14 14
26 2
26 23
11 4
24 21
6 1
6 3
18 20
35 18
3 27
8 33
13 2
8 22
25 33
19 25
4 1
9 17
24 13
13 0
16 21
34 20
18 21
34 33
33 7
23 2
30 35
30 15
3 10
18 14
16 19
20 10
27 5
33 18
10 4
29 33
34 21
7 6
21 19
14 7
6 12
12 21
3 28
35 31
12 1
1 12
35 2
14 9
1 15
21 29
25 23
8 26
24 25
31 34
34 6
26 29
24 22
18 25
31 7
26 8
21 13
30 27
11 9
10 13
6 28
35 7
21 27
18 5
3 1
21 15
30 29
2 6
11 32
10 11
4 17
20 29
5 34
9 28
35 22
0 13
2 35
35 14
7 30
6 33
13 35
29 26
28 21
15 4
17 12
22 33
35 16
14 4
28 24
18 28
8 8
3 20
29 31
14 16
13 26
3 6
4 10
19 7
14 35
18 0
24 20
8 17
11 16
30 9
6 21
18 8
20 15
28 11
32 16
11 15
7 26
15 21
33 31
24 26
16 27
31 13
35 20
12 8
15 23
16 35
18 18
9 9
31 12
10 10
15 27
6 0
22 18
11 31
11 10
18 17
17 21
8 25
13 22
7 3
16 10
30 16
28 28
21 21
26 14
8 18
22 6
4 29
23 6
24 24
25 14
8 9
7 34
0 27
26 18
19 35
31 33
28 6
22 31
35 13
3 5
8 27
12 4
16 20
18 33
23 8
32 14
2 27
32 2
33 0
8 16
18 12
34 11
13 5
6 8
5 10
11 27
26 33
32 20
13 31
10 5
7 16
16 32
21 8
17 7
29 35
3 8
20 19
7 10
28 20
23 27
11 21
8 28
7 2
33 14
23 21
30 18
4 27
19 20
2 23
5 24
35 12
15 12
21 24
18 9
16 13
29 21
24 30
27 9
15 6
14 34
19 5
0 24
13 7
17 30
19 4
17 9
25 35
15 13
1 7
5 4
6 22
15 26
5 26
8 0
12 16
9 23
19 17
0 10
12 23
19 2
21 2
29 14
0 34
3 13
4 12
16 14
25 26
28 13
31 24
1 34
34 35
0 28
1 9
20 32
18 23
24 32
12 25
8 31
34 29
20 3
31 5
27 16
18 19
16 24
23 7
25 27
5 8
29 9
28 27
17 28
11 28
23 22
7 20
10 26
29 0
31 21
28 8
4 3
13 13
8 23
22 20
2 30
3 16
20 26
11 18
25 31
28 7
24 1
30 14
8 34
12 35
9 2
1 16
30 17
26 9
30 3
22 4
7 21
33 10
13 30
10 14
35 29
18 10
4 16
16 9
27 34
3 31
33 34
26 3
1 30
7 18
23 29
15 3
17 4
7 31
29 15
12 20
27 29
15 28
20 31
2 7
27 19
13 34
23 23
35 8
14 21
19 21
9 33
30 31
23 20
30 10
2 29
1 32
33 35
5 31
21 25
1 1
23 5
7 25
18 31
5 23
12 30
12 33
10 21
20 1
15 17
29 22
26 21
10 25
20 27
15 34
14 1
25 30
3 2
22 7
0 5
5 9
0 22
24 28
28 9
8 35
26 19
23 9
3 0
32 3
32 32
9 16
32 35
30 30
22 29
20 8
31 3
31 27
2 12
10 32
26 0
3 14
17 17
18 30
24 31
1 0
2 16
34 23
24 35
14 15
12 10
13 27
23 13
32 34
33 5
15 0
25 15
16 6
19 19
33 33
21 17
14 31
24 11
19 24
10 0
0 6
1 27
23 15
10 33
27 33
22 2
13 25
29 19
3 33
25 22
9 6
15 30
4 31
3 3
20 21
15 22
22 9
19 10
17 27
32 5
4 28
6 27
13 21
14 27
29 6
16 4
4 34
31 31
13 4
33 13
1 25
16 7
21 28
29 1
31 29
35 27
27 22
32 4
5 2
24 15
27 17
12 32
5 1
19 14
9 25
10 23
17 25
29 17
19 18
0 23
0 4
23 24
7 32
22 32
18 7
22 12
10 29
32 13
31 15
27 25
16 5
6 18
8 7
20 18
5 15
19 11
9 20
4 9
33 21
27 11
6 29
16 34
3 25
30 4
35 17
14 33
20 11
26 35
23 26
7 23
8 5
19 30
33 2
6 34
27 4
8 32
21 3
34 9
7 33
16 12
21 9
1 18
30 1
9 14
35 26
19 15
0 25
27 1
20 6
35 25
30 20
30 5
25 9
20 20
17 11
34 14
3 17
27 8
23 18
4 32
17 29
32 21
7 13
17 14
34 34
14 20
18 1
35 9
32 30
2 0
4 0
28 30
5 17
22 35
0 3
25 16
14 29
34 32
4 19
1 26
18 24
35 11
17 18
16 26
3 4
30 2
1 11
23 32
31 30
16 8
34 8
22 8
29 2
17 20
9 13
31 16
13 1
2 19
9 27
9 12
10 16
1 33
28 25
28 26
27 10
