21 12 17
.....................
.....................
.................TT..
.....................
........T............
.................T...
.....................
.....................
..T.............TT...
....T................
.....................
..............T.....T
.....................
.....................
T...........T........
.....................
.................T...
..............T.T....
.............T.......
.....................
........T...T..T.....
12 6
15 8
4 20
16 10
6 16
13 19
15 20
10 18
17 2
3 6
6 2
15 6
19 5
0 0
0 12
19 20
17 6
7 10
3 4
19 18
15 10
9 3
20 8
5 11
7 13
4 12
16 18
11 7
5 18
18 4
4 5
16 12
0 20
20 14
13 15
3 9
19 0
4 16
12 5
5 1
8 11
15 9
13 6
11 19
9 0
9 8
18 10
15 15
15 0
14 19
10 4
6 15
12 1
15 2
7 17
13 14
4 9
13 5
1 16
13 3
12 3
7 5
2 5
8 18
18 11
6 1
18 5
14 12
13 12
2 7
8 7
4 4
2 20
18 1
0 18
16 15
12 0
5 16
16 9
15 1
20 9
14 8
0 15
3 1
1 18
4 13
13 9
8 13
10 15
10 6
18 12
17 4
0 5
1 8
3 10
2 17
5 17
6 20
10 13
16 7
5 13
20 15
3 14
15 17
1 4
3 12
0 4
2 11
5 5
10 19
10 2
20 5
13 16
6 6
9 19
10 10
7 15
15 19
14 9
1 17
0 14
11 12
10 12
0 1
13 2
16 3
3 0
3 11
2 13
19 12
6 14
20 16
12 18
0 3
9 12
4 15
17 19
18 8
18 9
19 3
18 16
10 14
17 5
12 13
16 20
13 8
11 18
7 0
20 2
15 12
17 13
19 16
9 16
4 3
12 7
18 13
14 3
8 17
3 17
11 15
11 16
8 8
12 10
4 10
9 9
1 14
14 0
16 4
6 19
10 11
14 15
11 17
13 20
5 7
11 8
9 5
7 6
20 0
9 1
0 8
9 14
17 3
20 3
17 1
17 11
7 1
8 0
0 6
5 19
2 19
17 14
19 15
4 18
7 16
6 5
2 16
6 12
18 20
20 7
15 4
16 1
18 7
11 0
18 19
8 2
5 4
13 17
12 8
0 7
14 18
12 12
8 1
10 1
14 5
16 17
12 2
1 1
18 0
3 16
8 19
14 16
11 5
17 20
19 6
3 18
20 4
11 4
20 13
17 17
20 12
4 2
20 6
5 20
1 5
19 14
6 7
7 2
11 9
3 19
1 10
0 16
11 13
9 6
19 19
7 4
9 15
13 0
15 11
5 0
7 18
5 3
4 11
12 20
7 8
20 1
2 4
13 13
3 8
7 19
5 6
12 11
0 9
8 4
2 8
0 11
20 17
7 20
8 14
19 10
9 20
9 7
17 10
20 18
20 20
8 9
10 17
5 9
6 0
9 11
3 15
18 14
13 7
2 9
2 15
14 13
14 10
19 8
15 18
2 3
10 0
5 10
12 16
4 17
4 6
17 18
11 1
9 18
15 3
15 16
12 19
4 8
11 2
8 20
2 2
3 3
1 7
8 3
1 19
12 15
11 3
18 3
16 8
1 15
0 17
18 15
9 13
16 19
2 1
7 12
9 17
11 6
8 5
4 0
4 19
13 18
6 17
10 3
7 3
6 9
5 15
18 2
1 12
1 13
20 10
4 1
1 11
14 14
10 9
17 0
6 13
3 13
8 16
7 7
16 2
9 2
2 10
14 7
18 18
6 4
14 1
20 11
4 14
17 8
13 1
10 7
14 4
2 14
19 9
10 20
11 20
19 2
2 12
5 2
3 2
10 16
2 6
16 13
0 13
7 11
19 11
14 11
16 11
9 10
15 5
6 11
11 14
12 17
20 19
4 7
19 17
6 10
0 19
13 4
6 8
17 16
1 20
15 7
7 14
1 0
19 7
11 11
14 2
14 17
16 0
8 12
12 14
16 6
5 12
14 6
3 20
1 6
1 3
13 10
12 9
3 5
3 7
11 10
10 5
16 5
13 11
6 18
12 4
7 9
8 10
16 14
2 18
8 6
9 4
18 17
1 2
16 16
19 13
0 2
2 0
17 15
17 12
15 13
10 8
19 1
5 8
15 14
18 6
17 9
6 3
14 20
19 4
8 15
17 7
5 14
1 9
