38 5 21
T............T.TT.....................
......T...............................
..................T...................
......................................
............................T..T......
......................................
......................................
......................................
......................................
T......T.....................T........
......................................
......................................
................T.....................
......................................
......................................
......................................
.......T..............................
...........................T..........
......................................
......................................
......................................
............................T.........
......................................
..................................T...
.......TT.............................
.............T......T.................
.............................T....T...
......................................
....T.................................
.......................T..............
.......T....................T.........
......................................
......................................
...................................T..
........T.............................
..T...........................T.......
................T.....................
.............T.......T................
7 37
21 23
23 16
27 37
10 22
10 12
4 7
30 26
28 35
25 20
36 21
1 31
18 9
1 1
12 31
15 34
37 30
3 18
37 4
21 3
36 24
3 16
4 20
8 34
1 18
12 11
14 26
24 6
5 12
0 23
22 3
26 29
19 11
24 0
29 24
30 28
24 21
2 27
8 28
14 27
36 9
17 2
5 29
2 6
5 13
35 26
26 17
9 28
18 35
22 25
31 3
18 21
7 21
5 24
1 20
13 21
35 1
29 16
11 3
14 33
30 17
5 14
17 31
12 6
27 35
3 23
17 37
5 25
16 14
18 11
12 14
24 29
22 26
15 37
25 26
12 10
36 18
30 11
30 30
10 35
14 13
19 32
16 20
24 15
17 32
37 16
21 12
19 17
2 11
10 16
15 22
18 8
29 14
25 10
23 28
35 15
29 34
15 26
26 13
20 23
14 6
24 7
29 18
24 23
29 1
12 20
9 35
6 25
17 14
9 20
32 14
7 22
32 4
0 6
26 30
23 6
16 19
31 1
30 19
25 23
4 28
15 13
36 23
12 1
17 0
23 7
18 0
19 21
26 33
24 2
28 12
14 9
36 7
5 35
3 24
35 19
31 8
22 32
3 9
24 30
21 18
19 24
33 21
5 32
15 20
10 23
9 29
37 0
9 32
34 28
4 23
6 29
18 3
17 25
8 27
2 28
23 1
27 1
22 1
3 35
24 20
28 7
7 8
35 28
4 30
10 17
0 29
1 37
22 22
14 31
21 20
29 29
9 30
25 33
12 25
22 33
19 10
12 8
26 21
34 9
8 36
15 12
12 36
16 23
37 14
17 28
27 30
10 1
4 15
21 0
25 12
32 37
31 21
6 36
20 17
28 9
28 1
5 36
37 35
29 11
15 17
21 27
19 18
20 29
33 34
27 2
11 31
35 23
21 15
9 34
7 11
14 36
35 3
23 29
33 22
13 13
30 32
26 11
14 12
9 11
25 32
17 1
4 35
37 15
11 30
22 35
32 22
19 16
26 35
7 27
8 5
3 10
7 4
36 15
13 5
8 16
12 26
33 18
9 21
33 30
31 31
2 12
35 12
28 30
18 32
4 4
0 2
28 2
37 25
0 20
15 15
4 0
1 17
10 25
12 23
5 15
13 0
6 16
16 0
31 29
37 18
10 28
29 36
26 14
1 19
35 18
36 29
15 19
10 5
28 15
10 11
27 12
33 31
23 37
18 17
23 25
31 14
35 20
25 18
13 25
17 24
2 22
14 35
10 30
36 12
31 18
30 25
7 32
1 0
30 35
23 19
37 21
31 7
33 23
18 1
21 6
4 12
4 8
18 16
33 10
23 23
12 4
17 16
31 9
35 21
21 31
22 14
30 1
21 28
10 19
15 28
27 25
24 27
3 15
12 27
21 36
8 17
4 25
31 36
18 12
9 15
5 11
23 9
1 13
34 23
20 3
20 2
22 31
1 26
3 5
8 22
34 36
23 2
3 3
26 10
11 10
25 22
10 7
4 32
31 2
28 8
13 11
34 21
14 17
3 34
24 32
13 16
24 22
0 30
2 8
9 14
5 7
33 32
1 23
13 12
3 17
16 32
37 37
22 6
14 34
11 14
17 10
24 31
27 13
25 2
11 6
28 28
10 34
35 34
37 11
7 23
31 23
22 18
14 11
27 24
31 4
37 26
22 20
3 29
33 33
21 4
16 37
23 27
18 19
11 35
37 12
20 28
8 1
34 26
0 21
30 14
12 3
7 16
32 25
27 31
18 30
20 11
37 20
17 23
5 22
13 18
9 26
20 13
35 16
35 32
36 17
20 22
25 5
29 23
23 31
2 36
36 28
17 26
13 31
37 28
2 29
12 30
30 24
16 7
9 5
26 20
25 13
28 14
32 9
30 18
14 20
35 13
22 7
18 5
24 9
3 13
20 10
11 12
15 9
11 1
4 2
21 2
25 15
29 5
20 35
36 4
16 3
13 8
33 36
33 25
35 36
11 9
28 6
25 6
8 12
0 0
34 19
9 0
23 12
7 6
37 31
29 35
36 25
24 34
1 4
23 20
22 11
8 15
8 33
26 19
20 4
17 36
24 11
35 2
5 2
25 1
11 5
27 19
0 9
13 33
8 37
36 33
2 26
3 1
37 1
7 29
2 18
9 9
21 14
8 9
30 36
32 29
27 10
9 37
19 9
26 8
8 3
22 30
25 30
18 4
35 5
14 30
25 17
8 13
4 10
6 7
34 25
1 9
15 1
29 7
9 16
3 11
9 19
16 31
32 33
5 17
33 37
27 4
16 10
1 3
0 26
2 31
21 24
22 4
3 8
9 17
35 31
28 31
37 23
20 30
13 37
22 9
19 19
30 34
2 24
24 37
7 3
1 25
7 2
5 1
1 2
10 31
25 3
2 13
6 30
15 18
3 26
6 12
24 4
36 37
9 23
31 33
15 35
6 24
36 2
36 5
37 24
35 6
1 14
23 36
31 37
11 19
37 10
11 18
34 8
20 9
30 31
24 26
36 11
6 17
18 34
22 15
35 37
29 31
34 14
35 10
17 21
5 18
14 25
16 35
10 27
27 11
25 36
3 4
4 6
30 10
36 10
23 24
26 5
14 7
31 24
3 19
23 34
7 17
4 29
10 33
23 0
4 16
33 1
7 33
28 0
11 13
12 22
26 12
1 22
25 11
12 35
22 19
34 4
8 8
27 14
16 24
17 30
17 9
32 15
18 37
16 33
21 26
21 7
30 15
30 33
12 13
19 6
7 18
36 20
0 33
1 33
34 37
7 14
2 34
0 14
11 0
25 35
36 13
25 9
36 32
15 27
3 0
15 7
23 26
17 4
9 6
22 29
5 3
24 13
4 17
30 27
17 12
15 0
20 37
10 10
15 8
33 2
36 30
33 3
25 16
29 10
28 10
19 4
10 32
22 5
27 15
30 23
6 21
0 31
6 14
33 6
27 33
20 0
5 26
31 35
30 16
37 6
18 10
15 36
3 28
29 0
25 4
0 11
26 24
7 34
7 5
0 17
4 21
24 28
21 29
8 21
17 20
32 34
28 34
8 32
23 14
30 20
30 22
20 33
23 32
6 20
4 19
11 16
6 19
33 29
8 14
28 37
31 28
12 32
13 20
16 28
20 5
23 33
34 15
7 13
29 37
5 4
2 21
33 5
32 0
3 7
27 18
6 4
31 10
0 37
15 33
2 10
31 0
30 21
28 13
34 22
12 24
10 3
37 19
27 7
25 8
34 34
8 24
17 33
34 6
19 0
33 4
29 22
20 24
29 6
27 16
18 28
33 26
19 5
13 22
28 32
0 35
13 29
7 10
15 11
21 22
8 31
21 1
16 25
7 24
16 9
14 4
35 14
16 6
32 36
6 32
37 9
2 25
36 3
5 27
17 15
24 16
26 28
11 25
33 15
34 12
30 2
7 1
26 25
2 7
3 14
32 27
21 19
16 34
29 30
20 18
1 15
4 11
26 34
32 31
27 26
19 35
15 31
31 13
22 12
29 20
9 25
20 6
3 31
32 20
14 23
21 37
14 8
17 11
17 6
21 25
3 37
0 28
11 23
14 15
34 17
9 24
6 31
20 26
11 22
20 15
4 26
35 7
27 20
31 25
15 24
35 11
8 7
26 7
28 19
7 28
26 36
22 8
8 29
12 19
18 22
29 13
33 14
17 7
36 35
21 16
33 19
3 25
13 7
14 5
26 15
12 29
9 33
8 10
17 34
14 2
32 3
29 9
8 2
7 7
1 8
8 35
24 10
28 20
16 22
19 26
33 27
2 16
28 17
28 26
7 20
19 34
6 5
8 23
10 15
26 3
18 31
28 5
36 8
35 9
2 3
1 27
19 22
6 1
20 1
35 22
0 27
7 15
31 19
5 16
15 25
34 29
25 25
7 36
11 24
35 33
16 12
17 22
6 23
1 7
33 12
2 17
34 24
13 26
35 8
32 12
23 4
4 34
6 2
6 34
34 35
0 7
4 31
25 37
32 10
29 8
21 32
19 23
35 24
36 19
3 12
4 27
12 12
33 9
6 22
34 32
11 15
19 15
13 6
29 26
9 22
9 10
33 17
26 1
18 15
0 8
13 32
36 34
1 28
31 26
37 7
3 27
34 30
4 9
16 30
24 12
3 21
31 34
9 1
13 14
0 15
11 28
6 11
31 20
6 0
25 24
14 21
26 37
26 27
18 20
19 14
18 6
2 33
30 5
8 4
27 23
14 22
12 34
8 18
24 8
25 34
20 34
14 14
34 2
11 8
2 0
24 3
14 24
1 34
3 36
35 0
2 20
6 6
4 14
24 5
31 6
20 16
27 3
18 25
18 33
5 23
22 16
19 33
22 23
17 18
9 31
30 0
10 8
28 24
3 6
1 35
21 5
33 35
0 4
34 5
17 27
26 2
23 8
23 30
12 17
20 36
22 37
5 34
35 29
17 13
23 22
15 10
9 13
16 36
10 21
29 27
2 14
37 36
11 4
36 6
5 19
12 9
35 27
32 17
33 20
22 27
30 3
8 19
0 22
30 37
14 0
34 13
23 11
19 1
27 21
17 35
25 0
20 8
27 6
29 19
24 35
13 34
32 8
32 32
20 21
34 1
22 17
32 26
34 11
13 27
2 1
11 11
5 31
36 26
11 7
8 11
17 8
3 20
14 28
2 37
19 3
33 11
2 32
27 22
18 36
22 28
17 19
4 3
25 7
6 15
12 21
13 9
1 30
28 21
5 0
9 8
32 35
1 32
10 18
20 14
0 3
25 31
17 3
7 19
4 33
26 31
12 28
29 17
35 30
2 23
27 28
19 25
17 29
1 29
24 1
29 3
10 14
20 32
4 37
37 32
37 17
20 20
2 19
25 21
24 25
34 0
16 26
34 20
30 6
19 36
28 18
30 4
36 16
1 11
24 33
28 16
29 28
32 16
12 33
20 27
27 27
10 26
33 0
25 14
24 17
32 1
5 10
26 32
34 33
37 22
31 32
36 22
2 30
23 3
24 24
21 30
0 25
11 36
28 11
11 34
19 8
23 5
21 13
9 2
9 27
23 21
7 30
21 9
14 1
7 26
6 13
0 24
32 28
2 35
23 18
1 16
10 4
5 37
28 25
15 32
34 18
7 31
26 22
19 12
31 11
22 34
11 26
20 12
6 35
14 16
30 7
37 34
11 2
34 3
30 12
1 10
16 16
34 7
32 19
0 5
29 25
7 9
20 31
19 29
16 21
20 7
5 5
16 29
7 25
9 4
27 0
6 26
37 2
29 15
18 14
16 4
5 28
20 25
22 24
30 8
28 22
2 9
33 7
36 0
16 15
16 1
26 9
26 16
10 9
36 27
19 37
31 16
13 3
11 37
19 30
21 17
13 23
27 17
13 30
5 9
33 28
32 11
7 12
32 30
15 5
6 18
32 18
15 14
10 37
4 13
4 24
6 28
30 29
10 24
4 5
28 27
37 13
31 15
24 14
4 36
33 8
35 17
20 19
16 2
12 15
31 17
15 21
28 29
12 5
18 2
16 13
23 10
6 10
29 32
13 35
5 20
14 3
27 32
9 18
5 33
12 16
22 2
22 13
18 26
34 16
16 8
35 35
33 24
7 35
16 27
2 5
11 17
15 30
35 25
13 15
10 36
5 6
0 34
18 7
9 7
19 27
6 27
25 19
18 29
16 18
4 1
3 22
22 10
36 31
3 32
23 17
10 13
24 19
8 6
15 2
17 5
31 5
1 5
32 21
17 17
33 16
12 37
12 7
23 35
8 0
26 26
12 2
28 3
37 8
8 25
13 10
32 7
10 0
10 29
29 33
21 8
33 13
5 8
0 10
6 37
28 23
19 28
31 22
16 17
3 33
27 34
27 9
29 4
13 2
12 18
13 4
34 27
11 21
22 36
8 26
21 34
14 19
0 12
37 3
31 12
11 32
15 23
19 20
28 33
15 29
13 17
30 13
0 36
6 8
18 18
37 5
26 23
24 18
18 24
13 28
15 3
37 29
31 27
21 35
30 9
27 8
19 2
1 12
2 15
2 2
18 27
14 37
15 16
10 2
1 36
32 13
37 33
0 32
13 1
0 13
1 24
32 2
31 30
14 29
8 30
13 24
22 0
8 20
19 31
27 5
23 15
2 4
21 10
10 20
32 24
14 10
35 4
19 7
11 29
13 19
7 0
16 5
5 30
5 21
34 31
22 21
25 27
36 36
19 13
11 33
21 33
11 27
25 28
21 21
9 36
13 36
26 18
27 36
6 9
27 29
0 16
0 1
9 3
37 27
32 5
18 13
4 18
15 6
24 36
12 0
36 14
6 3
29 12
32 6
26 4
11 20
0 18
29 21
15 4
26 0
14 32
1 6
4 22
23 13
10 6
1 21
3 30
34 10
29 2
21 11
28 36
18 23
16 11
26 6
32 23
3 2
36 1
25 29
14 18
6 33
9 12
28 4
