26 8 0
....TT....T...............
....T.....................
.....................T....
.T........................
.................T....T...
..........................
.......T.T................
..........................
........T............T....
..........................
...T..........TT..T.......
.......T.......T..........
..TT......................
TT.........T..............
..........................
..........................
........T....T............
...........T..............
......T...................
....T.....................
.........T................
......T.........T.........
....T...................T.
.......T.T.........T.....T
.T.T........T.......T.....
.................T........
18 25
16 4
13 1
5 18
13 19
1 23
0 7
13 4
12 15
14 17
10 19
4 13
4 25
5 6
20 16
4 20
17 11
12 16
5 0
11 1
13 24
15 24
19 14
2 13
20 2
11 24
18 15
12 7
22 3
17 4
11 14
16 21
5 23
7 5
13 5
16 20
10 6
2 9
2 16
8 20
12 8
16 6
1 8
23 3
16 5
4 9
11 17
0 12
13 3
4 18
23 6
24 6
4 23
3 7
22 4
10 15
19 15
19 20
25 23
8 1
22 15
15 10
25 19
7 12
6 17
14 16
23 8
22 8
21 11
5 5
15 17
12 14
16 0
9 20
23 17
12 20
25 11
24 12
23 14
9 8
22 12
25 0
11 12
14 3
13 8
16 10
5 11
6 19
13 0
7 13
20 9
15 20
10 1
12 9
1 10
2 7
20 7
20 3
11 5
4 8
0 18
2 14
9 15
4 22
19 10
4 21
9 6
18 0
18 14
8 15
9 25
12 10
9 13
23 19
2 24
12 11
4 19
21 20
4 4
3 11
15 13
24 5
23 20
20 18
10 20
18 4
8 16
15 18
7 17
8 13
22 7
17 25
9 22
20 12
17 21
12 23
6 3
23 2
16 3
19 2
8 4
19 9
23 9
25 12
6 18
23 15
17 7
24 19
21 19
15 22
0 3
16 18
10 25
15 5
21 9
24 0
23 1
6 9
9 10
3 1
18 2
23 4
12 22
23 18
18 1
20 10
0 25
5 8
11 11
6 10
24 17
6 16
8 2
0 19
9 9
16 25
20 4
21 24
5 25
21 4
16 22
10 10
14 0
20 25
18 23
18 9
17 16
17 20
15 25
5 3
6 8
11 18
10 2
14 13
21 10
12 1
25 8
13 25
21 22
8 7
8 21
22 24
13 21
22 17
21 21
1 2
25 15
20 8
9 7
17 17
8 22
8 18
0 2
22 16
15 8
15 15
21 2
17 0
0 21
2 21
2 4
7 15
18 10
3 14
25 25
13 17
7 21
21 6
1 11
3 3
5 19
13 10
17 19
14 25
9 3
25 3
16 15
11 9
5 22
21 12
22 10
1 9
11 0
11 10
2 25
18 8
24 11
3 19
25 14
25 17
14 2
14 11
21 14
1 24
4 11
8 14
12 24
16 11
21 23
8 11
20 22
14 6
2 19
0 4
17 23
16 23
22 2
24 20
15 23
17 1
14 15
5 13
3 5
12 3
22 25
14 8
18 21
1 12
0 16
23 24
24 8
15 16
13 23
1 25
2 23
2 18
10 3
3 20
0 24
7 23
9 16
23 5
24 23
25 10
24 3
13 6
4 12
4 24
21 0
17 8
15 7
4 17
6 11
17 18
6 5
9 11
20 5
14 1
14 18
23 7
2 12
8 9
10 16
3 0
2 10
18 7
24 13
21 17
7 25
18 6
5 4
8 17
24 9
14 22
15 1
19 8
3 9
15 14
23 22
23 10
13 14
21 13
24 14
1 17
7 11
10 5
17 22
16 17
12 17
3 18
10 8
20 1
7 9
13 22
6 7
19 5
18 5
12 0
23 21
25 16
9 4
17 6
8 12
10 11
24 7
0 1
24 22
14 24
9 14
22 6
12 19
1 7
3 13
19 13
11 23
11 2
7 22
2 3
20 21
18 18
22 18
7 24
17 24
1 22
14 14
4 1
0 6
6 13
11 16
5 9
17 13
25 2
25 21
3 22
11 21
7 6
9 5
18 24
22 22
1 6
19 12
6 25
14 9
13 15
3 2
7 16
15 2
3 25
22 5
15 9
2 6
14 5
9 18
6 22
19 23
6 2
11 8
23 0
3 12
19 22
18 17
10 4
14 19
10 14
1 14
6 0
1 18
8 6
7 3
2 8
13 20
23 16
25 4
7 7
13 18
13 11
7 0
19 11
6 6
25 22
24 4
11 6
22 21
25 7
24 24
2 2
1 4
19 21
10 13
5 14
11 22
12 5
19 4
22 9
2 0
25 6
3 6
13 12
24 10
2 20
14 4
22 19
1 5
7 14
17 12
4 15
1 19
21 8
18 13
17 5
15 6
16 19
23 23
9 21
16 16
15 19
16 13
7 1
3 21
20 11
18 20
4 0
14 20
23 11
19 7
7 8
6 24
19 19
1 21
17 14
17 3
4 14
3 24
21 16
23 12
8 5
2 17
18 19
7 2
6 20
5 2
22 14
9 0
4 16
5 7
6 12
0 22
16 8
5 1
21 3
20 17
3 15
12 18
10 7
11 7
18 12
5 10
2 1
8 10
15 0
1 15
0 9
8 24
1 13
11 19
15 4
13 9
18 3
20 0
0 5
0 15
1 0
11 15
15 11
9 24
4 6
21 7
24 18
21 1
0 11
0 10
12 21
22 20
15 3
6 1
14 12
10 12
2 22
22 11
9 19
19 24
0 20
1 1
19 25
10 23
13 13
14 23
10 24
8 3
18 22
5 24
16 12
16 2
9 23
10 0
19 17
20 23
17 2
2 15
16 9
13 7
5 16
9 17
3 4
5 17
19 16
17 9
6 15
6 23
21 5
24 1
3 16
25 20
9 12
8 8
4 3
0 14
15 12
4 10
15 21
7 18
6 14
20 15
16 1
24 15
21 25
0 0
7 19
20 13
0 23
10 18
22 23
12 2
11 20
21 18
1 20
19 0
25 9
5 20
11 25
5 15
8 19
12 13
25 1
20 24
8 25
12 4
16 14
19 1
24 2
13 2
7 20
4 7
20 14
10 22
16 24
8 23
3 17
17 10
11 4
24 21
22 13
9 1
23 13
7 10
9 2
0 17
12 6
1 16
4 2
22 1
10 9
5 12
8 0
14 21
20 19
12 25
1 3
22 0
4 5
14 7
19 6
11 13
10 17
14 10
7 4
24 25
25 5
25 24
6 4
11 3
19 18
23 25
0 8
25 18
20 20
2 5
12 12
2 11
24 16
13 16
5 21
3 10
18 11
3 8
19 3
10 21
18 16
6 21
3 23
16 7
25 13
21 15
17 15
20 6
