37 13 32
........T...............T............
............T.....................T..
.....................................
.............................T.......
...TT...............T................
.................T...................
..........T.....T....................
.......T.............................
....T..................T.............
..........................T....T.....
..............T............T....TT...
....T............T...................
.....................................
TT....T.............................T
......T..............................
.....................TT..............
.................T............T....T.
.....................................
................................T....
T..............................T.....
..T..................................
.....................................
....................T................
.....................................
.....................................
.......T.............T...............
.T...................................
..................T..................
.....................................
.....................................
T....................................
.............T.......................
.....................T...............
................................T....
.....................................
......T....T.........................
.T.........T............TT.T.........
24 20
25 23
0 4
17 24
20 3
17 4
19 28
19 4
0 5
9 27
6 18
28 22
11 16
27 18
15 32
10 35
5 14
19 30
22 22
20 4
18 0
36 35
31 23
34 12
33 4
36 33
10 21
2 22
2 19
9 22
22 32
23 11
14 2
7 6
15 16
12 3
34 32
22 15
32 3
9 1
24 21
2 1
23 30
25 26
30 12
20 35
6 2
14 0
10 30
15 5
7 15
20 2
20 16
22 14
22 17
30 29
30 23
23 23
8 18
8 15
15 18
21 3
11 9
21 9
7 11
6 5
13 33
26 32
34 36
9 9
32 19
18 4
35 25
27 27
28 6
1 29
31 34
28 19
19 1
34 35
27 35
4 16
26 31
26 20
6 11
24 3
7 21
12 26
35 16
15 8
0 34
25 1
2 35
25 33
34 24
3 10
33 0
4 1
8 32
25 34
32 22
18 23
2 4
2 11
29 3
27 13
30 20
26 15
3 23
12 22
3 24
11 31
8 2
35 15
10 4
11 2
14 28
14 31
23 6
30 32
29 33
0 0
20 14
33 36
31 5
8 0
24 2
21 5
9 26
0 20
33 26
11 11
2 5
11 32
18 12
17 23
15 17
36 6
10 10
17 35
3 18
20 34
19 20
5 33
18 26
16 20
17 17
0 26
35 26
11 23
23 36
36 8
29 8
1 36
19 34
7 24
12 16
9 13
7 19
35 34
3 4
0 27
17 14
0 15
2 30
4 11
17 15
8 8
34 27
1 20
14 24
29 12
23 16
31 30
5 18
16 27
17 8
33 8
32 34
33 7
28 20
32 36
28 27
16 17
6 17
8 21
21 19
36 12
1 30
10 6
32 32
17 6
27 30
33 18
15 3
22 33
23 0
25 17
35 8
20 19
16 33
7 18
11 13
5 4
18 17
28 11
7 32
13 28
29 1
13 34
36 0
29 28
21 8
0 2
15 12
6 31
9 35
19 24
17 2
2 29
30 10
16 4
8 35
26 0
22 36
34 22
35 27
33 20
7 26
0 13
24 14
25 4
16 13
11 6
14 29
18 27
14 18
19 2
16 28
36 10
30 28
6 16
3 6
13 20
18 36
12 9
5 19
3 0
30 19
6 19
30 5
22 21
30 27
7 1
25 24
4 31
36 13
2 17
17 13
22 0
0 7
30 6
36 2
27 32
20 8
31 4
14 13
32 13
32 12
22 29
7 7
7 0
12 12
2 28
7 14
15 35
6 35
5 21
10 3
26 12
8 33
23 9
9 16
25 10
31 3
1 2
31 14
31 18
26 14
35 4
26 22
21 29
0 17
12 19
19 21
3 30
17 33
30 15
10 34
18 15
28 29
0 36
2 8
3 25
13 22
15 9
28 4
23 35
14 1
27 5
14 21
35 2
28 0
18 10
25 0
33 15
31 6
6 14
31 19
36 25
5 30
34 21
21 23
24 8
8 24
13 30
11 19
5 27
3 33
25 29
8 28
36 26
28 18
30 11
8 19
11 15
8 7
22 13
24 27
15 1
24 5
26 27
13 3
33 14
28 14
29 36
4 21
18 6
4 27
2 27
22 35
4 25
11 22
23 12
35 5
8 17
14 33
14 3
28 17
5 28
36 9
7 31
6 8
13 35
12 23
19 29
35 32
21 15
4 35
36 32
27 8
5 8
24 4
32 1
3 36
5 3
36 36
16 22
32 23
25 9
32 11
27 29
23 26
26 24
11 29
29 10
23 24
6 30
16 34
29 19
4 29
32 20
0 31
26 3
23 21
12 0
23 20
29 30
25 28
19 19
4 15
6 27
11 24
33 21
8 14
31 17
29 24
32 4
3 20
5 32
7 22
33 34
30 18
18 19
30 16
17 34
31 2
28 16
7 36
24 10
24 9
34 16
17 20
6 1
19 12
2 20
2 9
21 4
36 27
1 28
14 35
20 33
6 12
21 13
23 2
18 13
22 6
25 2
23 14
25 14
34 28
34 8
33 13
6 26
8 26
24 1
20 20
16 16
0 12
5 13
23 15
30 1
5 2
26 19
8 25
25 27
28 24
13 36
27 19
25 22
1 17
19 22
23 32
21 30
9 3
32 29
14 32
31 27
13 21
2 13
17 26
15 6
1 1
32 17
5 11
4 28
1 27
21 14
35 23
20 18
10 26
36 11
24 31
4 18
18 30
33 31
9 33
0 25
31 28
14 25
29 0
19 15
27 31
36 14
35 10
36 15
15 7
35 33
30 4
11 25
30 22
10 11
7 16
17 22
20 27
6 10
12 17
27 6
28 35
1 9
8 6
16 3
31 13
2 33
18 5
11 26
19 13
20 22
32 15
1 34
21 26
1 16
14 36
21 36
23 1
9 2
17 19
29 11
24 16
26 30
36 30
6 23
29 27
19 31
33 27
5 9
3 27
22 11
35 9
22 25
6 33
11 7
32 31
25 35
4 9
8 3
22 12
9 21
25 15
15 0
9 19
33 2
27 4
11 35
26 9
33 23
17 12
29 14
22 34
22 20
26 7
29 2
34 20
28 3
26 10
32 10
12 25
3 21
20 15
14 16
7 27
32 21
15 24
3 13
1 11
6 24
32 16
24 11
35 31
32 5
1 35
10 5
1 7
31 10
15 36
4 24
28 5
28 7
9 6
29 20
30 34
27 22
13 24
10 1
15 27
21 35
28 33
0 21
35 6
13 13
15 31
10 28
35 29
32 0
1 0
12 11
16 30
25 12
29 7
29 29
24 17
11 30
33 11
9 8
14 12
8 20
28 31
30 30
10 19
8 5
23 27
35 17
24 19
28 8
36 17
22 28
24 32
7 25
12 35
0 33
33 32
2 34
29 32
28 23
21 25
21 24
15 33
8 13
21 17
30 17
33 1
1 22
3 17
14 6
32 25
13 6
29 16
12 30
32 28
20 13
18 9
19 32
25 11
2 6
17 31
6 13
18 1
8 4
24 30
17 27
34 18
1 14
12 18
9 25
28 36
20 30
33 9
2 7
0 1
25 36
24 26
18 22
31 20
34 34
28 10
31 24
13 29
1 25
27 7
20 21
9 24
10 0
23 29
24 12
18 31
5 20
16 21
6 25
13 8
8 27
31 31
28 34
30 3
10 32
5 36
6 7
13 2
9 12
20 36
33 12
15 23
11 0
22 31
20 32
23 8
4 0
31 1
19 17
1 23
16 0
13 12
8 10
13 9
3 1
33 3
36 34
21 6
17 11
17 0
3 5
22 5
32 26
17 25
13 15
18 8
6 34
28 30
0 8
8 29
12 8
17 10
21 10
35 36
33 22
15 22
9 4
9 20
7 13
15 34
1 12
18 29
5 29
16 19
3 3
27 16
27 28
36 31
14 15
0 29
32 35
4 23
23 22
8 30
36 4
29 21
3 19
10 8
36 20
26 23
28 21
7 3
34 15
21 7
35 20
31 8
26 21
13 5
5 25
25 5
16 6
25 19
3 11
35 0
23 7
30 25
5 26
33 35
11 36
13 32
2 31
13 0
17 29
3 12
4 3
28 2
36 1
0 14
29 35
14 17
33 6
26 17
6 29
16 11
23 25
36 29
27 34
0 30
34 5
35 24
1 5
33 29
12 36
2 0
12 2
24 35
25 16
22 30
34 10
21 16
30 2
13 16
2 12
32 30
24 18
23 17
11 1
21 0
30 36
29 13
18 18
25 6
3 16
34 0
11 8
16 32
1 4
1 24
4 26
32 33
14 27
5 0
28 25
25 31
24 22
21 32
7 8
29 6
27 12
33 25
6 20
34 4
34 2
13 4
10 22
17 5
14 30
24 15
16 14
23 19
23 3
1 33
1 21
33 28
34 13
18 28
29 17
19 35
4 6
25 18
14 20
30 8
10 12
19 8
10 20
4 8
11 5
35 18
32 8
13 17
10 16
25 21
17 3
14 26
16 23
26 2
12 24
18 25
1 15
21 34
28 15
3 22
15 20
30 7
17 30
6 22
0 35
18 33
26 26
8 16
14 8
14 34
22 10
20 28
32 7
15 19
16 10
19 14
28 32
0 6
12 31
31 36
8 12
7 2
27 20
29 5
3 2
8 31
21 21
11 12
3 34
8 22
11 21
2 24
35 35
30 14
5 6
7 9
21 18
12 20
9 15
14 14
31 16
11 3
14 9
24 0
27 25
10 24
16 36
35 30
21 28
4 34
0 16
27 23
3 8
4 13
14 22
7 20
7 28
10 14
12 7
7 34
33 24
29 15
12 13
20 7
34 26
15 10
10 2
26 18
25 8
13 26
8 36
4 4
7 29
24 36
8 9
5 15
23 5
16 1
36 16
15 14
34 6
5 7
5 10
0 10
26 16
25 7
9 5
17 18
31 33
14 7
12 15
26 13
24 24
32 2
20 6
31 15
27 36
11 33
29 9
24 25
24 34
25 3
13 1
25 25
21 22
10 17
36 7
18 32
19 3
30 13
12 32
23 18
6 3
4 17
32 14
5 34
33 10
3 26
18 35
26 33
11 34
26 35
17 16
12 10
19 10
15 13
36 19
4 36
27 11
31 0
26 29
8 1
20 17
26 34
29 23
31 12
34 31
4 32
35 7
22 26
16 7
20 5
2 15
16 35
9 36
31 22
4 5
35 19
16 29
4 19
15 21
4 20
21 31
27 3
27 10
9 14
1 3
23 4
26 28
11 4
27 14
28 9
16 9
19 26
21 20
10 36
7 4
23 33
5 31
18 2
24 28
36 3
12 29
20 1
19 18
9 32
1 13
32 9
34 7
5 22
12 21
19 25
34 1
18 7
15 25
21 11
3 31
9 30
31 26
34 17
13 10
28 26
28 28
17 21
0 22
32 18
8 11
13 31
7 33
2 16
13 23
24 7
8 23
15 11
9 31
2 10
6 0
11 18
3 35
9 34
23 28
27 0
3 9
33 16
26 6
25 30
29 34
36 18
5 5
17 36
0 24
20 31
6 36
9 0
22 9
3 32
10 13
22 18
4 33
30 24
30 9
15 26
35 21
27 26
24 29
26 25
3 28
14 19
20 29
4 30
10 23
16 25
20 26
36 22
20 24
26 36
20 23
23 34
6 21
13 14
8 34
30 35
9 23
16 8
10 31
35 28
29 26
13 19
30 26
17 9
19 9
28 12
12 6
2 36
10 18
11 27
4 14
31 11
1 10
34 23
32 27
7 23
32 24
10 27
12 34
0 28
34 25
35 1
31 29
27 15
26 11
6 4
2 14
22 19
29 18
35 12
22 7
31 32
17 28
36 28
23 13
23 31
19 0
3 7
4 12
27 17
4 2
33 33
10 29
9 11
13 7
10 25
18 21
7 17
29 4
2 3
33 17
1 6
18 14
30 33
12 28
22 4
27 33
14 4
10 7
31 7
22 2
5 17
21 27
2 21
11 10
1 31
12 33
21 12
9 7
14 10
22 8
16 12
7 30
33 5
17 1
0 32
7 10
19 36
9 18
7 5
25 20
1 32
2 18
22 1
19 11
26 8
6 9
1 8
16 15
28 1
5 16
26 5
20 0
31 9
35 14
22 27
35 11
34 9
2 23
33 19
16 26
31 21
24 13
14 23
34 30
22 23
16 24
12 14
6 32
2 26
20 11
12 1
18 34
4 10
18 3
9 28
13 27
10 9
6 6
15 29
20 9
19 16
10 33
34 29
3 29
36 23
20 12
11 14
19 23
22 24
33 30
18 16
28 13
19 27
31 35
27 21
30 21
1 26
3 14
35 3
34 3
20 25
15 15
9 17
25 32
5 1
34 11
21 1
18 20
19 7
21 33
22 16
9 29
12 5
13 11
1 18
25 13
20 10
27 1
16 2
2 25
6 28
11 28
9 10
7 35
27 9
0 23
19 5
3 15
1 19
6 15
14 11
22 3
15 2
27 2
0 19
12 4
13 25
16 5
34 33
5 35
29 25
19 33
12 27
16 18
36 5
36 21
0 11
10 15
34 14
17 32
15 4
11 17
32 6
29 22
16 31
26 1
0 9
15 28
7 12
30 0
18 11
0 3
34 19
24 33
11 20
27 24
30 31
24 23
36 24
26 4
31 25
4 7
24 6
17 7
2 2
2 32
5 12
14 5
19 6
5 23
5 24
4 22
29 31
18 24
13 18
35 13
15 30
21 2
35 22
23 10
