32 3 14
................................
...T..T............T...T.....T.T
..T...T...T.T......T...T........
....T......T....T.T.............
...TT.....................T....T
...................T............
............TT..TT............T.
...........T.T...T.............T
.......................T.......T
...T.....T...T..T.T..........T..
.......T..............T......TT.
.......T.T...T......T......T....
...T.....................T.T.T..
.......T...T..........T..T......
....T....T......................
..T....T..............T....T....
...TTT.T.......T...T.........T..
........T.......................
..T..............TT.......T.....
..TT...T.T.T....T..T........T...
..............T.T.............T.
...T........T.....T.............
..T........T...TT......TT...T..T
.........T...T.T.........T.....T
..........T.....................
..........T...T...............T.
T...T..........T..........T.....
.............................T.T
....T............T..T....T......
T...TT.T.T.............TT.......
........T.......T........T......
....T............T.T.T....T..T.T
24 16
30 9
11 3
16 9
5 16
6 30
17 23
13 10
2 26
17 10
21 11
2 29
4 30
24 19
6 22
19 28
23 12
31 10
13 0
6 6
21 26
27 26
2 31
30 8
0 22
26 8
0 12
2 17
9 17
29 26
6 29
3 9
27 2
24 13
28 26
11 9
17 6
25 9
6 14
10 9
30 20
3 0
1 10
30 3
16 31
29 29
26 5
3 26
8 17
31 2
9 12
9 1
6 17
17 11
14 7
18 19
22 2
14 30
1 13
30 25
31 14
0 13
20 18
23 28
24 31
17 30
12 22
31 24
30 30
19 17
30 27
2 30
30 28
7 5
9 9
2 10
23 0
13 27
11 27
15 18
8 16
4 1
28 27
16 1
1 15
25 8
18 14
19 25
22 27
16 26
6 31
2 11
0 24
31 0
20 20
6 24
17 25
21 0
10 11
1 24
18 8
21 8
4 10
29 10
21 4
0 21
11 10
8 18
14 1
19 2
8 19
28 20
19 23
16 5
31 8
2 23
13 4
31 13
26 3
18 25
0 19
29 8
29 0
15 15
15 20
10 4
0 27
10 27
11 7
21 21
16 28
28 2
30 14
11 24
6 23
4 17
14 29
17 14
30 18
1 6
6 12
24 1
6 26
3 1
7 10
10 17
18 10
9 29
14 27
27 31
22 0
2 15
26 11
16 22
20 8
15 27
6 28
19 1
16 14
5 28
19 21
20 25
11 1
1 3
6 13
22 13
29 6
31 5
5 4
19 29
27 10
29 9
25 13
2 27
24 15
4 25
6 3
30 4
23 27
26 12
28 13
19 0
15 2
26 31
13 5
19 30
12 4
6 5
18 20
18 21
20 21
13 12
23 19
17 15
26 9
17 28
3 12
24 2
26 13
24 3
19 6
16 30
22 25
25 19
15 16
23 21
19 9
9 23
0 2
26 10
27 9
2 28
7 1
15 25
5 5
23 8
0 0
19 18
23 5
1 26
14 25
26 0
18 12
6 15
21 3
11 5
27 14
12 9
6 16
30 0
15 29
16 18
21 16
11 12
2 2
26 4
1 22
0 5
9 11
8 4
25 29
15 12
2 14
12 1
24 25
24 11
25 11
15 5
12 26
18 3
21 27
25 2
7 24
7 23
19 4
2 21
20 4
9 21
4 26
24 6
9 28
1 30
11 11
6 1
3 10
5 14
25 6
5 17
11 8
1 7
0 10
19 22
10 30
11 0
17 21
29 20
28 18
16 4
22 23
23 1
26 18
30 29
1 14
23 22
12 12
6 18
1 5
20 16
17 19
21 12
21 28
4 6
31 12
28 29
29 17
18 15
4 9
17 22
23 10
17 26
4 13
1 27
10 7
15 23
23 2
14 31
8 3
25 14
17 0
8 9
8 5
8 2
15 26
19 20
14 2
4 20
29 18
0 26
16 10
1 18
29 23
10 21
18 30
12 2
30 24
31 6
27 29
5 22
3 28
27 23
11 6
0 4
16 2
27 13
22 31
22 20
20 6
23 25
13 15
10 15
1 29
22 17
23 18
19 8
26 25
0 20
15 19
6 9
4 18
29 25
14 20
0 29
4 14
7 18
28 6
20 29
17 17
21 2
13 26
9 2
26 28
22 29
12 25
8 31
17 27
24 10
25 15
23 7
23 30
1 0
4 22
20 13
12 30
15 1
23 29
12 8
10 29
30 21
15 17
7 13
28 31
28 3
28 5
31 19
7 9
8 0
28 12
27 4
5 20
20 3
31 25
31 28
9 25
3 21
7 28
29 13
28 0
17 1
7 4
26 21
13 30
22 8
5 1
22 24
13 19
14 0
17 31
20 26
14 18
15 13
4 2
10 22
1 16
7 29
4 5
11 19
18 17
21 17
3 18
31 16
9 19
1 12
7 20
28 15
12 31
31 29
23 15
20 31
16 29
19 15
18 4
26 30
27 15
25 7
21 14
16 13
21 25
27 1
7 11
14 13
30 26
5 8
5 26
3 8
11 14
18 29
14 19
28 10
24 17
12 14
8 11
7 15
22 26
24 23
20 9
12 10
7 17
18 31
2 25
17 20
21 22
28 4
5 7
30 12
21 1
15 30
1 2
12 18
25 23
16 15
29 16
4 3
5 12
22 12
11 18
18 22
1 20
27 17
10 19
25 18
12 20
14 8
22 10
0 23
13 14
3 2
9 0
9 5
3 27
15 22
24 29
25 0
24 20
22 28
30 2
12 17
10 8
28 7
30 16
6 19
9 13
28 23
6 4
5 30
16 3
27 27
27 8
19 16
25 5
23 17
2 22
2 12
8 20
21 20
5 27
5 6
7 8
18 27
9 15
8 23
27 3
20 19
16 23
8 15
16 24
29 12
19 14
22 19
13 28
7 19
26 23
9 6
10 20
18 18
14 22
1 23
3 3
6 8
11 4
13 6
15 9
23 20
8 29
13 16
8 25
4 7
30 7
20 30
18 1
11 15
20 28
5 21
28 25
22 11
16 21
12 15
16 25
11 28
0 3
22 30
25 20
25 3
20 7
19 24
29 3
9 22
25 21
16 12
26 1
8 14
9 31
13 1
19 7
26 15
10 26
21 13
28 21
14 21
25 24
13 24
16 11
19 3
7 16
29 5
2 0
11 26
4 19
17 18
31 31
27 30
12 0
8 7
10 14
23 23
22 22
3 15
6 2
4 27
23 9
24 18
12 5
10 12
3 22
8 12
8 6
12 3
3 20
10 5
5 0
6 11
18 23
30 10
30 15
6 0
21 30
18 9
27 11
0 8
20 27
28 30
20 14
31 27
9 7
13 3
26 20
12 21
20 2
6 10
27 20
11 20
31 30
25 30
17 5
12 16
30 5
4 29
16 17
14 14
5 29
12 7
26 27
9 30
20 22
5 11
12 24
22 5
24 9
23 14
4 16
29 27
5 31
7 31
28 11
0 25
14 15
25 4
12 27
4 15
10 23
14 3
28 19
31 21
31 17
15 14
31 11
5 19
22 14
15 0
9 10
10 6
8 13
27 24
22 16
22 21
24 24
10 2
8 22
24 26
24 4
11 23
10 3
18 28
6 25
12 29
28 9
4 11
7 30
11 29
5 18
24 21
8 1
16 7
1 9
15 28
25 1
3 30
14 5
2 3
21 29
31 15
25 31
26 22
2 9
26 7
4 4
7 2
29 24
29 1
29 15
26 24
4 23
15 24
13 9
22 7
11 30
13 17
8 27
3 17
23 24
16 6
11 17
21 15
14 28
14 26
25 22
17 12
7 12
18 11
10 28
7 27
5 13
29 2
19 27
20 24
11 2
13 25
6 27
15 4
6 20
11 22
12 28
7 21
14 10
4 31
18 6
9 14
4 12
17 4
12 13
28 1
26 29
31 22
9 24
13 13
1 28
27 7
21 7
21 18
19 12
0 6
18 24
26 17
14 4
30 6
0 1
13 23
10 1
0 14
10 31
10 16
9 8
23 11
4 0
31 20
13 7
14 16
21 31
19 10
20 11
29 14
7 14
11 25
1 25
2 8
31 26
3 5
3 25
26 14
21 23
13 18
8 30
28 14
25 16
11 13
7 7
21 9
13 31
15 6
29 28
24 27
14 6
28 8
31 18
1 17
26 6
17 8
27 21
27 16
15 11
4 24
25 25
8 26
1 1
1 8
30 19
8 8
16 20
10 18
10 0
1 31
18 2
19 13
22 9
5 2
14 9
17 9
16 8
1 11
2 7
0 15
26 2
28 22
20 0
29 7
20 12
14 11
15 21
5 25
10 25
21 5
25 17
21 10
24 30
21 19
23 4
31 4
28 17
2 4
17 2
17 16
27 0
18 7
24 8
24 22
24 28
11 31
31 9
0 30
2 5
18 26
1 21
27 22
5 24
5 10
20 5
19 5
16 19
29 22
18 16
31 3
22 15
2 6
5 23
3 23
5 15
23 16
11 21
8 28
11 16
8 10
29 30
10 13
29 19
2 18
23 3
3 24
1 19
31 23
16 27
2 13
31 7
0 9
9 20
23 31
28 24
8 24
22 3
4 21
21 6
4 28
22 18
21 24
27 12
29 21
3 6
0 31
22 1
22 6
13 21
18 0
15 10
25 26
20 17
3 14
24 14
17 24
2 16
0 7
2 20
16 0
26 16
19 31
30 11
8 21
29 31
9 4
4 8
29 11
25 28
17 29
28 16
25 12
27 25
9 26
7 25
3 13
14 23
25 10
30 22
0 17
24 12
2 19
9 16
7 6
6 7
20 1
27 6
6 21
19 11
12 11
30 1
30 17
1 4
15 31
24 0
30 31
13 29
10 10
7 22
24 7
3 16
12 6
27 19
3 29
2 1
12 19
27 5
17 7
24 5
15 8
14 17
30 23
28 28
20 23
13 11
0 11
20 15
15 3
26 26
23 13
27 18
27 28
19 26
5 9
3 31
13 22
17 3
7 26
9 18
29 4
9 3
23 26
25 27
0 18
23 6
18 13
31 1
9 27
26 19
5 3
2 24
3 4
18 5
7 0
19 19
7 3
12 23
16 16
15 7
13 20
14 24
13 8
3 7
13 2
22 4
3 19
10 24
0 28
20 10
3 11
14 12
30 13
17 13
