25 20 1
.T.............T.........
..................T......
......T..T...............
...................T...T.
..........T..............
T..T.....................
........T.....T......T...
...T........T............
.....T...........T.......
.....TT................TT
....T..T.................
.....T....T..............
T........................
..........T.....T........
.....T...................
.........................
..T......................
..........T..............
.........................
...T.....................
.........................
..........T.............T
.T........T..............
............T............
.......T..........TT....T
3 20
16 7
5 11
3 21
18 22
0 15
0 24
15 6
5 3
22 24
13 3
11 1
10 3
20 12
4 7
16 6
10 22
6 10
3 5
23 5
4 9
5 4
3 18
17 10
2 8
23 22
14 16
8 8
13 6
4 12
19 7
14 7
3 4
15 9
6 12
20 21
16 15
9 21
7 14
19 17
8 3
11 2
17 15
2 14
2 9
20 9
22 0
13 5
5 18
13 1
18 7
13 2
14 12
1 7
16 21
4 24
17 20
8 13
14 3
3 7
20 7
9 16
15 11
19 4
20 8
12 6
9 10
14 21
4 15
3 0
0 3
1 21
4 13
12 8
1 24
7 0
13 0
22 20
24 2
8 23
7 18
21 21
13 20
13 17
23 9
19 12
4 1
18 0
16 10
15 19
8 15
9 0
11 8
19 1
5 14
22 8
17 8
17 14
10 5
10 13
11 9
0 1
11 15
4 14
23 10
11 14
5 19
9 23
14 4
23 20
7 16
19 8
21 15
7 11
2 18
15 2
21 3
2 4
0 10
3 3
9 7
14 23
17 0
6 21
20 15
6 15
3 13
12 20
9 24
6 9
11 0
6 0
22 12
21 2
10 17
16 0
21 0
14 5
7 1
2 2
4 19
13 9
5 1
20 13
9 13
22 4
8 21
16 8
4 3
9 1
21 7
9 9
12 1
23 11
1 8
15 20
21 20
22 17
24 0
3 6
14 0
4 11
2 13
7 7
7 2
3 14
20 2
9 18
9 2
16 16
15 12
0 11
12 7
4 22
16 14
9 11
2 17
7 24
19 13
16 12
8 4
14 2
10 10
24 14
6 14
5 12
22 14
15 8
9 3
22 2
19 10
14 6
7 6
19 0
13 4
11 11
7 17
21 11
2 5
16 4
7 22
20 23
0 5
7 15
22 7
11 10
24 20
12 2
19 18
2 7
22 23
22 3
11 21
10 1
11 17
21 9
9 14
9 12
22 11
8 7
1 2
6 16
1 9
13 21
2 22
13 16
4 6
16 13
0 17
21 17
4 17
6 1
15 15
5 21
17 6
15 10
8 19
5 23
8 9
24 3
23 21
3 11
1 19
19 23
23 4
17 7
14 19
21 16
3 15
1 12
19 6
22 18
16 23
8 16
15 17
24 16
24 13
15 23
11 4
23 8
12 17
6 24
1 16
20 1
19 22
13 15
17 16
24 21
17 12
9 4
1 6
1 17
13 19
23 0
4 23
10 16
10 19
24 4
19 9
2 0
20 3
22 19
15 1
6 18
11 7
18 24
7 20
23 6
16 2
1 4
16 5
2 11
16 3
17 24
9 6
11 18
1 23
21 1
15 22
11 6
12 0
12 9
24 5
3 24
21 5
10 21
18 18
9 15
21 6
14 14
8 17
13 18
6 7
22 1
18 16
12 10
14 18
2 6
19 19
15 14
19 11
24 22
2 20
2 16
13 10
24 18
4 8
11 3
7 3
12 24
13 14
8 5
7 4
2 24
18 10
12 18
7 9
10 14
15 21
1 1
14 9
24 11
6 5
7 13
23 16
0 8
5 9
17 9
23 23
0 18
9 20
12 23
3 16
22 21
9 5
5 16
1 15
13 7
4 10
23 12
6 19
9 19
20 4
1 14
8 1
14 10
9 22
1 10
5 10
24 19
21 18
14 20
11 16
23 13
22 16
4 21
3 17
12 3
16 17
3 12
7 19
19 15
15 16
13 23
9 8
3 1
1 5
0 13
12 12
18 6
3 22
21 10
5 6
1 20
18 23
6 13
5 22
10 24
13 22
8 12
12 16
22 22
0 4
19 2
7 8
23 18
24 17
11 5
17 17
23 2
4 16
6 17
13 12
3 19
19 21
14 17
20 14
20 22
11 13
24 8
14 8
17 2
13 13
6 22
5 13
16 24
7 12
10 18
18 14
5 7
17 1
14 15
18 19
16 1
6 11
0 9
5 24
17 5
15 4
2 12
22 5
10 11
15 7
12 19
0 14
17 11
16 11
10 2
23 15
20 11
19 5
3 8
6 23
12 14
15 5
4 4
19 16
21 8
20 16
17 19
18 17
19 14
22 13
22 6
1 13
18 8
2 1
18 5
7 21
17 13
0 20
20 6
12 15
8 22
4 5
8 10
10 4
20 18
7 10
17 21
14 11
10 12
2 21
15 13
18 9
12 4
21 24
0 6
18 2
16 19
0 21
1 0
23 24
18 3
11 12
5 20
17 23
3 23
2 15
0 16
21 4
7 23
18 15
6 2
24 10
14 13
12 22
16 18
8 18
18 20
5 8
24 6
13 11
18 4
24 9
24 1
12 5
20 19
3 9
21 13
14 1
10 6
23 19
0 19
22 9
24 23
11 20
1 3
5 17
18 13
21 23
4 0
21 12
12 11
5 2
1 22
8 24
16 20
10 9
17 18
23 7
5 5
13 8
3 10
2 3
10 20
20 5
11 24
8 6
13 24
3 2
10 0
16 22
14 24
20 20
8 0
2 23
6 6
7 5
8 2
21 14
23 17
5 0
18 21
8 14
23 3
0 22
4 2
24 7
5 15
0 0
19 24
15 0
21 22
6 3
24 12
22 15
20 17
0 7
24 15
10 8
15 18
6 4
21 19
10 7
23 14
23 1
15 3
17 3
16 9
0 2
14 22
12 21
15 24
2 19
18 11
6 20
8 20
11 22
0 23
20 24
22 10
11 19
20 0
9 17
19 3
2 10
11 23
6 8
19 20
18 12
17 22
10 15
12 13
24 24
1 11
4 18
8 11
1 18
10 23
18 1
20 10
17 4
4 20
