24 5 9
T.........T....T........
..............T.....T...
T.........TT....T.......
.....T..............T...
.............T...TTT..T.
.....T.......T..........
......T.......TT.T...T..
..........T.............
T..............T.T.T..T.
........T...TT..........
.T..T.........T.........
........................
.....T.T............TT..
...........T............
T....T.....T............
..............T.T..T....
.T......................
...T.T...T..............
......T...............T.
.T...T...T......T.......
...T.....T...T.T....T...
......T.........T.......
......T.T.T....T........
.T..TTT.........T.....T.
4 16
21 23
7 3
6 15
11 9
5 19
0 6
9 22
21 19
3 22
1 7
10 1
19 2
6 3
9 17
15 12
20 15
11 17
22 6
9 20
6 14
5 12
7 19
22 22
13 20
6 7
10 15
1 0
12 19
17 20
3 23
10 21
5 4
18 8
15 20
4 11
6 6
10 3
10 8
1 19
4 0
2 10
16 0
18 18
17 1
7 11
12 5
21 10
3 19
17 14
16 5
6 17
6 0
7 2
6 8
13 13
12 7
20 0
21 6
19 19
10 6
0 9
10 14
1 13
6 1
1 16
18 13
2 2
8 6
8 18
10 9
14 5
2 12
17 15
21 13
3 1
17 23
14 15
11 19
20 23
9 14
16 6
3 10
20 12
10 12
19 20
19 3
3 18
23 17
3 4
13 16
17 16
14 7
20 2
16 13
9 5
13 12
15 7
7 0
16 21
15 1
11 21
0 19
1 20
20 20
0 2
15 14
19 16
4 4
10 16
10 5
17 21
16 1
18 12
1 22
4 22
23 2
14 21
19 6
0 20
1 3
21 8
13 15
7 21
5 10
22 23
8 12
8 13
22 18
9 21
13 3
14 4
14 14
6 22
17 6
22 15
19 0
15 17
5 1
22 2
21 9
21 11
7 10
23 21
21 2
2 14
2 8
13 14
9 9
13 11
18 7
5 21
2 16
23 14
20 10
10 2
23 19
16 20
8 1
5 3
1 14
22 0
9 13
11 7
13 23
5 17
17 5
8 0
21 7
0 17
3 3
21 14
0 18
4 15
20 14
12 6
12 10
3 8
8 19
18 3
5 13
4 2
14 20
19 14
12 9
11 14
12 1
0 8
4 8
13 2
21 16
6 13
15 0
11 3
23 4
5 20
14 3
3 11
14 10
0 7
19 22
15 16
12 23
7 1
15 8
23 13
5 23
15 9
0 3
12 16
13 21
14 17
21 5
18 23
11 18
4 5
5 16
12 21
2 7
23 15
15 21
11 16
10 19
23 16
13 10
13 6
17 12
10 7
5 0
6 23
5 22
23 3
3 7
3 5
23 6
7 5
23 11
15 6
15 13
15 4
2 17
9 10
0 15
20 22
3 20
5 2
12 4
9 2
21 4
1 11
0 13
10 22
19 11
10 10
9 4
7 9
3 17
6 16
19 10
4 13
7 8
20 8
2 23
8 21
12 17
18 11
13 5
18 20
6 18
13 18
7 16
22 1
6 19
4 18
4 21
0 5
21 18
9 0
5 9
0 21
20 18
20 6
3 2
13 22
12 8
23 0
10 17
11 6
5 18
18 10
3 13
18 21
9 23
4 3
15 10
11 10
5 11
19 9
13 8
16 14
4 12
22 21
7 4
14 16
14 18
21 1
7 6
11 5
12 14
20 5
8 14
19 21
8 3
14 13
20 9
15 5
14 8
18 14
12 3
20 13
1 8
23 7
8 22
9 16
23 23
18 5
15 2
15 19
8 9
9 12
18 2
17 9
13 0
20 19
17 2
1 4
0 14
17 22
21 3
5 7
3 15
9 15
13 17
1 10
1 15
17 4
23 20
9 6
8 10
21 21
21 20
1 6
14 22
15 18
9 19
1 1
22 20
16 23
20 3
22 13
12 15
23 22
7 22
9 8
18 4
22 4
0 11
19 15
13 9
17 7
3 0
12 13
2 6
18 22
4 23
22 17
23 18
1 21
22 16
2 20
10 23
19 5
6 4
11 8
16 16
18 15
14 11
6 21
22 14
12 18
10 13
18 16
5 14
7 14
1 18
22 8
3 16
18 19
17 11
7 12
14 6
8 20
9 18
2 18
7 23
2 13
19 17
20 21
13 19
6 10
5 5
4 14
22 9
14 2
19 7
17 18
16 19
9 3
4 19
16 22
18 6
20 17
18 17
16 17
3 9
7 13
16 3
2 4
4 10
8 17
7 20
21 15
16 12
8 2
4 1
19 23
12 20
11 4
11 22
11 15
7 18
6 12
20 11
11 20
16 10
2 21
12 0
15 11
15 22
4 9
10 20
5 15
2 11
21 12
20 4
8 7
14 9
23 9
22 11
0 10
4 17
12 22
5 6
23 1
19 8
6 5
15 3
18 0
21 22
10 18
19 1
1 5
22 5
11 23
23 10
23 8
0 22
3 21
6 11
3 6
7 17
12 11
21 17
22 7
19 13
1 17
18 9
16 2
9 7
19 18
13 1
17 3
23 12
14 19
2 9
8 15
12 2
8 16
22 10
4 6
22 12
17 17
6 9
11 12
19 12
1 9
1 23
14 0
20 7
5 8
21 0
18 1
16 7
3 12
7 15
11 11
16 11
7 7
17 0
1 2
22 19
0 1
0 0
2 15
4 20
6 20
15 23
6 2
23 5
8 4
0 16
8 11
17 13
11 2
4 7
13 7
2 3
17 19
2 22
11 13
10 4
1 12
2 0
17 10
8 8
16 15
8 5
3 14
11 0
14 23
10 11
16 18
8 23
17 8
22 3
20 16
0 23
15 15
9 1
10 0
14 1
20 1
13 4
16 8
0 4
12 12
2 19
2 5
19 4
9 11
2 1
16 4
14 12
11 1
16 9
