34 14 4
..................................
..................................
..................................
..................................
..................................
..................................
..................................
..................................
..................................
..................................
..................................
..................................
..................................
..................................
..................................
..................................
..................................
..................................
..................................
..................................
..................................
..................................
..................................
..................................
..................................
..................................
..................................
..................................
..................................
..................................
..................................
.............T....................
..................................
..................................
9 5
32 29
17 21
4 26
1 4
11 27
9 14
8 17
21 22
6 23
31 29
18 22
6 2
18 20
4 13
5 7
17 27
27 33
22 4
18 3
6 5
10 18
21 24
19 24
31 2
18 18
20 7
11 16
24 14
2 19
24 23
19 2
9 31
1 33
17 32
8 22
26 8
4 1
25 30
28 11
11 11
27 30
2 30
26 5
31 4
14 20
15 26
5 12
7 12
28 15
20 12
9 24
11 6
14 24
24 17
4 5
19 27
29 19
3 18
7 24
6 25
5 3
1 16
31 10
19 26
6 9
30 24
27 6
6 8
14 22
30 12
10 4
19 13
20 13
1 1
27 15
26 24
13 27
28 17
5 19
26 29
29 13
3 2
10 31
16 15
4 0
2 0
0 8
23 5
19 28
9 25
0 32
4 27
21 32
31 33
10 21
18 5
13 16
25 2
13 3
0 23
24 15
21 20
6 20
31 7
0 16
23 9
32 15
9 33
15 7
24 25
27 32
7 25
30 15
27 21
0 3
7 11
31 20
1 13
1 20
5 32
13 21
1 21
21 31
28 13
7 9
3 31
31 31
18 32
15 2
14 18
5 11
31 26
27 14
16 32
24 19
7 32
33 29
15 25
18 11
8 0
8 4
18 28
33 8
17 29
13 33
17 28
11 8
28 20
18 24
10 23
26 12
13 8
10 30
26 0
31 16
8 3
30 1
23 6
32 13
32 12
5 18
27 27
4 29
9 13
2 10
24 27
33 15
19 31
0 15
1 11
33 14
14 8
18 33
16 23
22 18
8 31
30 5
10 14
1 30
15 11
0 31
4 24
18 16
6 17
11 18
10 8
23 2
32 7
26 19
5 28
16 24
33 11
3 0
30 21
25 33
14 13
5 5
18 7
22 24
17 23
2 5
18 1
27 20
7 27
14 19
16 22
14 7
12 22
33 25
13 22
10 0
5 6
14 15
22 33
13 24
20 0
4 17
30 8
15 30
33 16
23 3
3 27
2 17
33 6
4 10
22 0
0 0
12 17
20 8
2 1
10 10
28 27
4 30
5 21
13 32
8 9
25 14
0 6
8 28
26 21
14 21
3 20
29 14
23 22
20 11
4 11
17 33
9 16
12 6
20 17
19 9
26 27
2 28
30 23
7 23
20 32
12 29
10 32
3 16
6 24
21 13
16 20
10 28
25 24
27 17
33 18
19 5
9 6
10 16
11 28
5 20
0 2
4 22
20 30
23 21
23 8
5 22
33 13
13 30
8 21
29 30
12 2
1 19
25 26
4 14
30 29
18 25
11 25
31 9
4 20
5 24
0 20
24 9
20 33
25 16
28 1
23 11
31 0
19 23
18 27
15 32
22 9
29 16
0 24
8 14
5 16
21 28
7 29
1 15
10 27
10 17
26 32
21 23
7 26
27 9
20 20
13 10
8 1
25 21
1 17
29 26
29 20
8 6
8 16
18 23
26 7
8 10
17 17
31 1
10 7
22 21
17 30
22 28
11 14
0 4
13 1
12 3
26 6
25 29
6 28
8 27
31 21
4 8
1 0
32 30
28 16
27 5
14 9
7 19
32 0
15 8
1 3
7 5
17 3
20 6
1 7
30 16
21 11
23 12
33 2
30 27
7 17
3 32
9 12
22 15
9 18
23 18
32 6
13 28
13 31
28 32
23 1
31 8
29 18
6 19
24 7
17 25
12 18
22 31
32 18
16 29
22 23
30 28
33 4
25 5
29 29
15 10
32 8
22 7
16 31
31 17
2 15
16 0
23 0
22 25
13 14
0 5
29 0
32 4
22 3
17 8
30 18
24 33
16 8
22 16
31 30
11 33
9 0
9 3
7 30
27 16
28 3
7 10
30 6
12 26
13 11
4 12
13 18
2 23
19 18
31 13
11 23
33 12
15 18
7 6
13 9
4 7
18 17
15 15
6 3
9 8
21 26
22 30
8 19
4 2
5 17
32 32
15 3
9 29
2 31
1 27
21 25
31 5
32 28
3 10
17 7
0 1
2 16
19 3
21 33
22 32
11 1
18 6
25 32
17 16
27 31
18 10
20 14
27 12
24 10
28 2
28 18
20 25
24 12
30 13
9 27
20 3
13 13
33 33
8 5
10 2
16 17
30 20
17 2
22 10
32 2
17 4
15 13
14 33
9 10
19 10
7 16
12 24
5 9
0 11
28 23
15 21
2 29
1 12
32 25
1 8
2 12
3 17
26 26
4 31
1 28
14 29
19 14
13 4
22 26
0 26
3 8
4 25
23 4
1 24
10 22
16 30
25 27
29 10
26 2
33 27
13 17
5 33
12 30
17 11
12 0
5 14
11 3
8 23
22 22
19 6
6 31
11 15
26 3
30 9
18 0
23 24
24 24
8 30
14 3
20 2
4 28
9 32
23 26
12 5
27 0
3 15
14 16
6 12
25 9
26 30
9 21
16 9
32 27
26 11
3 30
20 18
33 20
10 5
29 33
2 33
18 21
21 21
10 1
25 17
12 9
3 26
20 5
24 4
22 20
10 24
26 1
16 27
27 8
18 4
22 14
11 19
1 18
28 8
10 11
17 10
3 1
31 3
17 0
23 16
28 12
11 20
13 15
10 26
29 1
24 26
22 27
17 18
28 0
32 31
28 4
3 3
7 7
27 19
7 8
8 26
3 4
19 16
18 14
9 26
8 15
15 9
32 20
22 6
32 24
18 31
31 23
17 15
13 0
32 9
32 10
23 29
2 14
23 10
12 4
19 8
3 5
27 22
15 5
5 13
24 1
18 2
0 28
15 0
20 4
27 2
4 33
30 7
33 9
25 10
16 10
30 0
15 16
6 18
25 19
17 13
3 13
12 23
9 19
30 26
23 13
19 25
10 9
3 19
14 2
21 19
8 8
22 19
15 27
2 24
27 3
6 0
5 2
8 11
3 22
25 13
24 29
14 31
2 9
14 30
29 22
25 20
21 18
15 24
15 17
12 8
4 23
21 10
30 4
25 1
12 19
0 22
27 4
24 6
31 18
7 15
29 21
11 2
10 12
13 12
11 17
22 12
1 5
1 23
20 21
22 5
23 33
1 14
31 28
12 13
14 1
9 17
18 30
15 33
33 21
22 13
28 6
4 4
20 31
25 3
14 25
20 16
15 23
25 7
6 15
5 8
26 9
15 28
8 25
20 1
2 3
19 22
17 24
32 26
30 10
33 17
28 24
30 25
29 8
16 28
11 29
24 32
18 13
31 25
11 9
30 2
9 1
30 32
22 29
12 32
19 30
28 25
9 7
21 12
0 25
26 17
30 17
29 24
22 1
33 24
27 7
0 29
24 11
3 14
18 12
9 11
6 11
32 3
19 19
0 9
2 7
4 9
3 23
17 9
19 4
30 14
14 11
2 20
11 10
20 23
1 10
14 32
5 27
19 33
1 6
16 3
23 31
6 14
4 16
14 28
11 24
31 27
33 28
16 13
16 11
2 22
23 17
7 21
13 25
25 15
1 31
14 5
12 14
2 4
22 2
8 32
12 31
15 12
19 1
18 9
16 6
10 19
3 28
28 5
14 17
6 30
8 12
19 17
29 5
3 25
6 26
2 2
14 27
25 0
33 23
26 4
3 21
26 23
29 31
28 26
26 15
23 7
28 33
3 24
9 30
26 18
23 27
26 20
32 11
12 15
21 9
20 29
19 0
23 14
2 21
13 29
5 0
4 6
30 3
17 12
0 10
24 28
7 22
12 21
14 10
32 23
3 7
21 1
1 29
7 1
23 32
15 14
28 21
12 1
29 7
33 31
19 12
5 26
12 11
15 4
1 32
31 6
1 9
9 23
0 21
8 24
15 6
23 25
2 27
27 1
11 13
3 29
25 11
10 13
21 4
9 2
10 6
32 1
6 21
21 27
16 4
8 18
16 18
28 28
23 30
15 31
29 3
12 25
13 20
1 25
6 33
21 5
9 4
17 31
28 19
21 3
21 7
32 33
12 27
1 22
7 33
24 20
27 13
14 12
20 28
27 25
30 33
4 3
9 9
18 29
14 26
25 22
2 6
24 31
16 14
0 14
21 0
7 31
33 3
4 19
0 7
4 18
26 31
21 15
20 26
23 20
17 6
2 13
16 1
17 22
0 12
12 33
33 10
20 24
16 21
19 32
33 0
27 18
26 25
27 23
28 22
13 5
32 22
32 16
33 1
9 28
30 31
31 19
14 0
7 20
32 17
28 14
20 9
5 1
32 19
10 15
31 24
4 32
7 3
25 6
21 2
7 13
31 15
8 13
28 9
7 4
30 22
27 11
16 7
33 19
20 27
6 10
17 26
21 17
26 22
15 1
31 32
30 30
0 13
32 5
24 5
17 1
14 4
24 0
16 2
12 7
12 10
5 4
25 28
29 28
16 16
28 30
24 8
26 33
6 29
21 30
24 30
8 29
27 26
10 20
5 15
13 26
23 15
13 7
11 0
11 32
0 19
8 2
20 10
27 28
2 18
29 15
11 22
6 27
30 19
16 5
7 0
33 26
29 17
21 16
1 26
6 32
6 13
10 3
29 4
11 31
16 26
29 27
17 14
15 22
31 11
8 7
29 12
8 20
26 28
19 11
12 28
16 25
7 18
33 5
11 12
3 6
24 21
20 22
6 1
29 32
33 30
11 7
2 11
26 14
19 21
24 2
11 4
27 24
20 19
7 14
6 4
31 12
15 20
25 25
24 13
18 8
0 30
28 10
33 22
25 31
18 26
17 5
19 15
5 25
7 2
0 27
10 33
9 15
21 29
6 7
6 16
2 32
27 29
9 20
11 26
0 33
24 3
5 30
28 7
24 18
4 21
22 17
18 19
8 33
24 16
25 18
11 30
5 29
33 7
28 29
29 11
29 9
12 16
5 23
25 23
14 6
9 22
15 19
2 25
16 19
3 11
5 10
19 29
20 15
26 16
22 11
11 21
5 31
31 14
21 6
28 31
3 12
13 23
22 8
11 5
13 6
3 9
24 22
7 28
30 11
15 29
26 13
18 15
16 12
21 14
23 28
14 14
6 22
25 4
12 12
2 8
13 19
14 23
16 33
13 2
32 21
0 18
29 6
27 10
1 2
25 12
23 23
2 26
33 32
10 25
29 2
29 25
19 20
3 33
25 8
29 23
12 20
17 19
32 14
6 6
19 7
31 22
23 19
21 8
17 20
10 29
26 10
4 15
