26 22 19
.T..T.....T...........T.T.
........T....TT...........
....T........T........TT.T
..........................
..T.T......T........T.....
........TT.T.........T....
TT...........T.T......T...
......T..........T........
....T...T.T...T...T.......
.T.........TT.............
T.TT...T..T......T...T.T..
.......T.T.......TT.......
..............TT..........
...T.T.......T...T...T....
.....TT....T..............
......T..T..........T...TT
...T....T....T............
......T....T.T......T.T.T.
.............T.........T..
T...T......T...T........T.
TT..........T...T.....T...
.T..................T.T.T.
....T....T............T..T
...T..T.....T......T.T..T.
....T.....T.....T.....T...
.....T..T..T...TT....T....
13 10
8 15
22 0
14 20
25 22
3 17
15 18
24 14
0 5
18 10
0 14
1 10
11 8
25 9
4 16
16 20
4 10
25 23
13 7
12 15
12 21
6 5
11 23
22 23
18 9
15 1
17 24
0 23
3 9
10 10
6 7
6 14
14 17
3 0
22 8
7 20
17 14
0 4
12 8
10 23
18 3
3 13
25 14
12 11
1 1
6 18
22 18
18 16
5 7
5 11
18 15
3 18
25 21
19 19
2 15
19 11
8 3
10 2
8 8
8 19
16 3
1 2
20 8
23 9
10 24
15 4
23 7
6 6
11 3
16 19
17 10
19 17
20 2
16 22
22 25
6 8
3 8
13 1
3 12
15 10
12 25
18 5
6 2
3 24
15 2
20 19
9 1
24 18
25 5
19 1
2 10
25 24
3 20
13 0
19 21
20 14
9 0
9 18
3 22
5 22
21 16
2 24
19 5
10 7
6 10
15 3
5 3
14 18
1 24
23 23
7 14
0 10
3 1
19 22
2 1
10 20
11 16
20 0
12 5
19 12
9 22
9 14
20 21
12 22
11 1
18 25
4 0
8 2
23 15
7 17
3 21
19 16
0 22
22 21
6 3
23 1
18 21
6 15
19 4
20 16
12 14
21 6
14 7
19 0
7 9
23 11
5 16
8 24
4 14
7 16
19 7
19 14
7 25
4 25
12 3
20 15
7 23
11 9
23 2
12 7
13 22
20 10
24 22
11 5
21 0
19 8
11 7
22 11
12 9
25 1
13 2
20 20
11 6
23 21
8 23
9 19
1 13
24 19
21 9
1 21
17 0
14 19
10 14
5 14
2 5
0 20
0 21
21 22
22 20
18 13
15 17
21 18
24 20
22 22
16 24
15 0
5 13
15 9
14 12
14 15
12 19
9 7
4 21
14 10
13 14
14 6
0 11
20 22
20 25
3 23
25 3
9 13
17 6
19 13
10 5
14 4
5 5
10 15
4 15
9 11
16 10
21 20
5 9
16 4
9 17
2 20
13 25
1 4
5 19
15 5
4 4
25 4
16 7
2 13
24 15
11 20
20 5
21 12
23 4
8 25
9 3
16 17
22 5
19 15
8 20
4 17
6 19
6 17
10 4
1 3
14 11
8 9
21 4
25 19
7 5
10 19
9 21
1 14
8 14
17 9
4 1
1 23
0 12
8 10
14 13
13 21
9 4
4 3
24 13
10 12
19 24
12 16
13 6
24 17
0 0
19 3
11 22
17 2
3 16
21 15
11 19
1 17
6 1
8 13
19 20
22 2
22 16
21 14
23 22
16 23
5 6
15 12
18 4
25 2
22 4
14 14
23 13
10 1
18 19
13 11
16 16
15 7
23 5
17 17
3 19
23 8
12 6
2 12
9 5
19 6
22 12
16 8
0 18
7 2
1 22
20 4
10 13
17 20
4 7
16 11
24 0
11 21
20 6
5 15
1 5
1 16
25 0
17 16
21 25
7 22
0 8
21 23
24 10
3 25
18 6
17 12
11 12
5 12
9 6
21 7
21 10
10 21
21 8
17 1
17 4
16 25
16 0
7 19
25 18
14 2
0 3
15 8
9 16
23 6
4 22
21 11
25 12
2 0
15 16
16 1
7 10
22 6
11 13
4 8
13 18
7 3
20 3
3 2
3 6
14 24
21 5
8 21
9 20
10 0
23 17
2 23
10 11
22 10
4 20
0 1
6 16
7 11
8 18
16 15
7 8
8 0
4 6
13 9
15 13
8 4
9 8
9 2
1 0
21 2
4 23
14 0
2 11
7 15
10 18
3 4
18 2
5 25
11 24
9 9
6 23
8 7
19 10
7 1
15 21
5 21
2 16
14 25
18 20
23 20
14 22
5 4
6 9
3 7
4 5
24 21
18 8
2 19
10 22
22 3
1 18
22 24
13 16
17 8
5 18
17 11
24 1
4 12
17 25
15 15
15 14
16 18
16 9
11 17
15 11
14 9
12 0
13 12
2 8
1 25
4 11
2 9
2 21
23 14
13 15
12 10
7 6
7 24
14 3
16 12
20 24
20 17
4 2
24 11
20 1
7 0
7 21
9 25
14 5
10 8
23 16
25 13
10 3
6 20
1 6
25 6
23 18
15 6
9 15
0 25
3 10
23 3
5 20
3 11
1 15
15 19
22 14
20 18
23 19
18 17
6 24
22 9
24 16
0 17
2 4
16 5
4 24
16 14
25 8
2 25
8 11
18 14
17 22
0 24
18 1
13 3
8 1
15 24
13 23
21 1
9 10
24 12
18 12
14 8
12 18
5 10
21 21
9 24
24 23
12 20
14 23
22 15
8 17
11 14
10 9
2 22
16 2
20 23
19 23
25 20
13 19
18 11
19 18
24 4
11 2
12 13
10 16
14 16
11 15
0 15
21 13
8 6
11 11
25 7
6 11
25 15
24 24
17 3
7 7
12 2
12 23
18 18
14 1
0 16
13 5
4 9
21 3
24 25
1 9
7 4
24 5
15 25
11 0
17 15
21 19
0 7
23 25
17 21
11 10
12 4
10 25
2 14
15 22
17 5
24 8
15 20
1 7
24 2
5 24
25 10
2 17
11 18
12 24
25 16
12 1
10 6
0 9
20 7
13 13
5 17
5 23
7 18
16 21
2 3
8 16
20 9
5 2
8 22
20 13
17 19
3 5
3 15
3 14
13 4
10 17
20 12
25 17
11 25
6 21
23 24
1 8
5 1
19 25
22 17
1 12
7 12
23 12
13 17
22 7
13 24
3 3
22 1
6 4
6 22
5 8
9 12
22 19
23 10
1 20
15 23
21 24
16 6
21 17
25 11
7 13
0 19
9 23
2 7
2 6
19 2
6 0
4 19
12 12
24 7
4 18
0 2
13 20
16 13
2 2
2 18
18 23
24 9
20 11
8 12
17 18
18 24
6 12
8 5
24 3
6 25
12 17
18 22
13 8
14 21
17 23
5 0
25 25
11 4
17 7
1 11
0 6
18 7
1 19
6 13
22 13
23 0
4 13
24 6
17 13
19 9
18 0
