33 2 30
.........T..........T............
..........................T......
............T....................
..T....TT.T..............T.......
........T....T....T..............
..........T....TTT.T......T....TT
..T......T.....T..........T......
........................T...TT...
.............T............T...T..
T...............T...........T....
.....T........TT.........T..T.T.T
...T.....................T.T....T
T.......T....T....T..T.....T.....
...........T......T.T......T.....
..............................T..
......T..........T............TT.
.......T.....T...T....T.T.TT..T..
.....T...........T............T..
...T.....T....T.T.T........T.....
..........................T.....T
.................................
.T..T.......T....................
.................TT........T.....
..........TTTT...T...T...........
T..T..............T.........TT...
......T...T..................T..T
...T......T......................
.......T.T...................TT..
...........T...T.........T.......
................T................
T......T....TT...TT.........T....
T.T......T............TT..T......
.....T.....T.........T..........T
25 6
3 14
2 28
13 2
7 19
2 7
17 5
14 18
10 12
1 28
3 13
19 24
19 30
22 14
11 0
26 0
25 28
5 4
29 2
17 8
15 15
11 13
14 28
24 31
28 27
28 5
20 16
0 18
32 23
11 7
18 18
31 26
27 3
24 4
12 7
15 12
17 29
12 5
21 27
1 16
27 18
11 19
0 10
30 27
24 13
7 16
28 16
14 17
5 20
17 21
26 26
6 12
12 9
1 26
18 2
28 19
21 24
24 5
17 28
8 30
16 10
28 21
5 7
12 20
24 30
28 18
7 12
21 19
32 0
21 17
31 30
2 12
27 25
27 28
17 22
0 20
22 27
18 31
23 1
0 23
14 4
19 17
10 32
3 3
16 18
27 21
0 28
27 24
28 29
15 16
25 13
7 10
2 17
13 20
23 21
9 20
28 20
28 9
29 31
7 11
29 27
31 14
2 1
23 22
11 14
5 31
31 0
10 30
6 1
5 0
31 9
10 29
30 6
14 11
28 8
2 24
0 24
6 4
2 2
5 22
26 22
2 0
30 26
21 23
18 11
4 15
19 12
9 3
12 2
29 6
18 0
1 8
17 4
20 21
6 2
15 4
10 27
14 15
23 16
27 32
10 17
10 13
24 27
21 5
20 17
27 11
3 25
11 10
23 32
29 16
28 4
31 21
8 6
21 7
31 3
21 10
19 13
0 9
32 6
15 18
7 24
15 0
4 2
28 26
7 8
18 21
29 24
9 10
3 16
8 17
4 25
22 32
16 22
30 17
8 24
7 2
22 12
2 21
24 12
25 17
28 24
3 20
14 30
13 11
21 21
12 6
2 10
26 31
14 19
9 17
3 18
32 4
23 12
25 24
31 24
28 1
15 5
1 0
9 18
24 10
25 23
26 8
4 1
25 4
22 4
17 14
12 13
2 18
7 9
12 1
20 28
0 13
6 8
24 14
4 19
28 14
0 21
11 20
32 10
11 27
30 8
2 22
5 19
27 13
8 25
30 11
19 2
21 28
27 10
21 25
31 5
30 22
7 31
27 26
30 24
11 15
4 26
19 0
24 32
7 27
10 2
11 12
0 30
32 14
5 5
8 10
6 3
19 9
30 13
23 8
1 19
12 15
12 32
10 16
30 2
30 9
25 11
27 7
17 0
29 22
4 5
17 25
15 11
10 23
8 5
2 8
31 19
21 6
21 31
28 0
12 31
16 17
22 7
13 23
26 12
13 31
31 13
3 5
6 7
30 18
19 26
17 24
9 14
4 32
17 20
0 4
18 26
9 21
19 14
25 16
20 24
32 5
24 16
6 11
9 30
4 23
23 15
21 3
19 19
7 17
26 32
19 25
25 0
23 9
10 11
23 13
15 19
9 2
17 12
8 28
3 6
19 16
26 9
26 15
15 20
8 19
3 7
25 22
25 7
21 15
30 3
10 22
20 6
24 21
12 27
12 0
27 14
31 28
32 27
9 0
24 8
8 32
2 14
5 14
15 3
7 4
9 25
25 2
8 12
10 4
17 2
6 9
7 20
23 4
14 2
20 4
14 12
11 4
4 18
12 30
12 21
2 20
5 18
10 6
32 9
31 16
8 29
19 23
4 8
26 30
6 16
23 29
23 30
14 24
28 22
29 21
29 18
0 22
7 0
23 18
0 32
11 24
26 5
4 13
14 3
30 15
1 21
15 13
29 0
20 10
18 4
3 24
13 15
25 32
9 24
27 9
20 25
2 9
23 20
22 9
16 6
0 11
13 3
31 7
18 25
4 10
20 20
18 29
32 3
31 32
9 26
3 10
29 17
20 14
13 21
15 2
15 10
31 2
29 26
29 29
27 20
15 23
1 4
21 13
20 31
19 31
19 8
13 5
16 20
28 2
2 25
7 28
2 11
27 30
8 16
20 29
11 31
13 4
23 7
31 8
19 1
3 12
31 18
30 32
13 27
7 7
20 26
12 29
6 30
7 32
28 17
6 14
0 0
6 5
22 11
2 6
1 20
32 16
28 32
11 29
5 13
4 14
12 3
24 20
28 3
9 12
4 0
27 0
4 30
17 32
18 27
2 16
29 23
5 27
0 27
4 21
28 23
6 23
17 17
17 10
1 24
31 11
4 27
8 31
0 5
5 3
26 4
15 8
13 14
31 12
9 15
13 16
23 27
13 26
14 31
30 1
21 18
3 11
32 2
1 10
16 32
24 26
27 4
11 2
10 8
3 1
22 1
30 28
5 6
12 19
9 5
23 28
32 1
2 31
22 6
15 9
1 9
24 28
16 0
9 31
3 26
32 32
29 14
20 7
5 29
23 24
27 17
28 30
10 10
14 23
26 11
11 6
6 25
10 21
3 27
27 19
22 13
5 2
22 30
3 31
13 22
27 16
18 17
7 14
30 31
31 31
3 22
15 21
6 28
7 18
27 15
0 2
3 17
9 1
11 5
28 15
16 7
4 24
3 8
4 4
20 0
25 25
22 31
19 15
4 3
14 0
26 10
21 22
7 29
9 16
17 23
18 12
16 9
17 26
5 28
10 9
9 23
2 26
25 29
9 29
8 7
8 26
18 20
21 16
32 22
24 6
5 24
26 14
0 12
25 26
8 1
28 11
12 11
25 5
8 27
17 30
30 30
26 16
8 21
29 9
8 11
11 9
25 20
20 30
24 9
29 4
16 2
1 30
22 15
26 24
20 11
22 3
10 5
22 26
9 7
7 6
15 24
20 5
1 1
29 1
3 2
2 27
24 22
21 1
32 29
16 13
20 19
26 19
8 4
13 1
8 15
21 26
31 15
25 30
5 26
22 10
4 17
1 13
3 15
0 7
9 13
3 29
30 5
14 13
17 3
0 26
16 25
9 27
2 3
17 6
15 28
8 22
12 16
13 13
3 23
27 31
26 1
16 4
13 24
0 17
31 20
19 7
8 2
29 12
0 29
13 32
30 19
21 12
18 5
29 32
5 25
5 30
5 23
28 6
4 7
32 8
19 4
12 4
24 29
19 20
7 15
13 17
19 28
0 14
7 13
18 7
24 23
30 20
1 32
19 5
6 32
24 3
19 21
30 12
14 8
18 30
6 0
6 24
2 13
18 16
30 4
1 31
11 22
31 17
24 2
29 7
16 3
28 10
15 25
12 22
27 29
32 18
5 9
16 28
2 29
8 13
14 6
31 4
14 16
31 29
26 29
32 28
7 23
3 4
16 31
29 19
15 26
29 25
25 27
20 32
25 3
32 31
13 29
30 16
16 1
31 22
20 1
11 16
30 23
16 29
5 11
5 8
22 18
1 25
14 26
16 8
32 7
1 14
18 23
22 21
31 10
15 29
2 5
19 29
7 25
17 15
0 19
32 25
22 2
20 27
11 18
1 22
15 27
24 24
9 28
11 8
20 2
10 28
1 18
13 19
0 15
29 15
23 10
20 8
27 22
8 20
4 29
18 22
16 23
23 14
9 32
16 11
26 6
25 21
16 30
4 31
25 10
15 22
5 10
32 13
15 1
10 25
26 3
28 13
0 6
9 22
27 12
1 29
22 20
2 32
21 14
14 9
1 12
22 24
27 8
12 10
22 0
27 1
27 27
27 2
14 27
19 10
32 19
29 8
28 28
29 28
17 31
31 1
16 21
10 18
20 15
9 9
18 9
22 22
17 7
13 30
26 27
6 29
17 1
11 30
5 16
29 11
24 15
9 4
17 27
9 6
0 8
14 25
4 20
32 24
28 12
26 18
7 30
26 21
4 22
17 16
0 31
5 32
13 0
7 22
4 6
2 23
22 19
10 24
19 11
31 27
10 0
11 32
22 28
15 6
24 11
13 9
20 3
10 19
12 25
6 19
30 29
8 3
16 26
25 31
23 19
16 12
3 32
5 17
13 8
26 20
13 7
24 18
14 7
29 30
11 21
12 17
21 2
18 3
29 13
17 19
32 30
30 25
14 29
20 23
28 7
21 32
15 32
12 23
22 25
25 9
21 4
0 3
7 26
16 27
24 7
32 20
20 12
8 8
16 15
24 1
18 19
21 9
10 15
25 1
6 17
12 28
11 28
2 30
5 1
25 12
18 6
32 26
15 30
25 14
25 8
9 11
9 8
22 5
26 25
3 0
18 8
18 28
6 13
14 21
24 25
29 3
3 21
21 29
12 24
11 3
6 22
23 6
16 16
6 21
7 21
10 7
30 7
20 18
32 11
23 2
12 12
23 17
14 14
22 8
18 32
15 14
16 19
9 19
18 1
14 10
30 0
3 9
30 21
1 7
19 3
1 15
26 17
6 27
30 14
31 23
23 0
23 5
25 19
7 5
3 30
4 28
18 24
15 17
10 31
2 4
3 19
28 31
16 14
32 15
7 1
20 13
14 32
17 11
27 6
5 15
29 5
23 11
16 5
25 15
18 10
1 27
12 8
1 17
23 23
23 26
8 18
10 14
6 6
4 11
24 17
30 10
11 23
4 16
8 14
12 26
6 10
19 6
19 22
1 3
26 13
25 18
13 12
22 29
6 18
17 9
14 5
17 18
21 8
5 21
6 15
1 5
22 23
20 22
28 25
20 9
8 0
22 16
19 32
2 15
0 25
10 3
15 7
7 3
3 28
11 17
12 18
1 2
13 18
19 27
12 14
23 25
31 25
27 23
23 31
6 31
31 6
21 0
10 26
21 11
29 10
10 1
22 17
21 20
4 12
8 23
10 20
11 1
6 20
21 30
5 12
15 31
8 9
27 5
14 1
11 11
13 10
14 22
11 25
4 9
24 19
1 23
32 17
1 11
19 18
16 24
26 23
24 0
1 6
32 21
13 25
23 3
2 19
13 28
6 26
0 1
18 14
14 20
17 13
18 13
26 7
29 20
13 6
26 2
18 15
32 12
26 28
11 26
