27 24 6
...........................
...........................
...........................
...........................
.T.........................
.T.............T...........
...........................
...........................
...........................
...T.......................
....T...T....T..........T..
.......T.............T.....
........................T..
.....T.....................
....T............T....T....
.....................T.....
T.........................T
...........................
.............T.............
T..........................
...........T...............
...........................
............T..............
...........................
...........T...............
...........................
...........................
18 6
23 8
6 15
16 19
26 9
6 22
24 1
14 21
4 2
22 18
5 5
18 0
12 2
21 3
11 18
10 20
14 8
23 26
16 18
24 7
25 22
4 20
23 6
13 15
4 8
26 10
7 10
18 14
7 17
8 18
4 3
25 26
21 16
16 17
7 8
6 16
24 21
3 1
13 12
6 11
12 12
1 2
5 21
19 14
21 13
11 11
26 3
9 21
10 16
25 7
14 2
23 17
16 21
23 23
3 5
24 16
12 0
24 19
9 5
15 17
23 18
1 20
15 16
8 23
9 3
12 8
4 25
24 10
1 3
13 8
3 7
0 1
5 13
19 23
3 14
2 9
20 22
0 3
25 2
22 4
13 10
15 3
22 11
0 9
25 23
1 14
18 7
0 6
4 10
9 7
3 6
17 2
3 0
19 25
2 26
11 21
18 9
8 19
8 24
17 4
8 26
24 4
22 14
10 15
17 23
13 18
13 0
4 4
17 8
17 15
26 25
9 15
20 15
12 13
7 11
20 10
24 18
4 15
24 2
21 21
25 12
25 16
26 26
5 4
6 26
20 6
2 19
6 10
1 9
24 20
16 25
14 9
3 12
18 5
6 23
1 11
17 6
13 2
14 7
26 21
6 12
0 8
9 8
16 9
19 17
7 1
5 24
12 5
25 18
10 12
19 19
14 6
19 12
16 22
11 22
21 25
24 14
25 0
16 11
23 3
22 12
3 11
15 14
18 13
20 13
4 11
17 11
26 7
17 13
15 22
8 10
22 24
11 5
11 6
16 3
0 18
12 17
20 14
14 10
22 3
10 0
10 25
0 7
8 17
17 3
18 22
23 7
7 21
1 19
11 16
10 11
21 5
9 10
26 13
7 16
11 1
12 3
25 10
4 24
13 5
23 22
7 3
11 4
0 11
7 6
24 24
12 10
21 1
2 11
6 7
23 0
19 13
5 25
23 16
2 2
6 25
22 10
7 22
21 19
6 6
22 6
18 4
25 21
24 6
25 19
2 12
10 2
16 16
4 5
1 1
6 24
2 15
19 21
10 6
10 3
2 0
15 7
25 20
11 7
12 15
18 18
6 9
7 9
2 3
22 9
24 23
0 4
8 2
9 14
20 1
23 10
9 24
4 9
22 13
25 25
26 15
11 13
8 9
14 11
18 12
5 16
18 1
9 17
6 8
1 10
12 26
19 0
2 25
0 23
26 2
26 0
6 19
26 23
13 21
0 5
17 1
8 16
17 25
20 2
14 17
24 26
3 13
19 3
12 16
15 10
13 3
13 14
6 18
21 0
9 9
16 12
20 21
11 0
23 11
14 15
14 0
3 22
6 1
9 4
24 9
25 5
14 14
20 19
26 11
25 13
15 6
10 18
1 4
18 26
12 6
18 24
5 10
5 17
12 9
16 23
2 14
4 12
6 14
0 0
20 5
0 20
15 8
22 1
22 5
5 12
21 17
24 5
19 18
1 17
1 15
16 4
15 13
19 6
15 18
22 0
1 26
18 11
8 3
22 16
5 26
5 0
9 25
9 23
5 18
23 14
21 26
20 20
19 15
7 2
3 15
17 9
11 19
25 3
22 21
7 12
15 9
18 20
17 10
7 7
0 22
22 20
10 21
1 12
24 12
0 26
19 9
18 2
21 12
6 0
13 25
14 26
19 5
24 0
20 17
4 22
14 24
9 16
6 2
8 21
25 1
18 10
15 0
20 12
12 20
0 2
25 17
9 6
23 15
11 10
3 19
21 22
15 25
13 9
5 8
3 21
19 7
8 7
6 21
2 8
10 13
17 12
13 11
2 22
4 1
17 16
20 23
4 26
1 16
5 2
15 24
17 24
8 25
3 3
14 25
26 17
7 20
20 18
6 20
3 18
4 0
22 26
5 6
21 7
7 14
23 25
15 26
0 24
12 25
11 17
2 5
13 4
1 5
14 5
26 12
3 2
13 26
7 25
19 1
11 25
9 2
22 15
5 14
10 4
14 3
18 21
22 25
23 12
18 8
7 15
20 9
23 4
3 23
22 22
7 13
23 9
4 6
17 7
22 17
24 22
21 14
9 0
13 24
9 13
14 18
21 18
11 2
1 0
26 22
12 11
3 25
19 16
21 9
26 8
4 19
3 4
4 7
6 3
18 15
16 15
11 14
5 1
0 21
26 20
5 23
21 10
15 2
19 2
7 19
24 3
12 7
23 2
10 23
25 11
3 8
4 14
26 19
7 0
12 24
2 7
18 16
9 18
3 24
0 14
19 26
26 16
13 1
26 14
20 16
17 5
21 8
14 23
16 8
22 2
0 16
1 7
19 4
20 11
8 11
4 21
1 21
2 16
18 23
22 7
2 13
6 5
15 21
24 11
20 26
9 22
21 6
17 19
13 19
8 5
16 6
14 20
19 10
24 25
1 18
10 14
5 22
14 22
13 16
16 20
12 18
7 5
12 23
21 4
8 0
5 7
4 16
10 5
25 8
8 8
7 4
18 17
25 24
15 11
22 8
25 15
13 6
0 10
15 12
21 20
6 17
23 24
16 13
5 20
11 26
17 21
18 25
10 7
14 16
17 0
0 19
2 18
0 25
10 26
15 5
3 17
10 24
4 23
0 15
23 21
26 6
11 24
17 22
23 13
11 8
1 25
8 12
10 22
5 9
20 8
21 15
2 20
5 11
7 26
22 19
19 22
2 23
24 13
11 23
19 8
10 8
26 24
15 15
8 6
19 11
2 1
26 1
14 4
1 13
17 20
12 19
23 5
25 4
16 24
14 19
18 19
9 26
20 4
21 23
1 23
3 10
14 13
14 12
20 7
11 3
1 8
15 20
6 13
15 23
12 14
5 19
8 15
16 0
26 18
12 1
4 13
9 11
7 23
14 1
13 7
1 22
11 12
4 18
8 14
16 14
2 24
4 17
9 20
10 10
8 4
8 22
20 24
10 9
15 1
11 20
11 15
8 13
2 21
25 6
24 15
8 20
16 10
13 20
5 3
16 5
9 12
8 1
20 25
26 4
25 14
13 17
2 17
22 23
19 20
1 6
12 4
2 10
23 19
11 9
21 11
0 17
2 6
13 13
24 17
10 17
16 2
23 20
16 1
6 4
9 19
2 4
17 14
9 1
12 21
15 19
3 9
0 12
1 24
21 24
20 0
17 26
19 24
7 18
13 23
26 5
15 4
12 22
3 26
10 19
10 1
20 3
13 22
5 15
21 2
17 17
3 20
16 7
25 9
7 24
16 26
3 16
17 18
23 1
18 3
24 8
