28 5 20
..T....T..T..T...T.......T..
................T...........
TT..T.................T....T
........T....T....TT..T.....
..T......T..................
.T...T..T......T............
....T..T.T.............T..T.
..........T......T..........
....T..T....T........T.T.T..
.T..T..T.....T.....T.......T
T............T..........T...
..T..........T..............
T.T..TT......T...........T..
.....T.....T.........TTTT.T.
............................
......T.....................
T....T............T.T....TT.
.......................T...T
T.T.....T....TT.....T......T
T.....T.........T.....T.....
..TTT.........T...T...T.....
T.........T..T..T.........T.
.TT......T.....T......T...T.
.................T.T.T..T...
T....T.....................T
.....T.....T.......T...TT..T
...T....T...................
........TT.........T....T..T
17 23
18 3
19 1
23 10
25 16
5 3
8 12
4 10
5 23
19 13
20 18
4 5
23 12
20 1
22 13
15 11
13 21
2 1
23 27
2 12
10 27
24 27
8 2
8 7
9 13
4 14
2 0
13 22
11 20
12 4
0 25
5 6
17 5
4 21
18 16
9 1
6 10
11 21
7 10
23 26
27 22
6 7
4 17
5 22
11 7
1 14
21 25
6 9
1 16
20 26
16 18
8 4
18 1
18 11
8 25
10 24
9 18
24 20
6 23
13 1
9 4
12 0
12 14
3 23
27 8
21 2
0 5
6 5
20 22
16 2
23 18
20 16
14 22
15 1
1 19
18 25
16 8
20 17
13 6
23 11
5 18
1 11
10 23
12 26
20 9
26 22
17 9
6 25
16 13
22 3
0 16
19 21
10 8
6 8
26 3
26 2
27 19
22 9
27 26
12 16
21 27
1 20
8 20
27 12
10 4
25 18
18 18
11 15
5 13
17 11
6 3
3 26
1 10
2 9
6 15
2 7
10 11
22 2
18 23
3 27
24 11
2 8
0 24
6 22
25 14
2 18
25 7
19 22
17 14
5 11
0 26
2 3
14 21
7 25
8 3
19 12
20 2
13 20
6 14
10 26
20 27
9 7
27 16
22 14
5 2
0 17
1 23
13 3
6 27
24 26
12 1
4 0
9 19
11 3
15 0
13 17
7 3
8 11
14 6
4 7
4 22
14 14
11 13
8 9
1 24
6 21
26 27
3 6
14 17
3 14
15 19
15 9
22 27
10 0
14 1
0 15
8 22
11 23
8 15
22 15
13 13
12 18
8 14
23 16
19 8
26 10
20 24
25 1
11 26
15 6
16 20
15 21
11 25
4 23
0 6
0 3
20 4
21 5
18 10
8 23
27 14
25 5
21 9
11 17
21 19
15 16
15 4
21 4
20 7
15 15
15 27
24 16
19 23
17 2
26 13
24 0
25 26
26 5
3 18
1 22
14 20
5 15
27 24
9 3
5 21
1 6
26 7
26 17
25 23
4 6
7 14
9 14
22 11
23 6
25 4
22 0
17 13
11 2
24 1
7 26
2 20
2 13
21 7
17 4
19 4
25 0
5 1
22 4
2 22
26 1
1 4
24 17
19 19
21 10
24 4
7 27
17 21
4 1
8 21
17 19
10 5
1 1
20 8
6 18
6 1
19 26
27 25
4 19
19 10
11 27
27 5
22 6
14 18
9 20
19 3
8 17
2 10
8 5
13 23
23 4
26 15
7 12
17 10
18 7
3 24
23 14
26 20
20 15
17 15
1 17
15 17
15 2
17 0
18 2
8 19
0 9
4 12
12 8
26 18
10 16
7 2
16 27
10 17
21 23
16 9
25 10
25 24
26 0
21 0
12 25
20 5
27 4
15 12
20 14
8 0
19 14
12 27
18 6
0 10
17 7
1 13
2 6
2 23
12 5
24 6
5 7
24 18
7 11
10 21
17 25
23 24
23 20
14 23
19 25
1 0
18 14
17 1
11 5
16 12
16 6
14 12
16 5
5 17
24 10
18 27
13 11
0 8
27 23
14 2
23 13
24 12
22 17
26 8
15 25
26 23
18 22
11 6
14 7
6 16
26 4
19 16
21 3
23 25
20 25
12 11
6 26
22 25
9 16
6 24
10 9
23 22
22 21
4 25
5 0
11 1
14 19
22 19
14 8
8 10
2 17
12 23
13 18
1 27
10 15
18 12
6 6
2 4
0 12
7 21
22 5
8 24
12 15
0 21
10 1
9 0
0 22
7 15
16 4
19 17
24 14
27 13
24 13
4 24
15 3
7 19
11 11
11 10
3 16
27 9
8 16
16 0
16 22
27 1
19 20
22 12
3 22
2 14
27 17
5 12
24 9
2 11
5 20
9 27
21 20
11 9
14 16
18 0
20 23
16 7
9 15
0 7
19 5
12 10
10 2
12 7
4 13
14 3
24 22
3 17
26 14
26 11
3 21
10 19
9 25
19 0
26 9
25 25
25 13
4 11
7 7
25 20
10 3
18 20
23 15
8 27
25 6
0 20
25 2
9 9
14 26
13 7
9 5
1 26
22 20
21 22
10 13
5 27
16 11
14 5
17 18
3 19
6 19
8 26
3 4
17 20
10 12
12 21
9 12
5 24
3 8
4 9
16 3
0 2
1 9
13 10
13 19
10 14
3 7
16 19
19 11
24 8
0 4
13 24
18 26
7 5
26 26
11 14
3 12
24 24
26 19
19 6
9 8
25 27
10 7
3 9
5 9
21 8
11 18
18 21
15 5
13 25
6 20
0 1
11 22
2 2
23 8
5 19
20 3
5 16
16 24
27 2
18 15
12 9
2 21
5 5
1 7
7 13
7 23
21 21
4 18
1 25
25 19
21 14
23 5
21 24
0 13
6 17
8 13
6 4
0 23
20 20
16 25
3 25
18 8
7 18
9 17
19 24
7 24
3 1
23 17
15 10
5 8
17 24
23 19
0 0
3 2
4 15
27 3
17 17
24 7
16 15
21 17
23 21
0 18
7 22
5 10
24 19
10 10
20 11
19 2
3 13
23 3
16 1
18 13
13 9
5 26
15 13
27 20
25 15
2 15
24 23
7 17
15 14
13 26
18 4
14 9
6 13
16 10
21 13
26 6
27 6
21 26
19 18
8 1
19 15
4 8
17 16
16 21
7 8
15 26
21 1
20 10
13 4
19 7
2 19
7 0
13 14
8 6
2 24
13 16
25 3
24 3
22 24
5 4
1 5
18 9
13 27
17 22
17 6
9 22
24 5
18 5
12 6
13 0
14 25
6 12
16 23
27 21
11 16
21 18
7 16
9 23
7 6
10 25
3 15
1 15
23 2
14 15
18 24
15 24
0 27
25 9
2 27
13 15
19 27
22 7
11 19
12 19
16 14
23 9
22 1
9 6
17 3
25 17
11 0
27 10
25 11
19 9
20 6
22 16
0 19
7 9
20 19
27 0
4 26
1 18
14 0
22 8
22 18
21 12
15 18
17 8
20 12
3 0
13 2
9 26
22 26
8 8
1 3
10 20
5 25
4 27
22 22
9 10
27 7
6 0
13 12
15 8
5 14
14 24
15 7
9 24
14 13
11 4
9 2
2 5
25 8
2 16
24 15
25 22
26 12
17 12
7 4
25 12
4 3
20 0
12 17
3 5
27 27
27 11
15 20
4 2
14 27
3 10
12 2
1 21
26 25
2 26
24 2
3 11
14 4
6 11
3 20
18 17
24 25
23 7
11 12
18 19
6 2
16 17
12 24
14 10
20 13
26 24
23 1
0 11
12 20
22 10
3 3
10 6
15 22
21 11
12 12
27 18
26 16
25 21
11 8
14 11
26 21
20 21
4 16
2 25
1 2
13 5
21 6
10 18
1 8
16 16
11 24
12 13
10 22
13 8
7 20
7 1
15 23
22 23
4 4
23 0
21 15
16 26
24 21
4 20
12 3
17 26
9 11
23 23
9 21
27 15
1 12
17 27
21 16
12 22
8 18
