40 36 29
...T.............................T......
.............TT........................T
.........T.T...............T............
............T.T.T.........T..TT.....TT..
........T.....................T...TTT...
...T.....T....T..T.......T.......T......
....T.......TT...TT.....................
..T.T......T.........T....T.......T.....
...T.....T.................T.......T....
.............T..T....T..........T..TT...
...TT.............T.T...................
....T.......................TT..........
....T....T.....TT.............T.......TT
..................T..........T..........
...............T........T...............
...............T.T.....TT..T......T.....
..........T.............T....T......T...
.......TT....T........T.........T...T...
........TT......T..TT.......T...........
.......T....................T....T..T...
...........T........TT....T......TT.....
.....T...T.T................T........TT.
...T....T.T..T........................TT
...........T.......T..................T.
.....T..........................T.......
.TT....T....T....................T......
.........T.T.TT.T.T............T.T...T..
......T.T...........T...................
.T...T.TT...T.............TTT.TT..T.....
T............T..........T.........T....T
.T...T....................T.........T..T
.............T.....................TT..T
......T...........T...T.................
T.T.....T.......T....................T..
........T..........TT..T................
...............T...T.......T.T........T.
.....T..............................TT..
T.........T...T.T.....T.........T.......
.........................T......T....T..
...............T..T..........T.T........
34 27
36 11
10 2
20 3
33 2
15 34
5 39
31 6
32 12
13 4
23 32
9 11
30 16
24 11
31 20
35 33
20 36
19 21
22 34
34 34
3 21
22 38
18 27
4 17
17 30
10 23
34 23
14 16
17 23
10 24
0 24
18 15
16 4
11 25
32 28
9 4
5 17
16 36
4 6
29 6
28 34
31 37
13 11
10 7
6 10
17 6
3 34
27 31
19 3
18 20
34 20
28 25
36 8
16 26
26 31
38 13
22 14
26 13
31 8
8 7
25 13
36 32
30 1
6 36
19 29
18 13
39 8
15 35
4 10
3 15
18 32
4 19
25 16
32 23
1 18
14 33
39 7
19 28
35 6
15 8
26 21
36 16
14 4
14 34
26 23
18 31
38 26
9 30
32 5
1 17
24 39
8 34
3 1
3 17
29 4
15 15
39 19
31 11
17 9
29 31
28 20
27 17
19 31
17 10
14 8
8 12
11 32
36 7
21 32
0 8
30 31
6 20
22 5
13 39
30 22
17 25
24 21
10 12
21 6
30 35
33 33
15 26
24 24
26 12
2 30
19 13
1 1
19 22
30 13
29 34
35 19
36 31
2 28
26 0
3 26
33 17
15 37
11 34
8 33
1 21
33 27
29 36
16 32
25 27
22 36
36 30
3 33
24 19
28 18
35 1
28 22
33 11
9 24
2 25
3 11
30 33
6 35
28 11
23 27
4 30
1 4
8 21
7 9
30 0
14 13
18 22
1 11
11 24
39 11
33 8
38 6
21 10
15 17
2 27
5 1
32 26
37 33
5 20
11 15
27 18
25 12
28 15
31 25
30 28
19 19
38 37
11 14
4 29
30 18
27 38
25 28
17 38
35 38
6 25
26 20
28 2
7 17
35 2
21 11
10 4
15 31
38 3
28 35
4 36
22 17
10 32
26 15
29 32
38 7
7 5
4 0
8 10
4 26
31 16
26 5
8 39
13 19
22 19
25 35
16 12
9 33
2 22
19 38
32 17
6 4
4 5
27 21
28 29
20 34
0 37
7 37
10 38
30 19
29 8
4 8
38 12
39 9
37 35
24 23
13 1
36 2
29 35
8 1
3 9
34 13
1 13
3 19
18 35
7 25
25 19
33 1
17 14
13 27
29 0
24 13
1 29
26 1
11 23
18 28
4 4
18 36
19 24
27 9
31 4
36 37
18 26
10 13
30 36
24 6
30 37
18 7
14 28
22 18
8 22
34 22
22 12
39 38
38 20
20 19
32 13
15 38
5 0
14 37
35 22
2 9
7 20
36 14
39 25
28 14
27 36
30 7
26 30
7 21
38 25
35 15
19 5
3 20
33 38
28 30
24 33
34 5
34 9
23 30
28 26
13 7
34 33
26 28
39 28
18 16
38 27
22 22
9 12
35 34
26 11
16 24
0 21
3 25
38 14
9 1
5 15
6 26
27 24
35 39
38 16
17 4
20 24
14 24
0 17
2 35
22 32
31 32
26 38
32 14
19 15
26 36
36 34
33 6
8 8
20 0
35 25
27 15
12 35
25 17
7 1
34 14
29 33
2 5
0 33
9 17
7 7
14 21
0 2
36 24
21 33
18 21
34 36
8 4
11 28
20 28
23 22
12 3
21 39
9 31
32 36
6 27
33 34
5 34
29 28
26 19
30 12
5 7
30 24
12 33
5 21
10 26
24 12
38 34
14 38
0 10
2 8
6 2
15 11
10 17
39 6
12 32
16 21
38 2
24 26
22 11
34 25
8 23
24 14
1 27
35 8
25 9
20 25
8 3
8 27
17 34
23 12
29 19
37 23
39 13
28 0
37 16
16 18
30 39
8 6
17 1
4 22
22 15
37 0
17 8
11 9
13 28
13 21
12 27
16 29
10 39
13 25
25 6
15 20
1 33
32 33
33 29
27 28
27 5
37 10
39 15
22 29
20 20
9 22
5 16
12 29
10 5
36 22
7 8
5 2
32 29
20 2
10 36
17 24
22 27
35 17
32 10
3 32
24 18
37 8
8 32
24 16
32 30
12 38
23 24
1 5
29 7
3 28
37 6
13 15
33 18
30 5
12 37
26 33
1 24
19 30
31 21
20 5
16 6
23 20
28 28
18 18
21 27
39 12
17 16
21 7
20 9
38 1
12 28
10 6
8 37
13 2
16 34
1 2
2 33
0 5
29 23
11 21
39 36
5 33
0 11
23 39
21 36
4 12
10 30
32 21
16 13
16 38
14 32
32 1
3 24
26 27
0 4
9 5
9 27
33 30
34 3
19 26
10 21
11 37
30 26
1 34
21 17
27 19
19 11
23 6
2 34
31 3
22 13
9 23
2 16
3 22
14 6
30 14
37 24
22 23
37 3
5 22
8 5
36 27
36 10
35 20
7 38
13 8
29 10
23 17
22 26
7 39
30 6
19 6
30 20
22 16
12 31
39 32
34 12
14 5
39 20
15 25
31 7
21 4
24 4
20 6
5 25
11 38
16 25
3 13
24 10
10 29
22 1
16 0
24 32
7 15
13 26
19 9
1 32
4 37
9 7
14 17
11 27
35 14
39 1
21 31
38 11
35 4
28 3
30 9
23 29
23 3
28 16
33 32
16 31
6 31
17 29
17 12
30 29
27 12
12 14
37 27
1 19
10 33
28 12
29 14
31 13
18 39
30 27
36 4
30 11
5 38
31 30
21 8
1 25
35 24
25 8
6 15
8 36
0 36
8 38
3 2
11 7
29 17
1 8
7 12
14 9
20 39
20 13
36 21
27 1
17 27
14 35
14 11
22 7
11 0
18 34
29 11
24 0
17 37
17 21
34 19
17 0
1 30
20 32
31 28
25 4
27 14
25 31
14 26
21 13
15 24
25 11
27 25
6 3
17 13
6 5
4 23
29 30
24 8
30 3
32 24
5 4
38 28
18 0
33 20
23 11
0 19
29 18
9 39
6 9
16 15
26 3
33 13
4 1
15 23
5 28
17 26
5 3
2 17
29 37
11 2
25 20
4 16
25 7
38 9
24 3
21 5
21 12
23 31
27 7
37 25
29 26
35 30
0 6
7 24
33 39
31 34
5 29
6 23
18 24
25 22
0 7
13 29
38 4
23 7
33 12
12 17
34 21
2 15
25 5
38 17
38 24
39 2
23 1
28 6
18 25
26 25
8 17
8 31
0 0
33 24
0 18
23 0
2 12
35 26
11 26
8 25
23 37
17 2
21 24
2 31
17 36
32 38
15 39
37 26
29 29
8 15
24 37
4 39
1 23
4 7
37 4
10 19
13 30
37 20
17 15
31 23
27 37
38 31
6 1
32 8
13 20
17 5
9 34
2 3
19 14
25 0
1 6
24 28
21 29
38 0
17 19
21 3
38 22
20 16
39 31
15 18
11 20
6 37
12 8
5 13
31 12
31 26
11 3
21 14
10 34
11 35
14 3
1 26
13 38
26 8
25 10
15 28
11 39
14 25
36 20
28 7
12 39
13 6
32 25
7 28
12 10
4 31
18 2
2 32
32 27
18 37
39 0
38 38
6 8
12 9
2 6
29 15
10 28
0 29
23 35
38 23
34 8
14 36
27 8
34 15
21 28
28 1
25 36
22 35
20 11
16 3
4 28
7 27
17 20
20 4
36 29
0 35
12 34
0 32
31 19
27 0
20 8
25 3
16 9
29 1
25 39
33 37
35 18
25 25
36 33
13 0
39 35
31 35
10 14
3 3
7 11
0 31
23 25
23 38
9 16
32 15
28 8
1 37
34 16
39 18
7 36
31 36
14 2
33 26
25 15
39 33
17 32
5 19
36 36
28 33
21 34
19 37
12 24
30 34
23 28
36 17
12 23
25 37
32 34
2 29
34 6
38 15
23 33
11 30
39 3
13 3
22 0
33 15
14 7
22 4
34 28
7 30
39 22
15 2
15 27
27 23
30 30
34 17
20 18
3 14
4 27
30 21
13 10
14 18
6 39
38 33
16 2
23 2
32 32
13 9
32 9
34 32
32 6
5 24
7 22
1 0
29 16
10 0
33 19
36 9
18 9
33 21
35 3
2 21
11 11
11 16
35 5
33 10
9 18
15 0
31 18
37 1
35 7
29 21
25 21
9 0
12 22
35 31
8 30
28 24
12 20
27 30
33 4
7 4
37 31
11 19
2 2
16 14
35 32
5 35
30 2
39 23
15 19
12 0
39 30
11 13
1 10
15 6
12 4
21 16
6 11
0 3
17 3
35 11
6 38
9 15
19 23
39 34
18 12
13 33
10 37
28 32
37 2
19 0
34 0
25 2
3 12
3 16
15 22
29 25
11 6
1 22
14 31
26 35
12 11
3 31
23 9
2 0
13 37
6 34
5 6
26 37
18 6
27 26
29 39
1 15
30 10
29 20
27 32
8 16
9 35
0 26
32 39
6 24
36 1
36 12
39 27
37 12
5 37
24 7
9 8
2 10
19 32
32 0
14 14
31 38
8 20
17 7
36 26
7 19
9 25
18 19
16 33
9 28
14 27
12 19
35 29
16 17
13 36
14 15
31 2
9 14
28 19
20 22
32 2
18 3
31 0
27 34
31 24
37 22
8 26
23 36
1 20
18 5
7 32
23 14
2 36
39 37
24 25
7 29
5 30
26 22
32 3
19 7
30 25
38 32
4 13
18 30
5 36
0 22
18 8
11 12
6 13
31 5
7 34
28 17
33 28
5 8
20 35
17 28
16 1
31 31
8 2
21 18
36 28
32 19
14 20
24 9
22 9
0 16
31 27
30 23
4 21
7 35
18 17
17 39
2 24
12 36
26 18
4 9
20 37
22 30
17 11
33 14
22 10
24 1
14 39
26 39
9 6
22 24
6 12
28 4
36 25
16 16
22 3
5 18
25 38
20 30
32 31
10 9
5 14
9 20
0 28
31 1
5 10
5 23
28 31
20 17
21 37
10 15
13 31
23 26
35 21
32 7
38 36
6 30
13 23
1 35
18 1
38 10
39 16
24 20
10 8
3 8
20 10
38 39
6 14
37 7
15 16
29 38
36 15
2 7
22 39
9 13
36 38
22 6
19 36
14 23
27 27
28 21
33 36
13 32
25 23
39 29
32 37
24 30
0 38
26 16
19 39
32 11
39 21
3 10
34 30
15 30
36 18
27 4
20 1
10 27
10 31
21 21
17 35
31 33
22 25
17 31
25 33
25 29
12 6
11 17
23 16
33 22
23 21
14 0
34 39
35 37
12 7
12 25
7 3
6 29
33 16
32 18
36 35
27 13
23 10
34 1
13 14
15 10
34 31
16 20
25 32
22 2
3 38
37 29
4 2
23 19
26 9
39 39
10 11
1 28
34 18
12 12
6 6
30 8
18 11
34 24
31 22
11 5
35 28
16 28
15 5
28 13
21 1
33 25
12 16
1 39
0 39
27 39
37 32
22 28
17 22
36 13
31 17
6 21
4 18
19 25
31 39
10 1
12 15
19 10
24 27
28 37
11 8
15 12
0 1
34 37
37 17
8 0
4 14
28 23
11 1
5 12
12 30
31 10
11 31
37 30
1 38
11 18
37 9
25 14
18 23
15 36
23 13
3 7
32 35
22 20
9 3
8 9
29 3
15 21
37 14
19 34
10 20
12 5
3 4
16 37
2 18
21 22
36 5
31 14
10 22
8 24
19 27
25 18
25 34
1 36
2 13
2 38
4 32
5 32
19 12
16 7
24 38
1 14
31 29
6 7
22 21
36 3
2 1
16 5
4 20
21 38
23 4
12 2
18 33
0 25
24 29
27 3
4 25
20 21
6 22
4 35
37 19
3 29
17 18
0 14
15 1
21 23
34 35
9 10
7 2
3 37
38 21
24 35
8 35
21 15
14 1
13 34
7 13
3 23
14 30
13 12
13 5
8 29
0 23
9 38
37 38
0 15
22 31
13 22
6 0
9 2
7 16
7 33
18 14
33 23
0 12
3 36
37 21
2 39
12 13
16 27
8 19
28 9
19 17
18 29
29 27
7 6
20 7
24 22
20 12
7 31
32 4
30 15
3 6
33 3
16 8
26 6
23 5
25 30
39 26
9 21
21 0
0 9
23 34
37 15
6 17
6 19
20 27
1 7
0 30
31 15
13 18
21 2
12 1
12 26
39 5
28 5
6 18
20 29
38 18
20 33
23 23
34 4
36 39
15 9
35 36
19 20
14 19
26 10
8 14
33 35
4 15
24 34
14 10
9 9
7 10
26 29
28 10
30 32
2 19
30 4
3 18
29 9
21 30
1 12
16 39
27 29
19 33
39 14
32 20
37 39
16 35
10 18
27 20
28 36
3 0
12 18
24 17
36 23
27 11
6 32
3 27
35 10
4 34
13 17
26 26
15 4
7 14
11 36
27 33
33 9
26 34
3 5
8 11
27 22
38 29
1 3
25 26
6 16
2 23
8 13
14 22
34 10
7 23
7 26
4 33
16 11
22 33
13 35
29 22
14 12
21 35
39 17
35 0
37 13
37 5
9 36
35 27
4 3
11 4
11 33
21 25
33 31
26 24
8 28
20 26
34 38
13 16
18 4
32 16
23 15
28 38
2 37
2 26
17 17
19 16
38 30
9 19
24 36
25 1
16 19
36 6
4 38
6 28
11 29
9 26
23 18
35 12
13 13
23 8
21 19
27 35
36 0
32 22
37 11
15 13
5 31
5 27
0 34
36 19
27 2
16 10
10 3
7 0
5 5
3 35
29 13
2 14
9 29
37 28
33 0
33 7
1 9
8 18
19 1
38 5
28 27
7 18
34 11
26 14
16 23
24 5
2 20
0 27
26 17
5 26
10 16
18 38
6 33
15 3
35 13
5 11
29 12
0 13
15 7
27 16
21 20
11 22
3 30
27 6
19 8
25 24
1 31
26 4
26 32
10 10
37 37
28 39
22 37
19 2
17 33
37 34
4 11
29 2
15 14
2 4
10 25
24 31
14 29
27 10
24 2
35 9
19 4
21 9
9 32
15 32
30 38
39 10
35 16
12 21
21 26
38 19
37 36
35 23
15 33
2 11
10 35
13 24
34 7
9 37
4 24
29 24
20 15
22 8
34 26
31 9
34 2
34 29
26 2
26 7
1 16
39 4
11 10
16 30
18 10
5 9
30 17
20 23
35 35
15 29
38 8
3 39
24 15
20 38
19 18
29 5
33 5
19 35
39 24
20 31
37 18
20 14
16 22
38 35
