34 20 29
.........T.T......................
T..................T..............
T..........T.......T..............
.T...T...T..T................T...T
......T.................T......T..
...T..T..TT.....T......T..........
..T...............................
.....T.............T..............
......T...........T......T........
.T...............T................
................TT..T.............
...................T..............
T.T...............................
.......T....T..........TT......T.T
............T.....................
..................................
..................................
...T........T...............T..T..
......T.T...........T.............
...................T..............
..........................T.......
.T.........T.....................T
...........T..T..T.........T......
.............................T....
..................................
...T..............................
.........T........................
.................T.......T........
..........T.......................
.............................T....
......................T.......T...
..................................
...T....T..................T.TT...
..........T.......................
15 10
1 19
33 30
17 7
8 6
9 20
16 7
31 12
1 33
26 28
13 32
26 7
31 23
25 1
19 4
21 32
25 10
17 26
15 12
25 9
26 3
24 20
18 21
17 19
13 33
33 27
12 25
30 1
10 6
13 2
3 19
20 0
33 5
14 6
10 26
33 24
25 17
30 27
29 20
16 4
5 20
5 16
12 5
23 8
18 30
29 7
27 21
11 1
13 11
30 31
17 29
5 22
21 29
28 28
32 21
23 27
33 0
10 3
33 31
19 5
6 17
28 17
27 23
3 25
7 12
4 32
12 18
23 0
3 32
9 24
33 26
0 24
26 5
13 26
32 31
4 26
28 8
22 14
18 17
12 0
30 33
13 1
2 20
22 10
4 29
5 23
14 11
12 28
17 10
13 0
32 19
2 10
8 2
20 12
0 28
9 16
27 3
21 0
6 8
23 16
26 8
1 21
6 32
21 21
24 4
4 30
33 32
9 15
9 29
10 18
8 3
27 31
12 1
19 21
29 0
31 7
6 4
7 4
18 31
30 7
31 15
9 31
20 26
28 13
29 4
30 26
8 8
12 4
5 9
16 15
24 11
2 27
8 21
3 0
6 31
5 33
7 23
13 14
0 29
15 21
15 13
10 32
22 0
22 28
20 25
9 9
28 12
8 5
0 21
4 12
23 23
26 10
22 7
21 24
32 4
11 3
17 11
9 25
24 15
33 28
15 19
27 25
4 0
7 13
29 9
2 31
1 22
33 9
1 32
6 1
32 3
30 32
17 14
11 22
24 12
2 3
16 6
28 31
20 20
7 5
13 16
22 29
6 2
17 0
27 20
10 12
29 8
14 16
8 9
28 2
15 7
18 12
14 0
23 10
7 33
32 7
31 10
12 33
19 3
2 11
24 30
17 18
19 10
22 1
31 0
16 21
10 23
5 19
28 23
9 8
15 3
26 19
13 12
27 1
21 7
7 2
30 6
15 0
24 27
24 3
31 29
7 18
11 23
14 28
16 20
5 21
0 4
0 22
4 10
24 2
8 0
24 24
30 12
5 8
13 17
2 6
3 15
29 22
30 23
0 10
25 31
15 24
24 32
13 23
3 16
27 22
4 4
28 3
6 21
25 2
33 1
6 15
11 33
7 15
32 9
11 24
33 29
31 20
26 24
29 6
17 12
30 28
16 10
23 28
2 1
5 13
20 33
17 32
20 14
20 30
4 33
5 27
33 22
15 6
13 3
28 11
3 9
0 2
31 8
22 3
33 2
29 1
23 29
20 3
26 12
5 7
33 12
19 19
0 30
0 0
33 6
30 18
3 13
18 5
27 10
2 19
25 5
7 8
17 13
27 24
11 9
6 22
11 8
20 29
1 14
26 9
21 25
29 28
25 27
7 1
20 15
16 13
13 10
8 31
13 8
1 17
7 26
13 21
30 2
14 33
3 6
19 1
10 11
28 5
32 1
25 19
12 21
8 24
25 0
0 7
9 26
21 30
11 7
28 4
23 24
18 4
16 30
21 33
3 2
12 30
15 31
0 25
14 12
30 30
33 25
21 16
21 26
24 21
10 8
7 17
3 18
26 20
28 21
22 18
4 22
9 21
20 31
22 2
26 27
24 25
8 12
17 31
28 9
6 33
1 2
9 32
22 31
25 15
9 4
4 19
1 6
3 21
17 3
16 23
23 32
6 12
32 25
19 23
29 32
11 17
6 30
11 31
30 20
0 20
1 11
19 13
1 23
7 9
9 5
25 18
24 1
30 0
3 1
15 18
24 18
0 26
14 7
31 25
17 33
2 33
21 12
0 27
20 6
10 0
22 6
31 17
13 7
11 14
4 21
8 13
9 13
23 13
0 18
25 3
30 21
18 23
4 18
12 19
11 27
16 33
12 24
7 32
31 11
3 22
24 7
16 5
33 17
13 4
26 31
18 7
7 28
27 4
30 5
5 32
0 1
7 22
32 28
27 17
8 10
26 15
2 17
22 12
7 19
1 13
9 10
16 8
15 33
11 10
32 15
31 1
27 8
33 14
1 31
6 28
17 27
6 27
31 9
23 11
16 24
5 0
16 27
27 28
1 5
14 27
3 12
16 19
18 18
9 23
7 0
6 0
14 1
25 21
8 14
18 29
8 33
24 29
15 14
2 12
25 7
9 19
16 29
19 31
16 3
15 15
14 9
33 23
32 0
19 2
29 31
1 3
19 12
5 18
10 30
23 17
6 13
20 9
11 19
13 24
15 2
29 2
17 1
30 3
30 24
18 8
27 26
28 22
25 8
8 25
29 23
15 26
23 4
24 19
31 26
32 14
18 3
17 8
11 26
10 5
2 26
18 33
10 2
28 18
10 29
14 4
13 29
12 22
12 2
20 23
31 22
26 6
25 16
9 3
13 30
25 11
25 23
22 30
3 11
0 11
22 23
30 14
17 28
32 13
2 30
9 6
4 24
21 4
26 2
15 4
5 17
4 17
3 3
10 14
31 16
2 7
30 17
15 1
14 32
17 2
17 22
23 22
16 11
22 9
10 28
12 9
30 13
26 33
10 7
19 14
32 12
27 13
20 28
16 28
31 5
23 30
20 8
11 18
8 17
21 15
21 22
17 25
28 1
31 27
32 6
3 23
2 16
32 17
24 13
25 32
19 24
0 13
14 23
22 22
10 17
25 26
7 14
12 8
18 24
2 21
30 11
32 20
15 29
2 32
16 26
28 33
8 30
21 31
25 12
25 24
11 21
19 17
1 15
12 3
27 2
1 1
8 15
22 26
22 21
3 14
2 8
3 29
21 6
20 18
27 6
29 12
31 13
12 32
24 28
7 3
8 20
28 10
18 2
24 8
20 10
11 15
18 20
30 4
22 17
5 14
0 33
4 6
27 19
17 20
14 2
7 24
25 20
2 2
5 5
27 14
18 19
14 15
19 32
23 2
5 2
10 33
6 3
27 18
13 5
32 26
29 17
29 3
3 17
26 11
18 11
21 9
21 10
17 24
19 25
26 32
29 5
1 20
11 5
2 24
12 6
23 12
27 15
29 19
4 9
2 18
19 29
28 25
14 21
2 28
24 16
20 13
20 4
15 22
18 9
25 13
3 4
19 0
2 25
14 8
6 18
22 32
31 4
3 30
10 10
17 6
5 31
8 28
32 22
7 29
22 16
31 2
26 18
8 18
1 7
13 15
20 32
32 24
32 32
7 11
14 25
13 13
5 30
28 0
15 32
20 21
22 20
32 23
28 14
6 5
33 18
15 23
33 11
4 23
16 12
23 21
4 14
10 9
5 25
23 15
16 14
11 6
16 0
31 28
28 30
5 12
2 23
32 8
18 6
18 32
22 19
4 20
1 28
2 4
31 14
31 30
13 27
17 4
15 17
18 25
8 7
11 20
11 0
28 24
3 24
4 1
4 2
13 18
23 26
32 10
24 17
11 13
33 19
23 7
20 5
1 18
5 28
13 28
33 13
33 10
31 33
31 18
30 9
17 17
25 30
12 20
15 27
14 22
2 15
4 11
5 29
5 26
18 1
24 31
1 10
12 12
28 19
7 27
1 0
30 22
5 4
33 7
12 13
18 27
7 6
29 10
30 15
27 7
10 13
24 9
27 30
33 33
23 20
14 17
21 3
9 14
23 19
26 23
32 5
22 5
26 21
5 15
0 6
0 32
18 10
21 5
32 11
32 16
31 21
14 10
19 22
11 12
9 27
18 26
16 31
10 4
8 32
0 5
3 31
1 12
12 17
22 33
18 15
5 1
0 15
23 31
6 6
24 0
14 30
5 24
8 19
12 26
6 29
21 19
20 11
9 33
11 29
27 16
18 16
1 16
1 26
1 4
15 30
33 21
20 19
22 25
15 20
7 10
13 25
4 3
21 1
4 8
14 3
25 29
7 20
31 24
13 6
26 16
14 26
6 9
12 31
20 17
7 21
14 31
10 31
6 10
13 31
31 31
10 19
10 20
26 25
28 26
8 26
3 27
17 21
9 30
7 30
30 25
7 7
31 19
9 11
3 10
6 24
1 29
32 29
21 27
21 8
0 31
20 24
6 14
30 10
32 2
13 9
28 20
11 2
12 10
26 4
30 29
29 16
31 3
13 22
26 0
23 25
21 14
29 24
22 27
15 28
12 7
17 23
24 5
9 1
14 13
18 22
17 9
30 16
14 24
26 26
28 6
25 33
12 11
28 16
12 15
9 22
21 18
10 1
4 16
19 26
21 13
18 0
24 23
18 13
27 32
9 2
26 29
29 29
2 5
3 26
23 5
16 25
8 16
15 9
23 33
9 18
9 17
2 13
33 3
20 16
10 24
19 6
23 9
9 7
24 22
6 7
20 22
6 23
1 30
14 19
28 15
11 4
19 16
29 26
32 30
17 15
0 3
1 8
10 25
21 23
19 33
3 33
7 16
29 33
22 13
29 30
28 7
24 10
15 8
10 22
5 11
16 2
14 18
15 25
4 31
14 5
19 20
6 16
22 24
27 27
22 4
33 16
8 11
27 5
3 28
4 15
19 18
5 10
24 26
15 16
15 5
6 20
2 22
8 27
21 17
3 20
29 25
25 4
21 28
27 33
33 8
1 9
13 20
11 30
31 6
11 28
14 20
33 20
12 29
25 6
26 1
13 19
12 16
0 8
27 12
25 28
10 21
24 33
29 15
28 32
0 9
24 14
19 27
3 7
2 29
31 32
22 8
4 7
6 25
10 15
8 23
11 16
28 27
29 11
32 18
6 11
20 27
17 30
21 11
26 13
8 29
8 22
21 2
5 6
26 14
18 28
19 15
11 25
29 13
25 25
30 19
12 14
22 11
25 22
29 14
0 14
21 20
2 9
8 1
16 17
27 29
9 0
10 27
30 8
22 15
28 29
4 28
16 18
12 27
19 8
4 25
23 18
23 6
0 12
1 27
7 25
7 31
26 22
19 28
33 4
16 9
33 15
4 13
14 14
2 0
15 11
0 23
27 0
29 27
6 26
19 11
16 22
12 23
32 33
19 7
29 18
17 16
16 16
4 5
19 9
29 21
23 3
10 16
16 1
20 7
8 4
20 1
18 14
5 3
23 1
14 29
0 19
19 30
20 2
9 28
1 25
3 8
25 14
3 5
4 27
26 30
11 32
9 12
16 32
2 14
1 24
27 9
17 5
24 6
27 11
6 19
11 11
26 17
0 16
23 14
32 27
