31 8 27
........T...........T..........
.........................T...T.
...T...........................
...T...T......................T
...........T...........T....T..
....T.....................TT...
...............................
...T.......T........T..........
.................T......T...T..
.........................T.....
..T..T........................T
...T........................T..
.T....T....T......T............
..........T......T....T........
...............................
T..............................
........T..T...................
............................T..
.............T.................
.........T.....................
...............................
.................T.............
T.......................T......
.......T.......................
..T......T..T...T....TT........
.........T....................T
........T........T.......T....T
.....T.........................
.............................T.
........T..T...................
.T.......T.........T...........
2 16
26 12
12 22
7 12
17 24
8 15
28 11
11 22
17 0
29 2
0 5
22 17
27 1
0 22
26 11
24 20
15 15
19 25
15 21
24 5
24 0
7 28
18 3
13 5
10 7
21 25
26 27
1 5
3 20
27 29
14 4
16 14
12 26
3 1
4 2
18 18
9 29
9 0
21 30
26 20
27 30
6 2
28 5
20 9
6 8
8 0
12 21
8 20
6 21
6 6
20 13
13 15
10 15
27 21
24 6
14 0
18 9
8 2
21 27
2 0
4 30
3 12
5 23
6 13
5 29
16 5
7 30
16 0
2 7
25 2
23 6
3 8
1 3
30 6
10 17
28 15
17 30
4 1
15 10
11 14
16 21
16 18
8 3
7 17
2 27
19 19
24 10
18 28
24 9
13 19
14 18
1 28
6 24
18 17
28 25
25 13
12 9
4 26
1 9
3 5
1 18
16 12
24 3
10 9
11 29
9 4
9 27
24 2
30 2
21 10
1 21
4 7
8 25
7 15
26 23
2 8
21 4
15 1
9 23
22 27
7 23
26 7
6 11
1 11
27 4
12 3
29 13
18 1
18 20
7 22
22 18
6 29
27 16
20 7
24 12
29 4
8 12
4 8
25 7
17 29
18 12
12 2
20 17
2 20
25 10
23 20
1 30
2 22
24 17
16 7
22 9
16 4
5 24
13 10
1 10
15 18
30 20
1 25
21 6
17 16
0 4
5 19
29 18
10 3
2 1
2 23
16 24
26 25
4 16
29 8
14 27
28 0
24 15
22 5
7 9
23 15
10 24
28 26
14 23
27 22
3 25
8 17
13 30
9 14
0 18
22 30
14 3
15 2
11 24
30 3
15 12
26 5
29 10
14 14
18 21
26 17
23 3
21 7
29 19
8 4
15 13
7 8
10 8
30 0
18 5
25 30
17 15
30 19
7 18
19 0
17 27
19 9
10 28
5 6
25 16
12 5
18 24
26 0
7 20
5 4
10 14
4 6
29 3
16 10
7 2
9 25
3 30
24 18
8 9
22 16
4 24
10 25
9 3
30 14
6 19
18 27
28 19
30 18
16 1
28 6
17 21
27 10
19 29
27 8
11 26
26 22
17 1
20 21
25 15
14 11
20 26
28 24
16 23
19 11
25 4
27 5
9 30
29 17
24 7
18 10
15 25
16 11
12 19
27 17
15 9
25 23
16 26
2 5
1 0
13 16
8 28
1 27
20 1
5 21
15 8
4 0
4 28
4 3
3 11
8 29
26 1
5 22
3 18
20 12
16 22
13 9
0 2
12 13
15 3
19 26
5 13
7 21
11 10
2 13
29 25
16 3
6 20
28 27
26 6
20 22
20 16
2 21
24 26
14 29
5 7
1 29
11 28
13 14
9 21
1 12
17 4
7 19
28 8
24 1
19 3
18 23
21 14
22 2
4 4
26 21
19 27
17 3
27 11
14 15
26 16
17 22
5 25
18 25
6 0
30 24
18 7
8 8
22 1
17 26
23 21
14 12
6 14
8 18
14 21
10 30
6 7
11 9
15 24
4 29
30 28
11 1
13 4
25 9
8 13
15 14
25 14
17 12
13 1
26 26
18 14
22 3
13 18
14 16
15 6
16 25
14 22
26 2
13 12
16 13
2 2
23 10
21 17
23 2
1 2
9 18
23 1
11 30
0 24
2 30
5 18
16 2
1 8
10 22
14 8
11 11
17 5
23 18
0 9
27 12
7 3
30 16
17 7
22 8
6 5
21 16
19 7
11 21
19 24
19 22
13 0
21 0
5 27
13 26
23 17
14 25
5 5
9 11
8 24
21 11
26 24
27 0
17 11
20 6
24 22
19 1
18 2
21 12
17 19
28 9
24 29
12 7
12 25
13 6
12 29
6 25
27 9
4 18
29 30
1 1
26 3
0 12
7 27
16 20
9 24
27 13
9 8
1 22
24 25
20 14
28 23
18 15
18 11
30 23
4 23
23 4
24 8
21 2
23 22
30 29
28 1
24 11
11 7
0 20
4 22
22 14
23 14
11 17
9 22
10 5
13 11
15 26
12 23
11 27
15 30
4 25
10 20
10 19
9 9
26 15
28 10
26 14
24 21
21 1
11 8
12 10
14 1
25 27
4 10
19 10
29 12
27 3
6 9
4 20
11 20
5 8
3 15
25 18
1 7
19 6
23 19
3 7
17 8
6 18
17 28
29 14
9 7
11 19
12 30
27 26
1 17
16 29
13 28
3 24
20 25
28 3
5 1
11 2
20 19
25 1
3 16
7 24
23 23
15 16
29 11
21 18
15 17
30 5
20 24
2 25
22 20
18 30
6 12
28 12
12 6
1 13
24 30
29 0
25 29
20 28
24 23
15 19
9 15
19 20
30 30
0 30
8 11
15 28
21 8
17 14
16 19
4 21
0 11
8 27
19 23
0 26
25 28
7 5
30 21
5 9
3 27
8 7
8 6
13 17
11 16
9 12
16 9
27 19
10 1
14 20
24 14
27 25
24 13
26 4
21 28
17 10
2 24
26 19
30 26
29 9
27 27
8 30
29 15
29 22
26 29
18 16
16 30
8 21
23 16
22 12
19 13
15 20
18 6
15 27
0 6
0 16
28 30
5 15
21 13
10 18
19 15
12 4
13 29
7 29
9 28
14 24
2 17
30 8
1 24
0 13
9 5
2 9
11 12
5 2
0 29
15 11
8 14
7 7
9 20
19 2
28 29
23 11
15 4
13 22
14 30
22 11
22 15
23 9
3 26
25 0
29 7
29 5
21 23
4 13
29 29
25 5
30 10
2 6
9 13
19 4
11 6
29 24
29 28
27 24
2 29
21 9
3 23
21 19
3 9
12 20
19 17
28 22
18 29
7 10
2 10
0 23
3 10
19 30
28 16
9 19
13 13
22 28
6 16
8 26
9 1
5 16
10 26
0 1
17 18
21 24
1 23
17 25
8 23
3 6
6 23
16 27
20 23
5 3
15 0
8 1
4 12
8 19
0 27
1 16
18 4
30 1
20 2
10 21
28 21
13 7
20 10
28 20
19 14
23 24
7 26
28 18
9 2
1 20
3 17
16 8
16 16
20 15
4 9
22 7
0 0
30 7
18 13
2 15
23 8
30 12
20 0
5 12
17 20
26 13
6 3
14 19
22 24
0 21
5 28
12 15
3 29
20 5
29 6
13 8
29 27
30 9
30 15
27 18
10 12
21 5
8 16
21 29
14 28
6 26
22 0
14 5
25 17
20 30
5 30
10 27
18 19
22 4
25 20
2 12
29 1
14 7
0 17
15 5
23 28
11 3
3 2
2 28
28 14
23 30
22 22
23 27
17 6
3 21
3 4
21 22
23 12
18 0
14 6
22 6
13 21
1 15
6 4
12 18
21 3
18 22
15 7
0 10
14 10
13 2
27 23
0 19
28 13
7 25
25 21
22 13
30 13
27 28
4 11
12 11
3 14
20 20
0 25
29 16
7 4
19 21
28 2
14 17
5 20
24 28
21 20
23 13
19 16
24 4
14 26
5 0
20 11
4 5
27 2
27 6
27 15
23 26
3 22
20 29
25 25
5 17
20 4
24 16
1 6
10 0
7 1
25 8
11 23
19 28
12 8
8 5
22 19
11 18
10 16
8 10
15 29
2 4
4 19
22 21
10 4
5 14
11 0
17 23
23 25
2 14
4 14
13 27
9 6
30 22
30 27
1 19
22 26
7 16
25 24
11 15
25 3
18 8
3 28
30 17
25 22
0 7
9 16
6 10
17 2
7 11
20 18
12 14
14 9
12 28
4 27
28 4
11 4
3 3
22 23
19 5
26 18
13 23
1 26
15 23
25 12
8 22
12 17
7 0
21 21
25 19
29 26
7 13
9 10
0 3
22 25
20 27
12 1
1 14
1 4
14 13
28 28
21 15
5 11
21 26
3 19
19 18
26 28
26 30
12 27
16 17
24 27
27 20
4 15
10 2
22 29
19 8
30 25
16 15
19 12
12 12
13 3
30 11
6 27
20 3
23 29
13 25
23 0
23 7
24 24
2 19
5 26
0 8
6 17
9 26
5 10
25 26
27 14
28 7
12 16
15 22
20 8
9 17
6 30
6 22
10 13
23 5
3 0
26 10
6 15
10 10
10 11
29 23
12 0
25 11
26 8
25 6
13 24
17 9
7 6
29 21
12 24
18 26
11 25
17 17
16 6
11 5
6 1
2 26
3 13
27 7
24 19
0 28
2 18
4 17
13 20
16 28
10 23
17 13
11 13
22 10
10 6
2 3
10 29
2 11
28 17
14 2
0 14
6 28
7 14
26 9
29 20
30 4
