39 6 10
..T.......T...T..............T.........
.......................................
.......................................
...........T..........T......T......T..
.........T....T.........T.....T........
..........T..........T.................
...T.T.T............T.....T.......T....
........T...T..........................
.T............T................T.......
...T.T......................T..........
..T.........T..........................
................................T......
......T....................T........T..
...........T..T....................T...
....T..............T...T..........T....
......T................................
....................................T..
.......................T..........T....
......T..TT.......T.......T........T...
.......T.........T...............T.....
.................................T.....
.......................................
.........T............T................
.......................................
...................T.T.......T.........
.......T....T..T......T................
....T.T..............T.................
.....................................T.
...............T........TT............T
..........T........................T...
...........T...................T.......
T.....T................................
........................T..T...........
...................T....T..............
.........T....................TT......T
..................T....................
.......................................
......T..................T...........T.
.....T........T........T...............
19 21
37 11
4 13
37 37
21 35
8 33
17 9
28 35
22 0
22 11
12 14
5 12
0 34
24 33
35 36
6 29
0 14
19 10
30 12
25 32
2 37
2 24
6 5
14 35
37 10
5 17
15 17
9 13
10 10
5 4
0 12
15 20
0 36
20 5
21 21
33 27
7 9
6 26
25 22
28 9
18 10
31 12
32 12
14 11
17 21
2 5
2 3
14 28
12 6
20 26
4 33
36 26
6 14
5 15
14 2
31 9
25 35
1 35
22 28
13 5
21 28
26 29
8 14
29 1
37 36
15 16
8 21
38 4
2 19
30 30
0 17
11 5
17 19
33 8
3 38
16 7
9 33
35 13
7 7
12 26
2 28
17 29
1 29
32 4
25 19
30 16
16 19
14 38
14 10
19 12
12 20
29 31
28 17
23 2
14 21
14 6
33 26
22 16
23 13
19 23
0 10
10 11
18 3
19 2
2 6
20 28
19 35
20 3
12 32
7 20
15 21
11 0
18 2
19 20
20 33
16 20
38 23
23 21
0 26
36 30
7 5
11 31
16 31
23 35
14 4
4 12
7 28
17 8
29 28
9 19
2 16
16 18
32 35
16 21
34 37
18 35
30 27
3 7
18 34
35 9
20 1
2 14
1 30
23 38
11 27
2 15
13 28
15 8
13 9
24 1
29 0
0 13
26 7
24 4
24 23
14 36
23 36
15 25
38 17
10 37
36 15
26 17
35 32
6 27
13 38
2 7
26 31
16 5
15 27
29 38
1 28
4 32
7 15
27 14
0 6
22 24
28 26
9 16
33 23
31 29
7 8
22 15
4 34
15 11
32 8
36 13
19 30
25 2
30 2
34 2
15 37
18 30
23 0
4 35
16 1
18 25
26 9
12 22
19 3
16 25
5 27
9 30
20 31
2 12
6 16
38 31
12 3
25 8
20 0
13 3
18 13
37 2
3 10
4 2
10 32
13 19
4 4
24 16
34 33
24 7
31 2
9 32
5 38
22 13
32 22
30 23
27 10
19 33
32 32
10 0
29 17
18 28
26 14
16 26
0 23
10 36
2 1
27 8
6 1
7 21
1 11
17 32
6 15
27 26
13 37
6 35
32 5
37 32
34 13
23 34
28 3
8 17
11 25
16 28
18 9
20 19
19 14
9 2
7 14
35 7
9 34
5 37
21 1
4 23
7 25
28 8
24 38
32 19
27 5
21 29
35 18
26 6
6 33
17 26
33 30
8 2
0 27
32 31
10 13
21 26
28 24
2 9
30 32
24 15
34 12
4 22
20 17
6 4
4 30
10 30
33 25
34 16
23 31
34 31
28 20
27 36
2 32
37 7
25 30
20 13
17 25
37 35
38 30
34 32
6 22
6 11
5 32
13 6
9 26
1 33
9 38
13 4
9 15
24 5
10 16
19 31
32 38
26 24
25 6
34 9
3 34
1 25
17 35
27 33
10 24
12 25
35 4
8 23
36 35
23 3
16 30
27 16
12 1
20 12
22 12
36 8
3 16
13 27
37 33
3 15
18 33
25 13
4 15
21 4
25 9
24 9
1 5
18 7
13 0
37 19
34 6
3 30
34 30
3 2
15 4
30 17
27 28
18 4
11 4
22 2
2 25
27 37
36 38
5 16
28 6
23 11
0 24
2 11
15 22
19 36
14 32
35 28
29 35
27 31
37 5
36 27
10 26
13 12
23 15
12 17
5 14
22 33
21 31
27 3
15 14
17 22
29 21
36 6
37 20
35 30
29 29
31 24
38 0
21 10
33 29
26 25
15 19
38 12
12 9
17 6
22 10
8 10
1 32
9 25
24 21
38 27
5 23
15 15
28 19
6 31
15 32
13 25
13 20
9 4
26 38
14 24
0 25
5 0
30 1
16 15
1 31
0 35
28 28
15 9
1 6
37 13
26 21
37 1
22 18
10 7
26 19
10 20
33 22
31 33
7 4
34 1
26 16
28 21
4 8
34 17
6 25
29 5
38 36
23 22
3 20
3 26
1 27
22 31
20 16
35 35
11 18
13 30
25 20
35 19
3 25
34 5
28 15
14 23
19 32
6 38
16 38
36 19
11 11
14 12
23 24
23 12
38 28
6 28
36 28
35 27
28 0
33 18
13 32
36 20
11 26
23 37
21 5
19 11
7 19
2 33
21 33
27 12
9 24
32 27
33 31
34 18
15 26
30 5
8 30
25 31
25 29
11 30
30 8
34 4
25 12
19 18
5 1
3 0
31 6
14 19
17 12
26 1
36 36
30 9
20 23
8 6
17 0
37 22
11 32
31 28
3 6
27 25
20 4
21 15
23 6
4 10
35 22
32 26
32 21
31 11
6 30
8 31
21 17
38 19
35 10
1 26
27 35
1 21
28 30
38 33
13 36
13 31
21 6
25 37
4 20
1 13
5 35
1 19
16 34
8 5
5 29
22 5
31 36
14 34
10 33
21 38
36 0
33 9
19 27
2 36
14 5
3 12
3 4
30 38
4 19
34 22
24 13
29 16
12 23
30 15
36 31
7 3
27 13
9 5
21 23
12 38
32 30
3 33
23 25
1 12
26 12
20 9
14 9
22 37
35 34
14 18
13 26
1 17
22 36
8 28
27 7
22 1
25 16
30 28
32 29
33 38
10 2
23 32
21 20
4 11
1 38
24 27
0 21
19 7
11 21
33 32
32 13
31 34
30 13
22 19
13 8
35 1
33 5
28 33
9 3
3 17
24 34
28 10
21 25
7 32
29 11
12 31
36 1
28 29
32 10
4 5
38 9
18 29
13 10
27 24
32 7
0 8
2 26
0 38
23 10
31 38
11 33
11 3
11 19
5 33
14 8
37 25
38 5
1 2
18 17
9 27
3 36
28 16
25 15
29 30
32 0
23 8
37 28
14 30
27 32
23 1
22 32
30 3
11 38
16 14
2 18
20 18
19 22
12 36
7 16
32 23
38 35
14 1
5 7
13 23
3 24
8 16
38 25
31 35
13 34
25 33
2 17
32 15
28 23
0 22
13 35
32 28
8 20
25 14
15 33
8 18
32 1
1 8
26 15
35 16
2 31
29 23
18 31
26 34
21 30
37 17
12 19
22 35
36 23
26 32
6 24
28 31
18 8
20 34
23 20
32 11
11 36
4 25
10 19
23 18
36 12
6 23
24 37
33 6
38 11
27 0
7 12
29 19
37 14
25 23
28 2
26 3
14 14
21 37
31 8
4 7
21 3
9 21
20 7
35 21
37 21
27 27
29 20
29 32
7 37
38 1
31 31
22 14
33 0
6 9
22 9
11 22
5 25
34 26
14 3
3 9
32 16
37 27
30 25
24 36
35 8
10 25
37 23
24 22
1 18
26 27
9 28
33 20
10 38
31 17
33 4
4 0
33 3
33 37
29 10
14 31
27 11
19 1
8 34
21 12
24 20
31 22
15 35
5 21
30 26
38 3
25 0
31 15
25 28
15 12
32 33
25 26
6 34
4 26
11 12
17 34
0 0
29 25
0 3
10 5
33 35
35 37
16 2
29 18
36 33
26 23
32 20
38 6
9 36
2 27
30 21
1 1
17 23
37 29
17 18
16 33
15 28
0 7
13 24
22 34
37 30
28 11
8 0
23 5
3 3
7 34
19 13
19 17
8 7
0 2
24 19
27 23
35 31
1 3
31 30
35 15
18 12
13 21
3 22
6 0
21 24
26 30
30 29
16 3
27 9
9 22
18 24
8 4
26 33
10 15
16 8
0 20
25 7
13 33
5 8
16 13
34 20
5 6
13 16
20 6
17 15
16 27
34 3
6 18
5 28
38 38
26 37
25 11
13 15
22 17
29 14
33 34
33 21
24 6
3 37
18 14
20 30
37 12
38 24
1 34
14 16
37 15
5 34
2 0
32 3
3 11
26 26
24 10
8 15
23 30
22 7
19 37
36 14
36 7
11 35
36 11
1 24
0 37
37 38
38 22
0 9
1 0
7 29
1 10
4 21
23 17
0 33
8 9
32 6
12 16
8 37
29 37
33 1
27 21
31 10
16 24
29 9
29 2
26 28
3 27
5 20
12 35
5 30
19 6
27 30
30 37
18 5
24 11
36 10
38 8
18 38
11 16
4 3
10 21
29 26
20 29
28 7
32 37
18 37
29 15
17 30
17 37
7 22
7 10
7 36
5 31
7 23
36 24
32 25
30 6
8 27
8 3
16 10
5 36
23 33
22 26
17 10
13 13
23 29
11 1
16 23
32 14
36 32
3 18
21 11
38 16
22 23
28 1
36 4
14 22
5 5
11 24
10 1
12 10
29 27
34 14
33 17
1 16
34 38
30 20
12 0
27 29
36 5
18 1
38 2
24 28
14 0
38 15
17 2
6 6
24 29
25 18
8 13
31 14
36 29
30 24
35 29
9 37
5 13
24 8
31 23
0 31
12 21
34 29
5 10
16 29
8 25
12 12
4 6
16 12
34 19
7 35
9 17
33 36
7 13
13 18
21 34
35 0
18 16
14 29
17 28
18 32
34 7
37 8
4 37
18 22
10 23
4 1
22 22
31 0
15 24
0 32
8 22
6 2
16 0
9 31
34 0
14 33
1 14
29 24
5 18
21 9
28 38
8 38
17 7
15 13
18 36
22 20
10 4
37 24
19 19
25 38
31 13
8 19
36 3
7 26
21 32
22 29
25 21
10 29
11 6
16 11
37 26
20 25
19 16
6 3
4 27
0 5
12 8
24 0
29 13
22 4
20 35
11 23
3 21
25 10
11 10
33 33
17 24
27 4
13 1
13 14
20 21
8 35
0 11
19 15
37 3
32 34
29 8
12 37
11 9
21 22
8 36
34 24
34 8
17 27
11 28
31 1
3 35
1 36
13 7
34 10
35 5
7 6
3 23
16 36
17 13
26 10
0 4
7 18
33 12
1 7
26 2
4 17
4 36
10 27
17 20
28 14
35 11
30 33
21 14
21 16
28 32
24 24
11 13
31 25
20 15
15 34
30 4
25 17
35 25
10 22
25 36
23 19
16 35
22 21
30 0
19 26
31 19
3 31
16 9
34 36
27 2
7 31
10 34
33 13
4 29
22 8
16 32
22 6
37 0
21 27
35 2
9 14
10 6
34 21
33 24
8 1
33 15
38 7
35 17
15 10
31 32
34 11
21 19
6 21
21 8
35 20
10 31
33 7
7 11
32 17
26 8
10 35
30 7
27 38
17 14
24 2
24 3
31 16
24 17
20 22
20 20
24 35
15 1
31 5
23 9
7 24
9 7
31 3
19 28
3 1
2 22
12 24
11 2
21 7
12 15
34 15
35 23
33 14
14 27
25 27
31 18
18 20
37 9
28 13
15 36
7 0
23 27
5 19
1 37
31 37
30 11
29 22
24 14
15 29
2 29
20 24
28 37
18 27
28 5
10 8
32 36
30 31
10 3
28 27
19 8
15 30
0 15
28 18
19 24
14 15
5 9
11 14
23 14
16 6
33 16
25 24
1 4
9 35
36 37
3 32
34 25
14 25
18 6
13 11
29 34
4 14
6 32
22 38
31 7
15 3
34 34
12 18
20 10
9 29
8 8
12 29
30 36
19 34
16 4
38 26
0 1
27 6
24 26
30 14
38 10
33 19
11 34
9 20
11 8
6 36
38 20
8 24
7 17
25 25
14 13
0 30
17 16
32 9
4 9
5 24
6 20
27 19
29 33
22 25
29 3
14 17
20 2
23 28
27 1
15 0
10 14
6 12
37 31
12 13
26 5
6 19
17 33
20 8
11 15
31 4
37 16
3 29
18 18
12 33
23 26
21 36
0 16
29 12
35 38
8 12
4 24
8 11
22 27
21 2
36 17
3 8
35 26
12 28
20 36
15 5
11 37
12 5
33 11
33 2
30 10
1 23
14 26
9 0
17 38
24 32
36 9
18 11
10 28
25 5
9 11
1 22
2 21
2 34
2 30
35 33
38 13
2 35
10 17
10 9
36 22
5 11
17 5
9 18
5 22
19 0
22 3
37 34
16 17
2 8
0 18
17 36
36 21
12 34
17 17
34 23
2 38
15 38
25 34
9 1
11 17
30 34
24 30
4 38
18 0
20 32
15 6
12 4
16 22
3 28
0 28
17 3
36 34
28 36
0 29
11 20
3 5
1 15
26 13
23 23
5 26
28 22
27 15
7 38
26 0
8 32
2 2
26 4
27 20
13 2
36 18
12 30
1 20
27 18
28 25
30 19
26 20
9 9
6 10
37 18
24 18
36 16
14 7
3 19
4 28
32 2
20 38
26 36
7 30
16 37
27 17
28 4
32 18
4 18
3 13
14 37
2 4
7 33
30 18
38 21
7 1
15 18
15 31
38 32
7 27
31 21
33 10
19 29
26 22
11 29
23 7
35 14
17 11
18 26
29 36
2 13
38 18
38 37
17 4
27 22
8 26
5 3
20 37
20 14
15 7
29 6
19 38
34 28
26 11
38 14
18 19
34 35
12 7
25 1
24 25
38 34
10 12
19 9
31 20
9 10
18 21
32 24
4 31
15 2
22 30
25 4
34 27
12 11
18 15
15 23
20 11
23 16
16 16
12 2
27 34
6 37
30 35
35 3
21 18
18 23
33 28
9 12
23 4
31 27
21 13
7 2
6 17
38 29
29 4
21 0
19 4
35 12
1 9
17 1
8 29
17 31
13 17
6 7
19 25
6 8
9 8
3 14
20 27
9 23
29 7
14 20
2 20
10 18
31 26
36 2
30 22
6 13
4 16
24 12
12 27
26 18
35 6
24 31
11 7
26 35
19 5
25 3
13 29
2 23
2 10
28 12
37 6
28 34
37 4
5 2
13 22
35 24
9 6
36 25
