40 3 28
..........T.....T.......................
T.......T...............................
.T....................................T.
...T....T.............................T.
................................TT....T.
........................................
......................T.....T.........T.
.............................T..........
...........T............................
.......................T................
........T....T..........................
........................................
............................T...........
.................................T..T...
........T...............................
..............T..............TT...T.....
.....T.....T.................T..........
..........T.T...................T.......
........................................
...............................T........
......T................T................
.............................T......T...
........................................
........................................
...............T...........T.........T..
......T......................T..........
T...............T.......................
.T.....T.......T..................T.....
........T......T........................
..............................T.........
T..........T............T......T........
..T...T................T................
..........T.............................
...........................T............
...............T.................T......
.............T..........................
.........T..............................
...........................T.T..........
..........T...........T..T..............
.............................T..........
1 8
9 15
18 10
24 27
28 1
28 34
27 10
12 8
18 26
20 37
18 8
15 6
38 36
17 23
15 20
9 39
2 24
16 28
21 35
30 0
2 17
22 27
20 28
24 12
11 15
38 16
16 11
22 3
10 6
36 13
29 32
18 37
25 12
37 6
18 18
22 11
17 1
16 36
37 9
20 30
14 26
27 18
26 2
32 1
28 30
3 3
36 38
35 19
10 37
4 34
27 7
27 28
33 34
23 33
4 0
15 16
23 31
22 36
29 4
0 28
24 21
29 20
22 34
13 34
31 30
7 13
1 16
14 15
14 9
16 31
15 21
13 18
7 22
33 4
23 24
38 10
11 14
35 22
36 8
24 6
38 7
26 16
37 19
23 4
37 1
39 29
16 18
36 16
6 13
34 12
9 35
38 39
0 27
15 22
25 20
31 1
20 18
27 14
1 12
0 3
0 10
39 39
5 3
37 26
25 36
24 36
16 26
35 11
39 30
4 28
11 6
19 29
22 22
37 37
2 19
2 16
1 34
39 11
39 8
30 14
24 17
29 15
13 33
7 16
37 24
24 11
17 9
8 9
1 20
24 35
17 34
38 22
38 18
3 13
32 6
10 0
30 11
38 29
34 11
3 6
8 23
8 25
25 6
22 35
38 24
14 33
34 35
20 19
9 27
11 22
18 0
18 38
0 38
30 36
37 3
3 31
15 27
35 1
2 9
21 37
18 36
35 23
12 4
19 21
19 6
16 5
15 29
34 34
4 6
21 0
28 36
17 29
2 27
21 34
5 1
8 15
3 8
17 25
4 12
7 33
20 6
27 16
22 6
14 30
19 28
23 5
3 0
12 6
12 37
0 34
4 25
31 12
38 11
31 32
21 25
13 11
17 35
4 7
14 10
33 39
31 15
0 31
34 22
7 39
32 15
22 17
22 5
3 1
24 26
30 3
14 4
39 10
5 9
5 6
22 30
26 17
11 21
25 3
27 36
29 22
23 32
37 27
39 28
9 37
39 14
22 15
18 16
25 10
26 9
13 1
16 23
11 4
4 4
11 23
13 13
14 11
23 39
33 3
3 26
12 2
26 37
15 15
28 27
9 19
2 33
25 7
24 10
32 28
28 29
10 10
21 33
12 7
20 32
21 21
1 2
19 22
34 29
27 27
29 9
9 31
19 35
3 35
31 39
5 18
6 37
24 9
3 4
13 23
6 18
0 17
6 32
7 23
30 5
31 35
7 14
26 7
14 36
25 38
13 31
5 32
31 18
6 5
4 21
15 35
32 36
10 36
23 20
22 10
8 22
12 28
5 24
29 24
28 31
0 22
34 16
2 29
38 17
14 38
23 11
5 19
28 12
34 3
21 13
14 1
11 29
33 6
14 7
2 0
32 21
7 0
9 28
11 27
21 12
1 30
32 20
31 3
7 6
29 25
8 20
25 25
27 39
36 32
14 23
27 0
15 26
27 23
10 16
16 13
33 9
35 37
37 38
38 28
36 15
17 8
1 9
12 13
21 23
24 33
13 2
32 9
26 21
35 26
31 22
29 27
2 20
36 22
17 37
12 33
35 13
33 29
6 34
0 11
36 3
1 18
39 36
36 26
37 7
12 31
10 7
30 38
10 3
30 17
20 3
25 32
9 32
4 18
8 30
35 12
0 13
7 15
22 0
18 35
25 39
27 33
16 34
11 16
39 12
38 13
25 24
32 38
0 36
13 15
18 4
6 14
28 2
4 30
34 6
28 17
25 30
6 9
30 16
0 24
16 38
25 8
26 39
35 36
16 8
37 30
3 18
28 32
25 22
12 39
17 7
33 35
1 10
18 28
16 20
30 29
32 37
22 38
13 6
21 10
30 31
30 35
3 10
36 34
39 27
14 19
5 26
8 13
2 7
4 35
34 26
32 14
24 37
1 33
5 12
39 2
6 39
38 31
16 2
31 33
6 35
20 38
12 18
31 0
2 3
36 14
34 39
27 8
39 6
35 14
34 18
28 26
11 9
21 6
36 29
38 33
10 31
28 14
23 28
15 24
3 19
22 7
26 11
6 19
1 32
31 37
8 24
7 9
26 26
16 0
10 19
32 19
31 21
4 39
9 21
33 24
25 21
21 30
14 22
26 27
30 7
11 39
34 31
37 29
15 7
10 12
25 9
25 1
19 15
36 1
7 32
27 15
29 10
8 7
4 14
28 3
1 25
14 27
12 1
36 21
3 2
9 29
35 31
9 33
31 34
5 37
11 33
34 30
29 3
15 28
26 12
9 13
17 28
23 13
9 25
22 28
20 5
24 14
17 26
31 23
38 23
39 18
32 16
29 21
21 17
34 19
11 20
23 37
22 4
1 14
36 11
26 23
9 1
10 24
10 4
35 35
16 7
20 12
19 5
13 0
38 14
18 25
1 6
27 11
39 0
26 20
3 14
11 1
34 15
19 37
8 18
29 6
2 8
25 14
27 13
5 33
3 16
17 4
30 12
30 32
33 10
29 30
22 29
33 37
18 14
8 33
6 25
23 19
9 7
22 19
30 27
13 8
36 19
16 33
4 9
3 25
36 37
6 11
33 20
32 3
31 31
9 18
1 23
32 39
35 4
13 7
2 34
16 21
18 34
18 20
30 25
22 2
21 16
13 35
13 12
38 15
20 27
32 5
38 38
33 26
31 38
12 20
5 36
8 8
34 10
11 11
37 33
27 32
0 1
10 22
24 2
8 37
20 39
9 8
10 11
21 28
13 14
13 30
0 8
1 7
7 31
4 22
14 39
8 2
13 5
28 21
1 39
20 29
26 18
19 13
29 39
17 5
15 0
8 3
7 27
32 12
23 22
26 14
31 24
3 15
11 30
3 28
15 18
19 39
37 39
23 29
18 32
24 34
10 8
26 13
7 12
2 2
1 28
23 9
0 6
19 26
37 32
5 2
2 18
26 35
18 7
34 2
1 37
18 39
37 16
0 0
21 31
21 15
33 16
30 19
19 20
19 36
1 26
6 6
38 20
24 23
11 8
27 22
36 17
10 32
36 10
39 37
25 34
19 1
24 32
36 33
39 21
17 6
11 32
7 24
15 9
39 35
15 19
28 20
8 34
25 13
28 33
17 20
33 28
13 36
32 31
36 4
23 35
33 2
28 8
8 32
17 13
10 13
38 9
8 0
31 36
33 19
12 17
12 0
10 29
32 22
38 25
20 25
38 6
4 2
13 16
23 21
16 24
8 12
10 5
21 19
8 21
38 5
25 29
32 8
30 24
27 6
14 21
23 38
12 11
13 19
35 6
7 34
18 9
35 17
28 7
15 14
7 5
16 25
10 15
7 2
38 30
8 39
19 16
37 2
13 28
5 13
10 33
9 26
24 38
3 27
13 9
30 8
19 25
18 15
35 18
6 24
35 34
28 19
27 31
20 22
23 6
7 19
4 20
39 1
24 31
6 29
15 2
2 6
31 10
13 17
22 26
37 25
15 10
23 8
21 26
18 29
7 10
39 20
19 3
2 14
6 30
8 16
2 1
21 3
34 13
9 24
10 26
11 13
36 18
12 15
2 35
6 2
19 19
36 7
27 2
28 22
31 2
10 17
24 1
12 23
35 8
33 25
0 14
15 31
24 8
9 23
23 16
4 10
13 24
22 21
12 35
17 0
5 21
35 27
25 11
1 38
20 23
12 30
0 30
20 8
0 7
37 0
28 23
6 12
37 34
37 23
16 35
10 39
10 23
17 17
32 25
0 19
15 39
14 0
16 17
17 22
14 24
21 7
8 29
2 38
1 36
38 3
36 20
8 35
8 5
15 30
19 8
26 10
31 25
34 14
33 14
15 11
35 16
23 1
15 17
36 2
29 16
5 5
10 35
34 25
16 27
35 29
33 22
38 32
19 33
4 37
34 7
19 32
39 33
32 24
15 25
3 21
38 2
29 5
37 17
1 4
16 10
6 15
5 31
25 0
31 26
33 30
0 4
6 22
29 1
35 25
0 39
30 26
17 31
34 36
20 13
13 20
33 7
9 34
36 24
26 4
29 13
2 12
33 32
4 1
33 33
37 5
4 11
7 20
14 32
18 22
3 36
33 12
18 17
31 9
14 34
20 24
18 24
11 2
11 5
5 11
12 24
10 2
3 7
12 5
23 2
39 4
30 33
38 35
25 33
4 17
20 4
12 3
19 31
27 38
20 17
22 39
10 9
17 24
39 25
36 35
24 7
13 26
19 34
35 2
28 25
17 2
1 24
30 22
21 8
1 13
24 4
22 12
2 37
38 21
1 1
35 33
39 23
5 29
9 12
20 31
26 5
7 26
39 5
16 30
18 12
20 14
16 32
31 7
5 27
27 5
21 11
36 9
30 4
26 15
32 32
21 20
14 3
34 21
5 17
23 36
6 31
28 0
38 34
0 26
16 15
32 30
2 26
1 22
25 28
1 17
5 16
3 11
22 23
19 10
25 17
32 26
22 37
3 23
30 18
12 32
37 18
12 21
9 11
9 38
9 2
34 33
15 36
28 38
39 7
14 25
4 33
27 12
37 21
10 20
19 11
8 4
14 18
20 16
26 38
22 20
31 17
2 32
33 31
17 3
33 1
9 16
8 36
18 23
35 30
8 14
27 34
1 5
37 10
28 4
19 27
21 18
0 18
26 36
6 36
21 9
28 9
25 2
1 11
36 12
26 8
39 16
22 24
21 36
24 20
35 24
16 16
33 13
39 17
13 27
27 4
30 30
14 8
33 21
23 34
34 28
16 6
35 32
31 8
19 12
17 30
12 27
35 10
6 21
19 23
27 9
28 15
18 19
12 9
35 20
22 1
32 18
34 37
4 3
30 9
17 11
35 7
3 5
6 20
19 38
28 11
9 5
12 34
16 3
31 19
37 35
29 31
23 12
1 21
31 5
30 2
36 27
11 31
38 0
29 17
34 24
0 9
10 27
11 19
28 39
26 0
26 3
2 23
32 23
27 20
27 3
1 35
25 23
18 21
26 32
37 14
31 13
28 13
39 3
33 11
6 23
16 39
18 11
30 23
9 30
25 16
8 6
4 15
21 24
11 10
24 19
19 24
3 33
7 36
2 21
13 39
18 33
0 15
3 30
29 29
14 6
2 13
30 39
37 31
34 27
14 28
5 20
15 8
23 0
10 18
32 2
12 25
6 3
21 14
17 21
2 22
19 0
27 24
32 29
17 32
22 13
17 27
33 27
5 0
3 20
39 22
15 23
28 35
10 30
26 28
5 7
0 2
34 0
25 19
30 20
24 15
24 29
25 15
39 19
9 22
17 10
39 15
39 38
8 28
24 28
35 5
11 3
3 32
29 8
22 16
4 29
20 20
20 15
33 5
21 39
1 15
26 30
25 35
17 36
20 1
4 32
39 31
13 10
23 30
3 34
2 10
13 29
26 29
26 33
26 31
36 23
17 18
3 29
27 21
30 21
33 17
6 7
2 39
18 1
34 32
18 30
10 38
35 28
24 13
6 38
15 33
19 30
14 2
9 17
12 38
5 22
14 17
0 29
14 5
37 13
24 0
25 4
7 21
18 13
16 19
21 22
12 26
29 37
24 5
32 0
22 14
29 2
11 17
14 31
16 22
1 29
38 27
5 35
34 1
14 20
8 11
30 6
22 31
22 8
35 3
3 38
17 38
6 8
14 13
9 36
20 11
28 18
4 5
29 34
29 33
7 8
37 8
27 29
36 28
30 10
15 37
29 19
12 36
39 26
37 11
37 12
0 16
8 26
36 5
36 36
27 19
15 38
37 22
13 25
24 3
35 21
16 37
23 14
37 15
7 38
14 37
39 32
12 19
8 17
29 26
30 1
28 16
34 17
23 17
32 13
5 28
28 10
21 2
36 31
6 28
39 34
31 4
5 25
26 6
8 31
17 12
5 14
13 37
20 36
31 16
31 20
11 37
29 35
38 1
22 32
22 33
0 32
11 12
11 26
36 25
11 34
9 9
16 4
21 38
16 12
21 29
25 5
16 14
20 9
29 12
28 5
34 20
33 18
26 24
35 38
3 24
17 39
11 28
24 39
13 38
6 1
5 23
4 13
20 35
4 27
31 11
34 9
29 23
15 3
38 37
21 5
10 14
18 5
4 38
11 38
27 30
4 26
3 9
17 33
20 2
27 1
5 30
32 4
11 0
14 14
6 16
30 28
12 29
25 31
9 0
16 9
0 23
13 3
37 20
25 18
7 17
27 17
6 4
14 12
4 19
31 6
13 22
20 26
7 28
10 34
7 3
36 39
18 31
2 15
11 25
28 37
6 0
25 26
23 27
23 23
18 27
4 36
17 15
2 28
29 18
14 29
19 9
38 8
37 4
9 10
5 34
7 18
27 35
15 13
5 15
3 22
7 29
32 35
29 0
7 35
0 37
27 25
21 4
0 25
4 8
7 30
32 17
39 24
4 24
4 23
18 3
23 3
26 25
24 16
7 37
36 30
32 7
32 34
38 19
15 4
29 14
8 38
23 18
26 19
13 21
24 22
23 15
15 34
19 18
24 25
5 8
30 13
2 25
12 22
24 30
1 19
38 26
7 7
6 27
5 10
21 27
25 27
33 38
17 19
24 24
19 4
0 5
28 6
3 17
35 15
16 29
36 6
22 25
18 6
32 11
14 35
37 28
8 27
6 26
35 0
26 1
9 14
32 27
16 1
34 38
20 0
20 21
38 12
13 4
7 1
34 23
11 7
14 16
21 1
19 7
8 1
0 12
36 0
9 3
34 5
20 34
6 10
9 4
27 37
34 4
33 0
31 28
11 35
23 26
8 10
38 4
25 37
32 33
5 4
26 34
0 33
19 2
20 7
10 1
4 16
2 4
15 1
2 31
21 32
12 10
22 9
2 5
39 9
29 38
28 24
39 13
30 34
23 25
1 3
24 18
6 17
7 4
33 8
29 28
5 39
19 14
0 21
33 23
12 12
35 39
35 9
33 15
18 2
10 21
32 10
10 25
17 14
2 11
15 5
28 28
30 15
29 36
0 35
3 37
34 8
20 10
11 36
17 16
1 27
2 30
7 25
23 7
7 11
27 26
12 14
31 29
11 24
29 11
9 20
23 10
5 38
29 7
31 14
26 22
1 31
30 37
19 17
1 0
10 28
15 32
11 18
4 31
6 33
9 6
15 12
3 39
31 27
13 32
37 36
2 36
8 19
33 36
22 18
20 33
3 12
12 16
