31 21 25
..............T....T....T......
..T..T.....T....T..T.T..T....T.
.............T.......T.....T...
..........T..............T..T..
..............T........T....T..
T...............T..............
.................T.T.........T.
........T.T...............T....
.T............................T
.........T........T.......T....
....................T..........
.......T..........TT...........
......................T........
...T.T....T..T..T..............
...........................T...
...T...T...T.................T.
.T...T.........T..T.....T.T.T.T
.................T.............
....T..T....................T..
...............T.......T...T...
...............T..T......TT....
T...T...T....TT...T.T..........
......T.......................T
.....T.........................
........T...TT.........TTT.....
...............T......T..T..T.T
.........T............T........
............T..................
...........T...................
.........................T..T..
.........T..........T..........
8 17
11 25
16 28
19 12
26 30
29 18
2 12
0 4
19 16
16 21
10 6
5 16
4 30
7 17
12 17
3 11
4 0
28 21
27 17
15 3
0 26
23 4
9 27
3 24
5 1
0 3
2 1
9 6
10 13
20 7
9 24
29 28
0 7
1 27
10 21
16 20
15 9
21 11
4 18
17 13
7 23
25 30
25 23
18 25
5 23
21 8
20 10
15 28
13 27
0 12
18 18
1 9
5 2
9 12
20 23
3 1
0 27
12 8
13 24
11 2
28 5
20 14
26 6
21 20
2 24
15 0
7 24
5 6
5 29
3 13
23 26
3 6
23 18
18 26
29 2
30 14
7 18
13 29
20 12
27 26
3 17
23 13
24 27
9 28
28 27
25 3
14 4
1 6
22 27
2 17
18 1
30 21
17 26
28 23
16 27
11 27
13 15
26 28
6 22
19 24
8 20
19 1
6 1
24 12
28 26
23 22
21 19
13 9
11 13
7 3
16 30
19 9
11 14
19 11
28 10
3 5
28 17
10 1
0 21
1 0
21 2
17 28
19 19
29 20
27 3
16 17
30 18
0 30
12 14
22 16
14 26
21 28
6 23
28 12
25 0
9 11
26 8
1 12
4 4
20 24
27 19
26 1
5 0
13 16
19 29
10 19
29 25
4 23
18 17
24 22
29 26
23 17
12 18
25 27
10 10
18 2
6 13
24 7
26 2
30 24
10 7
12 16
4 7
2 11
4 29
12 22
8 16
0 24
16 5
26 29
27 9
29 5
12 1
29 0
27 8
15 7
25 26
28 13
29 17
4 16
4 28
27 28
4 21
12 20
7 26
30 23
17 8
2 18
2 2
21 14
0 23
10 16
26 21
6 25
9 9
13 3
26 23
1 8
5 30
20 17
15 25
22 28
29 9
20 25
12 0
23 6
13 23
11 26
0 11
24 17
20 22
24 2
24 0
12 4
22 15
29 8
26 22
20 8
26 10
23 25
6 20
8 26
22 20
19 0
10 18
9 19
5 27
28 20
3 16
4 2
11 20
16 15
17 17
6 0
23 20
16 4
12 24
5 14
8 27
13 19
5 20
29 14
15 19
12 7
17 25
26 16
7 11
14 21
25 7
30 20
3 30
27 11
20 19
9 10
15 10
15 15
20 29
20 16
21 7
0 5
7 10
21 18
10 23
1 23
28 25
19 14
14 7
24 15
18 16
26 9
20 13
2 4
8 15
3 2
21 5
6 29
10 14
10 4
4 22
21 23
28 30
19 28
15 11
30 0
25 4
14 28
24 9
9 25
30 4
9 15
27 23
29 24
5 11
9 26
5 3
4 15
30 22
29 27
0 10
1 24
16 23
24 29
8 11
3 29
20 18
18 7
2 29
26 19
6 17
23 15
9 23
18 22
11 0
16 24
17 3
22 14
15 13
26 17
9 29
30 2
4 12
27 16
16 2
6 9
16 3
9 22
14 5
20 2
5 4
14 3
18 4
13 12
6 12
12 3
6 28
1 7
2 6
21 16
22 19
3 0
26 0
25 20
24 6
9 21
22 10
21 13
30 9
0 14
22 21
24 13
8 10
13 22
16 9
10 20
3 20
19 10
30 13
11 19
7 4
20 27
27 7
6 7
23 7
4 25
4 9
7 29
3 19
26 14
30 27
25 10
20 5
8 7
5 7
27 13
25 17
15 17
7 19
29 1
26 3
19 27
1 18
16 18
12 30
22 5
14 13
5 25
21 27
27 21
25 6
19 2
5 22
7 15
18 23
23 3
14 0
30 30
14 30
2 0
18 19
30 6
21 30
11 12
18 30
17 6
0 0
29 10
18 27
18 9
6 21
16 19
30 11
1 5
17 27
14 17
19 18
8 8
8 19
28 8
21 9
8 5
6 15
27 12
16 1
14 19
11 3
26 7
17 10
29 23
6 6
14 1
26 12
16 29
26 13
24 30
7 7
30 16
12 19
20 11
23 27
22 8
17 21
22 4
8 6
19 6
7 2
8 2
2 30
21 6
20 28
7 8
9 1
14 10
24 5
9 30
8 21
13 10
12 29
29 12
21 1
1 3
24 16
26 4
18 11
9 7
25 1
19 13
10 3
30 1
28 28
7 27
22 6
17 29
7 14
13 7
13 21
14 29
1 15
23 30
17 30
7 30
23 29
21 0
14 25
29 29
22 17
24 3
23 0
8 29
0 28
16 12
18 14
7 13
30 29
23 16
7 22
28 9
13 17
3 9
15 14
24 24
20 1
22 29
7 9
9 5
15 21
6 4
6 8
9 20
10 30
12 5
1 16
14 20
3 15
28 15
3 14
22 9
28 1
28 24
12 6
13 30
25 11
7 12
28 16
29 11
29 19
29 3
19 22
5 12
15 20
6 18
5 10
20 21
20 4
22 7
10 9
22 1
3 7
26 5
2 15
9 0
23 19
23 28
9 17
14 8
1 2
25 8
5 9
8 22
15 22
12 25
12 23
17 2
20 9
15 8
3 28
7 21
2 20
16 14
19 7
17 18
23 2
12 11
14 9
0 29
27 22
14 12
28 7
4 13
23 8
2 13
24 20
27 29
2 26
15 29
12 13
0 13
18 6
3 18
22 2
11 24
25 12
15 24
18 24
13 5
16 8
23 24
29 15
19 26
21 29
28 29
19 17
30 25
25 28
23 23
25 15
15 30
27 18
2 19
11 5
2 21
17 7
15 12
29 16
1 4
21 24
8 3
28 11
23 5
30 19
11 8
13 25
8 13
2 27
12 2
16 0
16 7
24 23
24 18
10 15
10 2
4 26
16 13
21 17
2 10
0 20
19 5
20 3
21 22
27 0
24 28
18 15
5 15
11 28
6 5
8 30
15 5
19 25
11 23
11 7
8 0
16 10
16 11
5 17
28 4
11 30
4 3
28 22
6 26
2 7
27 24
15 27
14 22
23 1
1 13
12 9
0 9
24 21
18 8
16 25
12 27
15 6
10 12
27 10
27 14
10 24
19 30
22 26
7 6
23 10
1 26
10 0
1 30
24 11
18 21
17 24
9 18
23 14
7 1
3 21
1 25
14 2
11 1
27 1
6 3
9 2
14 14
10 22
7 20
13 18
2 5
27 27
25 13
13 20
15 4
17 15
9 13
18 12
27 15
11 10
15 18
13 1
10 29
21 25
22 22
27 25
24 14
5 5
20 26
6 30
25 5
6 27
4 11
18 5
0 1
29 22
4 17
17 9
8 12
25 25
27 30
18 20
17 16
13 26
26 27
12 12
25 19
19 21
2 23
27 6
3 22
4 8
29 21
11 4
28 3
22 13
24 25
22 24
6 11
21 3
10 27
26 25
1 19
28 14
27 20
27 2
26 11
1 11
3 26
27 4
4 10
12 28
17 5
6 2
21 21
24 26
9 14
22 0
18 3
26 26
1 21
5 26
11 6
0 18
5 19
18 10
21 4
16 22
17 22
9 16
7 5
22 23
16 6
28 6
8 23
30 7
2 8
8 14
21 26
30 12
5 8
14 18
15 2
25 2
10 8
9 8
22 18
13 2
0 6
12 15
8 9
17 23
30 28
26 18
17 1
3 3
9 4
6 14
10 28
25 18
15 16
8 4
14 27
23 12
11 21
11 15
13 28
25 22
15 23
14 11
0 2
1 14
27 5
28 2
24 10
28 0
26 24
11 11
4 27
17 19
2 28
24 1
25 24
14 15
17 20
28 18
29 13
8 24
19 4
19 15
10 26
3 23
6 24
3 25
0 22
24 4
26 20
30 5
12 21
9 3
14 24
1 29
2 16
5 28
13 0
6 19
13 4
2 22
4 5
7 28
1 17
17 12
10 25
21 10
1 10
30 8
10 5
7 16
4 24
17 0
16 26
25 21
17 14
30 15
15 1
19 3
3 27
0 8
25 14
13 8
4 20
10 11
5 13
25 16
20 20
25 9
0 25
24 8
0 17
2 9
12 10
18 0
22 12
12 26
30 17
13 13
14 23
28 19
20 15
2 25
30 26
24 19
26 15
20 0
3 10
17 11
5 18
1 22
11 18
11 22
8 25
13 11
22 25
2 14
18 28
18 29
8 28
29 4
13 6
4 14
7 0
3 8
20 30
21 15
8 18
22 30
29 6
19 23
18 13
1 28
2 3
3 12
23 21
11 16
30 3
0 16
1 1
25 29
16 16
1 20
8 1
19 8
5 24
22 3
4 1
3 4
15 26
30 10
29 7
17 4
4 6
5 21
20 6
29 30
11 29
21 12
11 17
13 14
0 19
19 20
4 19
7 25
10 17
22 11
14 16
11 9
6 16
14 6
6 10
23 9
23 11
