29 18 10
...T.................T.T....T
.......................T.T...
....T........................
........T....T..T........T...
...T.....T.TT.....T.........T
..T..............TT..T.......
.........T..T......T.........
.....................T......T
....T...............TT.......
.......TT.............T.....T
TT..............T............
..T...T....T........T.T.....T
.......T.............T....T..
......T...T..................
...T......T............T.....
..T..........................
T......TT....................
....T.T.....T..T...T...T...T.
........T.....T......T....T..
.T.....TT.T.........T.T......
.........T..T................
T...............T.........T..
.........T.....T.......T.....
..TT..TTT................T...
..........T.T.......T........
......................T..T..T
........T.......TT.TT........
.TT.....T...T............T...
......T......T..........T....
22 8
2 17
25 25
1 20
13 0
3 28
22 7
11 17
3 1
13 9
16 28
14 16
2 16
18 26
22 19
11 0
24 26
18 11
2 4
11 18
23 28
5 17
0 1
19 5
18 15
12 24
6 13
13 22
17 3
8 14
22 2
5 26
15 3
10 20
12 9
15 17
20 18
16 22
25 26
2 0
8 3
22 24
26 17
19 22
18 27
26 27
25 5
5 5
18 22
2 12
18 18
25 15
14 12
5 8
26 11
14 9
8 21
7 0
15 4
13 18
5 22
7 20
6 11
14 4
18 28
0 24
3 13
12 7
15 7
18 2
7 10
3 8
8 8
12 22
19 17
17 4
17 25
18 16
24 12
14 27
14 28
10 4
9 22
1 15
27 13
24 27
27 24
19 20
1 19
26 21
24 1
11 14
11 13
28 3
14 26
0 5
15 25
11 16
21 14
24 16
28 8
13 8
17 8
28 14
2 9
1 11
9 19
2 15
25 19
13 20
5 9
11 22
14 14
20 11
22 14
16 21
20 19
15 10
5 21
21 13
18 8
15 12
3 11
8 12
27 26
4 3
14 23
22 15
9 21
10 16
19 13
17 22
16 19
3 25
4 17
15 2
24 15
28 20
7 19
17 5
25 1
19 4
4 25
21 23
23 6
25 14
14 7
24 2
5 12
1 6
9 9
7 1
4 0
27 27
23 3
7 2
18 3
25 24
23 7
9 1
1 10
0 3
0 4
10 10
9 2
12 4
9 7
12 26
22 22
3 12
3 5
1 21
3 2
21 8
22 11
3 9
24 13
21 26
1 27
17 14
3 26
23 26
1 22
18 12
25 18
10 11
28 4
2 20
4 19
17 19
8 24
0 12
23 1
20 22
0 27
17 17
18 0
12 15
18 25
13 6
1 3
13 28
12 2
27 23
21 12
4 12
18 23
14 13
11 7
28 5
3 0
19 16
6 10
10 14
11 15
11 25
18 7
1 25
27 7
27 18
12 23
22 25
0 6
2 18
23 23
20 13
26 18
16 0
14 8
13 27
10 19
5 0
25 17
6 6
9 4
9 24
22 12
28 0
27 4
19 26
26 28
10 9
16 11
0 15
18 24
19 0
9 6
10 12
10 28
16 25
4 22
21 24
5 1
2 27
26 9
1 0
3 16
11 5
20 1
24 7
23 9
16 9
10 3
14 3
20 3
27 1
6 25
27 12
8 16
6 21
20 17
28 21
15 24
14 10
8 25
9 20
20 14
8 1
19 27
26 4
17 13
20 28
7 28
13 4
18 14
6 19
25 13
21 20
15 9
8 22
3 19
1 13
0 0
12 3
9 25
13 26
12 28
11 28
16 10
12 12
11 20
18 10
4 7
20 24
18 17
20 26
8 5
7 11
12 13
8 2
4 11
22 3
15 14
9 8
24 10
11 1
10 26
8 27
1 9
8 23
16 27
19 15
0 16
18 21
7 7
6 17
13 5
9 27
26 14
16 23
25 2
20 7
26 5
5 2
17 15
13 3
6 4
21 28
23 25
23 10
14 1
15 0
17 2
21 4
21 27
5 13
19 7
16 7
16 3
27 3
4 6
0 11
25 23
27 17
8 17
25 3
7 8
22 20
16 17
7 23
7 14
5 6
14 11
23 4
0 8
7 25
22 4
15 19
18 1
11 27
17 1
20 15
24 20
3 22
26 23
13 19
12 6
2 8
27 20
1 26
6 16
1 8
23 20
16 8
28 12
13 10
18 20
23 8
18 19
19 19
12 1
19 25
24 14
0 9
17 27
21 16
19 24
19 14
26 19
10 22
27 10
21 0
7 15
20 20
0 25
28 7
23 13
10 13
10 1
28 23
28 26
14 25
5 7
15 11
12 27
8 20
20 16
4 27
3 24
20 23
4 13
23 19
6 0
25 4
26 26
28 17
7 6
0 22
17 18
19 8
28 19
27 0
6 22
13 24
19 6
7 17
0 18
11 2
24 17
10 0
19 10
21 9
6 7
21 6
12 8
4 21
27 14
0 20
6 28
28 28
27 8
5 10
15 13
28 24
2 5
23 11
11 26
12 20
15 18
28 10
23 24
24 25
21 7
26 8
23 16
2 22
14 6
14 21
23 5
10 2
15 16
11 6
13 15
5 20
6 23
6 18
9 14
14 20
17 24
23 2
26 0
2 6
8 19
5 24
27 19
8 15
4 8
18 9
25 20
7 16
5 18
25 11
12 14
20 8
13 17
7 27
2 3
28 6
22 17
2 11
23 0
4 15
14 22
12 17
7 18
12 21
21 25
27 22
0 7
2 25
27 16
26 12
4 14
0 23
22 26
4 28
23 15
1 4
18 4
4 16
22 9
2 10
28 16
13 21
17 16
10 15
8 26
8 0
24 4
23 14
26 13
7 4
10 6
3 4
13 7
7 24
16 24
13 25
4 23
19 2
2 26
20 6
12 10
13 2
6 2
17 26
18 13
21 22
24 3
28 1
0 19
19 12
1 5
25 0
6 20
20 27
17 7
3 3
10 24
3 18
28 9
21 10
15 15
3 6
11 12
26 6
6 12
16 4
4 2
24 11
7 3
19 11
3 20
26 2
12 18
23 22
6 5
9 17
9 23
6 26
21 11
6 8
7 26
20 0
0 13
14 24
15 20
21 21
3 15
26 1
28 18
15 28
16 20
27 15
16 15
27 11
23 27
22 21
3 14
26 20
15 5
1 7
27 21
3 21
16 16
22 10
25 16
25 6
5 15
9 15
25 7
4 5
15 23
22 27
16 18
13 14
14 19
9 16
11 23
6 24
24 6
6 1
7 12
17 21
11 21
9 13
25 27
5 25
25 12
25 28
27 2
3 10
24 28
9 0
4 20
16 13
1 16
12 5
3 27
25 21
1 2
4 18
8 11
25 10
7 21
17 9
9 5
8 13
17 10
22 13
21 5
22 0
7 9
22 18
7 13
11 3
22 6
21 18
19 21
26 16
22 5
2 13
13 12
6 27
0 28
28 27
28 15
2 1
21 15
1 23
26 15
4 9
25 9
26 25
16 6
9 10
26 3
10 21
27 25
1 28
20 25
28 22
26 22
8 18
23 21
4 1
0 17
8 6
15 27
8 10
24 18
17 6
11 4
24 24
17 12
10 17
15 21
20 10
24 9
5 27
4 26
24 22
27 9
14 2
17 11
22 1
2 7
10 27
4 4
20 21
14 0
3 7
19 3
11 9
14 18
5 19
0 26
28 25
13 1
17 0
21 1
16 26
11 24
21 2
1 24
1 18
13 16
26 7
0 10
25 8
2 2
5 16
12 19
13 13
17 20
9 3
17 28
20 12
2 21
9 26
20 4
23 17
5 23
24 19
24 0
5 11
11 11
2 28
25 22
22 23
9 28
24 23
22 28
8 7
1 12
5 14
11 8
10 18
11 19
20 9
27 6
5 28
13 11
10 23
12 16
9 11
6 15
18 5
12 0
10 25
1 14
3 17
5 3
2 14
5 4
19 1
15 1
15 6
19 9
10 5
7 22
8 4
13 23
12 25
20 5
21 3
2 19
18 6
11 10
15 26
9 12
16 1
4 24
1 1
15 8
10 7
17 23
26 24
2 23
4 10
16 2
14 17
24 5
28 2
8 9
19 23
6 9
24 21
0 2
23 18
10 8
14 15
6 14
28 11
27 28
22 16
21 17
26 10
23 12
14 5
3 23
15 22
16 14
8 28
24 8
2 24
12 11
9 18
6 3
19 18
21 19
19 28
7 5
1 17
16 12
16 5
20 2
28 13
0 21
27 5
