33 2 25
.................................
.................................
...T.............................
.............................T...
............................T....
.............T...................
..T...................T.........T
.................................
......T..........T..T............
...............T.................
......T..............T...........
.......T...........TT............
...........T.....................
..T............T.................
.................................
...............T................T
.T.....T............T............
.........T.......................
.................T...............
................................T
....................T.....T.....T
...........T.....................
T................T...............
.................................
................T.T..............
.........................T.....T.
..................T..............
...........................T.....
...T.............................
.....T..........T........T.......
.................................
.................................
T.............T..................
2 3
29 2
13 26
27 26
7 21
18 30
4 13
23 24
20 10
1 8
0 29
12 24
16 30
4 22
15 0
17 13
3 6
3 8
18 11
25 29
22 16
27 5
10 26
16 13
4 23
7 4
1 10
23 19
16 16
20 28
16 1
24 18
28 31
25 11
5 16
20 15
0 20
6 12
23 25
1 2
28 20
1 20
31 9
19 8
4 26
14 16
20 16
28 32
19 1
20 31
32 20
7 25
2 6
10 22
29 18
17 32
29 23
21 8
27 18
4 24
20 24
31 27
18 26
20 3
2 16
8 11
3 30
15 4
17 18
5 25
14 9
4 27
20 12
9 18
3 29
25 30
2 5
5 24
30 0
3 22
30 8
27 7
28 3
9 9
19 2
3 14
5 28
5 26
28 25
9 19
4 1
22 5
17 0
28 30
16 4
2 22
29 22
30 21
7 14
6 2
30 16
20 30
29 24
13 1
16 0
27 2
32 28
17 24
0 25
24 6
29 30
16 31
10 3
26 19
9 22
17 10
1 32
19 18
26 6
23 0
22 9
18 15
10 28
31 30
31 24
24 16
25 31
31 28
8 4
24 0
1 11
0 23
10 6
19 5
9 7
23 11
11 2
8 1
15 18
8 10
4 19
30 26
8 20
28 10
11 9
28 15
8 22
14 10
3 28
12 18
5 17
24 17
9 14
31 21
12 16
5 15
28 5
31 20
31 19
28 19
27 20
26 18
30 25
29 21
16 9
10 15
1 21
7 19
2 19
14 4
22 4
29 27
11 28
2 4
11 20
13 5
3 15
10 9
27 6
0 30
20 0
11 3
24 13
27 25
15 11
19 21
16 10
12 31
23 14
11 18
19 12
3 13
21 21
18 22
26 13
14 30
23 6
28 11
24 4
3 26
5 0
16 32
24 25
27 23
6 28
10 14
26 8
26 1
16 19
29 1
3 1
1 30
25 13
2 9
4 32
31 32
0 17
0 11
32 19
29 20
20 11
30 22
5 5
0 1
13 18
0 6
22 13
5 3
10 19
2 25
11 11
30 31
13 6
0 18
0 24
31 1
5 12
8 29
18 8
16 15
32 1
23 23
12 10
27 15
10 24
23 29
22 3
8 12
23 20
21 22
31 15
24 24
22 8
15 30
12 30
7 23
13 28
15 12
12 21
16 28
25 7
16 12
31 14
13 8
27 31
13 7
4 0
19 24
19 14
6 11
9 13
32 32
25 17
17 23
7 30
10 4
17 31
8 3
12 15
22 29
20 27
28 6
18 2
5 7
27 0
2 26
5 1
29 11
22 6
28 24
20 1
4 31
3 19
8 9
3 5
17 7
21 26
8 0
29 14
6 0
1 27
0 12
32 7
28 22
24 32
26 0
15 26
22 23
14 3
22 10
10 13
9 11
28 2
4 10
12 20
23 30
7 3
22 18
14 28
14 21
8 19
13 24
14 0
8 28
23 31
18 24
12 17
23 8
23 22
14 25
31 8
3 10
1 17
23 18
4 5
21 5
5 14
17 5
4 17
28 18
29 8
22 0
14 29
30 24
22 17
16 23
4 29
25 23
1 7
10 27
19 28
29 19
12 7
21 12
22 12
13 9
15 10
10 16
25 12
9 26
26 10
16 7
1 9
19 17
3 17
9 16
28 13
14 15
5 10
27 21
4 6
4 18
15 24
27 8
2 30
30 6
27 9
26 2
30 28
7 28
31 22
23 13
19 22
30 3
20 6
31 17
22 30
31 18
25 8
15 27
2 32
22 32
14 18
7 27
28 0
13 17
29 4
31 29
20 26
7 2
27 1
5 21
21 10
28 4
23 26
2 10
17 22
2 12
3 12
11 22
32 27
13 4
30 1
23 15
18 29
15 14
11 10
7 16
18 14
0 5
10 20
4 8
11 21
30 15
31 4
14 32
23 2
10 30
14 2
9 3
27 12
24 8
25 6
27 4
8 24
7 13
20 32
5 8
20 14
6 5
17 19
21 13
32 26
19 31
19 3
24 19
19 29
28 27
3 4
11 29
21 7
28 26
4 2
14 5
7 12
12 11
7 31
12 29
18 13
32 13
6 9
0 19
14 22
26 27
18 10
9 20
21 27
27 19
6 26
15 15
27 14
6 13
27 13
15 22
1 4
21 25
3 18
24 2
26 12
1 29
3 3
26 28
3 24
27 3
31 0
18 17
9 17
21 24
2 20
25 0
26 24
9 12
1 18
15 21
7 11
32 25
19 25
12 5
6 21
0 27
19 13
26 5
14 27
30 29
20 23
2 13
13 19
19 6
32 18
4 15
11 4
2 1
12 13
5 13
10 31
21 20
32 11
9 32
29 28
32 8
10 23
21 18
16 11
22 24
7 29
23 1
26 16
26 29
22 25
3 32
11 6
0 7
21 6
20 4
29 16
22 11
22 19
31 26
13 32
32 9
6 17
32 2
31 23
26 21
10 12
21 29
32 29
7 7
10 1
31 10
22 14
4 30
29 6
30 12
25 28
25 4
18 5
2 27
20 13
17 30
2 23
18 32
18 12
2 14
19 27
11 23
3 23
5 27
28 12
25 9
14 11
23 28
14 19
4 25
3 16
32 17
11 25
25 24
13 29
13 15
2 29
6 31
23 5
17 9
13 0
16 21
30 30
6 18
8 13
15 20
30 7
12 19
22 27
31 12
22 22
31 6
9 24
1 26
23 12
11 14
32 14
27 24
31 16
20 22
21 3
32 23
30 18
25 15
27 11
16 22
17 26
27 27
18 4
28 16
2 2
1 31
29 25
24 3
12 32
21 31
25 22
9 30
11 27
22 1
24 5
8 15
32 31
6 27
3 9
6 29
28 17
27 32
26 20
9 8
6 1
21 23
1 19
22 7
11 8
23 32
15 23
23 21
26 4
0 10
27 10
28 28
28 7
5 9
30 32
17 17
18 19
25 3
13 20
28 9
30 27
6 20
0 22
17 2
6 10
21 28
9 31
6 30
7 0
26 26
32 12
0 31
26 11
11 15
3 2
13 3
32 3
6 3
3 31
2 11
20 7
25 18
10 29
1 15
29 12
10 5
21 14
16 25
23 3
30 14
15 25
5 32
17 25
17 4
32 4
12 4
10 18
29 5
18 25
8 30
13 10
23 7
16 5
32 6
8 6
30 19
17 6
26 30
28 14
6 32
32 16
18 7
17 16
16 17
25 21
16 20
8 8
12 8
32 22
29 3
12 12
1 28
18 16
0 8
17 29
9 23
8 21
19 19
4 20
13 27
0 0
9 21
18 3
26 22
0 14
14 6
6 23
20 2
8 2
21 17
25 16
26 23
26 17
19 0
20 19
8 31
32 24
7 10
24 21
9 15
24 28
6 24
21 19
8 26
17 20
29 31
11 31
18 9
24 26
4 9
5 11
11 5
2 8
18 6
13 25
9 28
8 16
24 1
5 30
30 11
15 28
3 0
3 20
24 22
12 6
29 0
17 27
22 20
17 15
9 2
27 22
11 19
16 26
13 21
30 2
25 5
28 23
13 12
3 27
27 16
23 9
27 29
0 9
1 6
19 23
19 20
31 31
8 7
24 10
6 8
19 4
27 28
24 31
25 27
30 9
24 30
14 8
32 10
28 29
7 1
32 15
7 15
5 20
26 15
26 9
4 12
29 29
9 1
1 16
16 18
7 32
10 17
13 16
7 18
6 15
4 11
22 31
1 23
25 20
31 11
28 21
2 21
14 26
20 9
29 10
19 7
24 7
18 1
10 32
7 17
19 26
15 16
12 2
1 13
29 7
23 16
27 17
0 13
22 26
18 28
25 2
23 17
0 21
9 27
24 11
26 7
24 9
2 15
0 3
18 31
31 2
30 17
4 3
25 14
12 14
12 1
22 21
7 20
4 21
0 2
16 8
27 30
9 5
26 25
8 25
29 13
5 6
16 14
8 27
8 18
1 12
16 6
10 10
20 18
31 25
3 25
5 31
3 11
20 25
12 9
14 14
12 25
21 2
30 23
22 28
1 22
13 30
16 24
31 7
31 3
29 17
25 10
1 25
4 4
26 3
32 0
1 14
11 26
20 5
28 1
21 16
9 29
11 24
11 0
9 0
7 9
29 32
14 23
1 0
14 20
12 22
23 27
12 23
16 3
28 8
15 6
25 26
31 13
18 21
15 9
25 25
18 27
16 27
8 14
21 11
12 3
5 18
10 21
30 13
24 15
26 14
4 7
6 19
14 31
32 5
2 31
17 28
12 27
3 21
7 22
30 5
26 31
18 23
11 7
2 17
11 32
5 22
17 12
13 14
19 9
7 5
15 32
14 12
24 20
2 7
12 0
22 15
17 1
20 20
2 28
10 7
9 25
16 2
24 14
9 6
11 13
23 10
32 21
24 12
15 13
0 26
14 1
19 30
4 28
17 8
11 1
11 30
8 5
15 2
13 23
18 0
1 24
21 1
29 15
12 28
21 30
8 32
22 2
7 8
5 23
5 19
14 13
13 2
15 3
14 24
24 23
6 7
10 0
15 7
14 17
0 15
13 31
9 10
20 29
29 26
10 2
20 8
24 29
21 32
14 7
6 25
8 17
0 32
6 6
18 20
18 18
15 31
7 24
11 12
6 4
17 11
11 16
0 28
9 4
19 32
2 0
5 2
19 11
16 29
13 13
19 16
7 26
20 21
15 5
15 17
10 11
19 15
12 26
21 0
6 22
2 24
4 16
13 11
15 1
21 9
25 1
0 4
30 10
29 9
32 30
17 14
17 3
30 4
8 23
10 8
15 29
15 8
31 5
23 4
3 7
11 17
6 16
4 14
5 4
24 27
20 17
5 29
21 15
15 19
13 22
30 20
1 3
25 19
19 10
1 1
17 21
21 4
10 25
6 14
26 32
7 6
1 5
25 32
2 18
