31 20 2
......T.T.....T................
....T...........TT.............
..T..T.TT.T.T............T.....
......T...T.....T..T..TT.......
T......T..............T........
.......TT...............T.TT...
T..........T.TT.........T......
TTT...T........................
.TT......T..T......T...........
....T......TT..T......T.TT.....
.....TT............T.T..T...T..
....T.........TT...T...........
...TT..........................
.........TT.........TT.....T..T
...............................
........TT...T.....T......T...T
T.T.T..T.T........T............
..T..T.T.....T....T.....T......
...........T......T..T.........
T.........T..TTT......T......TT
....T...............T.TT.......
......T......T..T..............
.........TT..........T..T......
.........................T.....
T.T.T...T..T...T...............
.T........T....................
.....T.................T.....T.
.......T....T...........T......
.....TT.TT.T.............T.....
...T....T......T..TT.......T...
.............................T.
17 16
16 28
6 13
20 14
3 25
19 4
12 25
9 8
11 18
10 20
23 13
10 23
0 2
21 0
14 29
10 24
30 23
16 4
1 21
14 23
23 11
2 29
6 10
15 6
26 3
17 9
22 18
28 15
7 19
17 4
10 2
4 16
19 3
14 8
12 9
23 1
12 18
12 26
1 16
26 11
3 19
19 23
9 7
1 29
25 8
24 12
2 16
3 0
28 29
29 15
29 23
29 5
28 8
0 16
17 17
8 6
13 28
16 21
23 18
18 30
20 18
22 12
15 7
26 24
14 27
6 24
30 21
7 29
1 22
23 28
28 26
9 13
27 12
20 27
7 11
6 18
15 12
10 28
22 30
5 13
15 24
3 22
12 6
19 8
17 22
29 18
25 4
3 8
13 13
10 4
8 23
10 8
29 8
0 25
17 26
5 0
27 27
15 29
11 29
0 8
25 16
8 24
23 19
16 6
2 9
26 8
24 28
2 21
25 23
17 20
2 30
9 12
13 19
11 7
25 0
18 4
28 2
14 14
4 27
19 7
4 9
24 26
30 5
30 28
27 30
6 12
5 2
14 11
21 16
15 22
23 2
19 25
21 19
6 14
3 12
5 19
0 21
23 20
27 8
3 23
14 3
29 20
16 10
0 29
22 25
2 27
16 15
4 10
1 5
19 0
26 6
9 1
23 5
8 9
29 0
26 17
9 21
4 12
11 26
16 22
28 28
0 14
2 17
9 15
18 27
10 5
1 3
10 10
25 13
21 30
25 14
5 17
6 4
21 3
5 28
9 30
26 4
16 16
25 24
12 5
23 23
15 17
13 3
21 7
28 21
20 5
25 2
25 6
18 14
6 22
7 4
11 4
30 14
26 10
18 24
11 1
26 19
2 15
27 0
19 28
30 1
21 11
7 6
23 17
26 26
4 18
4 3
1 4
27 29
15 8
13 2
21 13
14 17
2 4
0 13
16 12
24 8
10 26
9 29
5 3
2 11
13 12
18 0
6 23
30 3
8 0
5 23
15 14
2 10
5 10
16 23
7 18
25 22
9 28
30 6
27 9
20 26
25 12
20 28
25 11
10 6
25 7
26 5
11 12
0 27
28 10
1 14
10 0
11 6
24 10
4 13
18 16
16 1
10 1
4 30
1 30
4 22
18 12
3 3
6 16
6 19
3 26
16 13
2 13
18 7
7 14
17 21
9 11
24 5
2 24
25 17
3 15
18 20
6 5
16 29
20 29
7 30
15 4
19 30
13 24
1 11
8 28
18 23
25 30
30 9
1 27
27 24
15 1
19 27
6 2
1 23
10 30
29 9
7 12
0 5
29 28
11 0
19 19
4 5
28 0
24 22
18 6
17 7
8 1
5 29
24 24
1 6
16 18
24 18
7 25
11 3
3 11
7 23
30 17
13 6
26 14
14 18
19 16
20 10
27 21
19 20
18 18
4 23
17 23
16 8
1 12
20 24
7 2
19 21
15 21
28 16
10 17
9 19
23 8
27 15
30 25
3 4
5 22
13 27
11 11
21 9
14 12
28 24
15 5
9 3
24 17
29 7
30 7
15 18
21 2
5 5
22 1
8 2
26 16
13 25
11 10
1 1
25 20
8 13
15 2
8 3
27 13
24 19
14 28
5 9
27 23
25 1
22 22
5 18
13 9
6 21
1 26
16 5
17 8
30 20
14 26
29 11
30 8
29 12
27 5
6 20
11 21
29 10
10 19
15 30
28 9
1 18
13 16
0 30
29 4
28 1
12 22
30 16
19 17
24 1
8 21
3 27
26 0
24 25
2 14
15 20
2 26
30 12
26 22
16 30
1 8
29 6
30 15
18 26
4 25
30 13
28 3
18 13
21 8
26 29
18 21
19 13
19 5
24 13
23 10
11 2
5 25
19 9
13 22
6 1
24 30
0 26
3 2
11 14
23 27
28 12
14 30
1 17
24 15
3 5
30 22
0 3
25 25
3 30
4 4
29 19
13 8
5 6
11 28
26 28
13 20
22 21
14 0
2 6
7 27
3 7
30 26
15 11
17 6
29 17
23 3
27 16
1 20
12 21
26 1
15 27
10 13
18 9
16 19
28 30
19 2
27 18
3 9
4 28
0 9
14 4
19 22
10 29
8 18
8 7
12 2
1 28
2 0
6 17
2 7
12 30
8 26
14 9
12 0
11 5
12 16
12 12
23 25
20 21
29 13
29 21
22 23
30 19
22 27
7 17
27 14
20 22
6 25
16 24
15 25
15 15
15 10
24 9
14 16
16 27
21 6
4 26
20 12
23 22
19 10
8 14
12 17
7 21
22 9
17 24
26 2
0 22
20 16
17 12
27 11
18 5
20 25
23 0
17 30
19 24
12 3
17 13
23 14
25 18
10 16
22 28
9 0
25 15
17 19
11 13
2 19
24 23
11 20
6 0
30 24
20 30
2 1
29 3
1 13
9 17
6 15
9 18
21 4
2 3
0 24
4 19
24 4
30 29
14 6
17 2
23 30
13 7
4 2
29 27
19 11
9 6
0 11
26 7
23 7
22 20
10 3
24 20
25 29
15 26
13 15
29 1
2 20
12 10
4 8
23 29
14 7
18 22
22 5
9 22
25 19
12 24
24 21
20 13
29 22
9 4
11 16
2 2
10 11
6 8
7 10
30 11
8 20
16 25
5 20
22 14
2 8
15 3
26 9
6 11
16 11
22 19
18 2
9 5
13 11
9 10
12 28
17 1
2 25
26 13
27 1
8 27
20 11
1 10
25 27
7 0
25 5
20 9
10 18
9 20
1 9
3 13
3 28
17 25
0 4
29 14
20 15
16 7
4 11
6 28
19 29
20 4
24 27
20 2
27 2
29 26
15 16
5 30
25 10
5 16
4 21
24 7
15 9
2 23
5 1
17 18
7 8
26 21
10 27
21 22
27 19
18 19
25 3
22 10
11 23
18 1
4 6
24 14
8 17
20 7
20 1
14 10
1 24
17 29
13 10
15 23
7 5
20 19
6 7
7 15
29 25
21 25
21 5
19 6
26 23
8 16
7 3
11 15
4 15
27 28
0 23
13 14
21 1
24 0
20 3
18 25
8 4
3 20
26 18
4 20
21 18
18 3
23 21
30 30
15 28
18 29
3 14
9 2
14 22
11 25
0 20
17 11
28 5
14 24
5 12
19 14
6 9
21 23
7 7
2 12
19 1
18 15
7 13
28 17
13 17
28 23
0 7
5 21
26 12
5 24
29 2
26 30
4 1
7 28
23 4
27 3
16 14
16 20
18 11
20 6
23 24
11 30
23 6
14 2
5 26
1 15
1 7
12 20
3 1
18 17
9 25
21 29
24 2
10 14
7 22
23 16
12 23
11 24
23 26
10 21
8 5
3 17
5 11
7 16
4 14
20 0
10 7
7 24
12 27
12 19
11 17
27 10
6 3
12 1
28 20
28 7
1 19
5 7
28 22
11 19
13 29
9 14
8 25
23 12
14 1
4 7
22 0
27 22
30 27
22 17
11 8
4 24
6 29
21 21
21 10
29 24
20 20
10 22
22 6
12 11
24 11
28 19
14 15
27 25
6 6
8 15
15 13
22 13
28 6
17 0
27 6
3 6
5 27
18 8
0 1
13 0
27 26
20 8
13 4
21 27
3 24
12 8
5 15
17 5
0 0
21 17
17 10
21 12
28 13
19 12
14 21
13 26
0 17
30 10
25 26
16 2
12 14
16 26
9 24
10 12
5 4
18 28
2 28
14 5
8 8
23 9
15 19
28 14
1 0
25 9
9 9
12 4
5 8
28 4
16 0
1 2
2 18
7 9
26 25
21 28
4 0
22 15
24 29
8 22
21 14
9 23
0 6
17 27
0 19
4 17
6 30
0 12
12 15
28 11
5 14
28 25
22 4
14 13
7 20
13 30
17 14
10 25
8 19
7 1
22 16
21 20
27 17
22 2
29 29
17 15
17 28
9 26
30 0
20 17
2 22
8 10
16 17
29 16
19 18
13 23
27 7
30 4
8 11
22 24
26 15
22 26
11 9
13 21
14 25
28 18
24 3
13 5
25 21
22 29
21 26
26 20
28 27
3 21
19 15
8 29
9 27
12 29
24 16
19 26
20 23
30 2
10 9
12 13
26 27
14 20
1 25
21 15
29 30
24 6
14 19
6 27
22 11
3 10
0 10
16 9
15 0
18 10
25 28
8 30
13 1
3 18
30 18
11 27
12 7
23 15
27 4
6 26
7 26
2 5
0 28
13 18
22 3
3 29
10 15
16 3
8 12
4 29
11 22
17 3
21 24
9 16
3 16
27 20
22 7
0 18
22 8
