36 16 15
....................................
...T...................T.....T......
....................................
........T...........................
....................................
....................................
....................................
........T.T.......T.................
....................................
....................................
.......................T............
....................................
......T.............................
.........T..........................
.T............T..............T......
....................................
....................................
.................................T..
.....................T.T......T.....
...................................T
....................................
....................................
....................................
..............................T.....
....................................
...................T.T..............
................................T...
....................................
..........................T.........
....................T...............
..T..T..............................
.........................T..........
....................................
.............................TT.....
....................................
....................................
26 11
17 8
29 25
35 18
2 0
34 25
22 6
34 13
16 0
29 9
27 20
33 27
28 13
12 33
34 23
34 30
12 2
29 12
31 27
6 33
22 21
5 5
33 0
35 33
31 17
33 7
17 32
5 20
29 8
13 11
34 5
7 9
9 34
26 28
1 29
26 16
24 9
26 4
22 5
7 12
34 1
10 23
10 14
27 11
19 0
4 24
25 20
12 29
24 31
30 31
1 31
24 29
25 0
10 3
10 35
26 8
31 19
18 29
0 33
25 11
10 24
8 7
16 18
29 19
23 20
5 32
12 28
31 20
9 12
29 11
2 27
24 13
5 0
7 7
11 31
29 20
9 32
19 16
35 0
11 33
21 7
14 23
1 32
12 3
20 25
3 29
34 31
19 5
2 8
10 22
24 4
7 21
13 25
0 5
33 17
6 17
2 13
26 7
14 18
13 9
22 28
15 3
23 17
7 3
12 13
22 1
27 35
22 23
24 17
3 8
1 26
17 18
15 24
13 8
22 8
6 7
22 22
3 9
20 35
1 17
22 14
33 9
1 12
15 19
6 21
5 7
2 30
21 23
11 13
26 13
17 21
22 11
0 10
5 2
20 31
22 26
4 5
24 27
16 23
21 31
18 6
32 23
9 6
10 4
32 19
2 20
20 6
15 2
20 28
24 34
27 26
23 31
16 6
34 16
7 34
19 30
14 26
21 10
27 31
32 8
7 35
13 10
18 14
28 29
22 25
31 3
6 34
14 30
28 9
32 4
20 0
31 34
32 26
3 14
31 23
22 0
23 33
3 11
5 14
15 12
32 2
1 4
16 4
13 19
4 4
15 0
18 10
20 13
29 33
0 20
23 22
20 7
26 32
17 6
8 2
19 29
13 29
7 24
21 34
0 6
23 19
12 19
7 25
9 22
29 13
15 22
22 16
3 34
12 0
8 10
21 21
5 33
11 8
8 24
31 7
35 34
26 12
10 28
3 31
2 16
28 24
26 23
27 17
21 25
1 15
15 27
25 3
10 0
9 29
33 6
21 6
17 34
2 21
6 10
24 22
3 10
16 34
17 29
18 31
30 30
35 10
20 29
4 35
13 30
18 3
18 2
17 3
23 23
6 31
32 14
20 19
5 1
32 21
6 18
4 2
0 4
21 19
4 34
35 13
8 4
33 11
35 7
11 24
16 31
15 17
3 16
12 5
19 18
21 11
10 25
13 0
30 35
9 5
19 23
32 16
21 3
25 24
11 5
9 35
11 10
16 28
11 0
33 1
3 33
3 7
7 27
34 24
15 20
17 2
2 22
16 1
30 6
19 2
1 0
14 22
27 6
30 15
22 3
0 23
15 30
0 31
34 6
35 14
30 3
14 20
10 30
5 8
21 4
32 3
5 26
1 19
35 26
5 16
31 13
19 19
18 24
10 32
13 32
0 19
32 1
16 22
12 14
6 15
23 9
23 28
33 32
7 33
5 12
18 21
2 28
25 16
32 32
33 4
10 9
8 9
18 34
32 12
13 5
15 13
0 34
13 1
4 26
29 31
21 1
24 24
17 20
25 18
12 25
16 24
7 15
4 10
2 26
27 12
35 1
28 0
22 34
3 0
20 26
11 26
1 14
15 32
3 28
2 34
14 11
5 28
31 2
13 20
2 3
27 27
25 25
6 30
28 7
20 2
12 26
2 32
17 19
16 27
28 31
19 17
15 5
20 12
11 6
8 29
14 34
3 20
25 33
6 25
15 31
24 16
33 15
5 31
31 14
11 17
18 23
14 19
15 33
27 34
11 27
24 2
25 34
30 26
29 22
31 22
13 22
3 32
27 5
28 5
14 21
31 35
30 17
28 35
4 1
33 29
19 15
27 29
0 17
7 26
9 27
31 25
26 29
7 4
24 1
1 13
26 0
10 20
0 0
9 1
14 31
9 17
27 24
5 10
2 7
17 31
33 12
25 19
4 27
22 2
5 27
27 25
19 27
25 26
28 28
14 17
29 14
20 14
11 1
17 16
31 5
13 6
4 14
2 15
11 4
20 32
1 34
26 9
25 6
35 35
29 1
27 4
18 4
21 22
10 29
12 18
26 20
11 30
23 4
26 35
7 5
3 18
6 26
0 7
22 7
35 29
16 35
22 19
26 26
11 32
18 35
1 16
33 2
33 13
24 7
28 23
35 19
18 8
33 16
16 12
23 15
31 29
3 2
35 32
0 12
20 1
4 7
35 31
1 2
10 15
31 31
30 21
7 29
27 0
7 0
26 19
32 9
7 14
22 33
15 4
10 2
7 28
15 10
34 4
4 18
28 21
18 22
6 1
12 10
2 23
0 27
13 13
22 10
35 11
7 20
10 5
26 24
35 16
30 34
29 17
24 35
2 24
33 28
1 30
3 24
16 3
2 9
34 20
1 28
27 19
20 33
7 23
11 22
30 18
16 21
17 23
28 25
23 16
30 9
35 15
5 29
25 5
14 7
28 11
23 10
8 6
27 8
27 2
14 8
19 20
3 26
35 3
31 12
28 2
13 7
34 29
29 29
2 12
22 32
2 4
13 14
8 12
9 2
1 11
7 32
9 13
20 8
25 27
19 1
34 19
16 29
3 19
28 27
25 8
1 20
31 1
11 14
11 18
26 30
2 17
13 17
34 27
6 16
23 1
2 19
4 30
17 5
9 25
17 17
24 20
2 25
6 9
8 28
4 19
24 10
13 16
19 13
28 8
11 25
30 25
4 9
9 16
16 5
32 0
18 7
29 18
3 23
26 2
25 7
14 33
34 33
18 17
27 15
20 34
2 33
2 10
32 28
21 17
24 0
26 21
23 29
20 20
0 35
10 34
32 5
30 14
24 14
29 15
3 22
15 8
16 33
29 27
14 27
31 32
7 19
32 29
32 18
5 23
6 27
4 13
0 2
14 9
23 0
27 10
32 31
17 7
30 32
10 17
26 17
6 2
23 11
33 18
23 13
16 16
22 9
25 31
21 2
22 31
34 11
30 10
25 9
14 14
18 32
15 11
21 35
19 12
25 21
22 12
12 35
27 1
16 14
17 25
35 27
14 16
6 8
8 3
5 3
5 35
31 30
27 21
10 7
15 15
16 26
4 0
1 25
25 30
27 22
9 15
24 19
26 6
33 14
26 25
29 21
23 6
23 24
28 26
31 21
13 27
18 33
8 32
21 29
9 19
11 3
6 35
16 19
7 1
5 25
21 18
34 17
20 4
20 5
34 14
35 4
20 11
9 33
0 22
14 35
33 31
9 14
18 30
11 11
26 15
12 22
3 5
16 30
13 24
9 26
2 14
5 30
19 32
12 32
18 13
28 17
8 14
9 3
14 1
32 15
12 21
15 25
14 5
4 15
33 21
23 12
11 28
4 33
5 6
33 8
7 18
17 11
24 6
12 16
27 9
32 7
32 17
7 10
17 12
16 32
14 13
21 12
1 10
23 32
13 31
22 4
29 30
18 20
33 25
8 22
13 26
12 20
4 23
33 19
1 27
12 4
1 23
24 8
22 35
7 30
29 3
12 1
31 0
30 33
24 5
23 25
34 18
9 7
23 27
32 22
1 3
26 33
35 9
0 26
20 17
4 11
19 26
6 0
32 34
22 20
3 15
35 17
21 27
31 16
29 26
0 9
15 1
30 5
12 6
24 32
11 35
35 28
16 13
28 12
22 30
8 0
3 6
15 21
10 16
10 1
29 23
14 0
8 20
3 3
1 9
34 35
12 15
11 7
33 30
21 32
21 13
32 20
23 2
22 15
17 1
35 20
4 28
0 24
32 27
19 31
24 21
12 31
0 32
8 18
24 18
28 34
6 11
19 9
17 0
12 30
30 1
30 16
12 12
9 18
8 17
8 27
4 21
24 15
30 22
6 20
13 34
27 30
33 33
20 16
9 0
14 2
14 6
18 18
27 3
27 23
3 21
18 9
8 8
25 32
7 31
20 24
2 11
6 3
25 15
1 21
35 24
17 4
17 28
30 7
19 8
10 18
6 24
33 5
35 6
12 34
18 16
14 29
1 33
12 8
17 33
15 26
29 10
11 20
10 6
12 17
17 22
14 32
32 33
8 23
1 24
23 21
7 11
24 11
28 6
9 23
27 18
14 3
21 16
30 23
16 15
0 25
8 26
19 7
11 2
8 30
20 15
21 15
5 19
28 4
7 22
0 30
25 29
19 10
8 25
8 15
0 28
29 2
33 10
15 16
24 28
6 32
28 32
18 26
29 7
15 34
17 14
8 35
8 16
3 35
13 15
30 8
23 8
33 35
0 1
19 22
11 15
26 14
28 30
35 25
4 20
21 9
29 5
30 12
2 18
9 20
17 24
12 7
8 5
33 3
4 8
28 1
5 11
35 22
29 6
3 12
21 14
14 28
14 24
7 16
34 8
21 5
10 27
19 11
14 4
30 27
24 26
0 15
34 10
28 14
16 9
30 19
29 4
4 29
22 29
20 9
31 26
25 1
31 4
3 27
19 4
23 34
9 30
13 21
31 9
19 28
3 17
30 20
21 20
2 2
18 0
20 30
18 1
13 4
21 0
24 33
6 23
25 10
8 33
4 25
3 4
23 35
34 22
1 22
27 33
24 12
10 12
26 22
0 8
10 26
28 3
28 18
7 8
13 3
3 1
12 23
8 11
8 34
25 4
2 1
21 33
16 10
34 7
4 16
18 12
6 12
16 8
6 19
25 14
23 18
33 23
21 8
0 3
34 21
19 3
7 6
26 34
13 12
19 24
8 1
27 32
0 29
26 10
0 16
1 6
2 6
29 35
27 14
25 23
34 2
1 18
27 13
31 15
31 11
8 19
29 24
3 13
5 17
12 27
28 10
4 32
10 33
34 26
32 24
17 10
9 21
0 11
16 17
15 18
22 18
16 7
5 18
10 13
25 12
30 0
11 29
29 28
25 13
34 28
9 31
11 12
6 28
17 15
13 35
17 30
30 2
20 27
1 1
9 11
16 25
35 12
12 24
23 7
6 22
21 28
19 6
33 26
30 11
31 8
15 28
30 4
24 25
4 6
16 11
5 4
9 10
23 26
35 21
27 28
32 30
26 1
3 25
15 29
5 21
34 15
28 19
35 23
26 3
15 23
20 10
8 21
34 32
25 17
24 23
23 5
29 34
22 17
29 0
20 23
10 11
14 25
33 22
16 20
0 14
31 33
13 23
21 24
31 28
4 17
34 3
26 31
4 3
3 30
13 18
25 35
7 13
34 9
1 5
6 6
32 35
13 28
8 31
35 30
17 13
11 23
11 9
0 21
19 25
32 13
35 2
1 8
10 10
9 28
6 4
33 34
30 13
30 29
18 19
13 33
15 35
32 10
18 27
7 2
4 31
5 13
5 22
9 24
32 6
10 21
4 12
15 9
15 7
17 26
5 34
4 22
18 28
31 18
19 21
0 13
29 32
20 3
16 2
6 29
32 25
10 8
34 12
8 13
20 18
26 27
11 21
18 15
24 3
19 14
22 24
5 24
34 0
17 9
2 29
30 24
24 30
28 15
28 33
25 28
19 34
31 10
22 13
11 19
5 9
18 5
25 2
19 33
9 9
2 5
26 18
28 22
27 16
23 30
18 11
15 6
25 22
10 19
21 26
23 14
32 11
15 14
6 5
13 2
9 8
12 9
14 15
2 31
35 8
12 11
20 22
11 16
14 12
33 20
28 16
7 17
27 7
9 4
19 35
6 14
17 27
31 24
20 21
33 24
22 27
31 6
1 7
28 20
30 28
34 34
5 15
23 3
2 35
6 13
10 31
26 5
18 25
14 10
17 35
21 30
29 16
35 5
1 35
11 34
