40 18 34
........................................
.............T..........................
........................................
...........................T............
........................................
...................T.....T..............
........................................
........................................
T.......................T.......T.......
.......T................................
..........................T.............
..T.....................................
..............................T.........
.T............................T.........
.....................................T..
.............T..........................
........................................
.................T.T.................T..
..........................T.............
..T.....................................
..............T.......T.................
............T........................T..
.T......................................
........................................
T.......................................
..........................T.............
......T................................T
........................................
.T.....................T...T............
......................................T.
........................................
.T.......................T..............
....T...................................
..T................T....................
....................T...................
..TT....................................
........................................
................T.........T............T
........................................
........................................
10 38
16 25
23 26
29 11
38 26
5 6
11 26
32 24
0 31
26 13
7 22
38 37
27 39
39 24
33 27
15 33
31 15
21 16
36 33
18 9
34 1
24 2
7 10
6 16
21 10
36 35
9 19
31 24
31 4
20 15
33 23
13 36
12 24
8 30
32 8
8 18
36 14
1 9
25 8
37 23
23 36
5 5
37 4
10 39
21 32
13 10
12 30
1 34
14 1
28 35
35 32
23 18
22 11
39 38
33 5
34 18
27 14
39 20
25 16
23 9
20 22
20 29
32 35
21 8
35 16
8 14
29 5
13 34
39 31
21 17
7 27
15 7
3 7
13 19
21 39
23 17
22 22
4 11
35 4
27 37
29 36
4 32
32 6
15 10
0 30
35 24
29 13
15 35
35 2
32 22
17 15
35 26
22 28
2 23
9 4
30 10
19 39
33 12
5 17
8 37
8 21
24 39
14 0
6 15
37 35
33 15
29 32
24 34
20 16
33 6
5 25
37 25
6 6
20 8
29 35
16 4
10 2
6 13
7 18
31 30
32 20
31 27
36 24
1 24
34 4
34 31
11 35
2 3
15 34
14 24
3 35
25 28
31 5
19 38
39 17
18 1
1 6
4 6
33 3
6 38
17 23
31 21
37 38
17 26
5 28
8 25
35 6
2 29
3 23
5 21
14 4
21 20
7 1
0 3
27 4
33 33
3 0
37 29
17 36
31 34
35 29
34 7
6 35
16 20
32 29
18 16
8 29
3 38
16 1
13 13
38 17
1 14
27 19
19 13
15 2
4 18
25 13
3 2
12 19
25 2
8 2
15 19
9 31
34 37
11 11
21 35
21 3
25 25
38 15
2 15
8 33
21 14
0 7
6 37
6 29
19 10
33 22
11 25
20 11
36 6
7 16
38 4
28 31
38 10
9 14
13 26
38 39
19 14
9 5
14 12
37 2
22 34
31 14
5 31
10 29
22 38
18 36
20 18
17 3
19 1
16 10
38 18
39 27
24 31
13 31
18 3
24 10
7 13
23 25
34 23
28 23
38 5
22 4
10 22
9 13
5 39
34 5
12 37
10 1
8 38
27 28
3 27
25 1
38 2
14 32
29 8
26 36
14 7
39 6
1 38
38 21
22 39
37 14
30 8
39 15
10 19
15 39
8 16
3 32
24 15
2 28
6 27
14 13
14 3
16 17
17 30
9 30
5 18
2 11
28 9
2 14
34 20
8 11
37 36
0 4
25 19
4 7
30 18
17 16
26 10
19 30
23 6
17 20
30 0
6 22
37 18
36 10
18 38
1 27
19 32
33 26
29 18
5 38
0 9
27 24
5 12
32 34
22 14
8 8
19 8
14 14
14 11
7 5
10 35
39 35
35 39
25 15
24 30
25 33
30 4
27 35
21 37
3 3
38 25
17 2
11 30
39 10
3 33
18 5
3 14
3 17
11 10
25 29
34 15
6 12
9 17
29 4
10 16
3 4
12 21
0 36
14 35
15 6
34 6
15 32
0 34
12 35
26 29
2 30
0 22
13 5
14 8
31 38
7 0
28 12
34 25
4 39
3 5
4 15
23 21
4 12
28 30
4 17
18 28
28 38
19 4
27 5
12 0
32 16
36 8
16 34
9 22
32 0
1 5
32 10
29 15
14 39
7 20
0 28
37 11
11 28
27 29
16 24
11 33
14 34
3 37
1 25
22 29
8 0
22 5
1 22
28 1
30 16
27 38
16 18
10 23
25 36
11 14
13 29
8 4
19 33
18 2
27 15
21 30
26 3
20 37
26 27
16 21
7 32
34 19
11 23
31 37
17 38
19 11
35 37
15 1
1 11
5 4
5 30
20 12
9 28
14 33
17 4
9 25
1 7
10 31
36 9
27 23
11 19
7 29
8 32
28 39
0 24
18 23
25 37
36 30
33 31
10 6
32 37
34 22
1 31
4 30
22 27
39 39
19 31
12 36
2 36
20 9
38 8
26 28
1 4
34 27
13 32
39 29
1 39
0 32
3 34
4 26
8 36
24 11
12 32
17 21
10 33
13 3
31 3
6 31
15 29
34 17
29 10
10 37
31 18
16 19
4 28
26 18
19 5
24 28
30 33
19 2
20 33
6 14
39 2
8 39
38 6
27 33
5 10
36 15
1 36
38 23
16 39
19 36
15 24
20 1
16 37
17 10
19 35
34 3
27 7
9 1
30 26
9 16
0 0
18 33
9 21
15 25
21 1
13 9
31 35
2 8
38 29
15 37
30 39
31 2
28 13
29 20
24 7
31 10
8 35
30 32
19 23
12 7
26 7
20 30
9 27
21 18
3 24
11 38
15 22
30 3
16 0
2 5
27 11
11 27
10 28
1 28
7 23
15 13
14 21
28 7
30 36
31 9
9 11
11 24
6 36
10 18
33 18
36 12
34 26
11 8
13 25
6 8
5 15
37 9
6 11
17 34
36 11
14 19
5 14
7 7
24 20
27 8
7 35
33 32
26 15
24 6
7 33
11 15
20 24
4 37
23 37
38 36
2 19
16 26
7 12
19 9
23 16
33 30
12 17
10 21
21 7
39 22
22 23
18 18
27 17
10 15
36 1
6 19
3 8
14 27
30 21
0 17
39 19
18 10
20 3
11 34
7 39
3 11
18 12
7 4
2 12
4 5
0 29
4 14
13 38
19 20
29 19
5 16
29 24
10 11
37 34
35 12
14 5
38 13
0 25
0 27
20 32
24 13
12 33
0 11
26 0
3 10
18 14
15 15
34 38
6 2
2 16
11 0
38 28
9 7
37 27
23 28
17 29
16 7
34 16
22 24
12 1
4 33
37 26
20 10
23 34
35 17
34 30
28 33
20 35
28 10
6 1
1 13
20 21
32 21
33 7
4 10
38 9
12 31
2 35
6 18
35 27
15 16
12 29
5 13
9 35
10 30
28 37
4 0
24 5
32 5
5 26
22 16
22 26
23 12
18 6
38 12
9 39
33 21
2 7
11 3
5 1
35 36
31 0
14 22
4 9
14 20
28 15
32 32
4 21
4 3
10 10
4 34
11 20
8 17
23 33
18 26
24 23
32 27
7 17
21 15
9 33
23 39
25 26
15 31
1 15
12 27
24 38
15 4
28 20
35 33
20 27
39 33
18 27
33 17
15 9
23 15
28 8
22 37
14 23
17 32
21 27
21 2
32 11
8 19
20 6
13 6
22 2
15 17
19 24
36 36
39 8
14 2
35 23
18 8
2 31
37 28
13 0
36 28
39 5
29 23
24 12
36 4
5 9
31 1
0 35
11 6
14 25
5 34
10 14
7 11
8 26
37 22
23 1
29 1
31 20
25 21
29 26
1 33
24 36
24 29
27 34
20 38
25 11
25 6
16 36
18 39
23 27
11 4
11 16
32 25
39 30
30 7
27 9
33 16
33 36
26 30
10 5
14 26
27 18
35 34
27 26
21 34
22 20
12 14
29 39
32 38
11 9
11 13
15 26
18 29
7 21
2 33
19 34
36 32
28 28
2 17
11 29
13 27
9 6
21 9
2 34
0 33
6 21
21 29
14 28
35 20
37 19
24 1
4 20
30 2
17 1
26 20
2 25
37 21
22 35
39 36
34 9
24 0
25 30
28 27
30 6
9 24
22 10
36 3
38 3
8 12
16 15
6 34
25 14
21 31
26 31
20 39
0 39
25 4
1 16
28 34
39 37
13 37
35 25
3 26
37 5
5 0
36 37
35 19
32 26
0 15
11 7
28 3
20 0
8 1
26 33
33 38
36 22
12 5
38 35
2 2
37 13
38 1
13 18
21 28
9 23
37 10
17 19
18 11
9 15
22 7
17 12
19 25
2 24
12 26
30 30
12 9
35 10
21 24
9 26
21 36
31 19
33 20
31 22
29 0
36 21
38 0
12 39
31 39
12 2
28 16
24 19
34 0
38 11
33 24
29 33
4 38
17 9
3 19
2 9
17 31
35 28
33 8
31 7
23 4
3 31
24 22
13 14
6 9
31 31
12 3
33 11
21 12
36 13
18 22
38 20
13 11
3 12
1 17
34 33
13 17
32 30
20 19
1 8
33 29
22 17
37 32
15 38
5 36
32 3
2 32
8 15
14 10
13 23
33 25
21 0
30 20
27 31
24 35
26 4
28 17
28 18
31 11
4 8
27 25
19 37
34 2
30 29
8 5
13 1
25 10
26 39
26 24
22 30
9 32
25 39
8 31
9 0
0 12
2 10
10 24
22 13
16 28
27 12
1 2
32 19
27 10
34 28
38 7
32 18
9 10
1 1
26 35
0 38
28 26
32 23
31 28
0 6
38 38
25 18
15 14
25 31
13 30
15 12
17 37
17 5
8 27
19 7
7 24
22 25
35 8
6 17
31 17
3 28
37 8
22 15
12 8
3 21
11 18
1 12
23 35
10 9
33 19
26 11
2 1
37 1
29 37
23 8
26 16
23 13
1 29
7 9
23 23
36 7
32 2
26 34
30 12
16 8
24 25
14 18
16 14
39 12
19 21
10 36
10 12
14 29
18 31
26 25
9 36
33 4
35 15
34 21
3 39
21 13
21 21
34 8
12 16
39 25
27 30
22 8
39 11
32 33
9 20
1 23
16 30
13 22
32 1
38 32
16 27
30 37
7 34
1 21
25 20
1 3
13 21
12 23
39 32
0 18
33 1
3 15
39 3
30 35
36 0
36 2
2 26
35 14
3 1
27 21
37 37
24 24
17 28
23 38
0 37
23 7
16 35
11 17
27 0
39 13
15 30
10 17
28 5
5 22
23 3
22 33
25 27
4 13
16 32
33 28
28 6
5 7
21 38
12 18
7 2
24 21
30 17
33 37
32 14
23 2
17 0
26 2
6 24
5 24
0 23
27 36
1 35
31 12
36 16
1 30
8 3
7 26
5 29
8 13
20 36
36 5
7 14
38 34
12 10
13 7
29 25
20 4
24 9
34 36
32 31
14 15
13 4
30 14
3 22
29 16
8 10
27 3
30 1
24 37
18 7
31 8
7 38
29 2
27 2
20 25
12 13
20 14
14 31
17 8
39 9
35 9
2 6
10 7
39 18
28 36
20 5
21 11
31 32
30 27
29 9
37 0
36 20
34 11
29 29
17 22
30 19
3 30
6 25
23 24
32 39
32 15
12 28
21 19
26 32
7 8
38 27
1 10
39 16
31 26
36 39
21 5
9 9
34 39
18 35
16 16
37 6
32 28
13 39
8 22
17 35
28 19
30 23
32 4
1 19
34 14
9 12
23 31
27 22
33 0
13 28
29 12
2 22
32 7
27 1
9 3
10 0
17 17
1 32
37 33
23 5
26 26
32 12
7 36
17 18
22 3
23 29
6 10
10 4
10 34
0 13
22 6
16 33
30 25
15 8
16 22
22 36
4 22
11 32
4 16
19 26
15 0
5 2
1 0
37 30
20 23
34 12
35 35
9 2
22 21
15 18
33 34
4 4
11 5
11 12
22 32
21 33
2 21
22 19
25 7
39 7
35 7
27 27
6 5
37 3
35 21
14 38
3 20
39 21
20 2
20 13
36 29
20 17
33 13
18 20
38 30
16 5
0 19
14 16
5 37
36 31
2 37
24 27
24 32
11 37
11 22
23 14
14 9
22 0
38 31
12 38
23 32
5 32
39 28
34 32
16 2
35 0
5 11
37 15
18 19
33 35
18 24
18 30
30 31
8 6
34 13
33 39
8 34
6 28
36 38
6 20
13 12
3 25
2 38
37 16
25 3
18 32
22 31
25 23
17 25
22 1
23 30
28 11
30 34
26 14
26 8
14 17
27 6
19 15
15 23
0 14
32 36
5 33
34 29
26 1
23 11
25 0
23 0
32 9
35 1
17 11
28 4
24 16
5 3
30 24
38 24
0 2
28 0
7 37
35 18
34 10
29 17
17 24
34 24
2 4
8 24
30 9
3 9
10 20
31 23
4 23
19 16
31 33
26 23
19 6
34 34
1 18
4 29
31 29
38 33
26 9
4 25
10 13
7 19
23 22
4 35
31 16
0 16
29 22
29 21
16 12
25 24
24 8
26 6
15 5
24 33
35 22
12 20
15 28
16 6
21 4
14 36
29 31
4 27
5 27
39 4
16 31
29 7
3 29
22 18
35 11
3 13
18 34
6 26
33 2
20 26
9 34
4 19
12 4
37 17
22 9
2 13
13 8
25 34
19 28
30 11
4 36
9 8
7 30
38 19
0 10
11 2
25 22
35 5
27 20
12 22
28 29
36 23
26 12
0 5
37 20
2 0
24 26
29 6
35 3
6 4
38 14
21 22
28 14
39 26
11 1
7 6
7 25
8 20
26 37
9 18
3 36
37 7
20 28
17 33
19 27
4 2
25 12
25 9
13 35
5 20
18 13
25 5
26 22
23 19
32 13
39 0
15 27
0 8
13 24
36 18
5 8
7 31
4 31
28 24
21 25
24 18
33 9
15 3
13 2
19 18
18 25
12 34
19 29
17 39
18 4
10 27
12 11
28 25
11 39
31 13
26 5
25 32
4 1
11 36
29 28
37 31
16 29
19 22
21 6
14 6
10 32
12 12
24 17
30 13
31 25
10 8
10 25
36 19
20 31
9 38
27 16
14 37
27 32
39 23
13 16
12 15
33 14
5 35
8 28
21 23
27 13
24 4
16 38
35 13
35 30
7 15
26 19
21 26
4 24
32 17
5 19
16 3
2 18
36 27
24 14
39 1
31 6
10 3
39 34
18 17
30 38
10 26
30 22
6 32
7 3
17 27
36 26
13 33
15 36
8 7
16 11
20 7
6 33
1 20
39 14
25 38
9 29
34 35
36 25
6 7
0 26
16 23
26 38
29 38
29 34
26 17
23 10
37 12
30 15
2 27
30 5
15 20
12 25
38 16
8 9
13 15
26 21
16 13
37 24
3 16
18 37
25 17
29 3
18 21
33 10
6 3
6 39
19 19
13 20
11 31
1 26
30 28
19 12
12 6
37 39
6 23
1 37
28 2
29 14
6 0
36 17
24 3
7 28
15 11
38 22
28 21
14 30
3 6
19 17
25 35
17 6
29 27
17 13
11 21
36 34
19 0
15 21
8 23
28 22
16 9
5 23
9 37
29 30
22 12
20 34
18 15
0 21
35 31
0 1
31 36
2 20
17 7
2 39
28 32
17 14
35 38
20 20
18 0
23 20
6 30
3 18
19 3
