24 14 18
.................T.T....
...T.............T......
.........T..............
T.....T.....T....T......
...............T....T...
.........TT.TT......T...
........................
.......T.....T.....TT...
.........TTT.T........T.
.....T..TTTT....T......T
............T...TT..T...
........TT........T..TT.
.............T......T...
.....T........TT....T...
.T......T...........T...
.......................T
T...T.T.......T.T.......
T.....TT.......T........
........................
...T..........T.........
T.........T.T......T..T.
........................
.......T...T...T......T.
T...TTT......T.....T....
3 10
4 16
12 1
12 14
6 22
3 17
10 5
7 5
21 9
9 20
11 8
20 22
0 18
21 12
1 4
2 15
11 17
11 20
11 2
14 21
20 11
9 19
8 9
23 12
21 0
21 16
4 6
22 1
3 14
9 17
4 10
15 14
21 15
22 20
14 23
16 9
20 14
20 16
4 1
10 8
17 10
11 4
23 7
8 11
8 16
13 12
19 1
1 21
21 7
19 19
16 23
6 10
7 3
5 12
7 10
16 4
8 13
22 21
3 0
14 2
0 20
0 17
1 12
4 18
23 16
11 10
18 21
6 1
6 9
19 6
17 23
4 15
10 0
23 23
21 18
19 21
0 22
5 3
14 5
6 23
23 13
16 7
22 7
19 11
23 8
16 17
23 2
5 6
8 12
23 21
18 9
2 16
15 6
19 10
8 7
19 20
17 17
2 20
6 16
15 21
5 18
7 7
8 10
1 23
23 14
13 22
0 23
15 10
9 1
23 4
11 14
2 0
20 23
12 23
8 3
3 13
20 5
14 17
9 11
9 4
11 1
8 17
1 10
13 10
20 15
14 11
4 5
14 14
22 14
16 0
17 15
6 17
17 12
5 10
5 13
6 21
15 20
1 19
5 0
19 15
6 18
8 1
16 2
17 1
7 21
3 2
5 17
3 15
23 1
20 7
14 12
11 9
2 7
5 16
21 20
0 16
17 22
15 4
20 17
20 19
3 20
2 2
1 11
23 22
9 9
21 22
12 21
6 19
11 11
1 13
13 1
15 1
15 13
10 16
16 1
20 1
13 21
4 22
10 6
6 8
6 4
10 7
9 0
7 14
2 10
12 8
12 9
23 15
16 22
9 15
14 1
8 2
12 4
1 1
18 4
1 8
7 18
12 18
18 3
12 3
1 3
3 1
20 21
21 11
14 6
16 3
19 9
17 11
18 6
5 21
7 13
18 19
5 14
4 8
12 5
23 19
4 13
20 4
17 5
6 3
3 16
19 8
11 19
3 23
19 14
4 7
12 10
14 13
9 23
23 17
21 21
8 19
2 6
10 11
14 22
21 17
20 18
18 18
12 19
17 13
15 0
18 16
5 15
9 18
13 9
12 13
10 17
17 0
22 13
18 0
12 11
22 22
22 12
16 21
1 22
11 22
21 14
15 17
18 22
9 8
22 4
2 5
19 16
5 23
18 8
0 9
14 9
18 10
0 14
11 7
23 5
0 5
7 1
7 8
0 21
1 7
22 0
14 16
3 11
20 3
19 23
1 9
23 9
18 2
23 10
16 5
10 20
22 2
7 20
9 2
0 0
8 21
22 19
8 0
18 20
7 17
5 22
10 4
17 20
3 9
13 5
15 9
18 23
9 21
22 5
2 9
13 6
8 5
21 3
4 23
22 3
6 0
6 6
10 10
19 22
16 6
21 2
21 6
13 8
19 0
13 15
8 22
15 18
13 19
22 18
1 2
0 6
5 8
15 11
6 11
8 23
1 15
15 8
8 20
19 13
17 19
13 14
11 16
9 16
1 18
10 1
13 23
3 4
12 20
21 8
20 6
23 6
7 9
4 20
20 2
10 14
21 23
22 10
14 10
17 18
7 19
8 8
13 13
15 16
0 7
6 7
18 17
8 14
7 2
7 23
9 3
4 17
11 18
20 8
15 19
2 12
22 6
14 8
1 16
0 11
2 22
21 19
2 4
13 20
16 13
2 1
11 13
5 4
18 13
13 11
10 2
3 7
17 7
20 9
0 3
13 0
11 6
16 8
3 3
0 1
1 20
4 19
2 18
8 15
13 3
4 3
15 5
10 21
23 0
6 13
22 9
0 4
14 19
7 16
5 1
3 19
19 12
14 3
17 21
21 5
0 2
13 2
7 4
12 7
14 20
4 0
16 15
21 1
0 8
16 16
6 20
14 7
17 2
5 5
15 23
17 16
12 16
5 9
16 12
3 21
5 11
21 4
4 21
1 0
18 14
19 17
22 23
3 12
19 3
1 5
7 6
2 17
0 13
15 22
14 15
4 11
0 19
3 6
23 18
13 4
6 5
2 19
11 0
3 22
20 10
20 13
20 0
9 14
10 3
12 15
18 1
15 7
12 12
4 14
10 23
9 7
16 14
3 8
15 3
11 15
12 22
16 10
12 2
6 15
5 19
17 3
12 6
17 14
10 15
2 23
10 22
16 18
4 9
1 14
5 2
4 2
3 18
13 18
8 6
13 7
12 0
0 15
2 8
16 11
16 19
21 10
13 17
17 6
22 11
11 12
19 4
14 4
4 4
20 20
11 3
23 11
7 22
22 16
5 7
10 18
9 13
10 19
22 15
2 21
2 13
18 7
10 12
13 16
7 11
2 14
17 8
19 7
15 2
9 12
9 22
8 4
1 6
15 12
11 21
11 5
7 12
3 5
14 18
11 23
9 6
9 10
17 4
19 2
21 13
23 3
15 15
23 20
4 12
5 20
10 9
10 13
1 17
8 18
0 10
14 0
22 8
18 15
18 11
9 5
2 3
19 5
2 11
20 12
6 12
16 20
18 12
6 2
7 0
19 18
12 17
7 15
17 9
6 14
18 5
22 17
