30 16 7
..............................
..............................
..............................
..............................
..............................
..............................
..............................
..............................
..............................
..............................
..............................
..............................
..............................
..............................
.....T........................
..............................
..............................
..............................
.................T............
..............................
..............................
..............................
..............................
..............................
..............................
..............................
..............................
..............................
..............................
..............................
28 18
0 7
26 7
21 27
12 5
20 6
28 6
9 15
0 29
8 19
7 19
7 7
15 22
25 15
25 10
10 14
17 28
29 13
27 26
7 25
11 9
14 15
29 1
7 27
23 9
0 9
13 14
26 29
16 5
12 0
12 6
24 4
20 26
21 22
0 16
23 1
22 15
8 0
11 18
6 2
26 1
28 0
3 28
23 17
7 0
23 16
3 15
17 14
13 10
3 16
20 7
14 25
23 20
25 23
12 20
15 10
13 22
13 28
9 16
11 6
12 15
7 14
29 22
4 7
9 17
7 29
26 28
0 24
20 20
20 3
2 21
19 9
18 11
25 12
3 3
29 14
29 18
6 18
10 1
24 8
15 17
14 2
19 26
19 14
5 23
24 7
14 11
8 16
28 29
16 17
18 4
9 3
5 26
2 25
12 26
11 26
20 5
5 14
15 20
27 17
22 1
6 23
28 5
6 9
23 25
20 23
11 22
3 8
8 6
14 21
7 15
20 10
5 4
29 29
0 14
2 13
1 14
3 27
22 10
12 14
3 7
16 9
7 21
17 23
4 28
24 11
8 15
8 9
27 28
17 9
3 26
4 18
19 18
21 29
25 26
4 1
22 29
11 12
23 4
10 8
27 2
21 9
25 0
9 9
15 0
1 10
9 2
28 25
16 18
10 22
13 21
3 0
20 4
5 1
13 16
12 18
1 8
17 16
10 13
17 19
13 29
29 12
9 23
19 6
11 21
27 13
23 27
20 16
29 7
1 21
1 28
15 18
1 19
28 10
2 23
20 17
5 18
18 20
16 7
29 15
5 24
6 25
12 27
23 12
6 5
27 14
20 29
18 1
13 9
13 4
26 16
2 18
6 1
27 25
13 1
15 19
8 1
1 6
6 27
27 10
4 26
16 6
10 28
22 14
5 19
15 28
29 20
20 9
22 17
4 24
17 6
17 13
19 21
1 12
16 13
0 10
3 9
24 28
24 9
2 27
8 2
21 8
26 11
27 9
23 6
22 13
17 27
21 3
13 27
6 16
29 5
6 13
23 21
14 10
19 10
5 21
5 13
28 26
21 28
17 10
15 1
20 14
10 21
9 4
19 5
26 15
20 0
14 22
17 1
7 5
20 2
22 11
13 19
2 10
14 20
5 28
9 1
11 7
20 15
13 18
16 15
1 24
0 12
17 2
3 23
29 23
17 0
10 4
6 11
3 1
1 2
26 10
3 14
6 14
25 3
5 5
9 20
9 10
15 26
8 20
27 3
27 16
12 29
26 23
27 0
8 26
18 15
10 2
20 21
2 11
7 13
0 2
12 19
25 20
11 19
29 24
22 6
8 10
20 13
15 8
26 12
2 20
15 15
5 3
17 26
26 22
29 17
14 14
29 28
15 3
14 18
24 17
4 16
11 1
16 24
12 13
20 18
27 21
8 14
4 13
12 9
17 8
15 11
1 25
18 3
5 2
16 12
21 21
24 22
19 7
16 28
25 24
19 20
14 27
5 12
6 28
9 27
29 11
8 8
29 10
27 27
12 23
19 27
2 14
3 19
24 21
4 4
28 4
1 11
9 8
7 12
18 19
17 11
6 17
23 15
8 13
8 25
27 6
7 20
3 17
19 24
24 2
7 16
22 5
7 6
17 24
4 3
23 23
28 1
18 0
7 1
21 12
27 4
23 5
18 21
28 2
10 20
8 29
1 26
14 12
13 0
8 21
22 18
15 4
29 2
8 11
1 22
5 8
13 12
13 23
29 0
18 5
27 8
12 25
24 26
12 3
13 3
3 22
11 11
6 12
3 18
5 15
7 3
23 26
10 26
29 9
4 0
23 29
26 8
1 29
0 18
20 25
18 16
7 23
27 22
26 17
27 15
8 27
28 20
7 8
24 1
23 10
26 24
8 5
12 16
11 25
5 9
14 28
17 4
18 13
0 4
1 20
4 20
6 20
9 6
18 26
17 21
21 15
10 24
23 3
20 12
13 26
18 18
16 26
23 19
25 9
2 17
3 2
17 18
20 22
19 2
22 26
14 19
11 0
16 8
18 2
29 25
20 1
13 8
0 3
21 24
28 13
1 15
21 13
19 15
24 29
22 24
16 16
11 2
15 7
4 25
24 16
19 4
15 5
7 28
13 25
11 8
15 23
0 25
19 19
28 28
4 9
14 9
14 7
23 2
9 7
27 18
19 28
8 28
21 2
14 5
25 13
1 9
11 3
3 4
10 19
9 0
25 25
2 15
7 11
12 1
24 14
22 20
28 23
0 20
8 22
2 3
19 1
0 17
25 6
28 3
25 27
22 22
10 23
25 22
4 6
23 11
23 7
23 14
25 19
21 14
14 6
25 5
17 5
14 16
21 25
28 16
29 19
2 7
4 27
11 13
2 8
7 18
7 2
21 23
17 22
6 4
4 21
9 11
19 13
0 1
0 0
2 12
12 28
20 8
26 2
26 13
14 17
14 29
0 22
4 19
28 24
27 24
2 28
23 0
29 16
9 29
28 8
8 4
5 6
25 21
22 9
27 7
21 7
1 27
3 29
8 17
18 29
17 15
0 6
5 0
4 29
29 6
12 11
24 19
1 4
25 4
25 29
3 24
26 21
12 10
28 15
1 18
4 22
14 3
1 1
11 23
7 4
16 11
2 1
3 21
3 5
13 6
1 5
5 11
5 7
24 24
18 10
10 9
22 19
15 29
11 24
9 5
19 23
11 27
26 25
4 10
2 16
26 18
9 25
5 10
9 12
21 16
2 5
15 13
28 27
3 25
22 27
15 9
24 15
18 7
20 19
26 6
10 12
21 5
3 20
9 26
7 26
4 15
20 24
6 24
15 14
21 17
10 0
3 11
22 0
4 11
1 0
1 17
3 10
16 23
8 18
17 3
11 4
7 10
15 25
0 13
1 7
19 25
12 4
25 14
17 25
0 26
10 15
19 12
25 11
21 11
6 10
6 15
2 26
19 8
3 12
19 3
1 13
13 20
21 0
6 29
29 4
25 28
4 2
18 12
19 11
16 3
22 21
22 2
15 27
28 11
10 18
21 4
14 23
2 19
7 9
19 22
26 4
8 24
8 12
21 20
18 8
26 9
25 18
12 21
19 29
5 29
2 6
11 16
0 28
11 10
18 9
0 19
0 5
27 19
20 11
16 10
23 8
13 7
26 14
21 10
27 1
6 19
6 22
24 23
9 14
18 17
26 26
22 23
8 7
0 27
11 29
12 2
18 28
17 7
11 14
13 15
29 26
12 24
5 22
17 20
24 6
23 28
12 22
21 19
4 5
13 5
11 28
14 4
15 21
16 27
15 6
2 9
12 8
23 18
27 5
16 25
9 13
15 16
24 12
18 25
16 1
22 12
5 27
29 27
6 7
1 16
2 22
5 25
24 0
9 28
14 13
16 29
22 7
6 6
0 21
23 13
20 27
26 5
16 19
15 2
2 2
6 21
2 0
24 10
28 21
17 17
13 13
26 3
16 14
14 0
10 5
20 28
28 19
10 11
25 7
6 26
10 25
10 29
10 16
1 3
24 5
10 17
26 19
14 8
2 4
9 24
24 27
0 8
16 21
21 26
18 24
9 18
2 29
0 11
11 15
26 20
24 25
11 20
26 0
21 1
21 6
22 28
19 0
29 21
27 20
22 16
27 23
5 17
28 22
3 13
14 1
21 18
23 22
12 17
26 27
9 19
15 12
10 7
25 8
18 27
10 3
4 12
25 1
16 0
25 17
4 8
10 6
22 8
4 14
0 23
16 20
15 24
11 17
23 24
24 18
24 13
16 4
29 8
10 10
5 16
28 7
8 23
18 22
29 3
28 9
1 23
17 29
2 24
14 24
9 22
28 14
19 16
18 6
11 5
13 2
27 11
4 17
6 8
9 21
5 20
27 12
28 12
16 2
7 17
13 24
14 26
6 0
25 16
17 12
10 27
28 17
18 14
7 24
12 12
22 25
24 3
13 11
13 17
6 3
19 17
22 4
16 22
7 22
8 3
22 3
18 23
12 7
25 2
4 23
3 6
24 20
27 29
