29 14 2
.............................
.............................
..........................T..
.............................
.............................
..T..........................
.............................
.............................
.............................
.............................
................T............
.............................
.............................
......T......................
.............................
........T....................
.T...........................
...................T.........
.............................
.............................
.............................
.............................
.............................
.............................
........T....................
.............................
..............T..............
.............................
.........T...................
3 5
19 2
15 23
13 11
9 9
21 9
2 28
27 15
1 25
4 7
28 13
17 10
20 3
19 15
1 9
0 15
15 11
17 23
28 28
27 11
7 20
23 13
19 23
7 15
9 7
1 0
28 7
0 24
17 7
2 24
18 9
10 23
19 20
25 8
4 26
4 25
5 12
20 12
13 22
9 0
18 19
11 11
25 7
5 23
4 8
17 14
25 28
4 3
3 10
23 12
17 27
21 15
13 27
7 10
4 21
3 26
0 16
14 1
23 9
17 18
5 22
18 23
5 3
5 1
2 1
8 23
10 0
18 3
19 3
18 8
26 24
23 1
0 26
20 1
4 22
8 4
22 7
20 18
7 9
12 0
26 15
10 11
15 28
28 9
23 20
9 19
0 23
13 18
24 28
8 11
21 10
27 24
1 8
28 19
3 7
4 0
27 4
18 11
8 8
22 16
18 27
17 22
22 15
22 27
10 20
12 27
27 25
16 24
19 12
13 15
8 22
0 1
23 0
28 27
23 28
24 26
0 5
1 5
9 16
4 20
3 16
26 3
25 26
11 21
16 15
21 23
7 7
20 20
16 16
28 10
21 4
2 4
24 7
8 10
5 27
21 3
16 19
18 17
5 11
7 28
10 28
8 0
4 10
12 19
21 24
7 23
21 13
14 22
17 20
18 1
12 22
19 5
12 7
11 12
16 22
26 22
4 2
7 3
0 12
0 9
9 3
2 17
22 4
7 19
23 8
6 5
16 4
0 2
23 11
9 10
28 2
19 16
11 14
1 16
16 14
13 8
6 8
18 2
14 2
1 19
9 4
6 16
14 19
14 15
7 22
2 13
13 20
6 13
20 0
6 12
0 13
2 25
0 0
23 14
28 12
4 12
7 0
2 0
21 16
25 17
21 0
24 22
11 1
2 19
28 6
4 16
26 1
9 17
24 24
6 3
22 5
12 10
23 16
11 25
2 3
0 8
20 4
28 17
8 21
22 12
23 6
7 2
26 21
11 9
3 13
26 26
7 13
28 20
7 18
1 26
12 16
19 17
18 4
16 1
10 17
7 4
19 19
10 25
9 6
27 13
14 21
2 22
7 27
10 24
27 5
7 26
20 8
22 14
3 9
5 9
4 17
5 0
4 14
8 27
1 22
28 4
1 27
9 14
6 10
15 20
3 20
16 11
3 24
12 21
25 27
15 25
1 13
9 5
11 13
13 9
19 9
14 28
4 15
13 21
12 24
20 19
12 1
13 24
23 26
17 15
26 9
10 13
3 2
7 16
9 22
19 11
12 20
26 16
6 7
8 26
15 17
9 15
15 19
24 12
10 9
8 28
23 27
26 12
13 5
24 14
1 11
6 24
14 18
25 24
18 24
23 25
16 10
14 9
3 11
20 26
22 22
2 27
22 19
22 28
0 21
8 14
1 24
17 12
20 24
28 26
25 2
20 7
28 5
23 21
5 5
12 2
6 20
14 0
19 14
9 23
14 13
22 25
25 14
11 6
20 9
13 7
11 16
15 15
1 28
25 5
17 17
21 14
13 25
16 5
21 18
5 20
24 9
28 11
20 2
24 17
23 4
14 27
17 25
6 14
17 1
24 5
2 15
2 6
15 18
25 18
14 11
9 13
26 13
25 20
24 6
2 18
12 15
5 8
24 2
8 9
24 10
10 16
6 0
8 15
0 19
18 15
16 7
7 25
22 0
20 11
22 20
3 27
16 26
2 20
15 6
8 20
26 7
22 1
1 3
14 24
15 1
5 4
13 0
28 22
18 6
12 6
9 27
5 25
11 5
23 15
24 13
22 6
15 3
13 12
21 5
19 8
20 10
25 9
23 7
27 18
17 4
26 10
4 5
5 16
19 0
21 7
2 12
16 2
16 0
3 6
11 26
17 21
14 5
14 23
9 8
17 26
12 26
2 14
20 5
5 21
17 16
10 26
5 26
24 0
9 12
27 7
20 28
27 16
18 10
25 25
16 28
25 13
0 28
9 2
20 23
11 27
3 3
11 0
6 28
12 8
15 22
10 19
22 17
17 6
27 6
14 25
12 11
20 14
19 6
12 18
10 3
12 25
28 0
2 11
3 17
2 26
23 18
24 27
15 2
16 23
18 12
26 14
7 14
4 28
25 10
13 19
1 15
9 21
19 1
10 1
8 12
23 10
2 23
25 6
2 21
13 10
28 16
2 16
4 1
1 4
5 2
8 18
11 17
27 20
25 16
10 10
23 3
13 4
28 15
5 14
6 9
17 8
27 10
23 24
25 11
0 18
24 18
10 4
17 24
12 5
12 3
18 22
21 28
16 13
27 23
4 23
15 14
11 18
25 3
7 1
4 11
12 23
14 17
22 9
8 25
15 10
2 10
10 27
14 14
17 3
5 15
6 17
11 23
0 3
27 14
25 15
21 2
1 20
0 10
3 0
5 10
12 9
1 17
21 19
17 2
24 3
26 27
9 26
19 4
12 28
13 26
15 16
26 18
8 24
5 13
28 23
10 22
1 7
13 17
26 2
0 7
25 19
5 17
21 11
10 15
21 1
26 19
1 10
19 27
19 26
9 1
2 2
27 27
10 5
18 7
14 3
4 18
22 13
12 4
21 6
6 27
19 18
0 11
18 21
18 5
8 5
12 12
4 24
26 20
10 8
18 25
7 11
5 7
2 7
15 26
16 27
1 1
21 21
28 21
11 10
11 7
22 18
14 7
16 6
15 9
7 12
1 2
20 15
22 26
17 0
26 8
22 10
27 9
5 6
26 4
26 11
4 19
17 19
23 17
7 6
1 6
0 4
13 2
5 28
21 25
11 19
8 7
4 6
9 18
1 18
24 25
18 13
18 26
0 20
10 14
24 11
8 13
3 23
13 28
10 6
3 15
28 1
24 4
7 5
27 17
13 14
11 24
6 25
8 16
18 14
0 6
1 21
26 0
28 3
17 11
9 20
27 21
16 12
18 28
12 14
8 6
21 27
17 5
14 26
21 20
27 0
13 3
26 23
0 22
28 18
16 9
6 18
27 12
22 3
22 24
19 25
11 20
7 17
26 25
28 25
14 4
6 11
11 15
26 28
4 4
24 1
22 2
18 16
3 21
27 28
25 4
15 0
19 13
16 3
1 14
19 21
0 17
8 17
26 5
13 23
2 5
15 27
21 22
8 2
25 22
10 18
15 5
8 1
1 23
17 28
5 18
13 6
4 27
24 19
15 12
8 19
3 8
6 19
6 1
3 1
18 0
7 8
16 21
4 13
22 21
20 21
20 6
11 4
2 8
26 17
11 28
23 5
14 10
18 18
21 17
11 8
11 2
16 20
9 28
15 24
27 1
6 26
23 23
15 21
6 15
27 26
10 12
16 18
12 17
22 23
0 27
20 27
21 12
27 8
25 0
23 19
15 7
24 8
20 13
6 22
3 12
3 28
10 2
17 13
19 22
12 13
28 8
13 13
25 23
14 8
6 21
6 4
26 6
6 23
24 15
24 21
7 24
3 4
5 24
22 11
5 19
10 7
3 22
0 25
27 3
3 14
28 24
11 22
20 25
18 20
20 16
19 24
6 2
15 13
16 25
25 12
21 8
9 11
14 16
14 6
15 8
14 12
3 25
27 2
20 22
27 22
22 8
24 16
7 21
15 4
13 1
16 8
3 19
21 26
9 25
23 22
27 19
3 18
13 16
16 17
20 17
8 3
23 2
24 20
11 3
28 14
6 6
19 10
10 21
19 7
2 9
25 1
24 23
19 28
9 24
14 20
4 9
17 9
25 21
1 12
