22 20 0
......................
......................
......................
..........T...........
...........T..........
......................
......................
.......T....T.........
......................
......................
.....................T
.....T................
..T.............T.....
.................T.T..
............T.........
......................
....................T.
..T..T..T.............
..T.....T............T
.....................T
......................
......................
11 21
7 21
2 15
4 4
4 5
8 9
19 16
15 21
14 12
10 16
18 20
20 19
6 3
20 2
14 11
14 18
14 6
2 1
21 18
7 4
10 12
20 7
8 14
20 3
1 10
14 17
4 16
20 5
13 20
21 10
12 9
19 5
18 0
19 8
0 13
21 1
0 9
14 5
18 11
7 9
6 15
11 17
3 9
2 16
19 19
14 15
9 10
15 4
6 14
8 4
18 9
19 9
3 0
9 12
19 11
4 11
16 3
4 7
6 20
6 5
3 5
3 12
9 5
18 18
13 18
9 18
7 10
6 19
6 1
3 8
12 12
2 20
11 12
16 13
7 12
7 20
15 16
20 0
1 1
5 1
15 15
20 18
16 14
16 21
4 12
21 12
9 20
14 4
4 1
8 16
1 16
12 10
18 3
15 12
20 8
9 13
5 10
13 4
6 18
12 21
5 2
18 5
18 8
6 0
7 13
17 1
9 11
8 3
21 11
17 5
10 0
0 17
2 21
4 21
20 10
8 0
16 4
18 14
3 20
10 5
5 4
3 21
5 19
0 10
18 15
17 20
11 18
9 3
4 13
15 13
12 5
2 9
6 9
11 19
10 2
12 0
15 14
6 6
16 9
3 10
11 11
11 6
19 4
7 6
18 17
1 18
4 20
1 12
11 3
2 19
5 15
9 8
11 9
12 19
9 15
8 12
7 5
17 7
19 13
14 0
0 21
14 14
12 11
4 9
5 12
14 8
2 10
3 2
8 8
14 13
0 2
4 19
19 10
0 8
6 8
3 17
0 1
12 18
17 19
5 14
8 6
14 2
12 15
12 16
13 13
19 15
9 7
1 3
7 17
3 14
21 21
9 17
19 18
16 10
14 16
12 8
8 15
20 14
5 9
21 16
16 8
8 19
0 20
6 11
17 3
2 6
20 11
20 21
18 1
15 2
3 19
13 1
21 7
19 20
11 5
7 16
1 4
5 20
12 17
6 13
13 6
4 3
6 21
10 9
10 6
16 7
10 3
21 19
19 12
13 21
9 9
16 19
2 17
11 15
15 5
12 7
13 17
13 5
2 12
4 15
0 0
4 10
0 16
18 13
5 8
8 2
17 18
1 5
7 8
21 17
5 16
4 14
11 20
6 2
9 4
21 5
13 8
6 16
17 21
0 5
21 6
19 3
14 20
7 15
21 9
20 6
16 1
18 6
7 0
12 1
1 0
5 18
10 8
21 13
7 7
19 14
2 11
7 3
10 1
12 14
13 19
9 6
8 1
18 16
11 13
12 4
3 4
9 14
17 10
1 9
11 0
1 2
15 20
7 19
19 21
1 15
5 7
11 7
10 18
14 9
10 15
21 8
15 10
1 7
4 17
21 14
5 6
6 7
14 19
15 11
8 11
4 0
11 2
15 18
1 6
1 21
18 21
10 4
21 3
15 8
7 11
2 4
11 8
2 14
0 19
0 3
2 3
15 1
1 8
14 7
20 20
1 11
20 9
18 2
11 4
20 12
13 10
10 11
13 3
21 20
3 3
5 21
19 2
10 14
15 6
5 3
15 7
20 1
16 20
16 0
14 3
9 16
6 12
5 5
13 0
2 13
20 13
0 18
11 14
17 17
15 3
4 6
0 7
13 15
8 17
17 2
17 15
20 17
1 14
4 8
21 15
2 2
8 18
10 21
21 4
3 6
2 8
7 18
17 6
12 6
6 4
9 2
19 17
13 2
19 0
17 8
5 11
10 19
15 9
10 17
20 16
13 11
16 12
18 12
11 16
0 4
7 2
0 6
20 15
16 15
17 14
18 4
12 13
9 21
1 13
17 13
16 16
16 2
8 13
12 3
21 0
7 14
10 13
19 1
17 4
17 11
20 4
11 10
3 1
17 12
18 7
11 1
8 21
6 17
15 19
15 17
1 17
21 2
15 0
13 7
16 6
5 13
9 19
19 6
4 2
5 0
16 5
14 21
3 15
10 7
12 2
13 9
17 16
3 16
3 11
1 19
13 16
7 1
18 10
2 0
2 18
5 17
9 1
16 11
19 7
17 9
10 10
1 20
0 14
8 20
13 14
16 18
0 15
4 18
8 7
6 10
3 13
2 7
18 19
9 0
13 12
16 17
8 10
3 18
2 5
10 20
12 20
14 1
17 0
8 5
14 10
0 12
3 7
