40 23 4
............................T..T........
........................................
..............T...........T...........T.
...........................T.T..........
..........T.............................
.................T......................
............T...................T.......
....................................T...
........................................
..............T....................T....
........................................
.............................T..........
.....T..................................
........................T..........T....
T.......................................
........................................
........................................
........................................
........................T......T........
..................................T...T.
T..T....................................
...........T..T.........................
...T...................T................
.T...................T..................
........................................
...T....................................
........................................
.....T..................................
.................................T......
........................................
.........T....................T.........
...........T............................
.......T...............T.............T..
............T...........................
.........................T..............
................................T.......
.....................T..................
....T..............T....................
.T......................................
........................................
19 32
3 26
16 1
4 20
1 32
20 27
4 36
39 37
36 0
21 7
39 21
12 21
29 10
34 6
7 30
37 14
23 19
0 23
10 27
39 32
8 24
5 17
18 28
34 32
37 15
26 19
36 20
10 25
30 37
33 2
7 7
39 28
14 25
7 28
22 39
0 22
9 2
19 35
16 30
38 2
7 8
29 2
5 3
29 0
7 24
11 20
12 25
34 2
35 9
23 0
15 30
35 1
13 11
11 28
38 34
30 22
27 28
0 28
27 32
1 39
32 20
15 15
4 28
1 29
14 14
38 29
36 22
13 25
1 27
37 5
36 32
14 5
3 23
14 18
1 12
19 21
35 2
34 13
2 21
2 20
29 15
0 34
12 36
35 10
36 17
31 35
9 21
38 36
1 30
9 36
23 27
32 15
27 26
26 0
15 38
2 7
30 4
11 30
27 5
29 34
18 2
34 3
24 23
34 30
3 19
5 6
12 5
2 28
21 33
35 23
27 10
34 28
32 33
19 20
14 28
38 28
3 17
16 26
13 0
15 18
24 24
32 35
7 2
26 28
9 3
19 4
25 8
37 4
36 3
36 34
30 14
16 28
15 3
34 39
9 35
31 7
20 9
14 11
16 32
33 30
9 38
0 5
4 32
1 4
12 10
22 24
28 36
16 33
3 31
19 39
30 12
37 32
37 38
20 18
9 26
13 29
31 0
23 1
32 37
17 11
26 31
8 32
20 3
34 0
23 8
19 3
21 21
38 30
27 37
8 12
6 2
22 36
12 29
31 37
10 15
39 5
9 20
5 23
20 6
18 24
19 26
21 18
11 27
2 22
16 2
7 17
11 35
18 14
39 27
39 16
23 15
14 10
12 19
39 10
33 16
34 25
22 26
6 6
24 8
13 24
34 23
5 20
25 27
38 17
32 26
1 36
24 18
10 16
9 11
15 24
10 37
10 19
27 16
12 14
22 21
3 27
15 6
36 26
0 37
36 14
7 34
5 35
28 6
5 32
8 35
30 7
10 5
16 22
33 6
20 23
36 31
8 31
18 16
13 7
20 19
28 2
36 35
31 3
7 3
38 3
32 14
5 9
29 30
32 38
19 30
1 13
24 38
39 13
2 34
11 3
27 29
28 9
6 3
31 26
14 17
12 24
8 17
14 9
12 20
26 36
16 38
14 8
26 24
0 29
12 35
17 25
23 29
15 4
5 4
27 20
5 5
6 8
26 11
13 36
25 20
31 33
30 35
38 27
32 7
16 24
16 13
24 10
36 28
1 34
34 5
20 20
23 3
19 22
0 36
36 7
14 23
34 20
15 23
12 15
9 13
30 11
2 39
2 4
27 17
17 33
18 39
4 15
2 5
2 35
22 20
14 19
22 2
21 28
29 1
12 39
4 10
36 21
38 1
19 8
12 30
21 30
32 29
5 30
19 24
11 32
22 16
12 11
13 32
1 3
13 35
15 36
7 12
29 33
9 31
31 16
5 1
28 16
0 6
12 8
39 39
30 20
2 6
26 26
25 37
18 0
8 29
7 9
19 31
15 5
18 38
36 8
21 37
39 2
13 23
6 21
12 0
37 30
15 29
9 34
2 3
3 22
8 28
2 15
25 32
18 12
27 38
13 2
25 24
36 27
34 21
6 29
11 7
15 33
30 28
14 35
8 6
14 16
7 16
23 33
27 31
5 12
15 11
26 22
21 10
34 7
29 37
9 24
4 4
14 38
32 17
37 31
28 26
25 12
35 15
5 21
1 21
37 7
9 14
1 9
37 0
27 33
8 15
32 25
21 26
4 17
39 30
17 37
24 14
22 22
24 6
29 16
24 17
12 2
27 3
6 4
9 33
19 9
26 3
22 5
30 24
38 13
22 33
30 30
13 19
0 0
27 19
24 16
18 31
19 5
26 9
10 2
15 32
5 15
9 27
6 18
36 36
9 5
0 31
29 24
7 10
21 24
23 28
39 12
27 39
26 16
17 22
31 34
20 26
18 27
25 38
10 1
29 3
33 10
28 12
0 19
29 36
19 17
9 4
24 7
11 23
13 31
35 18
32 22
9 28
34 27
22 34
35 20
11 13
29 32
6 23
21 35
1 6
6 39
9 32
30 17
19 2
34 11
23 31
35 0
37 25
13 12
39 6
18 32
29 19
1 25
24 12
31 10
2 13
4 6
12 23
11 38
10 10
33 9
11 19
11 33
14 26
16 10
22 1
18 6
27 7
32 3
28 15
29 23
10 31
13 4
32 31
27 9
32 34
19 14
12 6
5 13
15 2
24 26
19 16
4 2
34 36
10 24
21 16
35 16
4 25
30 1
16 29
1 1
19 34
1 17
20 32
3 37
27 25
37 26
19 23
20 16
10 32
35 22
12 9
4 11
4 16
14 15
5 2
19 7
26 2
22 12
29 18
19 12
25 17
2 2
30 0
0 21
6 30
27 13
14 21
7 1
21 11
37 2
25 10
16 34
29 8
5 27
24 3
17 30
0 3
24 39
7 26
8 39
2 25
35 30
13 39
17 35
36 1
6 38
24 0
9 19
18 25
16 20
18 36
13 15
35 7
33 15
28 24
19 11
33 19
9 25
3 29
6 1
30 34
25 21
9 0
5 39
6 7
29 12
16 31
5 38
2 19
28 13
14 2
14 4
17 7
38 21
31 32
36 6
36 23
14 39
26 29
3 12
6 32
2 30
4 14
10 18
9 7
9 17
11 15
0 15
36 18
10 38
35 19
6 5
33 24
20 8
1 20
31 15
31 23
19 25
38 15
8 27
2 12
14 6
34 24
23 14
20 25
3 0
19 29
37 16
8 0
33 35
13 22
28 3
3 3
21 32
37 35
7 13
11 18
32 2
22 28
30 3
32 36
32 24
33 3
17 6
10 7
29 7
0 9
39 9
31 27
34 15
24 33
29 38
19 33
7 19
29 6
22 18
34 19
10 4
4 39
13 21
21 13
35 39
11 11
20 33
26 30
11 26
32 8
18 23
20 10
9 22
15 10
29 14
36 29
8 33
20 14
8 5
12 18
26 14
6 13
21 19
27 21
1 38
23 12
16 39
25 31
18 8
28 33
32 18
5 0
10 26
31 1
28 14
11 10
13 33
11 17
10 22
14 32
6 11
3 14
12 28
22 10
36 24
12 16
4 7
3 1
7 38
3 32
24 4
27 27
11 16
10 8
3 35
3 33
15 16
38 9
14 0
36 33
8 36
11 24
23 35
38 22
23 2
17 1
32 16
19 18
36 4
9 30
24 30
1 10
17 10
29 35
17 12
29 27
17 28
39 38
21 12
28 17
19 0
13 27
25 26
25 18
6 14
3 28
21 9
22 14
8 22
20 1
32 9
39 18
22 32
11 12
1 35
4 22
20 29
8 19
14 13
38 7
10 6
33 31
8 10
6 22
39 15
25 6
33 21
20 11
0 11
9 16
30 36
22 31
34 26
33 0
14 12
35 3
35 17
14 22
0 18
24 2
26 35
10 33
20 4
25 15
23 24
3 21
31 36
38 23
27 34
21 25
9 23
1 5
11 0
7 15
27 4
3 20
14 1
29 5
31 24
28 21
35 21
27 18
1 19
18 9
4 9
28 34
32 0
11 31
21 27
37 18
30 8
23 30
33 14
28 1
35 6
16 14
35 8
6 34
28 25
4 3
26 33
39 20
26 32
38 37
7 27
14 36
27 35
0 33
25 22
24 32
2 23
18 22
2 18
26 8
8 9
25 9
15 20
14 20
16 17
36 39
28 7
27 8
1 24
18 34
1 33
28 28
26 20
18 18
16 27
2 36
37 13
25 39
37 6
38 11
30 31
13 8
31 22
17 34
11 21
2 16
30 18
20 12
28 35
21 34
20 31
28 19
37 34
4 33
29 4
3 6
25 5
38 25
38 5
33 5
0 7
14 37
5 18
28 8
10 20
12 3
31 8
25 14
7 29
26 6
24 13
6 28
22 29
19 1
5 19
20 38
9 15
8 16
17 16
38 26
30 2
21 6
19 6
17 3
39 34
0 10
20 39
9 10
30 27
37 23
18 20
8 25
4 27
13 13
26 17
25 4
36 5
7 33
28 29
35 12
1 8
28 11
11 4
39 4
7 14
19 15
22 17
8 11
4 34
35 32
6 15
37 39
9 29
24 19
26 18
37 9
21 22
23 26
37 17
10 39
35 37
0 8
15 7
31 31
13 14
11 34
17 2
17 36
30 33
8 21
37 8
15 14
9 39
16 9
11 29
6 10
27 2
12 34
12 17
25 36
7 35
8 38
35 24
38 8
38 24
10 21
23 9
32 32
35 27
26 12
24 1
2 32
10 34
23 13
39 7
36 12
7 23
27 6
21 31
37 24
26 10
17 8
34 8
5 8
24 37
33 39
3 16
2 14
37 11
14 34
17 0
16 21
38 6
15 0
18 26
31 9
15 8
30 10
33 34
15 39
2 29
10 36
39 14
38 20
32 1
22 9
27 30
3 8
32 12
39 25
23 32
12 33
37 20
10 30
1 31
23 16
1 28
31 13
12 4
17 5
28 22
8 23
22 3
17 18
14 27
16 4
26 34
38 33
16 35
7 31
3 25
7 25
36 19
28 31
3 4
39 19
25 13
25 28
8 26
34 12
10 3
29 26
11 22
13 37
15 26
20 15
4 38
19 19
14 29
19 36
17 27
20 21
29 28
13 3
23 10
17 9
12 12
17 21
12 13
6 33
7 18
5 25
37 10
27 14
23 18
17 4
21 23
32 11
10 28
11 1
7 39
37 22
39 35
34 9
30 5
15 19
38 35
10 9
29 22
22 8
27 15
23 4
24 25
24 9
17 20
24 31
33 36
19 38
34 1
37 3
33 33
26 7
12 22
27 11
14 33
25 11
13 26
29 11
30 38
20 22
19 27
23 21
18 30
21 5
18 1
18 10
23 37
1 11
25 1
34 33
39 31
35 11
12 1
30 15
38 0
13 34
13 5
39 3
2 8
24 5
18 29
22 13
15 35
36 16
25 0
31 18
20 36
6 0
24 20
22 25
17 26
22 19
35 38
2 37
5 37
11 25
5 16
28 32
15 17
20 24
32 27
10 14
38 12
8 7
38 31
10 17
33 18
30 29
20 0
28 4
5 22
39 26
1 14
0 32
13 28
39 1
34 14
27 24
3 39
1 26
8 4
14 3
4 29
16 19
0 38
30 25
15 9
37 37
23 23
2 26
23 7
23 6
25 33
2 27
9 6
29 13
7 11
17 32
37 33
0 24
11 36
1 0
10 12
25 16
26 15
30 9
4 24
30 13
3 9
30 16
15 27
31 19
17 14
4 13
16 37
35 35
8 18
24 28
2 9
6 16
26 39
22 27
2 0
10 29
26 25
31 25
24 34
29 9
15 21
3 18
11 37
24 15
33 38
26 23
23 11
24 11
12 32
1 15
18 5
16 15
25 3
32 39
2 33
39 11
36 30
4 30
35 14
8 34
31 38
9 8
18 19
3 30
4 31
35 5
0 17
23 20
30 26
32 10
5 34
18 35
34 16
7 0
6 37
13 18
27 0
36 38
15 31
3 36
28 38
0 25
37 19
0 2
21 39
4 35
20 7
20 17
0 14
0 13
4 5
8 30
17 19
21 38
35 4
31 20
37 29
32 4
2 10
16 3
18 21
17 15
33 20
38 10
2 38
0 39
16 7
31 21
22 35
3 24
37 36
22 6
7 32
32 21
18 33
32 5
21 2
35 36
30 19
2 24
12 37
10 35
39 8
27 12
4 37
16 36
5 24
23 34
2 1
36 25
26 13
21 15
27 1
22 0
0 30
15 13
6 26
1 37
24 35
7 21
9 37
39 17
11 6
20 5
18 37
9 1
12 27
34 10
39 22
18 11
25 35
35 13
8 14
5 11
35 26
0 26
2 17
10 23
33 13
37 12
33 23
32 13
5 7
26 27
36 15
30 32
5 10
9 9
16 25
8 20
16 16
17 39
39 29
37 21
31 14
13 17
22 15
3 13
12 31
19 37
35 28
5 28
31 29
17 13
14 7
27 36
6 25
36 13
17 24
22 7
24 22
38 16
26 5
34 37
25 2
25 19
21 1
3 38
35 29
11 5
23 39
37 1
13 38
16 8
38 38
18 3
13 30
22 37
33 22
23 38
13 1
15 12
21 0
15 25
19 28
29 25
36 9
6 36
21 3
0 4
31 39
22 38
24 29
11 14
7 37
39 0
3 15
4 21
39 23
20 30
5 29
7 4
4 23
37 28
16 18
22 4
11 39
20 2
6 20
34 29
21 17
32 28
28 20
34 38
22 30
36 2
21 36
36 11
28 30
7 20
34 31
31 30
16 6
18 13
1 16
27 23
29 31
31 12
15 28
21 4
8 1
32 23
7 36
5 36
0 12
28 18
18 15
6 27
34 22
34 4
5 26
31 4
10 0
20 35
35 33
23 17
8 13
22 23
1 22
30 23
4 8
17 17
34 34
31 5
15 34
6 24
26 21
17 29
27 22
21 29
1 18
33 1
14 24
33 28
16 12
11 9
25 25
3 7
21 8
25 7
26 4
17 31
30 6
26 1
35 25
31 28
18 7
15 22
4 1
28 10
33 4
6 35
12 7
34 18
14 30
20 34
28 0
0 35
7 22
20 13
39 24
8 8
23 5
28 23
33 7
29 21
0 1
13 6
23 22
33 11
10 11
32 6
0 27
38 32
29 29
13 16
4 0
24 36
26 37
36 37
3 11
1 2
9 12
33 27
3 5
12 26
4 18
13 10
28 39
35 34
33 32
3 34
19 13
33 29
15 1
4 12
31 2
3 2
33 25
16 0
6 12
5 33
19 10
25 29
18 4
25 30
31 11
18 17
4 26
24 21
33 26
17 38
25 23
33 37
33 8
2 31
4 19
13 20
29 20
33 12
28 27
35 31
16 5
24 27
12 38
9 18
16 23
8 37
33 17
25 34
7 6
10 13
29 39
36 10
34 35
37 27
15 37
21 20
31 6
23 36
8 3
20 37
7 5
5 31
31 17
32 19
3 10
38 18
6 9
1 23
17 23
6 19
20 28
32 30
11 8
1 7
30 21
21 14
23 25
16 11
5 14
28 37
34 17
11 2
28 5
8 2
26 38
38 39
38 14
6 17
38 4
14 31
0 16
30 39
13 9
6 31
2 11
29 17
39 33
39 36
22 11
38 19
