24 8 18
......T.................
.T.............T..T..T.T
..T.........T...........
...........T....T.......
...T..T........T...TT...
........................
.T............T.........
.....T......T...T.......
....T..T................
TT......T......T.......T
.....T...T.......T.....T
..........T...T.........
T....T..............T...
.......T....TT........TT
........T...............
.................T......
.....................T..
......................TT
TT......................
...........T....T.......
....TT....T..T..........
.T.....................T
......T..........T....T.
.TT.....T..T............
13 20
16 20
17 9
5 8
5 0
5 19
5 16
6 23
17 14
14 23
21 11
3 0
3 7
10 18
7 15
23 4
12 18
17 13
14 4
13 7
16 18
7 5
2 9
21 5
15 5
1 2
6 16
15 9
12 16
16 16
8 22
15 6
3 22
22 1
6 21
23 10
6 1
22 18
21 8
9 1
11 9
21 10
12 15
22 12
1 9
12 14
17 6
7 22
10 23
10 11
20 2
15 15
4 9
14 2
22 23
14 13
20 3
22 20
17 23
19 14
7 10
20 5
16 0
6 10
17 1
18 21
19 15
9 12
8 21
2 22
0 10
21 14
9 11
14 19
22 6
10 4
13 11
19 4
16 1
2 20
9 7
23 14
8 23
2 21
3 15
19 20
13 16
18 1
16 7
15 22
14 9
12 13
15 21
6 6
8 9
6 0
7 17
19 2
4 13
8 13
1 20
8 17
13 19
22 16
8 8
22 15
18 18
5 18
23 19
23 18
4 16
13 6
2 15
19 7
3 6
16 19
7 18
7 13
0 20
1 13
2 14
0 23
13 3
8 11
18 9
20 7
17 5
7 1
8 7
20 22
18 3
20 12
10 17
13 23
8 20
11 21
21 6
23 15
13 4
15 0
14 22
11 19
3 13
5 6
19 1
22 22
9 6
20 10
1 15
18 10
12 0
7 6
22 8
14 1
0 4
18 16
1 10
20 15
22 3
10 3
10 0
9 19
17 12
20 16
22 17
16 14
17 10
15 16
23 0
13 13
21 22
19 3
18 19
8 15
23 16
5 13
5 23
14 3
18 13
20 6
4 7
18 4
2 19
15 12
23 2
7 3
23 22
20 20
5 21
3 4
1 5
14 14
17 3
21 20
4 5
9 23
0 17
1 17
8 19
6 17
10 9
5 11
4 18
12 8
13 8
9 9
20 17
13 0
1 22
19 17
15 1
9 21
15 13
16 17
8 16
7 19
0 6
1 21
2 10
15 3
6 12
11 13
15 20
11 16
17 20
1 1
4 11
0 0
14 0
9 8
6 22
21 2
19 0
23 3
14 17
15 14
6 8
4 15
3 12
21 15
5 17
9 10
9 18
4 1
12 6
22 11
23 8
16 5
5 12
16 13
13 17
21 7
15 18
12 10
6 20
9 0
18 23
0 11
12 11
11 11
0 9
0 3
11 17
18 0
3 10
9 22
14 16
10 8
23 1
12 5
20 8
14 6
3 3
7 0
11 20
2 0
22 19
0 5
21 1
13 9
14 21
15 2
11 0
21 21
10 12
5 15
21 12
13 14
18 17
9 13
11 15
6 4
4 0
7 20
21 0
19 19
4 17
14 5
2 6
12 9
23 11
6 14
17 8
4 2
8 12
15 10
11 7
12 1
5 14
20 9
3 21
0 21
15 8
13 10
5 5
16 3
7 12
4 20
8 2
13 22
0 15
10 7
1 6
16 9
13 2
6 7
21 17
4 10
22 4
14 20
7 16
3 16
2 8
11 5
0 7
8 1
0 16
7 8
13 18
8 5
9 16
20 1
10 5
18 2
7 14
7 2
15 7
13 12
12 4
8 18
2 17
0 18
19 22
17 0
11 12
11 2
15 11
22 5
5 2
22 0
23 17
22 14
3 11
4 21
18 11
12 20
19 23
23 12
11 8
17 17
15 17
22 13
6 9
22 21
22 2
22 7
4 4
17 21
23 5
0 1
11 14
20 0
0 13
14 15
6 13
9 15
23 21
4 12
20 21
12 2
3 14
13 5
2 13
22 10
2 5
21 13
2 1
10 22
17 18
10 21
10 14
19 6
3 2
10 1
16 4
17 7
16 10
23 9
3 18
14 12
6 3
19 5
3 19
2 23
11 1
12 19
8 14
8 3
16 23
17 16
20 14
21 18
2 16
1 3
20 19
19 16
21 3
10 20
11 6
5 7
3 20
2 12
21 19
10 13
19 21
9 3
12 12
3 8
6 18
10 6
11 4
21 23
11 23
10 19
12 22
16 22
19 11
3 5
20 18
3 1
4 14
8 4
1 11
9 14
4 6
9 4
11 3
5 10
1 18
2 11
21 9
6 15
0 14
16 21
1 12
3 23
15 4
20 13
11 22
0 2
17 15
7 23
19 18
6 19
19 13
13 15
23 6
10 10
5 9
1 8
20 11
0 22
16 2
1 23
18 22
14 11
6 2
16 12
20 23
23 20
1 16
11 10
23 7
18 20
6 5
18 8
13 1
12 7
16 6
9 20
17 2
21 16
15 23
9 17
23 23
14 18
19 9
1 0
14 10
2 18
1 19
1 4
1 7
5 1
7 7
9 2
2 7
18 5
17 22
16 15
4 8
22 9
12 21
10 2
0 19
17 19
8 6
17 4
7 4
12 17
4 22
16 8
7 11
10 16
7 21
12 3
4 3
14 8
23 13
2 4
10 15
18 14
20 4
19 12
8 10
18 15
7 9
18 7
11 18
13 21
18 6
5 3
19 10
8 0
5 4
15 19
0 8
9 5
2 3
6 11
5 22
12 23
16 11
4 19
18 12
5 20
17 11
3 9
2 2
21 4
3 17
19 8
4 23
1 14
14 7
