39 12 17
.......................................
.......................................
................................T......
.................T.......T.............
.T.....T..............T................
.......................................
.............T...............T.........
....................................T..
..T....................................
.....................................T.
.......................................
...........T.....T.....T.T.............
.....................T.................
......T..T............................T
.......................................
.........T......................T......
.........T.............................
.T..T..................................
........................T..............
..................T...................T
.......................................
..T....................................
...............T.......................
......T............................T...
.T..........T..........................
.....T...............................T.
.........................T.......T..T..
T...............................T......
.....T...........T...........TT.T....T.
.........T...........T.................
............T..........................
.........T......................T......
...................T...................
................T...................T..
...T...............T...................
......T.............T..T...............
.......................................
..............................T.T......
.....T.................................
31 6
3 18
2 19
18 20
15 0
5 38
1 20
15 4
27 3
28 22
6 11
11 30
1 38
29 23
19 36
13 10
38 17
37 21
21 33
2 17
34 25
9 9
13 2
28 11
1 27
28 28
27 33
23 35
36 9
6 33
30 2
30 15
37 9
35 22
5 18
33 12
1 34
15 3
36 8
7 3
38 38
34 31
8 0
7 15
11 18
30 35
6 31
34 24
33 13
38 28
21 3
9 0
4 22
3 37
15 20
12 0
8 15
15 9
13 3
14 7
24 32
11 24
29 2
4 25
6 34
0 5
34 33
28 16
35 9
31 30
21 13
37 35
33 2
32 34
38 9
26 23
18 25
5 31
37 11
28 34
7 32
12 5
11 10
29 12
20 8
36 33
38 6
5 36
12 24
24 36
17 16
37 6
1 14
37 31
38 36
25 26
38 10
37 4
10 9
26 32
0 35
36 36
26 12
19 28
25 20
13 22
6 29
27 8
4 29
16 19
32 11
30 28
20 19
31 29
32 37
26 36
4 23
4 10
5 13
11 9
37 12
1 22
21 17
32 25
1 2
21 15
24 0
21 19
33 29
23 14
15 31
12 26
26 15
15 19
25 18
9 1
9 2
33 10
29 25
34 32
8 14
11 19
35 3
26 17
4 38
27 20
6 17
14 11
7 37
16 1
18 11
8 2
38 27
38 24
17 2
28 21
29 30
9 4
25 24
36 2
33 14
22 6
37 7
3 28
25 12
16 32
0 2
25 10
37 28
11 23
37 0
16 16
11 6
6 6
9 29
32 7
21 32
19 30
29 4
28 19
26 4
35 8
11 26
20 33
24 35
7 11
24 7
29 10
21 24
13 38
38 12
4 15
22 8
20 26
27 34
36 34
21 27
27 17
0 31
2 4
32 13
19 8
6 26
37 33
23 12
6 22
2 23
9 6
30 6
21 1
27 0
33 27
34 3
13 24
22 7
6 37
33 35
0 30
30 33
5 11
36 12
31 25
25 25
3 31
22 3
23 9
30 27
10 32
1 1
19 38
31 13
5 22
11 8
3 20
35 13
33 1
17 3
13 25
37 18
29 6
24 28
18 27
6 24
7 10
3 25
12 19
10 36
11 11
29 36
10 8
33 17
31 27
6 35
30 32
37 17
19 20
36 5
26 13
15 33
1 25
1 11
7 12
0 17
10 3
4 14
35 24
16 0
36 27
37 5
31 9
23 22
37 22
3 4
16 27
9 34
5 2
10 21
13 36
4 0
34 11
3 16
27 7
25 2
6 2
33 23
9 23
1 32
36 16
14 9
35 6
1 7
35 33
37 10
12 34
10 24
14 10
18 37
3 33
4 30
35 37
26 21
21 26
2 2
9 24
10 16
0 28
7 7
11 14
0 23
28 13
38 8
2 30
33 33
25 0
26 28
35 19
35 25
28 32
28 25
34 6
17 25
14 33
27 35
27 18
1 36
27 1
29 37
9 16
14 37
25 16
29 27
18 9
32 38
13 33
13 29
32 32
38 4
31 11
28 35
8 20
31 31
4 26
22 5
2 5
15 26
37 20
12 3
10 18
32 35
14 27
2 9
16 15
8 37
23 18
15 21
7 29
25 27
8 34
7 23
37 3
8 19
14 1
36 14
20 24
33 22
21 23
9 25
10 26
12 18
19 15
35 34
0 20
6 25
26 34
13 7
34 21
27 25
5 14
29 15
30 20
38 37
18 10
18 36
5 8
12 22
21 5
9 19
0 34
21 14
30 31
36 29
5 15
9 36
23 13
32 31
27 12
13 17
0 11
20 36
1 30
12 25
38 23
33 11
38 1
29 8
22 14
23 23
34 15
29 9
30 36
31 10
17 6
16 35
3 11
22 22
19 17
1 33
24 14
11 36
13 6
30 8
0 16
4 24
12 13
1 15
1 9
16 26
4 34
27 21
5 33
22 15
18 31
7 38
7 26
23 32
15 14
23 34
15 13
30 25
1 28
1 10
4 37
11 32
4 36
29 18
16 25
8 38
5 29
26 0
27 24
35 26
22 25
11 5
11 3
23 26
28 24
5 12
32 14
35 18
13 26
22 36
38 32
7 13
32 21
16 6
31 19
12 14
22 10
37 25
14 16
20 3
26 9
38 15
27 13
4 12
24 30
31 12
7 16
13 21
17 14
22 28
9 21
2 25
31 3
33 6
33 34
5 1
0 36
32 20
37 2
28 38
2 28
29 22
24 37
36 21
13 0
7 27
14 6
13 35
9 31
35 30
32 6
28 3
6 4
26 24
26 22
21 30
2 14
12 4
27 30
38 30
15 35
4 7
21 35
13 18
6 18
24 17
27 19
0 0
30 22
34 17
23 8
31 26
20 25
29 17
32 18
24 3
35 5
36 19
19 6
28 30
5 24
11 0
28 4
17 18
1 5
23 3
14 30
32 1
10 23
28 27
16 22
11 16
21 12
9 11
24 10
29 26
4 18
6 20
28 1
15 8
12 9
35 1
37 26
18 22
15 29
1 19
4 35
16 24
15 10
34 5
3 22
7 5
6 5
37 16
34 13
1 12
35 29
31 32
20 23
0 7
2 22
32 0
35 36
12 6
5 25
21 6
29 20
0 14
18 13
15 24
22 34
7 24
0 8
29 33
4 6
25 34
14 32
19 33
8 4
2 15
20 18
6 9
12 11
36 35
10 29
22 21
18 17
21 4
18 3
23 20
10 31
16 17
26 38
4 4
11 13
14 38
30 7
9 8
37 14
24 5
9 33
35 35
24 1
36 13
38 11
33 16
10 2
25 29
0 4
24 23
32 24
17 38
34 28
0 6
19 34
33 31
27 11
31 28
17 27
20 4
38 7
13 13
3 29
4 21
36 1
0 22
21 11
10 34
8 10
11 38
38 16
2 31
10 37
25 37
10 22
38 2
22 13
23 15
34 26
14 0
19 26
18 16
11 17
31 23
34 2
29 19
14 25
10 35
5 0
33 28
32 30
26 30
5 19
31 22
29 16
31 7
34 1
0 13
9 12
14 24
2 10
17 22
8 24
6 10
6 12
24 19
14 28
24 29
16 7
5 26
23 10
18 23
29 34
15 37
7 17
16 30
10 5
35 16
15 5
18 32
11 25
25 23
7 35
18 4
19 2
26 7
14 14
8 7
34 35
38 19
14 21
27 10
5 3
23 29
15 22
9 26
38 33
7 14
7 20
15 16
0 15
20 21
27 32
1 21
0 12
2 6
36 17
8 29
5 6
32 5
11 22
31 18
37 24
20 20
3 15
2 11
34 20
5 37
6 21
1 8
24 11
24 4
38 22
1 6
21 18
22 23
15 2
35 17
20 27
38 3
25 28
14 3
31 24
7 2
36 4
10 10
13 1
16 23
25 31
10 20
21 22
26 8
31 34
20 34
21 34
7 30
3 26
14 31
19 18
32 27
0 38
33 8
15 11
3 23
17 19
8 23
14 35
21 7
20 29
11 1
36 31
35 2
8 18
5 20
34 10
24 21
28 37
4 32
17 7
2 29
31 2
37 29
11 35
28 9
24 25
23 5
34 12
18 1
12 38
34 37
31 37
6 14
20 0
1 0
35 10
0 10
28 8
19 5
33 4
17 5
36 30
6 15
29 1
11 33
7 6
5 23
28 18
21 28
34 34
19 0
18 19
22 2
8 9
30 24
12 2
16 36
19 19
31 36
16 37
3 12
14 26
0 33
29 31
21 2
6 19
28 15
29 5
8 6
22 1
4 19
35 21
30 13
8 17
4 2
32 3
21 16
21 36
2 21
20 2
14 5
31 5
12 31
5 35
24 22
30 26
13 32
3 27
22 26
19 16
27 27
19 24
12 30
24 8
25 38
13 27
34 38
24 33
34 9
5 7
30 17
28 33
26 19
30 1
20 15
17 12
2 12
22 33
17 21
29 7
38 31
7 21
23 17
7 8
6 16
27 4
11 29
11 28
26 5
17 30
19 31
36 22
13 23
23 19
9 10
1 29
26 6
12 35
18 29
12 17
33 30
35 27
28 0
3 9
7 1
0 26
14 8
16 21
6 23
15 30
10 12
14 36
33 9
14 29
3 8
28 26
11 20
33 25
24 20
16 38
20 38
28 14
7 36
31 0
11 37
5 9
9 32
37 38
3 17
34 30
2 7
3 32
25 33
32 26
19 7
4 9
28 12
9 37
3 38
12 15
8 32
15 28
8 36
38 14
1 35
38 13
18 30
25 14
5 4
23 24
5 5
21 20
3 3
20 16
36 23
36 7
24 2
13 37
30 4
0 37
33 3
1 24
20 11
32 23
4 8
22 19
17 17
26 3
34 23
34 29
12 33
16 3
20 32
0 24
28 36
18 33
12 37
29 0
15 23
19 29
10 1
6 1
30 37
25 5
15 6
5 27
19 12
30 16
15 34
22 29
27 37
33 18
21 0
36 11
28 5
13 8
9 20
29 21
35 28
36 28
21 29
20 30
7 19
23 11
17 36
23 21
26 33
18 7
32 36
15 25
0 1
29 32
8 28
23 27
20 1
8 12
21 37
22 24
28 23
18 15
24 12
10 4
25 8
33 7
15 36
8 35
19 22
22 0
31 8
14 20
4 1
3 6
19 32
23 36
12 10
7 0
2 36
13 14
36 26
20 7
19 3
21 25
9 5
4 31
17 23
2 26
3 34
33 15
25 4
24 9
12 27
35 14
5 28
2 13
1 31
6 13
33 24
20 35
22 27
31 35
27 5
6 8
5 16
17 1
16 29
9 18
1 37
32 4
34 4
5 30
2 38
16 12
24 13
29 29
9 38
12 29
23 4
9 35
19 25
28 7
8 8
9 15
24 38
1 13
18 18
35 23
4 5
4 13
11 27
25 13
24 27
2 24
28 31
23 0
5 21
26 11
36 18
24 16
17 37
17 29
9 17
6 30
2 0
24 26
5 32
10 25
16 34
29 24
25 30
18 28
31 1
20 10
17 13
23 37
8 33
37 1
26 2
31 14
26 10
34 8
25 11
8 11
16 4
17 35
4 33
38 18
37 13
38 0
17 20
17 24
0 18
27 38
29 3
19 14
13 9
30 18
12 23
16 10
34 14
10 30
22 37
18 6
7 33
23 16
29 28
5 10
36 24
17 9
3 14
9 7
36 0
13 19
18 0
6 38
10 33
16 8
30 14
30 0
32 15
25 6
22 17
20 13
10 38
2 32
22 18
8 3
19 23
35 38
21 31
33 0
28 20
15 17
20 17
14 17
15 1
2 16
18 2
16 18
2 3
11 21
10 6
10 0
10 19
8 13
31 16
37 32
1 4
20 12
18 38
11 12
9 22
1 23
19 10
0 27
31 15
9 13
7 18
3 10
8 1
9 28
4 17
5 17
36 6
27 9
6 27
7 25
31 21
20 9
30 3
11 34
35 32
12 8
8 22
17 34
20 5
20 14
27 29
25 17
11 4
12 28
25 35
36 37
27 14
19 21
2 33
8 27
10 11
32 8
13 28
20 37
11 7
4 28
36 15
17 11
19 35
17 10
22 38
7 28
1 17
24 34
30 19
3 21
22 32
32 17
1 18
16 14
0 9
14 18
16 20
27 16
38 21
6 32
33 37
15 32
21 21
36 25
27 28
9 30
16 28
33 36
11 31
16 33
22 12
36 38
4 11
14 2
26 16
12 1
30 30
12 7
16 9
24 6
12 20
32 12
17 31
14 15
37 27
6 0
26 31
18 5
17 8
7 9
36 32
30 12
13 31
34 27
13 34
4 27
37 36
26 20
13 5
8 31
14 34
38 26
0 29
35 11
0 21
8 21
25 7
3 36
18 8
0 25
13 11
32 10
26 18
5 34
21 10
37 37
30 10
20 28
32 22
19 11
17 33
27 15
26 37
34 18
22 11
27 26
30 34
35 4
8 30
37 19
4 20
2 27
19 9
31 4
22 35
35 31
19 4
37 30
15 38
1 26
38 5
32 33
2 1
6 36
15 27
20 6
11 2
12 12
26 27
30 23
33 26
28 2
27 22
4 3
33 20
35 0
27 23
25 21
36 3
13 30
21 38
15 18
29 38
33 21
16 13
18 26
8 25
19 27
1 3
30 11
10 27
6 28
26 1
25 32
23 7
3 0
26 29
19 13
37 15
26 26
34 16
37 34
33 38
10 28
19 1
3 5
23 6
23 30
17 4
23 1
22 4
12 36
3 24
29 14
23 2
38 20
32 16
25 22
24 15
31 20
10 15
23 31
33 32
38 29
28 10
7 34
10 13
36 10
13 12
17 28
27 6
7 22
31 33
7 31
29 13
18 34
3 2
34 22
10 14
23 25
28 29
3 19
26 25
18 21
15 15
12 21
31 38
0 3
17 0
14 22
18 14
14 4
24 31
34 0
20 22
12 16
32 29
25 3
21 8
30 9
14 19
32 19
25 19
34 19
20 31
9 14
13 4
23 38
29 35
17 26
24 24
4 16
10 7
6 7
8 26
37 23
25 36
23 33
33 19
30 29
31 17
21 9
17 15
17 32
23 28
3 35
24 18
26 14
19 37
2 8
9 27
27 36
38 34
10 17
2 37
13 15
7 4
3 13
33 5
3 30
32 2
22 20
38 35
25 9
14 23
35 20
35 15
26 35
11 15
16 5
37 8
12 32
22 9
30 21
18 24
14 13
32 28
30 38
29 11
13 16
22 30
22 31
2 18
3 7
16 11
30 5
18 35
1 16
16 2
28 17
2 34
9 3
6 3
38 25
27 31
0 32
34 36
25 15
8 5
15 12
13 20
36 20
35 7
3 1
2 20
32 9
15 7
2 35
25 1
28 6
16 31
27 2
14 12
22 16
34 7
35 12
8 16
18 12
