38 19 3
.............T...........T.T..TT......
...T..T.......TT...T.....T............
.....T.......T..............T.T...T...
.....T.T.......T..................T...
......T.T.T..TT......T................
....T......TT.........T.......T.......
...T........T..................T..T...
T...T..........TT..................T..
...T...........T....T.....T..TT......T
..........T......................T....
TT...T....T..........T....T........T.T
.....TT.T.........T.T.T.T.T....T.T....
...T.......T.................T.....T..
........T.TTT....TT.............T.T...
..T.T..........T..T...T...T...........
.T.................T...T..........T...
T.......................T...T.....T...
......TT......T........T.....T........
....T...............T......T..........
........T..................T..........
...T.............T...T.T..............
............T......TT...............T.
.......................T...T..........
.T.TT.T..T.....TT.......T.............
........T.....T..TT...T...........T...
....T......T.......................T.T
........T.......T...............T.T.T.
...........T.T...T........TT........T.
.T....................T.....T.....T...
T.........................T......T....
.TTT.....T.T..T.T....................T
.......T..T.T...............T...T.....
........T.T....T............T..T......
..TT.TTT........T......T.T...T........
.......T....T.....T....T.TT.TTT.T.....
.......T.......T.T......T....T..T...T.
.........T.....T........TT..T.......T.
....T...T...........T...T............T
3 27
10 15
19 14
28 17
31 33
16 34
4 12
28 31
29 30
22 34
7 1
29 35
28 21
20 24
34 24
14 31
12 8
24 9
7 29
31 0
25 8
15 4
26 10
3 1
28 18
4 14
33 37
33 34
27 20
6 21
17 25
0 29
21 7
32 30
7 9
15 11
10 37
24 21
19 36
10 11
37 30
17 12
30 18
19 1
4 24
27 8
32 18
19 24
33 36
21 15
12 4
29 5
9 0
28 3
3 9
23 14
8 9
5 7
23 7
8 31
15 9
21 11
20 31
17 4
23 19
16 15
23 1
4 29
21 10
37 7
18 26
32 3
1 29
37 0
24 27
15 2
18 21
13 37
5 11
4 23
21 29
18 3
17 9
10 23
16 21
11 18
25 16
16 11
8 5
8 25
3 11
4 28
33 1
20 25
6 14
0 6
35 7
33 13
18 7
1 11
6 30
3 36
27 19
34 30
31 16
5 14
22 4
29 13
20 2
25 27
19 30
7 7
32 25
24 14
35 15
32 9
11 30
12 34
25 0
26 32
35 26
7 19
14 30
11 17
17 26
5 9
17 11
17 28
30 24
4 27
29 36
34 0
0 0
6 9
9 21
2 4
11 32
28 9
21 25
13 34
30 4
32 7
29 10
30 25
14 4
37 25
22 0
35 29
13 27
32 13
33 0
35 31
35 16
10 20
27 35
27 26
30 30
13 7
21 20
36 15
22 35
26 17
25 36
8 29
24 33
28 1
15 30
34 26
37 1
37 36
10 7
16 30
34 7
6 16
16 37
12 35
33 15
10 27
13 21
16 7
34 35
12 20
18 16
9 36
5 31
26 15
24 31
22 23
2 6
12 24
1 1
27 36
2 20
9 12
31 37
6 31
0 18
17 5
4 2
27 11
35 14
0 27
36 17
16 4
11 23
9 7
5 13
31 20
13 0
12 25
12 19
16 31
22 12
2 30
26 1
28 5
15 25
28 22
2 31
23 28
23 21
28 19
4 7
12 12
9 8
30 32
10 33
22 18
33 10
20 28
8 2
35 12
20 27
9 33
20 9
33 8
6 26
32 16
19 10
19 11
7 21
32 2
36 23
12 23
16 5
12 36
31 36
25 11
28 8
8 17
2 16
3 20
16 32
9 34
27 37
5 26
17 21
4 0
19 4
11 29
28 34
32 24
33 26
6 37
14 9
3 3
29 1
26 6
35 4
36 8
13 3
1 28
8 22
33 18
4 30
18 5
5 25
23 34
17 16
19 32
13 5
15 19
26 19
8 3
2 12
32 19
6 23
24 28
6 29
5 36
33 9
19 35
24 15
23 12
0 16
22 19
23 16
28 29
10 34
10 18
1 26
36 16
35 37
7 17
11 7
12 33
32 20
13 15
21 14
2 14
26 3
3 33
9 28
33 32
33 2
35 25
8 35
34 20
7 37
18 34
11 11
30 37
33 31
8 26
5 17
3 35
23 22
21 19
10 26
4 8
27 17
26 14
35 19
4 13
0 30
31 14
35 24
36 10
1 12
3 25
2 26
18 37
29 32
6 12
7 32
7 4
21 34
27 31
25 14
29 28
17 33
27 34
37 26
35 22
21 37
6 1
7 30
4 4
10 9
17 8
12 16
16 26
0 34
24 11
17 23
31 5
25 17
16 16
31 23
23 32
13 11
8 6
11 15
36 25
36 32
20 29
26 8
20 4
9 6
10 2
26 37
5 32
26 0
35 30
29 7
10 21
11 10
23 11
32 22
7 23
22 30
16 12
6 35
1 14
28 36
9 30
1 37
7 25
31 3
13 30
15 20
18 36
15 21
4 22
28 10
9 5
18 8
6 0
37 20
26 13
26 18
23 4
32 33
18 14
14 7
34 11
33 23
11 26
9 13
30 29
17 0
11 31
20 3
28 6
13 28
34 21
32 17
24 30
29 29
24 22
15 24
7 24
32 6
17 17
14 20
7 22
31 17
9 32
1 13
15 7
36 19
25 30
1 36
21 31
10 13
20 16
35 8
23 3
27 7
21 28
0 20
9 27
6 33
28 4
12 6
16 33
11 37
34 1
9 17
4 6
22 32
30 13
4 10
0 3
19 22
0 17
5 18
31 22
32 27
2 3
15 17
15 29
17 35
24 12
11 0
33 6
31 18
18 10
1 30
13 16
25 23
11 21
33 28
2 24
18 9
14 34
1 24
33 3
36 5
8 30
2 23
33 5
30 15
29 37
31 15
13 26
13 12
2 32
20 33
4 26
34 5
28 11
16 10
5 5
15 35
4 17
34 22
36 6
16 18
15 10
15 33
15 22
18 29
27 16
19 28
29 34
36 21
13 4
21 18
6 4
17 2
22 27
25 13
1 0
6 25
36 4
33 12
10 35
18 33
37 18
19 18
12 37
17 37
24 29
1 22
6 17
10 25
35 34
18 23
21 26
9 3
8 11
31 11
2 2
9 18
16 25
5 0
37 24
19 27
24 18
27 22
15 27
37 6
7 0
13 23
36 29
36 24
3 30
8 33
16 28
35 18
24 34
29 23
3 0
13 1
19 6
6 8
7 27
6 20
20 15
17 7
8 10
1 23
19 2
27 27
28 24
9 15
10 1
21 23
30 16
12 0
19 34
30 12
33 33
30 3
31 26
7 26
23 0
34 10
5 20
3 14
9 19
31 19
37 10
23 5
7 8
33 11
26 21
14 23
12 26
19 15
35 2
33 22
1 33
36 14
36 33
18 6
22 1
7 31
18 32
16 8
6 24
27 32
14 14
6 2
19 31
26 23
18 18
13 32
36 34
9 24
1 31
5 33
28 14
6 19
35 10
15 8
32 8
13 20
14 19
2 19
4 34
15 0
11 2
20 17
29 18
26 29
30 0
27 3
21 24
29 31
32 5
17 18
25 22
5 4
8 15
21 27
17 36
22 37
32 35
31 27
15 34
12 30
12 28
19 13
37 23
0 1
4 3
17 10
5 23
26 16
34 16
10 8
16 20
3 31
8 36
31 28
0 31
28 25
35 35
11 34
30 23
13 25
22 24
14 15
30 27
5 16
26 34
13 24
23 17
29 24
24 16
16 24
33 19
36 13
30 22
3 23
4 37
26 36
24 6
29 3
18 12
0 7
1 35
4 1
2 25
34 33
34 3
12 15
13 9
18 13
11 14
0 8
8 32
5 22
34 32
37 22
16 27
14 22
23 29
22 2
14 8
11 9
12 31
11 8
35 33
14 24
24 17
13 14
3 24
26 12
19 23
18 1
26 31
24 0
28 16
27 4
14 32
33 24
20 36
4 5
22 33
11 20
16 9
34 29
14 11
22 15
14 17
33 16
4 33
9 37
35 23
29 20
3 2
14 28
22 14
5 24
19 25
20 1
22 22
25 18
12 5
0 4
3 16
25 32
7 33
25 24
22 3
30 14
30 2
1 3
16 19
4 35
1 27
36 35
14 35
23 24
21 36
3 34
0 28
27 33
24 5
19 21
10 24
12 7
11 1
37 31
21 0
6 32
25 31
21 5
32 34
34 27
14 0
4 31
37 32
9 9
11 24
27 13
21 16
12 32
9 16
32 21
28 7
17 34
20 19
8 23
36 9
24 23
37 19
8 16
15 15
33 17
6 5
35 1
29 9
18 35
27 14
5 19
16 22
32 37
14 36
30 21
6 36
19 29
30 33
21 30
8 14
29 21
0 21
24 35
23 20
27 28
2 0
6 28
10 14
3 4
34 13
36 1
31 13
22 21
25 4
0 10
34 2
35 6
36 28
35 9
28 20
11 25
5 2
21 9
36 26
20 10
0 25
5 10
11 19
34 34
21 13
24 24
4 18
31 24
29 17
23 31
12 18
11 5
14 26
25 1
1 8
1 21
17 27
23 25
20 7
3 6
8 37
2 33
32 1
23 23
30 19
26 11
31 9
27 30
24 3
27 10
26 33
31 35
8 1
9 4
11 12
22 9
20 35
23 33
11 22
4 32
12 13
10 17
18 25
35 36
32 12
23 2
23 6
23 18
30 1
29 14
1 19
30 35
17 31
14 18
12 9
14 3
24 2
30 9
1 7
8 0
21 3
34 4
7 6
23 8
24 19
37 33
32 15
17 29
34 15
14 37
23 36
21 12
15 23
15 16
30 5
32 32
22 26
11 13
6 34
34 37
2 9
36 7
37 27
9 23
16 6
34 6
12 21
8 12
3 13
7 16
37 14
36 22
30 6
10 12
14 29
17 13
12 11
27 29
34 28
9 10
19 12
28 12
30 31
37 13
17 24
9 1
4 15
10 29
5 15
9 31
0 33
1 5
5 29
17 32
0 15
37 12
10 6
3 21
31 1
13 36
6 11
37 16
25 28
3 26
23 35
25 12
15 18
35 0
25 15
10 3
4 25
3 12
18 11
23 13
0 12
3 5
5 3
25 29
3 37
0 14
21 21
26 25
27 25
14 10
17 19
16 36
21 35
16 23
19 7
4 16
25 19
3 17
15 36
37 35
25 25
36 3
2 27
8 7
18 24
36 12
25 7
34 9
0 11
13 33
32 0
1 16
37 15
13 19
13 35
30 17
4 11
27 15
30 10
34 17
32 26
29 4
11 4
14 21
24 26
15 13
25 21
0 23
25 35
36 30
37 8
33 4
14 13
13 13
24 25
20 23
32 31
25 34
20 13
26 24
27 1
0 24
10 4
19 5
25 5
2 15
10 19
33 20
22 5
30 11
13 22
18 19
23 26
33 14
16 14
9 14
20 32
5 6
31 10
37 4
26 27
15 31
23 9
7 28
23 37
31 34
8 20
15 5
26 2
3 8
27 12
29 12
18 22
11 33
29 16
25 10
32 29
7 18
37 5
34 12
7 11
12 2
27 18
12 1
35 13
22 7
22 8
12 29
2 8
5 8
29 33
27 24
20 6
16 2
35 21
36 36
34 25
2 37
17 22
37 17
22 31
1 2
22 20
8 27
15 3
1 32
5 35
30 8
25 3
25 9
34 31
27 5
31 21
21 1
7 20
8 21
14 5
8 34
24 37
29 19
19 16
21 4
28 28
29 27
34 36
5 28
37 28
30 20
12 14
35 20
7 36
4 9
15 14
2 10
2 18
6 27
2 5
37 3
16 29
24 13
28 0
5 12
18 27
24 20
20 34
34 14
22 13
29 6
32 11
14 27
18 2
11 27
36 2
27 21
33 25
21 6
9 11
3 10
8 28
2 35
18 0
20 0
14 2
29 8
12 22
13 31
0 9
3 28
37 21
4 19
19 26
20 26
23 10
16 3
5 21
6 7
2 13
13 10
31 29
26 22
19 8
34 19
31 31
17 3
6 15
12 10
4 36
19 33
28 35
20 5
24 7
24 10
22 11
28 30
0 36
14 25
29 22
5 27
14 12
24 8
19 20
26 5
17 20
1 34
0 13
6 10
25 37
15 12
1 20
16 0
10 30
25 6
15 1
2 36
5 1
31 12
2 17
11 16
25 2
12 17
34 8
23 27
3 19
37 34
27 0
11 3
14 1
9 20
32 4
3 22
2 1
27 9
32 14
16 1
18 15
32 36
14 6
11 36
0 5
34 23
35 5
8 24
0 37
31 8
33 30
3 7
36 27
31 25
7 13
0 32
3 15
29 15
20 37
16 17
5 34
15 6
20 11
5 37
26 9
37 9
21 33
3 18
12 3
19 37
15 28
13 29
10 32
7 12
14 16
0 2
20 8
27 6
37 37
10 10
31 30
34 18
33 29
7 14
9 25
20 14
22 10
28 15
8 8
13 6
9 26
35 27
29 11
2 28
33 35
22 17
9 29
35 11
31 7
24 1
15 32
9 35
26 7
2 34
18 31
22 29
28 26
22 28
29 2
35 28
2 29
23 15
21 17
21 22
32 28
17 6
1 15
31 2
28 23
10 5
27 23
10 31
36 20
5 30
31 6
0 26
1 9
1 6
28 32
37 2
30 36
27 2
7 5
36 31
20 18
35 3
26 20
0 22
20 30
25 26
13 8
18 20
37 29
3 29
12 27
16 13
8 13
28 2
2 11
7 34
9 2
19 3
24 4
30 7
4 21
22 16
19 9
10 28
2 22
36 0
17 1
24 36
11 6
35 17
17 14
21 8
29 26
6 3
1 4
7 15
2 21
29 25
18 17
25 33
30 28
26 35
23 30
1 17
7 2
20 12
22 36
26 28
3 32
18 28
26 4
4 20
30 26
26 30
19 19
21 32
1 18
17 15
29 0
28 33
7 3
33 21
13 17
15 37
10 0
13 2
32 10
19 17
20 20
20 21
8 18
28 37
36 11
22 25
9 22
10 22
17 30
19 0
1 25
37 11
25 20
28 27
13 18
31 32
2 7
10 16
6 13
18 4
1 10
33 7
11 35
6 6
28 13
10 36
15 26
31 4
21 2
33 27
8 19
32 23
20 22
0 35
26 26
36 18
24 32
35 32
7 10
30 34
6 18
14 33
11 28
7 35
16 35
22 6
18 30
6 22
36 37
8 4
