40 20 35
.T.....T......T.........................
.....T..............T............T......
....T....T.......T...T..........T.......
.T.T..............T.........TT..........
....T.......T..............T............
....T..............T....................
.........T..T...............TT..T.......
....T....T......T.TT.....T....T.....T...
T..T...T.................TT.........T...
..T.T.....T.T..T.......TT...............
.........TT.......T...................T.
.T................T..T..T..........T..T.
...T......................T.......T..TT.
...........TT..T....T................T..
....T..........T........................
..T..........T..........T...............
..........T.......T.T..T......T.........
..................T..........T..T...TT..
T.....T.....T....T...T..........T.....T.
.....T.T.....TT.......T....T...........T
.......T.TT.......T..T....T.............
T.T.T.....T........T.........T...T.T.T..
...............T....T.....T........T..T.
T...T.......T...........T..T....TTT.TT..
........T...T................TTT........
T.......T........T......T...............
..T........T..T......T...T.......T......
........T..........TT...........T.T.....
................T..T..T.....T...........
T........T..T...........T......T....T...
...T..T.........T..T.............T..T...
........T...T.TT...........T........TT..
.........T....T...T...T.................
T......T.TT...TT................T.......
....TT....TT............T.T........T....
..........T............T............T...
.T.............T......T...T.....T.T.....
..........T......T....T....T...T........
..........T.TT...TT..T............TT....
..............T......T..........T....T..
16 18
17 4
24 27
30 26
34 5
36 34
21 31
24 37
33 3
23 17
29 18
35 0
13 3
22 21
37 21
27 0
25 14
20 36
33 32
38 14
31 35
25 26
16 4
36 18
11 13
19 12
8 31
1 8
5 17
1 25
22 25
13 13
16 1
12 36
25 31
38 2
38 19
34 3
39 38
1 2
9 35
15 36
30 9
17 25
16 36
10 17
25 34
13 16
0 3
2 16
20 26
38 13
30 37
33 34
13 39
4 13
13 36
8 17
4 20
29 3
8 9
9 7
28 30
10 11
10 8
38 5
32 19
34 13
13 4
35 3
12 13
29 27
18 21
35 21
20 30
37 5
38 12
16 26
36 15
15 16
23 28
9 30
16 37
19 29
15 14
19 31
4 0
35 31
14 13
31 21
2 30
21 16
5 38
15 4
37 39
35 32
20 12
38 9
24 16
39 22
28 33
31 13
0 12
18 23
37 38
12 28
1 10
4 37
36 19
30 7
25 0
37 32
7 17
39 13
38 32
30 21
30 24
18 17
30 11
14 38
37 33
12 16
7 21
12 21
32 38
3 27
14 30
33 23
22 9
37 3
1 27
10 24
25 10
0 19
35 11
34 10
38 28
17 35
36 21
14 4
18 36
13 7
23 32
4 29
0 2
4 34
33 15
38 29
3 2
28 34
36 20
33 27
39 10
14 20
14 6
6 12
12 32
8 15
29 12
33 16
18 2
24 13
31 7
38 21
21 32
7 24
18 33
3 7
32 21
2 21
23 14
14 26
39 15
34 32
23 10
3 5
27 9
14 32
28 4
26 15
2 15
15 15
33 0
28 3
39 19
35 19
34 26
8 25
22 4
17 32
7 2
3 12
27 29
13 32
0 14
37 12
33 24
17 6
20 34
21 38
21 21
39 18
33 25
31 2
11 2
15 12
7 37
32 25
0 32
32 14
19 36
29 29
21 24
8 13
21 28
30 19
0 15
39 29
22 36
1 30
19 6
27 1
14 33
14 5
5 33
39 37
27 36
15 35
20 14
34 19
2 23
22 31
6 15
1 33
2 34
22 19
29 31
16 10
14 3
31 32
23 9
0 4
4 18
7 39
18 38
30 28
29 14
9 34
28 12
26 30
3 34
5 20
0 25
30 15
21 17
10 16
19 33
26 32
6 11
24 0
17 24
13 2
36 3
27 21
17 7
2 10
29 37
21 11
1 39
24 9
7 35
8 35
29 6
6 34
24 7
39 36
34 21
1 20
32 33
16 27
34 20
5 7
5 31
23 34
37 31
15 17
2 0
5 25
3 16
32 23
22 22
19 15
2 6
24 31
11 35
32 1
5 28
38 38
16 16
14 16
19 37
16 30
7 10
17 28
37 25
19 0
1 35
14 27
5 34
24 12
9 1
2 11
16 8
22 7
13 5
28 26
0 11
4 32
12 25
0 21
35 8
25 6
11 6
30 25
30 34
21 27
8 7
30 2
37 0
35 25
31 17
17 15
35 30
34 15
34 4
9 28
20 8
4 22
14 21
8 24
23 5
36 2
39 28
17 2
24 17
12 30
28 37
11 22
21 9
38 35
12 2
29 2
9 26
12 12
18 16
19 13
6 7
13 38
33 7
2 38
33 20
36 32
13 17
38 23
28 7
5 11
12 4
35 15
21 35
4 5
3 31
25 2
24 35
29 24
15 3
8 4
30 12
26 17
26 9
11 24
25 5
29 1
19 1
12 37
25 20
26 33
13 11
25 33
11 14
6 21
16 24
35 34
12 1
29 17
37 37
11 10
35 33
19 30
9 24
33 12
11 23
8 38
28 36
17 17
24 14
39 34
15 27
24 32
2 36
27 35
24 36
39 25
33 17
11 38
10 0
19 3
2 12
23 33
34 39
10 29
25 15
31 8
0 29
20 22
14 0
9 16
3 20
37 15
5 29
26 12
8 10
0 30
8 6
18 19
19 19
10 23
6 22
12 26
38 24
39 0
12 34
6 9
36 39
25 36
32 27
0 6
16 5
34 22
3 25
32 6
39 5
29 35
19 34
11 26
29 19
23 27
37 24
32 9
38 26
9 11
0 35
21 1
36 37
30 31
33 30
33 35
31 3
28 29
28 23
30 38
19 7
4 12
19 9
30 18
10 32
26 25
16 19
13 26
39 33
17 0
28 0
37 30
33 4
37 10
29 25
3 0
17 19
9 19
1 31
25 37
10 25
29 7
7 29
1 14
21 4
37 18
9 3
35 4
27 22
27 24
20 5
4 25
3 39
18 4
39 30
37 29
25 7
17 20
14 7
16 35
24 8
29 23
1 22
4 36
34 30
14 19
30 8
37 6
34 38
34 24
24 28
19 21
20 16
19 23
6 38
5 35
37 17
31 36
34 23
12 6
11 11
16 20
37 8
4 38
32 17
31 15
21 33
19 18
19 32
21 30
10 36
29 13
30 13
4 2
18 9
6 23
22 37
11 0
36 4
38 25
4 28
18 18
36 28
9 39
32 13
23 11
2 20
2 7
10 28
25 8
33 39
39 3
26 23
9 33
7 1
38 0
3 1
34 1
21 7
16 39
9 5
7 34
9 12
33 6
32 15
27 27
3 29
15 2
35 28
9 37
5 0
15 18
6 6
15 1
8 27
22 38
6 25
0 13
31 14
13 20
2 37
7 14
15 31
37 22
8 8
16 31
30 22
34 17
7 13
1 1
5 1
1 38
37 34
32 35
16 7
8 34
7 26
6 17
29 10
13 12
20 10
28 15
6 4
36 31
27 18
2 8
14 11
7 3
33 31
27 39
8 39
21 23
3 17
27 15
24 4
16 12
39 16
6 27
13 28
29 33
30 30
5 15
20 15
3 30
23 19
20 7
3 33
15 9
8 18
24 19
23 6
19 10
31 27
22 16
39 26
36 25
15 29
36 10
27 16
3 38
1 3
13 24
35 27
24 5
4 26
24 34
27 19
9 13
31 28
18 14
24 25
4 39
6 33
31 30
2 14
23 38
39 32
35 18
16 14
31 16
25 23
1 0
29 9
3 15
32 37
20 13
8 22
16 28
9 18
28 20
38 33
4 8
10 18
28 28
35 13
3 37
27 26
0 37
28 5
12 27
37 28
5 19
25 9
27 14
4 9
20 19
29 30
2 28
17 5
4 1
37 13
6 39
38 17
14 36
0 1
24 21
6 20
37 26
8 1
3 28
32 34
35 20
21 8
20 33
21 13
13 15
16 0
34 25
39 7
24 3
17 12
8 26
26 2
4 14
26 36
2 24
7 7
8 30
8 20
14 24
4 35
15 33
22 34
18 7
11 29
2 31
15 10
18 25
32 29
31 31
34 36
25 13
32 4
37 14
39 23
16 15
19 14
33 22
19 35
24 11
12 9
9 9
38 16
8 12
0 33
12 18
15 13
38 6
18 12
31 24
9 21
17 8
0 24
39 12
1 24
29 15
21 36
21 34
33 2
22 26
30 6
36 7
25 27
12 38
1 7
32 18
19 8
37 7
5 10
36 33
10 7
29 38
12 7
16 13
31 23
28 19
34 2
22 32
17 37
28 13
2 39
11 21
25 25
21 29
8 32
27 31
23 21
21 26
15 23
26 21
1 21
32 28
30 0
17 9
34 18
5 32
10 20
18 27
16 2
9 27
26 3
35 9
10 2
1 29
13 19
23 30
11 3
38 3
23 22
11 36
12 23
24 2
20 28
27 23
25 16
7 22
11 37
26 38
25 19
21 15
4 3
27 3
27 37
9 36
36 23
20 31
1 28
14 34
17 16
32 0
3 9
22 15
25 12
17 30
26 4
21 18
11 28
20 29
15 21
34 16
38 4
0 27
12 19
32 31
8 28
16 9
20 39
6 35
20 3
1 15
6 13
27 12
2 13
39 27
39 39
32 26
18 32
6 31
20 1
14 17
13 27
13 35
35 6
11 18
33 5
22 29
4 24
17 3
38 22
26 20
27 7
34 37
31 25
34 0
35 1
9 17
11 25
31 10
4 17
16 33
39 35
12 11
18 8
39 31
19 27
11 32
35 14
38 15
18 39
8 5
33 37
0 28
28 18
6 5
21 25
26 29
32 16
15 6
17 31
9 8
29 36
28 32
35 35
1 26
30 33
10 34
11 12
35 5
9 22
14 29
23 29
33 18
21 39
23 20
20 21
35 7
36 5
20 25
8 2
13 22
18 5
26 0
20 37
21 19
11 27
29 21
27 8
37 9
33 1
9 23
35 24
8 14
38 20
11 1
26 8
11 31
32 32
22 13
22 1
36 11
3 21
36 38
7 25
24 24
30 5
36 14
20 17
18 22
19 4
10 38
22 27
11 34
35 26
16 25
23 12
27 25
3 23
0 22
6 28
12 29
2 17
5 24
39 20
27 13
10 6
2 9
8 3
7 0
15 5
11 39
28 17
28 22
23 2
21 6
27 11
16 23
5 23
17 21
17 29
35 29
21 12
3 24
6 30
30 35
1 36
3 35
19 38
3 22
7 23
5 22
17 13
32 20
39 21
4 4
20 35
9 32
7 31
7 27
0 0
39 24
22 5
39 11
34 11
33 33
7 20
26 11
13 18
25 39
10 22
32 39
32 8
22 35
18 20
2 33
14 12
14 22
8 23
19 28
21 0
38 8
6 29
20 23
26 26
23 16
2 32
2 25
13 29
28 6
4 21
2 3
11 8
26 37
21 5
9 14
24 1
36 36
15 39
36 17
36 9
6 1
7 33
25 4
31 37
7 36
5 16
30 39
31 12
15 7
8 33
1 23
20 6
4 6
13 0
24 23
39 9
31 38
2 4
28 38
17 39
34 28
5 30
32 22
20 9
25 30
38 10
33 28
35 36
22 39
10 3
16 38
13 1
12 8
2 18
17 11
34 14
19 39
0 17
35 2
28 24
18 13
4 33
13 9
28 1
8 37
1 18
5 2
14 1
24 33
10 33
26 39
7 4
18 24
0 18
17 33
10 4
18 6
7 8
20 20
14 2
25 24
33 21
30 17
3 11
36 8
31 26
36 24
22 12
26 13
9 4
15 20
35 38
28 11
29 0
38 1
25 32
26 35
37 35
0 16
10 13
18 15
10 5
20 27
32 2
32 36
2 27
36 29
15 37
5 6
26 27
0 38
12 15
17 34
3 6
18 29
8 19
9 0
27 4
1 32
17 14
31 20
31 9
15 32
0 10
7 30
36 1
11 19
38 27
19 5
10 14
21 37
22 3
23 18
7 28
6 36
3 10
34 8
3 8
28 9
28 39
27 6
32 5
19 24
38 36
23 39
9 31
29 34
27 33
5 18
30 3
22 18
19 2
18 11
16 17
32 11
14 23
31 18
14 14
6 10
29 11
20 0
15 38
5 39
14 9
20 38
22 2
28 14
29 20
2 2
20 18
16 29
25 18
7 11
5 5
28 35
8 29
19 26
23 24
33 36
36 26
29 32
25 29
39 6
0 34
12 3
11 20
13 23
15 19
19 17
13 14
1 9
36 12
10 10
3 13
17 38
18 37
34 6
37 1
22 23
30 20
29 26
14 31
11 7
38 30
39 1
23 1
5 14
18 30
27 5
16 32
33 10
35 39
19 11
9 10
30 16
37 16
24 26
25 1
30 29
22 11
14 18
23 31
36 13
4 16
29 5
4 11
39 8
26 24
11 30
5 37
23 7
25 22
14 10
25 17
31 11
28 27
38 18
24 39
9 29
37 36
15 34
12 5
2 35
10 21
28 16
37 27
8 36
6 26
27 28
30 14
8 0
18 0
21 3
30 27
29 8
37 23
23 23
11 5
7 18
1 6
5 27
24 30
22 6
37 4
5 4
5 36
15 28
15 11
9 6
25 3
37 20
33 29
6 8
28 21
12 17
6 3
25 21
35 22
23 15
9 38
33 13
10 1
19 22
7 19
14 25
10 9
24 38
15 22
26 7
15 25
24 6
31 22
10 39
37 11
1 12
30 23
27 20
6 14
5 9
20 4
36 35
9 20
24 10
35 17
37 2
31 6
17 1
33 11
10 35
33 14
28 2
17 26
38 31
29 22
17 23
10 12
8 21
15 26
14 35
17 10
20 2
12 0
26 31
34 27
31 34
1 4
22 24
31 33
9 25
22 30
2 22
7 9
8 16
21 20
7 38
18 31
34 9
32 12
26 6
36 16
3 14
29 28
14 8
1 17
7 6
18 26
19 16
7 5
21 22
29 39
2 19
38 39
26 1
12 33
15 24
26 19
10 15
11 15
23 36
14 37
12 24
17 27
26 18
13 6
13 21
16 11
34 33
5 13
31 29
39 14
24 15
12 10
23 25
0 5
33 38
13 31
36 30
35 12
24 22
2 5
17 22
1 34
28 31
11 33
39 2
9 2
10 27
11 4
0 23
38 11
28 10
27 38
30 10
0 36
27 32
14 15
2 1
3 36
23 35
0 8
24 29
0 39
10 19
30 1
6 19
8 11
29 4
20 11
0 9
14 28
35 37
12 20
32 10
39 4
7 32
30 32
22 33
1 19
5 8
14 39
4 7
34 35
6 0
6 37
13 25
15 8
26 34
35 10
24 20
24 18
12 39
12 14
23 13
20 24
34 34
22 10
4 10
5 21
16 6
32 30
0 31
31 4
27 17
10 26
4 30
35 16
15 0
33 8
0 26
6 24
5 26
18 10
0 7
31 1
22 28
16 22
4 27
4 23
22 0
12 35
37 19
13 34
26 22
25 35
9 15
34 31
23 3
3 3
36 27
16 34
38 37
22 20
25 28
4 19
18 34
19 20
28 8
35 23
10 30
28 25
23 4
33 9
11 17
7 16
25 38
36 0
26 14
32 7
29 16
13 33
22 17
2 26
34 12
11 9
5 3
31 39
10 37
32 24
12 22
27 2
30 4
6 18
5 12
18 3
21 2
4 15
23 0
23 8
27 34
38 34
33 26
17 36
3 26
36 6
19 25
1 37
26 5
1 13
4 31
22 14
7 15
13 37
21 14
33 19
34 29
7 12
31 0
3 18
39 17
17 18
13 30
3 19
36 22
18 28
11 16
12 31
25 11
38 7
23 26
32 3
3 4
6 32
1 5
16 3
18 1
21 10
6 16
2 29
16 21
31 19
23 37
13 10
1 11
6 2
20 32
15 30
3 32
26 16
31 5
27 30
27 10
34 7
10 31
26 28
22 8
1 16
30 36
13 8
18 35
26 10
