20 10 16
...........T........
...........T........
........T...T...T...
..T.....T....TTT....
.........T.....TT...
T......T....T.......
..T.............T...
....................
.....T.......T......
..............T.....
T.................TT
..T.................
....T.............T.
............T.......
................TT..
.....T..T.T.....T..T
.......T...........T
...T.T..............
......T.............
........TT.T........
0 12
18 18
2 4
13 6
5 13
19 17
18 11
6 3
7 3
4 3
8 2
6 5
6 4
7 9
0 6
14 14
15 10
16 4
3 17
6 7
12 19
4 16
6 11
17 4
4 8
16 11
12 2
1 12
3 6
13 12
17 18
2 17
13 13
16 6
17 5
10 18
19 0
13 16
11 6
5 12
2 1
7 5
9 3
19 12
10 2
9 5
15 2
7 16
10 12
2 12
7 2
11 12
1 16
11 10
11 19
14 9
19 16
2 2
14 2
17 2
16 12
3 14
9 10
14 0
15 9
15 11
19 1
16 17
5 11
12 1
10 10
9 2
16 14
17 1
9 6
15 5
0 7
17 10
6 14
8 19
4 17
10 9
8 9
8 10
0 17
3 2
5 8
7 14
12 7
9 4
1 0
19 8
4 15
2 15
8 14
13 0
1 7
2 14
8 17
10 11
18 14
15 1
9 0
13 4
8 8
9 7
1 4
14 18
13 11
15 0
4 11
7 6
15 18
9 17
12 18
14 15
14 16
16 5
19 7
14 3
6 6
6 16
19 11
19 18
11 8
7 15
6 12
19 2
15 19
1 17
5 5
2 9
2 8
12 13
8 12
15 4
19 6
3 8
0 4
3 19
18 19
18 2
19 10
5 3
16 13
11 9
14 17
3 4
4 9
5 16
10 16
3 0
6 9
12 3
4 1
10 19
16 18
7 10
8 5
2 16
14 6
11 16
4 0
7 8
8 3
12 11
6 0
15 17
17 19
12 16
18 7
5 10
18 5
8 11
12 17
5 14
0 15
19 15
6 19
7 13
0 9
14 1
7 4
6 15
13 17
4 12
12 10
11 1
18 9
5 17
10 1
14 7
16 2
1 14
17 17
2 13
15 7
5 6
9 8
18 12
18 4
19 4
16 19
1 6
16 7
8 18
9 18
4 6
11 14
15 8
7 1
13 2
3 10
3 15
5 15
6 13
17 0
7 17
1 13
10 4
3 18
18 16
1 10
5 7
6 17
8 15
4 2
9 12
0 19
0 3
12 12
0 0
2 3
10 3
17 8
8 0
11 5
9 1
16 8
0 8
8 6
9 14
14 12
4 5
0 2
3 11
13 18
3 13
15 13
1 8
17 6
6 10
1 15
14 19
3 3
8 1
16 15
12 14
9 15
17 15
12 9
11 7
17 14
4 4
3 7
2 10
0 5
5 4
18 6
12 0
3 1
1 11
13 5
11 3
0 16
11 18
15 6
6 1
2 6
14 10
18 1
0 18
12 5
1 18
5 9
13 14
2 11
13 19
18 13
14 11
13 8
1 3
7 11
1 5
17 11
10 6
9 19
10 17
4 18
0 14
15 15
13 9
9 13
19 19
7 0
19 14
9 16
0 1
15 16
18 10
12 6
15 12
17 3
1 1
14 4
13 15
11 11
2 5
1 2
11 4
8 4
11 13
9 11
11 0
13 3
10 5
5 0
10 15
4 7
10 8
17 9
19 5
4 13
2 19
13 10
16 0
17 7
14 13
18 8
2 0
2 7
15 3
5 1
16 16
1 9
11 15
5 2
16 10
14 8
15 14
10 7
7 18
1 19
12 15
14 5
10 14
17 13
0 13
6 2
19 3
18 0
13 7
16 9
13 1
18 15
16 1
5 18
17 12
9 9
16 3
3 5
8 7
4 10
17 16
7 7
6 18
7 12
0 11
12 8
19 13
18 17
12 4
8 13
19 9
7 19
5 19
2 18
18 3
4 19
8 16
11 17
10 13
3 12
11 2
10 0
3 16
6 8
4 14
3 9
