26 17 25
..T.T......T........T..T.T
...............T.......T..
........T.T....T.........T
...T..TT......TT..T....TT.
T.T..........T..........T.
.......T......T...........
..T....T.T.T....T.........
..T..........T..T...T.....
........T...T...T.........
..................T.......
.....T....T.TT..T.......T.
..........................
.........TT.....TT........
.....T....T........T.....T
......T...................
..T..................T....
..........T..............T
.........T................
.TT....T.......T..........
........TT..T.........T.T.
....T.........T...........
.................T..TTT.T.
.................T......T.
....T..T......T...........
.....................T....
.....T........T...T.T.....
8 17
11 11
10 24
9 3
7 24
15 21
4 10
6 9
24 16
1 16
9 17
12 20
12 15
2 25
9 13
6 21
20 8
20 25
19 12
17 19
23 17
18 3
20 22
1 7
13 13
21 5
3 23
9 14
18 4
19 22
17 3
1 13
15 2
2 0
23 14
24 9
7 23
3 6
23 19
9 25
9 24
22 8
0 4
7 17
12 9
6 16
19 0
22 7
0 12
24 12
5 25
13 0
11 12
23 18
19 15
15 7
8 2
2 14
0 6
20 11
17 18
4 3
19 8
22 21
13 7
4 19
16 0
4 14
23 3
0 7
18 13
16 5
8 9
21 12
18 22
0 3
14 15
20 7
16 19
5 0
25 24
1 21
8 21
4 15
25 14
2 4
18 15
23 8
25 17
6 1
25 3
18 12
17 23
22 14
0 5
8 12
13 1
15 15
23 22
16 11
14 25
4 22
4 6
15 19
24 11
18 0
7 14
24 21
8 10
12 6
8 7
22 9
7 11
25 18
10 0
13 24
24 0
3 21
24 4
19 7
5 7
2 6
0 14
24 14
15 1
12 18
21 15
1 6
15 3
25 1
23 16
9 0
0 18
0 20
3 25
22 6
25 7
25 13
7 10
22 13
22 25
14 13
22 22
1 8
11 2
14 23
8 22
16 3
0 10
1 11
12 4
3 5
9 9
4 5
25 19
7 18
16 10
19 10
20 21
5 5
19 3
22 15
25 6
5 4
14 10
4 17
9 7
13 25
13 18
6 8
3 14
13 3
6 10
13 4
20 2
8 18
13 2
24 13
8 1
8 4
20 6
14 21
15 4
14 12
4 18
10 19
20 3
0 9
0 19
20 17
25 4
8 11
8 20
17 4
20 1
18 8
15 8
13 5
22 1
10 1
3 2
1 3
3 12
10 11
4 9
19 19
6 3
14 8
4 24
16 22
17 25
3 20
6 5
23 11
0 11
10 16
6 18
9 19
25 15
21 22
17 14
11 16
12 7
17 5
9 22
23 12
17 24
12 13
18 25
13 16
4 4
21 16
11 1
20 5
21 11
7 9
14 16
19 11
14 6
10 25
17 8
12 24
21 25
6 11
15 20
18 23
0 21
13 6
10 20
14 19
22 3
21 0
18 17
11 23
20 16
12 1
24 22
5 17
1 1
2 9
8 0
1 10
7 13
13 12
18 20
8 13
4 7
10 14
13 8
24 8
14 17
13 19
25 8
15 12
22 12
12 21
16 20
6 14
19 18
7 20
2 24
6 25
21 8
23 5
11 14
9 16
5 22
17 21
9 2
20 24
19 16
1 15
2 3
14 24
2 12
12 25
0 8
18 18
2 1
5 9
5 18
19 13
16 18
11 17
5 24
14 22
0 16
7 7
20 9
24 3
10 9
13 15
5 20
23 24
1 12
17 15
2 17
21 13
22 24
3 7
25 10
9 21
5 12
18 11
20 19
7 2
16 12
7 12
21 7
14 4
25 21
16 8
22 16
6 24
5 13
25 22
12 11
4 25
3 4
5 16
11 22
20 10
25 12
16 2
4 21
8 24
0 0
24 20
20 4
7 6
8 6
17 12
17 2
9 20
18 14
23 20
19 5
5 15
12 10
11 18
7 16
22 20
2 16
1 17
20 20
15 25
6 17
15 0
9 1
0 24
21 9
15 11
8 16
5 3
7 22
13 9
2 13
3 15
23 4
16 14
0 17
24 19
23 23
18 19
9 12
10 21
22 0
24 10
13 20
17 20
9 6
23 1
25 5
24 25
12 14
3 10
20 14
19 24
11 9
15 24
5 23
0 2
6 12
7 0
5 11
2 5
19 20
16 21
0 25
14 7
18 16
0 1
18 21
12 19
9 15
6 19
11 6
8 8
18 9
14 5
4 11
13 17
22 19
23 0
3 17
10 6
11 21
5 8
1 9
3 8
1 2
1 4
16 16
16 1
11 7
24 1
11 8
1 14
15 16
18 10
12 3
17 6
15 6
5 1
21 4
6 2
17 10
25 11
24 2
18 24
16 25
24 18
1 22
10 18
13 10
14 18
10 7
23 2
13 11
3 1
13 23
25 16
14 9
2 19
16 15
15 9
18 6
12 22
12 5
16 7
14 3
20 0
22 5
2 23
18 7
1 0
11 24
23 25
11 10
19 4
4 20
8 25
15 17
1 5
19 6
22 4
15 14
14 14
22 17
4 1
12 12
7 25
4 12
13 21
11 4
10 4
16 24
9 8
14 11
17 9
10 12
0 15
12 0
23 9
11 25
3 11
4 0
15 22
21 17
5 19
23 7
3 24
21 14
2 22
4 8
6 0
9 23
22 10
1 23
7 1
17 7
3 22
8 14
24 5
1 20
1 18
5 6
24 6
20 13
6 15
11 15
10 10
23 15
10 13
14 20
2 18
14 1
8 19
11 13
25 9
21 6
24 7
23 21
4 2
2 20
2 11
16 9
20 23
16 23
4 16
7 15
6 7
8 23
10 23
0 23
16 13
8 3
9 10
6 23
19 17
7 19
10 8
21 19
8 15
15 23
21 23
6 4
5 14
1 19
18 2
23 10
6 20
25 25
3 13
2 21
10 17
22 23
2 7
14 2
17 11
10 5
15 10
2 15
19 25
25 20
7 8
6 6
24 17
6 13
12 8
22 2
10 22
17 16
22 11
15 18
19 23
24 23
8 5
13 14
3 3
5 21
5 10
16 4
11 5
18 1
7 21
6 22
3 0
12 2
21 3
19 21
3 19
13 22
19 14
10 2
25 23
21 1
10 3
21 2
22 18
11 3
17 0
21 10
3 9
20 12
18 5
5 2
20 15
17 1
19 2
17 17
12 23
17 13
20 18
2 8
9 5
11 0
2 2
24 24
10 15
4 13
11 20
21 21
21 18
17 22
15 13
24 15
21 20
23 13
25 2
2 10
9 11
1 24
12 16
19 9
1 25
16 6
9 4
3 18
7 5
4 23
15 5
14 0
7 3
11 19
23 6
19 1
9 18
25 0
3 16
7 4
16 17
12 17
21 24
0 22
