31 22 13
...T...................T.......
......................T.T..T...
.T............T................
.................T........T....
..T............T...............
....T........................TT
....T...T.................T....
...........T...................
................T..............
...............T...............
....................T..........
......T........................
.......................T.......
..............T.......T.......T
......T.T...T........T.........
.............T.................
.............T..........T......
..............TT..............T
........T......TT....T.........
............T..........T...T...
..............TT...T...........
.................T.............
T..............................
.........T.....................
..............T.....T.........T
.........T..................T..
......T.........T..............
............T...............T..
....T..................T.......
.....T...............TT........
.....................T.........
30 20
19 20
10 14
13 19
3 13
3 1
30 11
30 21
6 30
23 17
15 11
25 25
16 16
20 1
12 17
7 24
4 29
18 9
21 2
23 21
19 5
23 22
15 25
15 27
25 1
7 6
3 9
6 26
9 18
10 28
14 8
8 17
29 0
25 13
24 7
25 28
20 23
11 2
0 7
26 22
3 16
8 15
26 27
10 13
2 12
9 17
24 23
6 6
18 5
14 23
24 9
12 27
18 13
17 17
21 17
30 15
3 14
11 1
4 9
8 3
20 21
1 7
19 24
5 5
28 12
30 0
11 20
15 2
12 1
25 8
7 12
2 0
22 23
16 21
8 4
7 21
28 13
9 0
17 6
29 1
9 6
14 4
13 26
7 18
27 30
24 19
15 4
9 5
7 28
14 15
13 27
11 22
9 29
20 27
7 30
8 0
13 0
20 12
26 17
30 1
24 11
28 5
26 19
3 8
17 20
26 28
15 3
19 10
8 14
1 14
29 18
10 10
0 18
19 9
30 24
27 23
17 9
19 28
1 3
28 17
17 2
7 11
5 7
5 29
5 6
26 3
29 24
12 8
5 13
15 30
21 8
17 5
11 0
20 6
14 3
20 18
24 30
28 20
22 4
25 5
10 20
3 25
26 4
22 14
8 7
5 27
7 4
16 17
21 24
8 26
25 21
9 14
2 15
27 22
18 24
17 1
7 10
28 0
29 6
3 12
6 20
14 2
14 7
22 25
22 3
20 29
30 7
6 28
21 10
20 25
18 21
13 20
4 7
5 10
1 29
1 10
11 23
18 12
20 20
16 28
30 25
24 25
9 7
22 22
30 2
10 16
22 13
4 24
6 25
10 11
26 7
6 23
15 14
11 26
24 27
25 9
13 11
15 22
9 28
27 9
18 26
7 23
8 9
18 1
23 25
11 5
1 19
2 27
8 23
7 20
23 13
27 11
20 4
21 30
5 8
3 24
6 8
12 30
26 14
29 4
5 1
18 16
25 23
24 18
20 5
5 26
24 16
12 23
7 29
1 9
7 0
0 17
2 14
17 0
2 2
5 30
25 7
12 13
18 7
21 25
1 27
27 14
24 12
16 12
23 9
28 25
26 12
19 0
15 17
22 20
25 16
26 23
17 4
24 3
0 5
23 27
2 11
26 25
2 17
0 2
12 10
24 0
16 24
0 30
23 6
17 7
3 3
5 20
2 26
24 24
7 15
23 18
15 21
25 10
6 18
17 10
24 15
12 21
27 20
27 6
25 19
10 3
20 7
1 20
16 19
19 21
27 17
28 19
24 1
23 26
3 20
3 22
17 24
28 26
6 16
22 12
13 13
19 25
21 15
21 11
28 28
27 2
11 30
0 27
28 3
25 12
21 0
4 26
27 26
26 21
27 8
8 11
25 20
16 27
23 12
9 26
4 6
1 26
7 1
5 22
19 23
8 21
25 30
14 14
16 23
28 8
17 23
10 7
14 25
5 11
0 29
17 19
29 13
19 1
13 9
28 1
23 11
8 29
22 21
5 3
13 14
21 21
13 5
18 17
11 7
15 12
0 12
6 27
14 18
26 6
22 8
16 4
10 0
20 10
27 25
27 21
30 4
19 29
10 2
9 1
20 16
13 7
23 1
29 19
1 23
15 19
16 7
13 16
5 23
24 4
5 17
26 29
11 14
5 25
5 16
2 29
27 27
25 0
21 26
23 20
19 15
1 2
1 6
25 3
17 29
26 13
22 7
20 13
5 2
10 15
14 12
1 15
19 14
6 9
2 16
28 21
24 26
2 18
26 9
20 30
28 29
17 30
13 30
19 12
21 16
24 10
28 18
3 29
2 19
28 11
11 11
19 8
17 26
4 1
24 8
0 3
2 5
29 8
9 20
8 8
11 10
14 19
27 4
14 1
19 3
27 19
11 16
24 5
13 10
15 18
30 12
22 18
7 22
1 4
14 5
26 26
20 14
29 3
14 16
25 22
26 24
18 22
10 22
9 22
23 14
24 21
22 24
25 15
16 0
28 16
3 7
16 2
26 5
29 7
9 16
5 28
25 14
28 7
2 6
8 2
15 0
11 25
6 3
14 22
0 16
6 4
12 26
11 15
20 8
11 24
8 13
11 17
22 1
27 24
27 28
30 3
2 20
28 27
26 11
19 16
12 20
22 30
3 10
10 12
24 22
27 5
17 27
13 17
0 6
19 27
30 19
7 14
1 17
6 15
9 2
26 10
6 21
24 14
1 21
23 15
6 22
5 18
14 21
10 5
10 19
6 0
15 1
17 12
23 28
20 11
8 6
11 28
14 0
27 1
19 30
29 9
9 9
10 27
3 4
22 27
17 13
12 7
7 19
21 29
5 14
20 0
21 5
25 2
16 13
22 10
18 3
19 26
22 28
30 14
19 4
12 28
28 2
10 8
27 10
23 8
12 18
10 17
9 13
15 28
16 15
12 14
5 19
6 14
3 30
2 1
17 16
23 5
0 26
27 3
2 23
21 9
9 24
25 29
24 20
1 12
6 12
13 12
16 22
13 1
29 2
18 19
0 21
29 20
15 23
16 1
10 18
30 18
29 21
17 18
6 1
16 5
29 17
30 16
0 20
20 3
0 23
13 2
17 11
11 19
16 10
27 16
13 29
18 0
25 27
1 5
0 28
10 30
18 15
8 19
7 2
4 8
3 17
5 21
27 12
11 6
0 22
14 20
22 11
4 23
15 10
19 18
0 19
4 22
9 3
24 28
3 21
15 15
28 9
6 10
13 18
29 11
2 7
18 30
12 25
20 2
18 25
3 11
21 28
16 26
22 29
9 15
8 30
9 11
23 23
1 18
28 24
16 6
3 2
4 4
29 12
22 17
30 26
10 26
0 0
29 15
2 24
0 11
13 3
7 13
22 5
15 16
9 25
12 16
28 30
4 25
7 8
1 28
7 3
20 26
23 19
28 23
4 2
27 15
21 14
3 18
28 22
17 3
1 0
26 8
3 19
22 15
13 15
13 8
26 2
0 24
13 24
18 2
0 9
29 23
21 3
30 6
29 27
8 16
2 28
18 20
17 28
1 1
26 30
25 24
13 4
22 16
6 13
4 17
2 25
29 26
16 30
11 3
21 6
11 8
22 19
29 16
23 29
4 20
28 10
18 11
30 29
2 4
13 28
10 1
28 14
25 26
14 24
12 15
11 9
12 19
1 30
3 23
6 2
21 23
9 21
6 5
4 18
13 6
5 24
27 18
8 25
10 21
4 11
8 28
16 25
7 5
18 27
29 25
14 17
14 26
7 16
16 8
9 12
12 24
19 7
23 10
25 4
23 24
4 30
2 3
7 25
11 12
17 21
8 12
29 5
12 6
14 27
21 1
24 17
4 10
20 22
8 22
4 3
4 15
4 13
15 29
26 16
28 6
25 17
2 8
9 10
7 27
6 24
12 2
14 6
4 19
29 30
8 24
14 28
8 20
19 6
4 14
23 2
21 20
20 15
25 18
27 13
11 4
6 11
3 15
20 24
16 14
23 7
22 6
22 2
21 18
30 23
10 29
18 23
0 8
0 13
18 4
26 15
21 12
18 10
15 6
20 19
11 29
12 5
21 19
11 27
10 25
22 26
4 5
17 8
13 25
6 7
20 9
12 22
30 5
29 10
30 9
2 9
9 23
20 17
17 25
26 1
12 3
30 27
23 0
29 22
26 0
15 7
19 13
17 22
21 22
18 8
6 19
21 4
11 13
14 11
14 9
10 23
1 16
14 13
26 20
11 21
4 0
16 20
9 19
12 29
2 30
13 22
18 18
26 18
0 10
18 6
25 11
27 29
3 27
12 12
4 28
4 12
0 25
10 6
30 8
12 9
3 0
14 29
3 6
18 14
28 15
28 4
30 28
21 7
15 20
12 4
4 21
18 29
13 21
21 13
19 19
0 4
5 15
3 5
6 29
15 24
9 30
22 9
6 17
24 13
3 26
30 22
15 8
1 24
17 14
19 22
16 9
30 13
23 3
27 0
29 29
1 25
12 0
10 24
29 28
23 4
20 28
15 26
10 9
22 0
16 11
15 5
30 10
13 23
1 8
8 5
7 7
14 30
23 30
8 27
24 2
19 2
23 16
11 18
15 9
0 14
2 22
3 28
0 1
10 4
4 16
7 26
19 11
21 27
24 29
16 3
16 18
2 10
27 7
5 12
18 28
2 21
5 9
1 11
1 22
19 17
30 30
12 11
9 8
17 15
8 10
8 1
8 18
9 27
4 27
24 6
7 9
2 13
29 14
16 29
5 0
1 13
30 17
14 10
9 4
15 13
25 6
5 4
7 17
