34 22 17
..............T...................
..T...............................
..................................
..................................
...T............................T.
..T...............................
.....................T............
......T...........................
T.................................
................T.........T.......
T.................................
..................................
....T.............................
..................................
..................................
...........T..........T...........
T.................................
..................T.T.............
.........................T........
.....................T............
T...T....T.................T...T..
........T.........................
..................................
...................T..............
T.............................T...
..................T...............
..................................
..................................
..................................
.T............T...................
.....T......T.......T.............
........T........................T
........T..T......................
......................T....T......
11 4
1 10
13 18
2 18
15 33
10 0
15 19
24 16
23 28
9 33
33 30
22 15
5 23
23 20
10 11
33 9
7 16
2 3
16 30
24 22
12 8
4 20
8 17
26 26
27 30
14 6
7 1
7 23
19 4
8 6
21 26
11 23
11 33
5 2
3 16
29 30
24 31
33 19
0 24
30 7
31 31
4 23
1 21
6 22
19 30
24 32
5 5
31 20
21 19
0 19
10 29
28 28
27 3
29 9
26 29
17 30
5 6
31 10
8 3
10 3
2 0
8 32
8 24
9 16
7 9
19 3
13 30
5 7
12 11
5 16
23 21
30 23
13 12
28 32
7 12
5 26
1 25
11 15
20 22
20 14
22 18
15 1
7 5
8 26
24 25
12 33
23 6
27 14
23 29
9 29
4 32
25 6
8 4
6 21
30 22
31 23
8 8
23 2
22 32
9 19
1 29
28 11
3 8
9 31
16 10
32 0
17 20
13 17
1 1
17 29
26 3
14 10
24 5
11 6
2 23
29 10
33 16
27 19
13 16
9 32
13 32
28 14
26 17
21 5
22 22
1 2
1 27
0 33
7 19
32 33
17 5
17 1
15 24
33 22
33 26
0 27
16 16
2 20
5 33
17 27
15 6
11 7
1 11
25 22
20 24
28 4
17 13
26 28
23 31
29 28
12 17
6 9
4 17
15 2
2 7
16 11
23 27
23 17
0 15
31 3
3 6
19 14
5 24
22 12
6 1
25 16
26 25
14 15
23 13
31 4
14 33
30 6
8 30
20 5
27 13
14 32
21 29
27 21
13 6
29 32
21 28
17 32
7 13
27 26
25 30
15 10
26 1
17 33
25 4
33 25
7 18
12 18
19 18
8 13
8 9
32 22
12 21
25 28
2 31
13 25
30 8
18 14
1 9
28 13
11 30
3 7
1 32
13 27
0 11
21 15
20 21
22 2
31 9
24 1
27 8
11 22
11 12
7 14
9 3
28 0
13 14
4 19
32 16
10 1
12 28
20 28
13 23
0 23
19 21
4 11
2 32
26 9
27 32
21 21
11 26
7 26
2 30
16 21
32 5
6 28
7 10
33 12
9 5
21 32
27 10
16 2
31 27
25 29
0 28
2 6
17 7
28 20
6 12
1 6
30 30
17 11
21 1
11 31
0 1
2 26
25 10
24 13
29 13
5 14
21 25
3 28
16 24
3 25
16 20
17 8
20 11
16 32
26 27
3 27
19 6
27 11
32 24
27 20
20 31
9 12
33 14
32 32
31 2
10 8
6 13
10 20
22 13
29 8
32 21
28 3
6 4
28 24
10 15
14 29
27 27
25 27
13 10
4 12
33 10
31 29
22 6
22 17
22 23
3 15
8 29
12 25
25 2
2 15
15 31
26 18
33 3
28 31
6 15
25 3
29 25
22 30
0 5
25 1
18 13
9 21
27 1
17 21
1 15
26 16
26 0
24 30
30 14
3 21
26 4
6 30
3 4
5 0
7 17
2 16
4 16
23 4
27 24
5 21
24 0
4 3
7 27
17 2
31 12
1 26
4 26
0 8
17 18
33 6
25 26
22 26
7 28
20 32
16 15
7 7
17 10
8 20
21 20
32 9
3 31
20 8
1 20
11 20
27 2
3 9
4 4
28 21
31 19
12 4
28 9
13 24
26 5
13 8
33 29
18 16
2 4
6 19
5 3
17 23
33 33
25 18
0 18
33 18
17 15
25 8
14 16
21 8
19 20
16 28
28 26
6 20
19 15
30 20
6 14
22 3
2 12
19 29
18 23
0 26
25 23
33 8
9 28
25 13
24 3
28 2
5 4
15 0
9 2
6 8
15 14
18 4
31 25
2 21
24 14
25 33
21 30
6 3
29 21
12 12
13 15
1 31
26 12
17 28
5 25
3 1
8 23
27 33
31 22
20 17
9 1
22 10
11 13
23 14
26 23
20 30
27 6
20 13
17 17
6 7
9 22
26 7
31 7
1 13
14 25
29 19
9 15
11 27
9 30
20 12
19 28
7 8
15 5
17 24
28 7
18 6
32 6
15 15
22 7
27 31
22 28
11 3
19 22
23 3
7 3
18 32
15 11
4 21
16 26
20 25
28 27
30 3
4 13
31 21
1 22
7 20
14 5
4 0
21 22
19 10
22 19
10 22
5 15
17 22
21 0
0 30
32 26
31 11
29 7
20 9
14 11
32 18
15 9
8 16
32 14
6 10
23 26
18 9
33 31
0 6
19 25
15 22
20 10
25 24
15 27
19 23
10 31
23 33
2 9
16 8
5 22
17 14
16 17
12 26
21 16
8 25
18 18
12 32
21 7
13 0
21 10
9 4
18 8
16 23
7 11
28 25
1 33
28 19
13 7
29 22
5 1
16 7
15 23
8 10
31 26
11 11
15 28
23 22
24 29
10 13
18 5
23 7
25 19
18 2
29 18
20 19
10 10
14 18
23 0
7 29
20 6
20 15
0 32
4 28
26 33
6 25
8 21
14 4
33 23
32 19
25 0
33 11
11 5
10 4
7 33
2 8
27 25
8 31
27 22
4 1
18 3
7 30
12 6
8 15
25 32
23 12
8 27
18 7
2 10
24 2
6 31
3 14
10 21
8 7
1 17
30 17
20 18
12 15
19 32
30 10
24 27
28 18
22 20
18 26
29 6
30 33
14 1
17 9
33 15
33 5
24 15
25 7
20 23
0 2
16 14
25 20
30 5
9 6
2 19
19 11
3 10
33 7
29 23
23 5
12 0
23 23
28 30
28 15
10 18
12 22
29 29
29 2
29 31
30 29
25 21
15 13
21 24
11 18
14 12
19 12
23 1
26 11
21 11
12 13
10 16
0 29
20 33
11 17
28 6
14 20
0 20
31 33
2 27
6 5
18 25
3 23
10 7
9 26
19 2
27 7
25 17
11 16
23 9
17 16
29 24
3 12
24 23
6 17
23 32
15 32
6 27
18 11
23 30
24 12
18 20
31 15
33 13
32 30
23 18
19 16
12 9
26 21
11 28
27 12
19 8
24 17
10 14
2 24
0 13
27 17
22 27
10 2
20 20
13 13
26 19
13 22
6 2
3 19
26 20
19 31
33 2
30 27
9 18
32 28
2 17
12 1
31 13
29 33
32 4
25 25
16 12
9 25
3 5
21 2
24 8
9 23
15 8
31 24
32 13
23 24
29 26
18 30
6 24
33 1
23 15
10 5
1 19
1 3
9 11
13 29
1 7
10 28
26 22
30 32
2 14
7 25
4 22
13 31
19 13
18 27
17 0
26 6
14 19
16 3
0 9
4 5
33 27
18 31
33 21
0 7
18 22
9 24
17 6
21 31
18 15
17 26
26 2
14 23
32 12
21 13
32 10
12 31
32 1
26 31
32 7
13 33
18 12
30 1
9 13
0 25
24 26
30 18
2 28
16 1
4 9
12 30
29 0
8 22
11 8
12 19
10 27
18 1
26 14
3 32
20 27
20 2
24 20
10 19
11 10
15 26
26 13
5 29
16 13
11 32
14 13
21 17
31 6
11 29
11 21
16 6
2 11
29 27
3 11
9 14
0 31
25 14
15 21
32 23
30 31
29 16
30 13
24 33
20 29
12 2
0 10
12 7
4 10
26 15
31 17
13 4
6 26
26 30
13 2
21 18
4 24
12 5
19 0
25 9
30 12
1 30
32 15
7 22
29 17
24 7
1 12
8 33
22 1
23 19
28 10
15 4
9 8
14 21
6 33
22 29
4 14
17 12
33 0
3 0
10 33
11 25
33 20
3 17
21 9
19 26
30 15
29 3
1 14
12 24
5 9
8 14
12 16
26 24
11 0
29 11
10 30
33 4
12 10
3 13
29 20
1 23
17 19
32 29
18 24
15 29
29 1
26 8
18 28
5 17
24 10
28 12
10 9
16 5
31 8
25 11
4 31
5 32
22 31
16 19
2 2
10 26
21 23
15 3
31 18
22 0
14 0
30 19
1 4
6 16
30 24
21 3
0 12
20 3
1 0
8 0
15 30
18 21
14 3
31 16
0 3
4 8
13 20
20 0
14 26
23 10
22 21
4 25
28 5
18 29
30 2
18 0
24 6
30 9
29 15
32 17
17 3
28 29
13 5
19 7
10 24
11 9
19 1
22 24
25 12
4 15
28 33
15 16
2 5
23 8
24 21
2 1
6 29
30 16
22 33
8 18
19 5
8 5
8 11
23 25
23 16
5 20
5 13
6 0
25 15
10 12
9 0
4 7
5 27
22 25
16 22
16 0
29 14
2 33
10 32
3 24
29 12
11 19
32 25
9 9
27 16
3 20
13 1
13 11
14 30
14 24
19 33
12 29
13 3
6 23
24 28
22 14
28 8
4 29
27 9
4 27
22 9
29 4
9 10
21 27
14 14
5 8
27 18
3 18
25 5
21 4
14 31
30 11
30 4
33 32
8 1
33 28
1 24
10 25
21 6
24 18
6 6
4 33
29 5
5 31
3 22
11 2
28 17
1 28
32 3
5 28
8 19
17 4
2 25
5 11
12 27
12 14
11 14
0 16
20 1
25 31
33 17
10 17
16 31
3 29
7 4
4 30
2 29
15 25
22 16
6 11
27 29
16 4
10 23
24 24
11 24
13 26
14 2
18 33
5 12
21 14
9 20
17 31
14 7
14 9
4 18
16 33
7 24
16 9
31 32
3 33
20 16
14 27
30 28
31 1
22 5
32 20
1 8
24 9
5 18
27 23
7 31
7 32
12 23
13 21
14 17
7 0
3 30
21 12
11 1
17 25
28 16
33 24
28 1
31 14
16 27
20 4
24 11
30 21
26 32
24 19
8 28
26 10
31 28
27 28
8 12
6 32
14 28
9 7
28 22
7 21
3 2
6 18
0 14
0 4
16 25
16 18
12 3
2 22
27 0
31 5
7 15
15 18
2 13
32 11
15 12
19 17
13 19
1 16
12 20
28 23
19 24
7 2
15 20
18 10
14 22
30 25
20 26
14 8
22 11
19 27
4 6
22 4
7 6
1 5
13 9
21 33
24 4
23 11
30 26
31 30
3 3
5 19
32 31
19 19
13 28
19 9
20 7
15 17
1 18
27 5
22 8
0 0
9 27
9 17
18 17
16 29
5 10
32 8
15 7
5 30
30 0
3 26
8 2
32 27
18 19
10 6
31 0
32 2
27 4
4 2
27 15
0 21
0 22
