40 11 27
.......T...T...............T....T....T..
T..T...TT............T.T..T...........T.
........T..........T.T........T...T.....
..T..............T.T.T.....T..T...T...T.
...T..T....T...T.......T....T.....T.....
T..TTT............T.T....T..T.........T.
........T.....T.....T........T..T.T.....
T...T........TT.T......T.T.....T........
.......T....T....TT.T.T.................
..T......................T........T.T...
..................T.T...T..........T....
............T....TT.........T......T.T..
.........T..........T....TT.T...........
...........................T..TT.T.....T
...T..........................T.........
..T.......TTT.T.....T..T........T..T..T.
..T..............T....................T.
....TT.......T..T...............T.....TT
..............................T......T..
..TT.T...T...........T.TTT.......T....T.
T................T.T..T..........T..T...
......T.T......T.T..........T.T...T..T..
.......T............T...........T.......
.........T........T..............T......
.....T.T...T........T.T..T......T....T..
......T...........TT.T.........T........
.......T.T...T...T........T.....T......T
T...T.....T...TT.......T........T.......
.......T...T....T.....T..T...T......TT..
.....................T.T.........T..T...
T...T..................T................
........T.........T...T.......T...T.T...
..T........TTT...T.....TT...............
......T..T.......T....T..T.....T...T....
..............T....T.T.............T.T..
....T.T.......T.................T......T
T.........T.T...T.........T.......T.T...
...T.....T....T....T..T...T....T...T...T
TT..T..T..................TT...T..T.....
...............T........T..T....T...T...
16 15
9 29
4 29
18 34
34 35
31 31
10 1
32 6
7 11
34 10
7 7
8 19
15 4
21 6
29 7
9 26
7 6
36 25
23 18
18 37
3 36
18 11
10 30
28 35
33 38
20 11
33 14
6 28
30 16
25 32
18 30
28 26
38 33
0 36
10 31
29 21
36 26
21 16
33 36
0 5
14 29
21 15
1 30
21 32
39 37
12 13
13 15
27 30
11 25
23 14
24 8
5 29
29 13
24 36
29 37
17 34
2 21
15 34
4 5
39 21
15 24
24 22
22 10
21 37
2 34
32 26
9 23
19 18
38 35
38 39
24 24
19 30
15 16
15 9
15 26
21 12
34 8
38 0
32 23
21 11
2 22
6 4
37 39
13 23
18 31
10 21
16 11
35 22
25 20
21 7
16 2
28 11
5 34
28 13
3 38
19 39
20 32
37 6
20 29
7 36
31 17
34 39
27 16
18 26
23 12
22 8
2 14
27 20
29 4
22 31
31 14
8 11
22 27
26 28
30 27
37 17
37 34
19 38
29 33
2 25
30 14
36 0
1 2
23 5
14 3
32 27
39 3
18 32
11 14
17 35
8 32
20 26
1 14
23 26
23 3
29 14
37 26
15 6
3 10
32 19
33 29
28 30
32 36
30 0
9 3
21 25
30 6
35 13
37 10
30 11
20 30
20 7
23 27
5 31
32 0
4 13
17 0
25 28
8 15
14 20
39 19
36 24
4 27
19 24
28 2
38 18
12 10
39 10
24 12
38 28
19 19
8 18
15 35
23 37
26 4
20 3
13 12
24 23
8 36
7 17
4 37
7 33
36 13
37 2
38 14
35 3
35 21
0 1
30 2
30 19
28 16
0 17
28 22
21 4
22 35
34 32
27 12
26 17
10 17
8 25
27 15
28 25
4 10
3 22
17 13
30 23
0 7
23 0
34 23
16 8
4 24
19 16
29 10
26 14
29 30
36 39
30 38
14 23
29 18
28 14
34 37
7 24
31 9
11 0
31 27
38 24
13 17
4 22
5 38
28 33
5 8
11 3
10 19
33 10
19 21
20 16
39 20
25 33
3 39
6 26
1 16
6 18
30 20
34 5
24 20
33 27
24 3
10 34
22 7
6 22
4 34
17 9
3 26
27 35
7 1
15 31
35 6
20 27
25 21
5 26
39 29
26 31
11 1
20 0
34 27
5 11
8 7
19 37
4 16
9 16
12 26
21 30
11 5
26 29
31 8
3 31
20 34
31 32
4 7
3 21
24 13
3 29
24 18
28 20
33 17
35 14
21 38
10 16
27 13
11 11
1 29
36 10
8 38
13 27
11 22
10 12
34 15
2 26
0 24
36 2
22 13
19 27
4 6
28 37
7 3
36 20
21 8
4 14
33 2
1 0
8 35
31 21
39 36
9 1
20 33
32 8
16 35
17 17
23 22
25 36
23 4
39 32
6 7
20 19
14 24
2 33
20 25
21 18
7 4
28 10
24 9
15 1
12 35
15 33
1 21
33 4
28 19
35 2
27 21
27 29
35 5
16 4
36 7
36 3
11 39
35 8
12 37
30 5
14 30
27 1
38 34
8 12
39 15
1 8
39 2
9 10
26 27
36 32
9 37
7 38
17 37
11 6
22 17
18 1
5 32
11 20
5 13
18 5
25 26
31 29
35 18
3 1
23 6
19 29
24 30
30 21
9 35
33 20
30 28
2 6
19 9
36 34
10 32
17 19
23 21
28 24
12 16
22 9
10 14
29 20
15 38
32 37
12 19
14 32
5 30
20 22
14 16
8 17
26 30
17 32
22 18
11 2
2 11
13 5
7 0
38 1
2 38
23 39
32 34
9 13
24 4
15 17
32 9
19 10
23 2
24 27
26 3
29 15
3 12
6 35
31 10
33 12
20 31
39 34
5 20
13 29
25 19
24 32
7 14
13 20
11 35
39 35
9 12
30 10
13 19
33 32
28 32
0 0
33 34
11 26
9 25
9 4
35 30
1 12
2 37
31 7
5 25
28 6
2 1
21 28
9 33
29 1
28 0
8 13
36 30
36 33
9 20
38 29
33 18
30 18
14 33
35 12
38 21
27 17
10 38
23 23
11 17
37 25
3 37
16 29
9 15
34 29
0 22
18 23
16 10
27 38
39 26
2 35
38 31
23 30
10 22
14 38
22 5
17 38
27 32
17 27
24 17
16 5
11 32
29 23
3 16
24 7
14 1
15 15
12 21
10 26
17 12
8 14
37 1
32 39
13 31
15 8
38 23
4 35
29 9
11 23
30 13
2 9
16 28
18 8
10 25
37 23
14 19
13 34
31 3
3 25
1 32
5 39
6 11
37 3
26 15
16 17
34 21
14 17
35 7
32 17
6 36
21 24
30 39
28 31
31 25
36 31
22 12
8 1
24 10
25 39
16 18
24 15
15 3
8 24
24 34
31 6
14 31
39 13
19 2
14 36
15 32
31 24
13 13
32 28
4 8
29 39
32 21
2 28
25 18
34 20
22 4
5 27
2 30
39 28
36 9
11 9
4 32
9 8
5 7
31 11
32 24
36 35
37 9
18 2
21 13
20 36
30 4
37 18
30 37
39 16
31 28
13 36
18 24
18 22
36 19
16 19
35 17
27 14
38 22
21 0
20 24
35 24
11 24
32 10
28 18
10 29
15 12
2 27
18 7
33 23
17 30
24 38
20 28
3 0
27 24
18 28
35 29
25 30
26 32
35 33
11 31
18 4
39 11
1 11
6 23
28 12
35 11
11 4
27 22
7 25
33 3
2 23
0 2
8 28
36 11
17 18
18 39
3 19
12 14
25 4
7 34
26 2
25 37
11 29
18 36
18 35
0 3
26 18
8 3
38 37
5 24
15 14
29 25
14 18
37 0
13 38
3 4
2 19
39 30
14 21
30 9
37 30
28 29
5 33
17 1
8 4
10 20
13 6
25 15
28 7
2 0
11 37
10 11
35 37
8 34
6 19
22 34
34 18
7 27
11 16
17 6
30 22
20 18
16 26
6 0
13 10
24 37
31 18
3 23
13 14
14 26
5 23
26 33
28 15
34 26
9 27
3 5
7 28
0 21
15 37
16 38
23 31
4 20
22 36
3 14
1 23
10 6
29 6
39 24
10 10
38 7
12 23
12 9
7 19
33 5
10 39
7 13
35 19
20 15
27 5
23 16
17 26
7 18
39 39
7 2
35 25
9 17
33 37
38 11
37 22
34 34
10 13
9 34
15 23
0 37
12 30
21 9
6 24
0 31
9 39
1 15
21 34
14 6
7 21
5 4
32 15
5 1
13 39
16 3
29 19
13 16
17 10
37 27
0 11
8 39
5 15
21 39
2 2
30 1
36 6
16 25
12 2
24 0
36 1
28 17
24 29
38 32
19 33
28 21
14 8
25 22
17 29
21 5
21 17
25 5
19 14
13 25
8 31
16 21
37 35
11 36
36 22
1 13
32 22
9 38
37 12
19 17
8 2
24 11
1 33
4 18
0 18
38 13
38 19
17 8
9 28
0 23
35 15
33 11
35 10
32 12
22 23
29 17
35 39
2 31
11 7
9 14
16 0
33 1
12 5
3 34
31 5
11 27
31 34
26 12
17 3
3 24
37 13
38 5
4 26
32 38
31 39
22 26
15 29
37 31
34 17
27 8
15 36
29 32
17 23
39 23
27 39
32 2
38 16
5 35
1 26
5 18
37 38
7 29
8 26
15 21
31 12
35 38
34 28
6 32
31 37
3 30
0 19
1 36
25 34
20 5
26 13
29 12
26 24
13 7
19 26
6 2
16 39
4 28
19 25
34 24
27 28
1 7
17 4
21 23
37 14
1 25
20 2
3 2
25 0
4 11
5 3
1 6
36 12
28 38
25 8
7 31
36 5
8 16
2 29
29 31
19 12
27 27
1 28
18 15
10 28
0 6
31 16
0 32
25 7
31 2
23 28
39 18
22 1
9 5
14 2
18 27
28 36
27 23
26 23
13 22
21 36
27 34
26 1
1 22
8 21
22 37
36 27
38 26
3 15
23 1
10 2
39 27
2 15
36 29
6 21
39 38
37 21
18 17
18 3
27 4
26 20
21 35
24 5
1 20
24 31
32 3
8 8
25 25
37 33
31 38
34 4
1 38
34 19
16 37
0 25
8 23
11 21
5 14
39 25
36 23
38 30
8 9
15 19
2 10
35 1
32 14
21 27
23 33
23 35
10 33
29 2
17 21
36 28
0 9
26 11
10 7
12 4
23 7
16 22
17 31
5 28
9 24
6 8
33 26
1 39
26 6
11 19
12 12
26 37
4 36
25 31
8 10
25 2
26 26
34 22
35 27
25 13
12 36
11 8
27 0
11 30
24 6
10 27
20 17
38 3
39 14
28 4
1 19
13 8
27 31
22 15
20 13
12 29
10 15
2 16
14 34
28 34
6 16
25 14
11 34
27 3
27 2
9 0
6 10
39 8
33 0
34 31
18 21
22 28
17 16
22 21
29 5
8 30
5 19
2 32
6 39
15 22
39 17
2 5
18 9
17 28
32 18
1 37
32 30
20 8
32 32
31 13
6 38
30 29
1 18
3 8
25 9
34 0
31 4
0 35
16 1
24 26
23 36
22 20
13 3
24 25
12 31
1 31
35 35
4 38
0 39
26 21
31 19
34 2
34 6
22 39
13 2
16 16
10 36
23 32
30 8
14 27
5 10
34 30
11 33
9 36
12 7
35 28
6 31
4 23
6 27
20 9
5 16
2 24
7 22
1 3
6 14
9 31
29 11
0 28
12 24
9 7
19 15
20 12
13 33
38 8
23 24
12 0
1 4
4 4
17 20
37 19
6 33
8 20
12 25
33 22
8 33
14 9
34 11
28 5
17 2
20 23
2 4
12 38
13 30
10 0
16 27
3 7
34 33
25 27
28 27
30 26
38 10
14 14
26 19
33 33
14 15
39 0
37 24
25 29
9 9
24 2
0 4
31 22
4 9
20 14
4 19
14 13
17 25
31 15
24 19
23 38
36 16
36 14
15 2
12 32
36 38
1 10
25 17
27 19
5 2
39 7
22 2
13 26
9 30
6 15
36 36
20 20
38 20
20 4
24 39
20 1
13 35
17 22
22 29
38 9
17 7
14 28
23 25
5 6
9 22
39 31
18 10
18 6
10 18
34 9
1 24
21 3
37 5
29 36
13 0
22 24
19 13
17 14
23 15
10 5
1 5
25 10
31 33
15 27
13 4
24 28
7 16
32 33
13 21
7 9
5 17
4 1
16 36
7 35
22 38
21 33
19 28
19 22
21 21
12 34
20 39
11 10
18 18
33 30
26 34
22 16
10 8
25 3
30 30
13 1
26 25
1 1
16 34
27 26
36 37
37 4
34 38
19 8
30 34
14 10
30 3
35 34
21 20
26 7
37 28
39 4
24 1
0 38
19 34
22 33
24 16
0 14
34 36
10 9
36 8
16 7
35 9
32 13
29 34
16 6
36 15
29 16
29 26
6 9
14 11
34 16
15 11
7 5
38 6
2 20
28 9
33 31
3 13
12 17
35 23
22 6
38 38
30 36
5 5
20 35
7 39
0 33
38 2
26 9
30 15
39 5
12 33
11 18
18 12
28 39
33 35
11 15
8 5
16 9
33 21
22 11
24 14
37 36
23 19
11 28
29 0
16 31
35 31
35 32
27 7
37 32
2 18
26 5
34 3
35 20
15 10
22 25
8 27
3 28
10 37
7 23
37 37
15 39
16 33
36 18
21 2
39 1
35 16
18 14
23 11
3 32
34 14
17 33
6 25
35 4
22 0
19 5
7 8
33 39
16 24
7 20
4 31
16 23
34 1
14 5
36 21
16 20
19 31
31 1
2 8
7 10
4 0
27 9
25 12
5 37
17 5
20 21
30 24
39 6
10 35
5 22
29 8
12 6
12 20
9 19
6 30
15 25
0 30
5 36
22 32
10 3
3 27
11 12
28 23
29 38
34 7
5 21
30 35
27 25
28 3
15 20
8 37
1 34
14 39
35 26
27 10
24 33
25 23
16 13
19 11
38 27
6 5
24 35
39 22
32 5
15 0
1 9
14 12
20 37
15 5
12 15
28 8
4 15
10 24
29 29
18 25
3 9
4 33
23 8
7 26
12 1
9 2
36 4
31 26
3 20
32 35
28 1
0 12
18 16
6 12
39 33
4 25
8 0
12 18
37 7
23 13
19 32
31 0
29 27
27 33
27 18
9 21
18 29
16 14
34 13
4 21
12 28
38 15
33 16
14 35
4 3
5 0
19 36
30 25
22 30
9 6
26 38
6 37
37 15
13 37
0 10
6 1
19 3
17 11
6 34
24 21
20 38
26 22
15 18
29 3
3 18
23 9
13 24
18 19
23 29
3 6
29 22
2 39
25 1
32 29
0 16
32 1
26 10
21 22
23 34
19 20
33 25
38 36
13 28
33 6
31 35
19 1
37 20
32 31
19 4
6 3
33 7
1 27
20 6
27 11
17 36
27 6
33 19
35 36
7 15
31 23
2 3
0 15
11 13
12 11
26 16
6 17
15 30
32 25
38 12
38 25
32 11
5 9
37 16
23 17
27 37
32 16
38 4
19 0
13 18
26 0
7 37
0 13
22 3
39 9
4 2
3 11
19 7
22 19
31 36
28 28
35 0
37 29
5 12
18 20
18 13
3 33
29 24
12 3
13 11
9 11
14 0
17 39
21 1
31 20
7 12
29 35
21 10
16 32
23 20
0 27
30 32
13 32
25 16
3 17
34 25
2 7
0 8
2 12
15 7
32 7
20 10
7 30
27 36
26 39
32 4
31 30
18 33
32 20
3 35
30 17
2 13
14 25
6 29
21 19
9 18
12 8
2 17
16 12
19 23
11 38
22 22
14 7
25 38
16 30
37 8
19 6
26 35
1 35
12 39
4 39
0 34
17 24
8 29
37 11
21 31
26 36
25 11
6 13
30 7
30 12
17 15
15 13
26 8
4 30
21 29
25 6
14 37
8 6
6 6
0 26
33 9
33 13
34 12
6 20
13 9
2 36
1 17
18 0
33 28
18 38
39 12
22 14
36 17
7 32
4 17
9 32
33 8
30 31
25 35
10 4
33 24
14 22
0 29
30 33
12 27
15 28
8 22
25 24
12 22
14 4
10 23
21 14
29 28
4 12
33 15
19 35
38 17
23 10
3 3
21 26
