40 4 1
.........T......TT...T..................
...........T.T......T...................
..T...T........TT........T..............
....T......TT....T...........T..........
............T..T..............T......T..
................T.......................
.............................T..........
......T.T........T...........T..........
..T..............T......................
...............................T..T..T..
............TT..............T...........
......T.............T..T................
T.......................................
......T...........T.T.......T...........
...................T..............T.....
.......................T................
TT.....................T................
.......T....T.T.....T..............T....
....T..T............T...........T....T..
..................T....T................
......T............................T....
..T..T..TT...................T........T.
.T...........T...T......................
..T....T.........T........T.............
..............T.T..................T....
T.......T.........T.........T......T...T
..T...........T.T.......................
...........T............T....T..........
...T.........T..........................
..T.......T..T..........................
...................T................T.T.
......................T.................
T.T......T....T.....T.............TT....
T............T.T........................
...T...........................T........
..T.................TT....T.............
.............T.......T..................
....T.T.................T...............
...T..........T....T........T...........
..T..T..............T.....TT............
24 39
37 7
0 34
30 22
15 13
10 23
35 22
25 4
35 8
8 35
9 18
0 9
17 27
24 19
29 13
26 17
11 22
33 4
7 0
15 38
16 39
26 33
32 9
18 22
31 2
1 21
34 38
30 34
29 20
8 2
19 20
24 25
13 22
9 4
31 22
17 35
9 35
12 35
24 14
14 11
4 12
26 31
38 11
15 18
4 14
13 33
6 15
21 0
9 12
32 11
11 15
37 30
27 4
11 6
13 23
26 1
20 38
13 17
22 38
1 13
28 0
25 9
28 24
29 17
0 24
2 17
20 22
20 3
30 31
28 34
37 39
16 4
24 9
24 15
10 29
23 6
30 19
10 33
5 38
21 6
25 11
32 19
28 30
11 29
35 10
18 33
2 26
3 0
36 17
11 8
11 18
12 31
4 15
11 31
6 38
26 29
38 34
35 2
26 34
35 37
5 37
31 23
17 28
34 36
26 10
7 4
9 27
8 8
38 38
29 15
7 10
36 29
25 33
31 17
21 37
18 15
39 20
17 32
22 8
39 26
12 6
18 0
12 33
5 17
39 28
29 28
9 19
30 39
27 14
29 4
27 20
10 34
22 32
26 36
33 38
19 19
33 19
0 28
33 10
23 4
2 31
0 21
14 27
5 36
35 16
20 11
21 11
1 39
37 19
8 1
37 17
24 34
12 14
16 8
7 28
0 37
26 15
29 32
18 21
23 12
37 25
13 0
31 11
28 19
37 26
12 24
25 12
22 21
19 24
18 29
13 10
1 28
23 16
23 32
5 13
6 14
3 33
1 16
31 28
0 4
24 18
0 18
8 21
24 12
37 33
8 6
21 19
7 16
30 10
19 22
5 2
26 13
20 31
8 7
13 12
11 7
37 36
21 31
10 30
20 1
9 15
32 35
34 31
22 16
13 36
10 10
10 4
25 22
16 22
11 39
25 13
32 0
8 10
12 5
8 32
34 24
30 15
20 34
23 29
13 15
38 36
18 9
7 27
6 16
29 21
9 38
14 8
7 9
35 18
9 30
4 11
1 4
8 22
33 25
8 36
28 1
20 39
3 18
33 14
30 1
17 21
39 17
23 8
31 18
13 21
30 38
8 24
11 36
10 27
18 38
10 26
24 38
15 10
1 7
0 33
5 15
34 4
30 23
30 7
6 5
16 0
3 27
5 30
8 9
5 12
8 26
24 21
6 39
1 30
14 16
20 29
34 25
28 23
2 35
9 13
11 28
24 3
33 0
1 33
24 17
36 36
32 16
22 2
11 10
37 2
12 0
30 33
6 26
21 2
15 20
7 15
6 31
19 5
38 15
29 19
15 23
16 14
25 37
17 22
27 15
18 31
21 9
10 11
30 17
26 38
34 35
20 5
18 30
5 16
16 12
1 15
36 10
22 19
6 27
6 37
14 14
4 1
23 13
30 3
3 8
17 39
16 11
15 15
22 31
19 30
33 31
18 17
13 25
24 36
20 33
31 6
33 8
25 5
3 9
13 26
9 6
37 5
11 19
13 38
14 15
34 2
33 34
4 20
29 25
9 17
24 37
27 33
38 25
30 32
7 18
35 28
27 17
12 26
39 37
34 15
39 35
12 38
13 1
29 36
5 27
7 29
19 23
37 24
31 20
17 31
0 15
35 31
30 13
22 29
0 25
11 11
28 26
14 18
28 32
23 33
20 15
4 24
29 0
4 18
0 29
19 12
24 29
3 17
19 28
34 8
36 21
17 25
35 32
38 32
39 15
28 9
24 13
16 20
10 31
20 28
16 2
26 9
9 28
38 9
38 30
27 11
39 27
8 19
6 4
28 6
39 14
21 22
4 16
33 24
4 26
30 16
32 4
7 33
18 25
3 2
33 39
1 20
22 36
33 29
16 30
26 30
15 34
5 21
3 29
19 38
10 3
30 28
19 26
10 14
35 25
8 14
34 5
13 6
39 21
36 4
15 36
24 35
31 21
28 31
25 2
23 14
33 2
36 23
0 11
18 32
14 24
25 24
9 9
28 5
21 8
4 32
3 37
35 6
37 14
11 14
39 29
21 20
3 25
37 21
2 22
15 5
20 26
0 31
37 23
10 2
3 19
34 10
11 21
30 9
33 35
35 13
28 15
7 21
14 12
6 1
19 16
14 17
15 28
38 3
37 3
10 15
17 6
1 29
6 17
20 37
32 24
23 7
38 17
5 29
3 13
5 8
37 9
15 32
33 15
15 9
31 1
7 19
15 31
39 31
31 0
29 26
39 22
6 0
6 33
34 33
29 10
29 8
15 8
2 24
31 13
26 16
8 29
11 1
7 8
2 27
30 20
36 22
12 12
9 8
12 28
10 37
10 0
3 35
13 14
28 39
27 5
24 26
35 33
34 23
17 0
9 20
17 2
19 35
0 26
3 12
27 28
23 18
20 14
16 33
3 21
11 32
6 19
17 33
24 27
11 33
2 19
19 18
2 13
27 1
0 10
7 31
39 1
27 30
27 32
36 35
32 10
29 6
19 10
4 2
26 39
18 20
5 9
33 6
0 30
3 23
4 6
32 25
26 0
17 10
4 4
33 23
1 0
23 17
34 19
14 6
21 33
30 30
27 7
2 18
30 6
29 1
34 22
21 14
14 19
5 35
13 32
2 11
32 5
33 27
14 3
3 1
36 37
3 26
26 27
5 22
31 4
2 39
7 30
17 15
29 29
4 37
3 31
37 31
38 19
12 8
28 29
25 35
7 17
11 5
9 33
4 23
0 6
32 29
32 2
34 0
20 16
1 34
4 0
29 35
34 13
9 5
36 2
20 27
7 38
31 3
35 23
36 6
9 26
28 14
39 10
5 26
15 39
20 4
11 20
29 30
31 24
20 24
7 35
27 34
21 21
1 10
10 38
32 12
15 0
2 0
7 24
3 24
4 31
13 20
39 16
22 6
24 31
19 34
28 22
19 1
27 19
9 2
35 17
21 30
9 0
33 30
7 1
16 31
38 2
4 29
0 39
32 38
31 15
31 34
37 29
19 13
36 27
6 21
6 30
1 14
15 2
32 8
16 1
34 3
34 28
8 0
17 5
20 36
23 36
2 7
19 32
35 36
38 14
39 38
13 39
5 24
12 10
25 39
25 17
6 36
39 23
31 31
3 30
36 31
4 21
27 16
11 24
38 1
23 1
33 37
29 12
16 18
27 36
12 17
11 2
19 15
16 24
8 31
35 7
39 3
7 7
14 20
23 9
39 2
20 35
9 22
26 21
33 17
32 14
38 18
33 21
39 4
17 19
25 16
15 22
3 39
5 34
25 1
23 38
5 31
20 2
29 11
9 25
10 22
21 12
11 37
18 23
2 33
25 3
30 35
1 6
35 19
34 39
4 38
14 2
14 28
31 27
1 22
17 30
11 35
23 20
5 23
37 38
30 26
27 27
26 25
22 17
11 16
39 0
20 8
26 2
19 31
33 7
15 3
14 34
24 33
5 6
31 14
17 23
16 19
39 25
24 28
14 9
29 16
23 21
5 10
3 15
4 8
18 3
28 10
20 20
18 19
20 25
19 3
38 37
8 4
33 20
18 4
5 18
7 39
4 25
1 1
12 16
3 3
25 28
19 9
13 7
14 25
27 39
12 21
26 18
12 30
36 25
5 11
3 11
36 3
38 26
22 25
11 9
8 20
11 17
2 21
21 23
29 38
26 5
10 13
19 4
32 28
2 3
14 1
33 11
22 11
23 39
13 29
7 3
22 3
21 29
15 27
38 4
27 23
24 23
24 10
12 3
38 8
5 19
24 6
25 20
4 22
2 9
1 38
15 21
35 11
32 20
16 23
2 4
22 27
15 25
4 9
12 20
31 19
9 11
21 7
1 19
36 18
37 16
3 16
36 39
11 4
36 9
25 18
18 37
35 5
3 5
18 26
28 25
14 33
5 5
27 22
15 26
10 5
30 8
29 37
2 8
1 2
36 12
9 10
0 16
23 34
12 1
17 34
27 9
27 38
6 9
38 20
35 1
29 3
31 26
21 36
33 33
18 39
21 17
33 28
5 14
18 8
32 6
22 14
2 5
37 27
19 6
1 37
9 29
7 25
24 20
27 37
32 3
38 23
26 26
6 25
20 12
35 4
33 3
23 15
0 8
28 17
4 3
30 29
37 35
2 16
34 34
33 26
34 29
33 13
32 27
36 26
15 11
39 24
10 12
37 15
24 30
26 19
29 33
22 7
27 8
9 39
22 26
13 13
19 33
39 19
8 13
21 25
12 27
38 16
39 6
21 4
36 15
2 15
35 29
15 17
27 29
13 8
28 3
28 13
17 12
14 30
5 32
12 36
23 26
7 32
19 25
32 21
25 6
8 30
16 13
13 27
35 38
24 4
1 5
16 21
14 13
9 32
30 37
27 18
30 12
38 29
37 20
0 12
3 22
39 18
3 32
21 35
17 7
2 6
38 6
6 11
16 10
21 10
22 1
31 8
32 15
29 22
18 28
6 18
8 39
38 28
2 37
32 34
23 24
10 6
16 25
35 14
27 24
1 17
30 24
2 36
11 13
23 31
22 34
10 7
3 4
14 38
23 19
38 21
34 6
14 29
34 27
3 36
29 14
37 28
32 30
21 32
1 31
8 28
17 17
22 20
0 13
31 5
17 38
4 5
39 12
39 32
16 7
6 10
25 29
4 28
6 24
31 7
26 12
30 36
12 19
36 24
6 20
37 13
36 20
30 4
34 16
26 35
28 28
10 16
17 9
18 34
8 37
38 39
33 12
15 16
15 7
34 21
22 23
23 28
33 9
35 15
3 20
17 37
18 18
35 27
13 30
22 39
25 21
28 37
15 6
18 5
35 26
18 6
12 7
25 26
23 30
13 5
18 1
34 7
22 35
1 32
7 36
39 36
7 26
16 15
22 24
13 28
37 1
8 33
16 27
25 15
19 37
5 3
7 5
11 34
10 24
2 34
18 35
37 34
35 21
39 30
12 34
14 26
0 2
17 8
23 3
1 36
11 26
23 22
16 5
23 0
35 0
8 5
31 38
5 28
9 16
38 33
38 5
36 8
14 36
38 10
16 17
10 20
15 14
32 17
13 37
27 2
20 17
16 37
9 37
33 18
26 3
31 32
7 20
26 7
8 12
29 31
0 23
33 5
35 24
18 27
3 6
24 32
10 17
13 9
18 7
11 25
22 37
11 3
9 36
26 37
20 30
2 32
1 24
12 18
25 32
24 5
6 2
12 23
36 0
25 34
14 35
11 27
15 35
9 23
22 22
12 25
26 6
25 0
15 24
32 37
37 37
11 38
22 12
31 10
12 4
1 11
14 0
20 7
36 5
8 27
6 22
37 4
15 37
27 10
23 11
16 35
5 25
20 6
20 18
19 39
38 12
29 34
7 11
26 4
33 36
4 19
39 33
3 38
36 19
11 0
0 32
11 30
1 9
13 4
30 2
10 28
3 7
23 2
31 29
31 36
19 36
18 12
26 32
25 14
7 14
27 12
16 28
38 35
14 23
8 15
14 32
36 13
1 25
32 39
35 39
11 12
17 36
6 7
27 3
12 32
1 26
2 20
29 39
32 31
12 2
28 7
20 32
6 34
0 27
14 22
27 21
17 1
25 7
36 33
6 28
5 0
19 7
18 11
26 8
13 3
10 36
28 33
33 1
39 11
24 2
28 18
10 32
24 1
0 5
30 18
34 32
5 4
34 30
25 25
32 13
29 18
18 10
28 4
7 12
5 7
15 12
25 36
10 1
14 7
37 32
23 37
19 21
36 28
2 25
34 12
28 8
37 0
8 38
37 10
27 31
1 3
8 17
0 14
35 30
17 16
22 30
34 1
26 14
7 37
17 13
19 0
22 9
31 35
25 8
0 22
4 10
38 0
21 39
35 34
28 27
19 27
19 14
2 29
28 35
17 20
9 31
6 6
6 32
15 29
21 24
15 4
1 12
33 32
27 26
0 0
33 22
32 33
29 7
10 8
39 9
21 26
31 37
4 36
12 15
36 30
9 24
17 14
28 11
22 28
22 13
31 12
10 18
24 22
26 24
6 8
16 16
2 28
15 33
38 22
39 8
34 18
17 26
14 21
18 2
24 8
37 12
6 12
34 14
23 10
10 39
17 18
22 5
15 1
39 34
23 35
9 14
25 31
8 34
27 25
28 12
16 36
1 27
36 32
5 1
26 28
29 23
2 2
38 27
25 27
12 37
14 4
12 9
13 19
16 3
26 20
10 19
2 38
16 32
20 9
12 29
29 27
25 30
22 10
13 2
4 30
32 18
32 22
0 7
10 9
5 33
18 14
0 3
2 14
13 16
38 31
7 6
30 27
37 11
6 29
35 9
3 14
23 27
35 3
15 19
0 1
21 3
34 37
23 23
39 7
7 22
21 5
31 30
17 29
10 35
25 10
31 9
35 35
16 6
31 33
21 16
19 29
4 17
9 1
6 3
28 20
20 0
39 39
37 22
34 9
4 35
20 13
30 21
13 18
12 22
22 18
16 29
34 11
34 20
22 0
12 11
21 27
14 39
29 24
21 34
13 35
8 11
38 7
13 31
7 2
4 7
21 1
0 38
31 25
32 26
21 28
21 13
0 17
16 34
13 34
35 20
38 24
9 34
3 10
10 21
9 7
6 23
36 16
35 12
1 35
30 0
22 15
37 8
14 31
7 13
30 11
9 21
7 23
18 24
28 36
22 33
9 3
39 5
25 19
36 38
6 35
3 34
31 39
32 7
17 3
1 23
27 6
18 13
0 36
0 19
14 37
3 28
4 34
13 11
33 16
32 36
32 1
21 18
20 23
24 24
10 25
8 18
2 1
22 4
12 13
19 8
30 14
28 21
32 32
23 5
23 25
19 17
26 11
4 27
26 22
8 23
16 38
28 16
18 36
1 8
14 5
28 2
7 34
1 18
24 11
37 6
15 30
17 24
20 19
6 13
20 10
0 35
24 16
24 7
29 5
27 35
36 7
16 26
37 18
2 12
16 9
4 39
2 30
4 33
14 10
31 16
29 9
5 39
27 13
11 23
29 2
36 1
36 11
19 11
2 23
4 13
32 23
17 4
21 15
34 26
20 21
25 38
36 14
8 3
36 34
8 25
24 0
25 23
17 11
26 23
8 16
18 16
21 38
30 25
2 10
34 17
19 2
13 24
12 39
28 38
38 13
39 13
30 5
5 20
27 0
