32 14 29
......T..T......................
.......T........................
.........................T......
..................T.............
..T.........................T...
......T......T....T............T
..T................T.T..........
.......T..........T...T.........
.T.T.................TT.T.......
............T.....T......T......
.T......................T.......
.T...........................T..
............T.T.....T...........
...................T............
.T..............................
................................
.....T..........................
...................T............
....T.........................T.
...........T..T.T...............
....................T..........T
...............T................
..........T.....................
..........T...T...T.............
...........T....................
.T.......T.T..T..T.............T
...........T....................
................................
................................
...........T......T....T........
................................
....T..........................T
0 10
25 19
27 14
20 18
15 31
13 1
15 11
24 6
8 14
12 22
3 15
5 15
3 2
17 12
30 25
6 19
8 18
14 9
6 16
6 15
17 2
21 20
18 24
12 23
3 14
13 31
17 24
4 3
11 23
21 2
0 7
24 14
12 2
31 28
0 4
5 29
27 24
0 22
1 5
23 25
1 7
11 26
21 24
8 17
17 3
3 20
20 28
22 15
4 0
6 24
18 16
18 10
26 7
11 25
0 13
27 8
29 3
30 21
20 17
8 30
4 2
25 27
30 7
26 10
16 26
25 11
31 27
21 18
4 13
15 22
18 6
21 23
23 17
13 24
5 7
4 26
13 26
3 30
7 27
1 26
29 30
22 28
9 3
20 27
15 14
19 9
30 18
29 16
2 4
19 18
17 27
14 6
22 19
26 1
15 5
24 11
1 16
4 1
28 23
19 8
2 9
25 2
6 17
1 15
29 14
22 0
21 9
13 2
28 6
31 24
14 25
26 27
20 5
19 11
27 28
5 9
5 13
11 17
19 30
4 9
26 16
26 15
20 11
5 22
3 22
2 30
19 28
10 19
10 4
31 3
22 23
20 14
6 10
0 2
12 6
10 9
16 1
15 24
0 0
23 31
28 16
29 24
14 24
9 27
29 7
7 31
9 22
5 8
19 4
13 18
30 8
31 19
27 11
3 21
13 6
7 8
22 13
3 13
2 2
30 24
0 29
15 20
21 29
3 17
25 6
17 19
31 31
9 12
1 3
11 5
5 3
29 10
14 23
26 29
24 18
25 3
31 12
16 15
16 24
22 6
3 16
21 4
25 20
5 14
11 9
18 14
25 16
22 10
17 0
20 30
3 10
9 6
22 5
3 19
8 1
10 24
21 31
25 28
3 1
25 23
24 30
19 17
10 5
30 28
27 9
0 9
25 15
8 13
22 4
30 22
24 31
27 13
13 29
18 13
10 2
0 5
17 16
31 13
31 6
12 31
3 12
13 16
15 8
7 11
0 18
4 24
30 12
24 10
30 10
10 17
14 3
22 18
19 21
7 1
17 8
30 27
27 19
13 7
27 6
29 22
25 13
26 18
24 27
25 25
27 5
24 23
5 16
14 15
29 5
5 11
17 20
5 31
8 5
10 8
12 16
1 23
18 9
20 4
15 15
26 13
7 4
9 8
16 23
13 13
10 16
23 12
26 26
9 5
0 14
10 20
3 28
19 12
1 0
20 13
0 1
8 23
28 31
6 30
11 2
10 0
18 2
14 5
14 28
19 23
13 30
23 23
25 26
25 0
1 4
18 29
25 7
21 26
23 7
5 2
20 31
18 19
7 22
15 16
3 25
24 22
20 23
17 31
19 1
10 26
26 6
14 4
16 17
27 21
11 19
12 28
4 21
28 1
20 15
19 6
6 9
23 3
19 5
8 15
31 1
12 5
23 6
20 29
19 20
15 19
7 18
28 17
31 7
21 1
28 4
11 4
1 18
24 28
20 12
0 31
5 26
22 24
26 12
11 8
28 10
2 25
24 15
15 1
31 9
6 13
23 29
0 25
25 24
8 7
22 17
14 17
19 27
17 6
6 22
12 12
9 10
11 11
27 16
10 15
5 0
18 11
3 7
17 11
1 1
28 22
26 24
14 20
21 8
17 13
26 21
14 26
14 12
15 27
4 5
19 14
9 11
25 31
19 16
28 12
2 29
18 30
1 27
28 3
21 3
4 8
4 6
7 6
29 28
17 25
23 22
10 1
29 26
2 21
3 23
10 11
8 27
6 1
2 17
29 1
24 8
4 28
6 12
31 10
19 26
0 3
1 8
25 1
24 26
14 0
16 21
9 9
22 16
30 6
6 29
11 30
21 21
23 1
16 27
12 1
17 14
17 9
4 29
16 14
31 14
23 15
27 25
26 20
12 10
27 4
23 24
2 15
9 20
13 9
28 19
5 24
9 17
10 14
30 30
18 22
14 18
24 20
6 7
11 15
9 0
30 20
30 3
21 30
23 0
23 30
11 20
1 2
27 30
27 29
31 0
22 2
17 5
20 19
20 2
29 19
18 15
21 14
28 28
23 10
0 27
14 10
15 26
23 5
25 9
23 18
21 11
10 3
20 9
31 16
22 14
13 21
12 25
29 29
21 15
6 20
26 3
14 7
20 7
15 6
4 7
1 30
25 10
16 28
2 28
1 20
31 5
15 30
13 17
15 23
22 22
10 27
13 22
26 9
3 9
27 2
0 23
1 10
30 9
27 22
2 10
2 18
11 14
3 5
8 25
24 2
9 7
20 20
17 29
2 11
23 16
1 11
24 16
30 4
28 14
2 14
26 25
14 22
19 0
5 21
16 31
5 25
26 14
26 8
16 19
4 25
10 12
2 1
15 29
18 5
16 29
14 27
28 5
16 3
31 22
4 10
18 23
7 3
14 31
14 16
31 2
23 14
5 12
23 19
1 6
15 13
31 30
16 9
12 26
7 14
28 11
4 4
17 22
22 27
28 26
16 30
15 12
8 4
16 2
12 4
6 31
25 4
3 31
11 13
19 15
7 21
27 18
2 24
16 12
13 0
29 6
7 16
1 29
17 18
7 20
11 3
29 9
30 0
23 28
15 18
5 1
23 20
10 25
0 19
13 28
13 3
26 30
0 28
17 17
12 29
8 24
6 3
15 9
7 30
20 25
21 10
30 17
29 31
25 29
4 15
20 22
3 27
29 21
9 13
14 29
9 4
7 12
15 17
20 8
23 2
28 20
7 15
10 13
7 7
18 1
14 8
9 31
7 25
11 27
23 9
12 27
20 24
2 19
12 18
16 22
26 11
20 16
1 19
2 3
6 2
4 22
7 2
18 20
0 21
24 5
2 26
26 17
4 17
22 26
26 4
7 19
2 5
7 28
29 20
2 8
0 15
8 29
10 10
30 26
6 18
29 0
16 7
16 4
0 30
6 5
0 6
23 13
30 16
25 17
27 17
8 26
13 14
7 29
2 6
9 30
4 19
13 27
16 11
31 11
6 28
23 11
3 8
3 24
9 26
20 21
0 26
11 0
24 13
17 21
12 8
22 30
19 19
21 7
31 18
25 5
17 7
1 24
11 16
27 15
4 20
19 25
3 3
10 31
8 9
22 9
22 25
1 25
2 20
10 21
22 11
8 8
12 0
1 12
31 8
29 27
8 31
21 25
27 12
31 23
0 24
6 21
14 30
9 28
18 3
11 21
28 29
10 28
11 29
27 27
0 12
14 1
5 6
9 23
30 2
14 14
3 4
16 10
18 8
4 23
25 18
29 23
2 23
9 29
0 17
0 8
17 26
16 25
28 15
21 16
28 9
2 31
16 18
9 14
28 13
24 9
18 31
7 5
16 13
21 12
24 4
11 7
5 30
10 29
1 17
8 6
7 26
27 3
27 31
8 20
12 19
8 19
0 20
27 23
9 2
22 20
12 11
10 30
13 4
2 12
30 11
4 14
5 20
23 26
30 13
2 7
29 25
20 1
23 8
26 5
24 25
13 8
10 23
27 1
31 29
28 0
6 8
18 0
19 31
14 11
30 5
17 23
11 31
19 7
13 23
15 3
16 5
12 24
18 18
27 0
24 1
18 17
26 22
3 18
29 15
9 19
13 15
21 19
5 28
12 3
7 23
24 12
14 2
4 31
28 27
13 10
25 12
29 8
12 15
1 28
17 15
1 13
29 17
12 7
11 10
2 0
31 26
26 19
4 11
24 3
24 0
3 6
10 6
21 17
7 13
18 27
24 21
11 6
8 2
13 20
20 0
21 0
28 8
20 6
3 11
9 24
5 17
21 22
6 27
13 25
17 30
6 11
13 19
22 7
30 14
28 2
12 30
22 31
3 0
11 24
1 14
25 30
12 20
22 21
19 13
7 0
15 7
26 28
3 29
18 26
31 25
28 24
6 14
21 28
16 8
2 22
30 29
15 0
30 1
30 23
1 22
26 2
4 30
27 10
31 17
13 11
6 26
22 1
6 4
5 23
26 23
12 9
1 9
18 25
16 6
5 18
10 22
1 31
16 0
2 16
9 25
24 19
28 18
19 10
30 15
16 20
28 7
30 31
5 10
18 12
9 18
13 12
12 21
11 1
25 14
29 2
31 15
22 29
10 18
24 29
8 22
14 21
27 26
19 3
5 27
6 23
26 0
0 11
28 21
2 13
19 24
18 21
11 28
24 7
20 10
30 19
23 4
28 30
31 4
5 4
31 20
4 16
18 7
7 17
14 19
6 25
12 17
9 1
24 17
15 2
8 12
17 10
9 21
29 18
21 5
12 14
13 5
27 7
26 31
9 15
16 16
7 24
29 11
7 9
5 5
22 8
2 27
29 13
25 8
12 13
8 11
6 0
15 25
25 21
27 20
29 12
8 3
22 12
18 4
8 21
21 27
4 12
22 3
8 10
9 16
11 18
10 7
28 25
24 24
20 26
8 28
19 29
11 22
3 26
19 22
11 12
18 28
15 10
4 27
8 16
15 21
17 1
19 2
14 13
20 3
31 21
21 13
23 21
5 19
25 22
7 10
21 6
29 4
15 28
4 18
23 27
1 21
17 4
15 4
6 6
17 28
8 0
