23 0 2
......T.T.....T......T.
........T............T.
.T..T.....T..........T.
T......................
..........T......T.....
.......T..............T
.......T.T....T........
............T...T.TT...
T..T...T.T...........T.
...................T.T.
......T......T...TT....
.....T...T.TT..........
..T............T......T
T..T......T.T..........
......T................
..T..T...T.TT..........
.T.....................
T..........T....T.T....
T......T...............
..T..T.................
.......................
TT......T.T......T.....
...T...T.....T.......T.
1 16
5 20
2 16
18 17
15 0
8 19
9 5
1 14
1 9
9 2
18 20
22 0
19 4
3 18
16 4
12 1
0 4
9 19
20 1
6 0
8 2
15 18
21 10
12 9
18 9
7 19
22 17
18 11
10 7
19 15
11 4
21 5
3 11
17 16
17 12
14 12
11 3
0 5
1 18
4 13
9 9
6 20
20 3
2 2
13 8
10 8
2 20
10 20
12 10
16 2
12 20
1 15
8 9
17 2
5 10
5 3
6 1
16 5
21 16
19 19
5 17
5 2
10 18
1 6
15 17
13 18
19 3
12 7
21 13
2 4
16 0
11 7
19 22
12 16
11 11
13 17
16 12
8 1
22 16
16 8
7 4
18 2
6 18
20 7
4 6
6 4
20 0
7 2
5 4
15 13
16 18
18 6
5 1
8 21
15 1
13 22
19 14
0 12
22 13
2 5
1 20
8 15
22 12
14 8
1 17
11 5
20 4
19 20
14 5
6 9
4 10
11 16
1 0
22 20
7 15
13 20
18 14
2 12
21 18
9 12
7 0
19 7
0 22
0 10
7 7
8 18
3 20
17 18
19 1
17 10
9 4
10 12
3 10
19 8
1 5
16 19
6 19
19 5
22 6
17 20
22 22
2 21
14 20
11 17
5 13
18 1
18 7
20 15
21 4
9 18
19 9
16 10
16 13
14 1
19 21
8 7
0 13
7 18
19 12
8 12
20 2
3 16
22 7
18 21
18 16
22 10
13 11
8 4
8 14
11 12
11 21
11 20
18 12
14 18
8 10
22 2
9 13
13 3
12 15
2 9
7 17
20 17
15 21
5 22
10 6
0 17
22 21
12 8
16 15
3 7
14 7
16 16
21 1
21 9
13 13
3 14
2 11
7 20
4 1
6 11
18 22
18 8
6 14
20 8
7 22
6 10
21 11
12 0
15 22
0 0
16 3
13 16
21 0
11 10
2 10
15 5
3 22
22 8
15 8
9 7
17 9
19 0
1 11
11 18
5 18
16 14
9 14
10 15
12 2
14 0
11 9
13 21
15 10
10 9
6 12
3 19
8 6
19 6
14 16
17 13
0 16
10 0
14 21
7 13
22 4
21 3
1 13
10 2
4 9
0 7
8 5
11 15
3 0
15 2
16 21
0 6
5 12
8 11
18 13
21 14
7 6
8 22
10 21
22 1
18 18
15 9
21 17
11 19
19 2
3 8
11 0
4 17
9 0
17 3
16 11
20 21
12 22
5 11
5 0
21 20
3 15
11 2
4 19
10 11
0 3
5 7
1 19
0 18
7 16
19 10
0 9
20 11
15 12
2 1
4 11
19 16
20 10
4 21
22 5
2 13
1 21
20 12
16 9
14 10
19 18
12 5
16 22
12 17
3 5
18 5
15 19
18 4
10 22
10 4
8 16
5 15
14 17
4 7
9 11
9 8
12 6
9 20
3 6
18 19
20 18
5 8
19 17
13 4
7 1
21 6
10 13
16 1
10 1
14 15
10 3
9 10
2 15
17 22
9 15
21 8
6 6
13 1
2 8
13 15
1 7
14 22
17 6
21 7
3 12
0 15
21 22
4 3
7 21
15 3
0 21
0 2
6 7
10 10
7 14
4 16
13 10
10 16
14 4
0 1
7 9
7 11
1 1
15 4
12 13
17 4
7 3
9 16
10 5
6 21
17 11
19 13
2 3
22 15
20 19
8 8
20 5
13 5
3 9
12 11
4 4
15 20
12 12
4 15
8 3
21 2
6 15
4 8
5 19
2 18
10 19
6 5
17 5
20 16
16 7
2 19
13 0
5 6
21 12
4 20
2 14
4 5
1 12
3 17
7 10
4 12
0 8
13 7
5 5
12 19
3 3
13 9
16 6
14 11
15 6
7 12
2 17
9 22
14 9
17 1
8 13
18 0
6 13
1 2
18 10
3 21
10 14
13 6
17 8
6 2
2 7
13 2
9 1
22 14
15 7
12 14
5 16
6 22
17 14
18 3
9 6
14 14
9 3
3 1
11 8
21 21
11 22
14 13
11 14
6 17
3 2
3 4
6 16
20 6
12 18
22 19
17 19
1 3
0 19
20 13
15 15
9 17
4 2
18 15
12 3
22 9
8 20
20 14
10 17
11 13
4 18
22 3
17 15
20 20
4 0
16 20
21 15
2 22
17 0
1 10
7 8
19 11
17 21
22 11
0 14
20 22
11 6
13 14
3 13
8 0
4 14
15 14
14 19
17 7
1 22
13 19
14 3
5 14
11 1
5 21
15 16
22 18
6 8
9 21
21 19
0 20
2 0
1 8
16 17
1 4
12 21
4 22
6 3
7 5
13 12
15 11
14 6
14 2
5 9
2 6
12 4
20 9
17 17
8 17
