25 6 14
..T..........T.......TT..
.........................
....T.....T.......T.T....
..........T..T...T.T.....
...T...T...............T.
T..T.T......T......T.T..T
T...............T.TT.....
.........................
..........T............TT
......T.T..TT........T...
.TTT...T.....T....T......
......TT..............T..
........T.T...T..........
....T.........T..........
..T........T....T.....T.T
..T.T......T.............
.T.....TTTT.T...T........
T.....TTT...T............
...T....T.......T.....T..
.TT.T........TTT.T..T....
......T...........T......
....................TT.T.
T...T......T....T......T.
................T........
.............T......T...T
23 6
11 21
22 18
7 13
15 18
16 21
20 1
12 16
19 16
19 21
2 1
23 2
18 7
19 4
22 9
11 22
3 18
17 12
15 23
12 10
15 13
18 10
10 15
8 6
8 22
15 22
23 20
22 11
1 19
15 24
16 22
5 13
4 23
23 4
20 19
24 17
10 2
22 17
6 18
7 24
23 15
23 1
18 14
12 17
13 16
16 5
16 24
17 8
1 12
21 19
17 22
14 19
5 1
17 7
0 3
12 13
12 19
7 7
17 20
0 24
19 19
22 3
15 12
18 18
13 7
12 12
1 8
4 2
21 11
11 19
7 15
12 2
13 6
12 22
5 9
9 6
2 10
10 11
1 18
0 9
17 15
14 7
24 7
0 16
14 5
4 3
16 3
2 23
2 2
24 23
19 22
14 12
1 11
19 10
9 20
6 17
18 21
14 20
24 10
0 23
21 15
22 21
5 12
11 11
3 20
23 24
2 6
9 12
1 3
10 4
19 18
15 10
7 0
20 20
9 4
17 10
6 23
12 14
11 8
8 5
13 21
0 20
14 4
24 20
23 14
18 23
4 14
11 17
9 13
11 24
20 23
3 4
10 21
7 9
18 6
20 10
19 20
11 20
3 16
24 6
22 4
2 7
9 10
24 2
12 23
5 17
0 6
6 0
23 18
22 19
10 20
10 9
16 15
1 4
13 22
1 23
20 0
18 11
15 7
24 22
4 22
13 19
18 5
24 1
1 21
18 22
8 14
21 3
3 9
2 17
22 6
12 20
19 14
5 16
11 12
12 7
17 9
21 10
21 16
24 0
23 17
20 8
5 21
14 6
7 5
2 12
6 4
5 8
14 9
3 19
2 3
12 21
15 0
16 2
2 5
22 24
7 3
0 11
3 0
4 24
13 18
20 3
2 11
3 23
23 7
14 2
5 24
6 13
15 21
9 17
24 13
6 3
23 16
23 13
16 0
18 8
17 2
1 24
6 8
4 1
9 1
5 22
3 10
14 3
12 15
17 16
8 11
4 6
6 10
2 18
19 1
8 4
13 20
6 7
5 10
22 20
5 19
7 22
16 19
20 6
17 13
4 10
3 3
12 6
17 11
22 10
0 1
5 0
11 6
15 5
7 11
21 1
9 14
5 2
4 18
2 24
20 11
13 13
9 2
20 2
11 4
17 14
5 14
19 0
8 16
23 11
7 4
15 6
19 13
5 3
20 22
20 18
10 3
19 24
11 1
13 5
14 21
7 2
3 6
14 18
10 19
14 13
22 8
1 1
7 20
1 0
5 23
12 8
21 8
10 8
14 22
10 24
8 23
18 15
20 5
24 3
7 1
2 20
9 22
6 15
24 21
16 10
0 2
7 6
3 17
22 5
24 9
11 0
20 13
21 23
19 2
4 13
21 18
22 13
24 14
3 11
20 9
16 7
11 7
4 16
18 3
4 8
1 7
9 24
4 17
10 18
7 18
22 0
24 12
15 17
2 8
9 11
17 1
2 16
22 12
12 11
18 2
2 13
21 14
23 0
10 1
6 20
24 8
10 22
13 17
11 15
8 10
9 19
11 14
23 10
22 7
7 16
15 1
21 7
0 13
19 23
7 23
19 12
8 20
18 16
15 15
4 9
6 11
17 0
6 21
5 5
3 7
9 16
22 15
13 11
6 24
6 5
5 7
20 4
3 12
1 16
14 0
17 23
8 19
15 11
10 16
13 4
10 23
4 21
1 2
18 12
18 17
16 13
19 15
5 6
19 11
0 18
9 18
19 5
10 13
8 0
9 5
4 19
14 16
4 5
21 24
24 11
15 9
16 11
18 4
14 23
15 19
8 17
12 24
9 23
10 5
21 0
7 19
13 12
18 9
23 8
19 9
23 3
3 21
1 20
16 20
21 5
5 20
20 7
5 4
11 13
23 12
24 24
5 18
1 22
22 23
22 14
15 16
19 7
8 9
9 8
5 15
1 15
21 4
17 3
8 12
17 6
24 4
16 17
3 1
23 21
23 9
14 17
8 7
16 12
14 8
24 5
16 6
12 4
13 3
20 15
21 13
11 16
6 1
7 12
19 17
2 0
16 16
9 9
22 22
8 2
0 22
0 15
0 14
6 2
0 19
14 1
14 10
2 9
17 5
20 17
0 21
10 7
6 14
2 22
21 6
23 19
16 18
18 20
13 10
11 23
17 4
13 9
3 22
18 1
2 21
3 5
13 14
12 0
13 23
1 6
17 18
3 13
22 16
2 15
11 9
0 8
9 0
22 1
1 5
16 8
6 6
2 14
20 16
11 5
5 11
3 8
18 0
6 16
14 15
10 14
20 21
10 6
16 4
4 20
13 1
0 7
4 15
18 19
3 14
8 18
1 10
23 5
21 21
0 0
4 7
17 19
2 4
19 8
13 15
19 6
6 22
13 8
9 7
11 10
4 0
13 2
6 12
20 12
14 24
11 3
24 19
14 14
0 17
16 9
4 12
1 9
18 13
10 12
0 10
16 14
12 1
2 19
13 24
15 20
6 9
1 17
7 17
22 2
17 17
8 24
7 10
15 4
24 15
17 24
24 16
12 5
9 3
7 8
16 1
21 17
8 21
21 2
4 4
21 9
9 21
0 5
8 8
8 15
12 3
18 24
14 11
15 2
3 24
20 14
1 13
15 14
24 18
13 0
11 2
9 15
12 18
19 3
17 21
8 1
10 0
7 14
21 12
8 3
8 13
11 18
20 24
21 22
6 19
16 23
21 20
3 2
12 9
1 14
10 17
3 15
4 11
15 8
23 22
7 21
23 23
15 3
10 10
0 4
