21 13 17
.............T..T.T..
.....................
..T..................
..........T..........
.......T........T....
.....................
.....................
................T....
.....................
.....................
.....................
.........T...........
.....................
..T..................
.....................
..........T........T.
........T............
........T............
....................T
.....................
.....................
6 19
12 14
6 14
11 8
19 18
4 14
8 2
11 20
8 15
19 6
2 13
15 8
16 1
14 16
16 10
20 2
11 7
7 14
1 5
13 14
17 1
4 4
5 19
5 9
12 16
7 12
2 10
16 0
13 20
15 7
10 9
6 18
3 15
17 15
14 0
20 19
2 0
4 5
0 6
1 6
12 20
18 5
4 0
9 2
7 15
2 11
13 16
7 6
6 16
16 11
12 10
8 17
19 11
2 15
1 15
16 17
19 4
17 9
2 1
7 13
5 2
3 4
13 18
13 8
6 13
15 18
9 7
8 12
1 3
10 16
19 2
7 3
3 18
16 3
2 12
10 17
7 8
0 8
9 9
3 12
6 15
12 18
19 16
5 11
5 17
14 9
12 4
13 10
20 11
11 1
10 3
11 4
0 1
13 4
15 11
12 7
19 15
11 14
6 8
11 0
20 16
13 1
4 11
7 16
10 1
1 11
10 7
11 6
15 19
16 15
13 9
10 19
8 6
19 0
19 5
6 12
16 20
0 2
8 16
7 1
4 18
13 11
20 15
18 7
0 18
16 6
19 8
15 6
15 5
16 18
1 4
11 13
11 5
16 9
0 12
6 5
9 15
5 8
12 1
4 3
18 9
17 16
9 19
17 7
8 20
10 12
18 0
2 6
16 5
18 10
17 2
7 17
0 11
15 14
18 17
0 17
0 3
8 3
11 15
14 19
5 4
4 13
1 2
2 9
0 5
13 15
3 16
10 11
2 5
17 4
19 13
11 2
6 4
8 14
12 9
20 9
13 19
18 20
10 4
18 4
15 20
17 20
1 10
6 2
16 7
16 14
20 14
15 10
12 3
17 3
11 3
16 4
11 9
14 8
18 13
18 1
6 10
14 12
8 19
1 20
13 3
20 13
12 8
3 3
2 18
2 16
20 6
8 5
7 10
2 8
17 10
9 20
15 16
13 2
18 2
0 19
7 0
18 3
5 16
10 5
5 1
20 8
1 18
5 15
12 17
0 14
6 7
9 10
14 3
8 7
1 7
12 2
17 5
3 13
4 8
13 0
17 8
16 12
4 1
2 2
1 19
8 10
5 10
9 17
2 20
15 3
10 8
8 4
14 15
13 17
15 13
1 14
20 1
9 5
12 15
5 13
1 12
5 18
14 4
13 12
1 1
0 4
11 10
20 12
1 16
7 19
18 11
18 16
10 6
15 1
13 5
19 17
13 6
4 10
14 6
15 15
9 12
18 8
17 13
7 5
20 4
16 13
14 11
3 11
12 5
11 19
10 13
18 19
18 14
14 18
20 20
19 12
8 8
14 7
16 8
4 15
7 11
19 1
9 11
7 4
17 0
6 0
1 17
15 2
10 0
20 17
3 19
3 1
12 19
15 17
7 18
8 1
2 3
5 12
18 15
5 20
14 2
1 8
17 17
18 6
4 20
14 17
10 15
10 18
20 3
9 8
6 1
7 9
5 5
14 13
6 11
16 16
20 18
10 14
17 11
11 18
4 12
6 6
3 2
3 9
6 20
16 19
9 0
17 12
2 7
9 6
10 10
7 20
19 14
10 2
12 11
15 4
0 7
19 10
0 20
11 12
5 3
2 19
6 17
14 5
4 6
20 0
19 3
15 0
19 20
14 20
13 7
11 16
0 0
9 18
0 16
9 1
4 9
4 17
3 17
8 18
3 0
13 13
3 14
18 18
18 12
15 12
1 13
5 14
12 12
20 10
17 18
4 19
16 2
12 13
3 10
3 20
15 9
9 13
5 0
9 4
5 6
11 11
8 9
8 13
20 7
14 10
11 17
17 19
8 11
5 7
8 0
0 15
14 14
17 14
19 9
19 19
9 3
1 9
20 5
0 13
19 7
3 6
9 16
3 5
2 14
4 16
0 9
7 7
7 2
9 14
2 4
6 3
2 17
17 6
10 20
6 9
14 1
3 7
12 0
12 6
4 7
1 0
4 2
3 8
