36 32 30
......T................T........T...
.....T..............................
....................................
...............T....................
..................T..T.....T........
.............T......................
....................................
...........T........................
...T.....................T..........
.T...T............................T.
.................T..................
.........T.........T..............T.
T..T........T......T..T..........T.T
..TT................................
.T..............T...................
......T...TT.............T..........
............T.......................
..T..................T..............
............T.......................
...T................................
....................................
................TT..................
........TT..........................
...............T....................
...T................................
......T................T............
................T...................
....................................
.....T...........T..................
..........T.........TT.T............
....................................
.................................T..
..................................T.
.............T......................
..........TT........................
...................................T
13 31
9 35
32 6
12 25
13 26
26 21
15 0
23 5
3 13
29 9
10 3
1 0
33 7
34 4
25 0
32 15
13 23
5 7
23 14
10 12
17 31
7 22
15 1
35 20
32 28
12 2
4 31
35 24
23 0
5 23
29 27
0 23
14 25
8 15
4 15
34 11
11 28
31 32
18 10
24 29
14 30
4 13
7 26
13 25
26 30
3 0
16 7
16 30
3 11
16 23
12 8
30 14
23 34
7 8
35 23
27 15
20 19
3 34
16 3
0 10
4 2
16 6
4 28
5 5
30 4
34 8
24 7
9 4
22 26
11 0
5 34
15 33
22 35
27 28
19 2
19 22
27 33
22 2
25 22
5 21
2 5
24 32
30 6
25 20
27 25
25 13
11 31
20 2
11 35
20 12
19 31
21 1
12 6
19 10
15 14
13 20
17 10
17 19
25 6
32 27
15 9
16 14
5 10
30 35
21 3
24 23
31 23
14 35
16 20
5 13
22 15
17 29
11 34
22 33
12 14
21 31
8 14
17 22
14 6
2 11
12 12
28 17
18 21
35 28
4 24
9 34
5 25
13 10
10 26
21 15
18 34
34 16
9 33
26 33
21 19
18 9
10 19
15 13
0 15
35 35
17 2
24 19
9 8
23 31
11 15
3 32
16 8
15 24
9 5
12 22
9 29
26 11
33 20
21 4
13 0
12 16
24 2
11 27
21 9
22 21
19 27
12 29
10 31
33 4
2 14
34 34
4 25
17 4
14 2
23 12
1 21
9 22
7 9
18 3
2 0
1 20
20 25
7 1
32 18
12 32
19 33
35 21
5 27
15 32
28 29
26 23
27 23
19 1
1 9
23 27
34 18
1 15
15 2
20 14
24 16
20 27
25 21
23 30
22 18
22 6
3 31
9 14
3 16
2 1
15 15
28 2
26 16
23 28
34 14
0 31
2 16
16 25
34 1
5 15
35 33
32 19
19 18
34 31
23 33
28 9
26 17
19 4
18 7
30 23
15 20
7 24
0 29
0 7
30 2
11 8
0 4
22 24
19 8
17 7
23 8
16 22
26 6
11 7
24 9
17 35
5 20
14 23
0 33
17 3
3 10
22 12
25 33
24 8
16 11
19 15
12 1
18 18
11 32
33 33
19 12
1 19
13 9
8 6
27 3
18 11
32 17
5 1
13 32
30 18
25 16
13 27
2 19
9 13
20 35
19 14
33 35
3 6
14 16
18 25
23 7
20 6
31 3
35 4
28 22
15 31
9 23
30 24
8 22
26 15
21 34
14 8
6 10
1 14
24 35
6 16
27 24
8 2
15 30
26 24
33 19
8 5
25 3
8 13
33 26
18 13
33 8
26 25
28 25
9 25
34 28
6 22
29 3
35 2
31 20
24 13
35 30
2 24
14 11
3 2
19 16
1 22
14 9
30 31
31 16
10 29
9 1
28 15
23 20
31 30
11 25
10 23
21 32
25 35
33 25
20 0
17 23
5 17
35 32
11 26
3 1
3 21
10 14
3 25
29 19
27 4
19 6
17 28
28 31
6 11
13 8
14 19
1 5
15 17
15 7
7 34
0 6
29 21
24 18
27 14
18 28
21 2
26 0
13 13
4 22
9 0
2 6
1 3
9 28
9 16
0 21
4 23
18 12
24 25
8 23
29 13
29 30
9 12
8 7
17 24
31 11
8 17
10 6
10 7
33 21
23 21
30 25
3 20
33 1
34 25
10 10
20 1
11 21
31 21
8 34
25 10
10 30
2 15
11 2
1 7
21 25
30 12
26 14
5 12
1 28
14 12
0 0
4 34
20 20
2 28
21 21
27 6
1 26
12 10
9 31
35 18
4 26
25 7
4 3
13 35
21 23
33 3
6 26
5 22
16 21
17 6
21 35
28 16
26 5
27 34
12 13
6 28
18 31
17 33
12 33
27 22
12 23
0 32
3 4
6 35
35 3
12 3
35 0
34 30
25 27
25 5
7 23
1 2
7 10
6 1
35 19
23 25
4 16
11 9
22 5
11 12
20 4
11 6
0 26
6 13
29 25
13 34
16 35
22 20
34 7
25 1
2 25
4 4
9 17
6 14
23 16
15 28
29 5
13 16
26 2
6 7
1 32
6 34
12 18
1 10
25 18
18 32
3 22
5 29
28 21
15 26
21 10
10 4
18 6
28 6
17 20
6 20
15 19
7 19
12 9
32 21
28 0
20 24
29 12
9 19
21 26
30 29
24 4
4 1
10 33
16 18
8 32
31 15
29 14
14 18
31 33
3 18
13 17
15 34
18 2
30 11
27 2
28 10
35 16
32 24
10 25
17 14
17 32
34 9
28 1
13 33
1 34
17 27
2 23
10 32
14 28
33 0
15 8
23 24
32 26
8 3
10 24
24 22
19 25
20 22
34 0
7 5
23 26
14 32
6 17
2 3
20 8
28 34
32 33
10 11
1 13
33 18
0 27
31 2
6 0
3 30
15 11
8 16
30 15
32 1
20 7
5 2
15 4
4 6
5 4
22 19
30 1
28 26
9 20
24 28
8 8
3 3
25 17
3 29
3 14
13 30
21 8
29 26
1 33
24 15
16 32
18 22
22 13
4 32
0 24
25 11
19 28
3 8
1 11
33 14
4 7
30 17
20 34
13 18
5 3
24 30
14 10
14 26
20 17
32 32
16 13
30 10
17 26
23 3
14 0
8 9
28 12
12 27
22 17
29 35
18 16
27 9
32 29
14 24
6 33
0 13
10 13
8 31
27 31
26 4
16 2
31 13
21 30
8 28
3 17
9 21
6 2
35 14
2 27
17 30
4 12
33 28
20 5
30 9
2 30
20 10
17 17
27 30
14 14
35 8
25 19
2 21
23 18
28 23
34 6
18 35
25 9
26 7
23 23
17 25
0 30
28 28
32 11
3 7
14 5
30 27
7 32
19 5
7 29
21 29
10 8
29 11
16 12
4 9
6 30
26 19
19 20
12 28
11 16
21 11
23 19
4 19
2 10
4 30
17 0
26 27
29 1
11 4
30 20
2 2
21 20
3 23
24 17
11 33
30 33
3 28
32 12
0 2
4 14
11 29
19 17
12 7
25 2
22 9
35 13
20 16
26 13
18 8
25 26
9 3
16 31
5 18
6 5
25 25
14 15
0 16
26 35
33 29
32 22
3 9
30 21
17 13
9 26
35 10
28 4
18 4
28 11
10 28
19 23
16 10
12 34
9 6
33 6
14 20
30 30
27 20
13 19
27 1
32 13
33 17
22 28
19 34
29 33
31 22
20 9
30 7
33 22
20 31
19 26
21 18
30 34
2 9
16 5
25 23
1 18
26 3
5 19
22 8
13 2
18 20
23 15
30 13
21 6
31 6
23 22
10 21
35 15
22 29
34 10
21 7
19 9
3 12
22 11
11 1
5 35
34 21
6 23
34 33
12 0
29 17
0 1
17 8
31 10
13 1
22 10
7 31
29 23
23 13
2 8
22 22
23 4
30 8
0 9
12 26
1 4
31 9
21 24
0 22
14 3
32 35
32 5
33 5
4 5
2 31
13 5
24 3
33 31
27 13
15 18
34 15
16 24
15 27
7 0
16 26
18 17
1 31
16 33
21 13
27 17
32 3
7 6
6 6
3 5
32 30
31 7
11 24
26 20
32 7
7 18
17 15
3 15
32 20
13 28
1 8
31 18
10 34
8 1
6 19
7 33
19 19
20 26
8 25
5 26
14 27
0 28
16 29
32 14
26 18
6 27
30 19
20 33
35 29
22 16
26 8
23 6
27 0
1 29
12 21
35 11
30 26
7 3
4 21
13 29
31 27
11 5
11 13
2 12
30 3
25 32
27 19
23 9
26 31
24 6
3 35
2 32
6 4
10 9
24 10
11 10
13 22
27 27
34 35
31 25
1 23
10 17
31 1
4 0
15 10
13 21
12 30
29 31
18 33
34 2
16 28
29 29
33 11
14 21
12 4
8 12
6 8
25 31
29 0
7 20
19 30
30 22
28 7
25 15
10 5
14 1
0 34
29 34
10 18
13 11
26 10
8 27
15 16
27 16
24 14
15 22
7 4
1 27
16 1
5 32
16 17
2 7
21 12
25 24
22 23
20 28
18 0
6 9
27 5
26 32
13 3
7 35
21 28
29 6
35 34
1 1
35 27
33 27
28 19
12 15
24 21
29 10
1 30
31 4
0 20
12 24
19 13
16 15
24 5
31 19
23 1
28 20
9 32
33 12
7 25
7 30
32 16
20 13
30 5
32 2
6 15
17 21
32 4
8 26
16 4
25 4
17 18
7 11
26 34
12 31
23 2
34 23
30 28
2 29
5 0
9 11
18 24
13 6
27 32
9 15
6 29
14 29
8 24
19 32
24 1
24 24
10 0
31 28
19 21
27 18
27 11
6 3
27 12
27 21
18 27
5 31
18 19
20 3
8 21
29 4
11 3
6 18
22 1
2 34
26 12
26 29
9 2
20 32
28 35
32 23
31 34
33 30
22 7
28 30
22 34
34 20
28 13
2 22
22 32
14 13
31 14
0 19
33 32
3 24
21 22
28 3
0 14
22 27
26 26
27 26
19 7
32 8
5 6
34 27
14 22
25 30
10 2
4 27
32 25
13 12
28 24
21 27
8 4
14 31
27 8
2 18
16 0
35 26
1 17
21 0
19 35
20 21
8 0
18 15
17 34
29 18
4 17
29 32
5 14
1 12
8 18
5 33
29 8
8 10
16 27
14 33
12 5
9 18
29 24
18 5
35 12
30 16
25 12
18 30
34 5
28 14
10 15
28 33
34 17
6 12
33 2
21 33
21 17
8 29
12 20
4 20
11 23
29 16
0 8
18 29
17 16
11 19
1 16
0 5
17 5
28 32
5 30
34 22
31 26
10 22
20 11
26 1
11 17
29 28
15 5
34 3
14 34
33 34
9 7
19 3
30 0
18 1
1 35
18 23
7 17
22 3
7 21
33 23
24 11
34 26
19 24
11 30
2 20
0 11
21 14
12 11
28 5
9 24
17 11
3 26
17 1
35 7
25 34
17 9
8 11
19 11
32 9
22 0
15 3
15 21
10 16
7 7
3 27
4 18
24 27
3 19
31 29
23 32
20 30
7 15
16 9
31 8
22 31
6 21
0 3
16 34
11 11
1 25
13 15
7 13
33 13
31 17
1 6
7 16
2 13
5 9
21 5
11 18
19 29
1 24
35 17
35 31
15 29
27 7
3 33
6 24
6 32
10 1
31 12
23 11
18 14
35 9
32 10
24 34
29 7
29 20
11 22
23 35
35 25
7 2
2 35
23 29
15 12
12 17
4 8
25 8
35 22
30 32
4 35
28 8
16 19
20 18
15 6
7 14
4 10
31 5
14 17
9 27
5 16
5 24
34 13
28 18
22 30
24 0
2 4
33 10
22 25
4 29
25 28
31 31
23 10
8 20
29 2
19 0
15 25
16 16
0 25
33 15
25 14
32 31
7 28
12 19
11 20
31 24
17 12
33 9
32 34
14 4
34 32
6 25
20 23
7 27
2 26
8 33
22 14
14 7
27 35
23 17
15 35
9 10
24 26
2 17
2 33
6 31
10 35
10 27
8 19
33 24
13 14
22 4
5 11
5 28
13 24
28 27
15 23
31 35
10 20
8 35
27 10
24 12
26 28
29 15
35 5
29 22
9 30
34 29
31 0
5 8
0 12
13 4
20 29
35 6
0 17
12 35
20 15
35 1
21 16
34 19
26 22
25 29
34 12
24 20
24 33
11 14
24 31
27 29
13 7
34 24
18 26
9 9
4 11
26 9
8 30
0 35
4 33
33 16
7 12
32 0
