21 8 16
....T................
...T..............TT.
T..T.....T.T.........
..T........T......T..
T...T.........TT.....
.T.......T..T.......T
.........T..T..T.....
..T.....T.......T....
..................T..
....T.......T....T.T.
....................T
...T..TT.T.TT........
......T.............T
...T..T..........T...
..........T.T........
.T..T....T...T.......
..TT.................
.....T..T...T........
...T.........T.......
T.......T............
.................T...
13 13
20 5
13 14
20 8
12 8
12 12
11 7
11 0
8 11
10 15
8 9
17 16
10 17
4 17
10 20
2 9
20 14
0 14
14 17
14 16
16 2
15 10
9 5
2 0
20 15
8 5
10 1
6 13
10 3
6 16
19 5
7 11
8 14
17 11
16 3
15 11
11 11
9 17
2 12
2 2
2 15
20 6
13 11
12 0
9 16
5 12
1 7
7 9
12 14
12 1
7 16
0 19
8 8
1 13
11 14
20 9
18 7
17 9
12 6
14 9
7 10
19 10
1 4
3 10
2 11
14 15
17 20
16 7
4 1
17 3
18 19
1 1
10 16
16 8
18 18
17 17
12 15
2 18
1 11
16 17
9 10
5 10
8 10
18 13
0 3
16 1
11 20
0 1
14 19
16 16
20 1
14 1
4 9
13 0
20 17
7 5
3 3
12 20
12 13
11 19
4 18
15 1
0 18
5 20
11 16
11 13
20 3
2 8
5 11
1 6
1 17
8 7
15 3
19 1
12 18
19 8
19 6
18 14
10 4
18 12
0 13
8 19
1 16
17 14
5 14
14 12
5 8
17 15
3 17
19 19
13 17
7 4
20 7
5 5
6 9
3 15
10 14
14 14
14 0
3 0
3 4
13 19
20 4
4 7
6 5
1 19
11 4
9 18
3 12
0 16
3 6
4 15
17 10
0 17
14 13
9 14
15 6
4 10
15 12
18 6
18 2
8 13
16 18
8 4
5 7
13 7
14 11
0 8
18 10
8 20
2 3
2 16
12 4
7 8
20 20
2 5
9 8
16 14
11 17
0 0
16 5
10 7
15 9
6 10
4 20
5 1
19 20
8 17
13 2
8 3
9 3
18 9
14 18
17 4
15 8
17 19
9 12
5 17
7 7
17 7
4 14
5 6
10 10
17 8
1 3
17 2
3 18
10 12
13 3
3 20
9 19
6 8
13 8
7 6
13 10
10 18
1 9
9 1
4 3
19 15
8 12
0 15
18 16
11 3
7 0
4 16
2 20
19 17
0 4
20 11
16 11
10 8
12 10
19 13
4 2
3 2
8 0
19 14
1 12
5 3
14 8
10 2
5 15
16 10
20 19
2 7
1 10
17 6
16 0
0 5
4 12
18 0
8 18
17 12
5 18
17 5
9 11
14 3
11 15
12 17
13 4
1 2
16 6
11 10
15 17
11 12
1 14
15 19
11 5
14 7
1 8
2 4
15 20
0 7
10 6
19 0
8 15
13 9
3 1
16 13
9 9
7 14
12 11
16 9
3 13
1 5
19 11
19 18
18 17
18 4
17 1
12 9
9 7
3 8
6 6
0 12
13 5
0 9
5 2
4 6
5 4
0 6
7 2
8 6
6 0
2 6
7 3
2 13
12 16
5 0
9 15
4 13
13 16
6 3
6 15
18 5
20 10
3 7
1 15
6 4
19 2
6 7
13 12
5 16
18 3
10 5
12 3
10 9
9 13
17 18
13 6
19 16
15 18
0 11
14 10
13 18
2 19
20 2
15 7
18 20
14 2
15 4
9 20
9 0
19 7
14 5
1 18
12 19
15 5
12 5
2 17
20 12
20 13
17 13
19 9
1 0
6 19
3 9
10 13
6 14
15 2
4 8
7 15
8 16
9 2
6 2
15 13
6 12
11 8
13 15
10 0
7 12
16 12
16 19
8 2
4 5
6 11
5 9
17 0
18 15
2 14
16 20
11 6
10 19
15 15
11 9
5 19
19 12
7 19
9 6
16 4
13 1
4 0
11 2
1 20
6 20
6 18
7 13
9 4
8 1
18 11
2 10
14 6
7 20
3 16
14 20
3 5
13 20
15 16
20 0
12 2
18 8
12 7
2 1
20 18
11 18
4 11
7 1
20 16
15 0
4 19
3 19
16 15
7 18
6 17
7 17
4 4
15 14
18 1
0 2
5 13
10 11
19 3
3 14
14 4
19 4
0 20
6 1
3 11
11 1
