32 16 0
...T...............T............
................................
...........T....................
..............T.................
............................T...
.T..............................
..T........T.........T..........
..T..TT..........TT.............
................................
..T........T....................
................................
...................T......T.....
...........................T....
..T....................T........
..........T....................T
..........................T...T.
..................T.....T.......
...............T................
..T.............................
T.........T.....................
................................
.........................T......
.......T........................
.............T..................
....TT.......T....T........T....
............T...................
..................T.............
..........T.....................
..T..............T..............
................................
..T.............................
.....................TT........T
20 23
1 3
0 5
29 21
27 16
25 14
29 26
7 20
6 9
25 11
28 22
20 28
2 14
28 26
28 9
21 30
11 29
0 28
4 0
6 15
23 31
1 6
21 6
25 30
24 28
21 7
16 1
15 11
2 8
13 27
29 15
15 31
13 28
21 26
9 22
14 15
2 3
30 7
8 20
14 5
12 18
29 2
17 14
26 24
4 31
14 3
0 14
19 13
8 12
9 26
14 27
1 12
26 2
8 28
18 16
16 13
16 14
21 22
21 18
28 14
14 14
2 17
27 26
7 30
4 28
29 27
15 17
4 17
18 24
0 2
20 12
29 1
30 10
13 23
15 22
30 1
19 20
21 0
25 4
28 25
5 8
2 11
15 21
16 26
23 11
8 22
10 28
26 6
10 30
30 23
15 6
26 4
7 26
18 19
22 26
9 30
12 29
8 2
12 21
25 20
0 18
22 22
21 31
1 13
6 24
12 6
10 31
20 10
23 4
24 30
5 0
2 29
17 9
5 31
24 6
9 10
0 31
12 1
25 3
2 2
17 19
27 20
10 6
4 14
31 2
29 17
4 20
11 1
11 5
19 8
25 10
24 15
8 24
22 4
17 4
10 0
25 26
17 25
8 13
18 3
0 20
12 17
15 24
7 28
5 9
2 13
28 21
23 26
14 19
19 14
12 31
3 27
6 16
6 4
2 24
12 16
2 7
22 6
22 25
6 12
11 9
30 25
18 13
5 17
22 14
30 9
22 30
26 17
24 20
0 17
11 11
24 19
16 24
27 12
4 2
13 13
10 4
31 18
28 19
31 10
30 6
29 28
16 3
31 28
29 22
8 29
29 31
21 25
5 5
3 8
13 24
1 16
3 1
25 21
2 23
22 2
3 25
24 14
28 20
27 27
21 23
22 1
19 25
12 26
15 8
4 21
16 18
25 29
0 0
4 18
20 16
8 14
3 2
16 12
31 9
27 29
6 28
23 27
30 0
10 26
8 17
22 7
16 25
2 12
13 25
18 8
9 0
21 29
19 19
13 22
18 27
9 14
7 11
6 21
30 16
0 30
31 13
16 29
14 23
28 11
5 14
28 8
17 20
27 18
16 31
7 16
1 2
15 9
5 11
25 27
1 27
31 15
23 25
13 12
19 6
2 21
27 10
15 29
29 5
5 4
28 15
22 12
6 11
10 14
16 8
14 1
22 21
3 26
20 31
24 29
28 12
14 6
17 13
9 24
3 19
0 10
14 10
11 4
4 26
3 5
29 4
1 30
30 3
8 1
29 14
9 3
10 16
10 11
24 0
8 10
30 18
6 31
22 19
26 29
12 23
8 15
9 6
14 21
15 28
7 2
21 5
21 27
0 25
5 6
26 13
10 17
15 15
1 21
2 28
4 13
15 2
28 13
23 24
27 30
28 30
24 21
24 11
11 0
13 21
18 14
14 7
29 25
3 20
2 5
20 21
31 31
4 19
3 6
26 7
26 11
1 11
19 5
31 0
9 20
25 31
12 25
23 7
5 15
26 10
10 15
17 5
4 8
5 12
8 26
1 1
17 10
6 3
22 17
25 22
20 22
19 10
11 26
1 17
3 10
5 23
1 24
21 12
20 29
8 8
3 9
17 22
19 3
29 11
26 19
0 12
11 3
0 15
7 14
7 5
4 16
27 19
12 0
13 17
30 20
18 10
19 15
3 13
30 5
13 4
18 25
15 19
12 2
22 28
19 21
1 10
10 2
15 23
24 27
21 2
6 8
23 19
19 16
31 17
21 11
21 21
27 22
29 18
26 27
30 21
14 18
2 30
25 6
7 19
25 16
7 9
26 16
18 15
28 5
15 4
9 31
31 4
0 9
15 1
4 24
6 30
8 30
29 8
28 10
6 27
12 14
21 10
24 8
6 6
29 23
11 28
27 0
25 5
1 14
7 29
12 13
3 24
29 9
9 25
2 6
24 10
31 25
20 11
18 29
29 19
23 30
11 7
16 9
30 4
22 5
9 12
16 2
0 27
3 11
31 8
24 24
15 25
25 18
5 18
9 4
16 10
9 29
15 18
10 21
10 19
6 5
17 23
17 21
21 13
17 8
31 12
31 7
30 13
18 20
14 17
4 15
14 12
14 28
27 2
25 25
22 20
7 4
17 6
7 7
28 18
0 19
25 23
14 31
27 4
22 15
12 22
17 0
12 15
0 24
6 14
20 24
4 9
20 9
17 3
14 20
3 29
30 8
9 5
7 15
20 18
16 28
22 13
2 15
22 27
11 8
26 15
26 22
18 21
10 3
17 12
18 30
5 20
2 19
25 28
28 23
7 31
18 22
25 17
19 9
28 28
7 0
14 16
31 27
26 28
15 0
10 29
3 30
18 1
15 10
11 10
6 20
3 18
17 18
13 18
3 0
24 5
17 26
11 2
22 11
30 15
4 3
20 7
20 3
22 29
31 22
16 7
0 21
20 14
2 0
20 8
4 4
30 30
16 23
27 13
27 31
3 21
25 9
23 23
29 29
3 15
10 25
23 16
19 31
12 19
22 18
1 22
18 0
9 15
21 3
23 13
3 16
8 7
20 30
31 29
9 11
23 29
0 4
4 27
14 22
1 5
8 9
2 1
26 8
18 7
0 13
31 24
19 12
26 3
20 17
17 27
20 4
5 27
15 20
2 31
26 14
0 8
9 7
5 3
11 20
16 27
13 15
27 21
7 22
23 18
14 4
12 3
23 21
20 26
7 17
5 30
24 1
9 19
18 26
22 16
20 25
14 2
24 17
5 2
5 25
13 31
5 24
9 17
14 11
23 14
31 11
28 7
12 12
12 24
19 2
9 23
1 9
29 13
8 0
24 16
27 28
4 10
9 21
17 2
12 11
2 4
28 16
15 30
8 16
18 12
6 18
24 22
6 0
31 21
11 6
14 0
12 4
24 7
8 27
18 18
18 4
1 31
0 1
0 11
1 28
31 14
24 25
20 6
0 23
29 3
24 12
9 2
1 4
5 16
16 5
3 28
22 31
24 31
16 11
13 11
30 27
5 13
6 10
27 6
5 1
27 17
19 11
13 0
1 7
12 20
24 13
12 30
19 17
9 28
8 3
30 26
20 27
14 9
10 24
24 18
9 16
12 7
28 0
22 9
16 6
30 14
3 12
1 26
7 10
8 11
13 29
23 12
1 8
10 20
14 30
29 20
0 26
0 22
8 4
24 2
13 30
18 23
7 12
23 2
17 31
13 10
14 13
21 24
29 12
23 1
2 10
31 5
4 30
6 7
3 17
16 15
27 25
19 26
17 16
5 22
12 9
25 1
3 14
15 26
13 20
27 8
22 0
17 24
21 17
10 10
2 9
6 25
25 7
16 22
18 6
30 2
30 31
6 22
13 16
31 30
21 16
3 7
26 21
25 15
4 22
26 5
12 5
2 27
4 23
16 30
26 12
20 15
29 24
24 26
30 29
29 16
17 7
20 20
13 9
7 1
24 3
25 12
2 18
2 26
2 22
7 24
13 5
9 13
25 0
18 31
8 18
14 26
7 8
25 19
11 24
30 19
15 14
20 19
4 6
27 1
0 6
21 8
0 29
27 15
19 24
27 23
23 28
19 23
18 11
18 5
18 2
19 18
8 21
19 27
11 12
30 22
31 3
23 17
10 18
18 28
23 6
14 25
27 3
27 9
31 23
23 9
12 8
11 30
11 25
7 27
28 17
22 8
10 27
2 25
9 27
10 8
6 19
22 24
26 30
11 15
3 4
21 20
31 6
11 13
21 15
4 11
13 7
11 22
1 19
22 23
28 3
6 26
13 8
11 27
5 7
5 21
4 12
9 18
4 7
11 17
16 4
16 17
17 29
28 27
19 0
29 30
8 19
1 0
25 13
6 2
26 9
17 11
23 20
25 24
10 5
10 23
30 24
16 19
11 31
27 11
8 23
15 27
16 16
11 16
13 6
17 15
10 13
5 19
27 7
2 20
12 28
4 25
17 30
23 0
28 24
7 23
21 14
10 22
8 6
28 2
30 17
0 3
1 20
20 2
20 5
9 8
7 13
26 26
26 18
6 17
6 1
14 8
31 16
5 28
3 3
31 20
17 1
15 7
10 12
5 26
8 25
22 3
1 23
11 14
6 23
6 29
11 19
27 24
29 6
27 5
9 1
29 10
23 3
31 1
28 1
12 10
31 26
30 11
16 0
31 19
20 1
23 22
30 28
25 2
14 29
13 14
4 5
19 28
15 12
19 22
8 31
16 21
10 7
11 21
15 3
14 24
23 8
18 17
28 6
1 18
7 6
23 10
5 10
24 4
4 1
28 29
26 25
21 28
1 25
22 10
27 14
7 25
5 29
7 18
30 12
3 22
24 9
26 23
26 31
15 13
17 28
21 19
11 18
24 23
15 5
17 17
13 1
2 16
7 3
21 4
3 31
10 9
20 13
13 2
21 1
0 7
1 29
21 9
11 23
19 1
20 0
28 31
9 9
23 5
6 13
8 5
13 19
29 0
13 3
7 21
23 15
25 8
26 20
4 29
19 4
19 29
29 7
15 16
28 4
3 23
19 30
26 0
19 7
13 26
12 27
16 20
1 15
18 9
10 1
26 1
