28 13 19
T......TT....T..............
........T.T............T...T
.......T.........T......T...
..T.........T........TT.....
..................T.........
T.....T.T...............T...
..........T...........T.....
...........T................
.............T........T.....
T...................T.......
...T...............T.....T.T
..................T.........
............................
.......T.........T..T.......
............................
T............T........T.....
............................
.......................T....
T..TT................T......
.................TT.....T...
.....T......................
T.........T..T.T....T.......
............T.......T.......
.....T...T..................
T...........................
........................T...
........................T...
......................T.....
26 3
11 12
8 11
11 25
4 6
26 10
1 1
25 11
26 5
2 17
5 1
14 24
0 0
26 8
19 20
4 4
16 10
7 2
4 17
18 10
15 20
4 9
0 26
19 2
19 11
20 9
4 16
19 23
0 21
9 9
23 14
18 6
12 27
14 19
16 9
6 2
9 6
27 16
5 7
19 21
14 11
26 16
14 13
27 17
26 19
6 16
17 25
18 22
8 3
21 5
23 20
25 5
23 18
15 0
15 14
15 21
25 27
17 24
17 18
24 11
24 19
5 4
18 18
5 24
13 15
0 4
1 21
1 25
22 22
19 16
2 23
19 4
0 12
8 20
13 27
27 26
19 9
0 10
10 9
20 10
13 3
5 2
13 20
24 9
8 5
25 6
27 12
22 3
24 20
21 3
8 23
1 17
3 12
7 3
1 19
19 26
15 10
14 1
16 2
4 19
4 13
22 4
18 11
3 23
16 15
13 24
22 7
20 21
2 0
25 10
23 13
3 20
20 15
1 12
4 23
26 20
18 5
12 1
11 26
8 22
3 6
8 12
21 7
17 14
3 16
2 15
9 17
2 11
19 22
11 17
6 22
4 26
2 10
15 3
14 23
3 19
3 0
0 6
22 27
9 4
2 8
6 4
1 9
0 9
22 19
23 1
7 8
9 7
5 21
7 15
12 10
23 0
0 2
1 20
21 23
18 16
12 6
25 24
27 4
16 13
20 3
15 13
14 20
12 22
22 1
14 16
16 20
26 1
23 25
15 25
26 27
21 22
5 15
19 13
8 0
11 5
0 3
6 21
27 5
8 15
21 10
24 24
25 26
17 23
24 12
2 19
15 2
12 17
4 1
24 13
16 14
6 18
10 2
5 23
0 25
23 5
17 13
23 3
10 8
6 0
24 14
0 15
19 12
6 10
9 13
14 25
15 18
21 8
6 25
3 13
4 18
20 6
11 27
14 0
11 22
27 20
18 26
6 24
2 3
11 0
4 2
17 3
21 6
24 16
27 15
19 10
8 8
9 26
0 1
2 16
24 0
0 22
25 1
17 9
2 26
17 7
19 5
11 7
16 12
14 18
10 26
13 22
13 11
26 18
27 24
2 2
5 8
16 26
9 5
7 23
6 3
3 27
8 1
8 7
21 15
25 2
16 22
5 0
17 8
8 6
9 3
12 7
7 21
19 1
17 27
19 17
12 20
25 25
21 16
6 7
24 17
17 10
22 5
18 25
8 24
18 21
20 26
25 15
25 19
7 20
3 18
9 0
18 4
2 27
1 3
19 27
2 18
7 14
1 4
10 4
3 14
13 8
21 4
17 6
2 25
8 10
10 3
4 15
17 15
3 9
17 26
11 13
23 7
6 13
7 25
6 8
10 1
9 20
3 5
14 14
27 14
22 0
1 26
23 8
9 23
1 22
27 23
7 1
18 9
7 7
1 6
15 26
1 16
2 24
10 21
13 2
27 10
23 19
4 14
26 2
26 24
14 5
4 5
21 14
6 17
19 19
20 20
13 6
23 17
6 15
27 3
24 18
10 7
24 27
22 24
24 25
12 19
24 1
7 22
4 22
2 1
10 0
13 13
26 12
14 7
20 23
14 10
23 4
0 7
22 25
16 27
6 26
21 1
16 3
7 9
10 25
10 6
27 21
5 6
26 17
16 21
8 9
13 7
7 5
5 27
12 24
7 24
23 21
24 6
9 16
3 10
25 13
11 11
1 8
22 18
25 3
3 22
16 0
20 0
20 16
18 27
11 6
27 6
13 23
7 26
9 24
18 15
17 22
22 2
13 21
18 0
24 23
14 17
14 26
11 2
16 7
5 5
1 24
9 11
5 12
0 13
9 25
15 9
26 25
20 25
16 4
2 5
1 0
24 4
13 5
25 22
1 14
15 27
13 12
5 17
10 11
3 4
20 24
15 7
7 27
15 12
4 21
22 21
15 4
22 9
2 13
13 17
17 11
21 26
17 17
19 18
7 16
8 16
22 16
12 3
5 3
8 17
10 13
9 14
5 10
23 23
9 12
8 4
26 0
14 15
5 25
26 23
19 24
0 18
6 14
25 12
8 2
11 1
25 16
18 19
12 5
22 13
23 27
1 11
12 4
2 4
0 8
12 8
11 10
27 19
11 4
16 17
15 1
26 21
6 6
11 9
27 1
20 8
22 17
22 8
15 8
16 8
16 16
3 7
27 11
26 9
25 8
7 19
27 27
6 1
24 7
9 10
1 23
14 27
12 25
10 17
19 25
3 1
7 12
15 5
3 25
5 18
9 8
14 9
7 0
11 24
9 2
20 5
24 21
9 18
20 19
12 11
6 11
0 16
9 1
12 15
8 19
14 6
26 26
5 13
3 2
11 3
1 5
22 10
26 13
4 7
22 26
1 2
8 14
14 4
10 16
15 11
16 1
20 14
22 20
11 20
17 0
8 18
4 27
15 6
10 14
6 5
13 19
25 21
14 2
1 13
10 22
23 24
9 22
27 22
14 8
18 24
11 21
10 15
15 22
25 0
6 27
1 15
27 18
1 18
2 20
12 12
26 4
2 6
25 18
24 3
25 17
3 24
27 9
0 23
13 0
5 20
8 25
24 2
11 8
3 26
21 27
4 12
20 7
8 13
21 24
24 8
21 25
3 17
22 12
9 15
23 26
18 8
2 9
25 4
11 14
16 6
21 18
12 14
0 5
23 22
16 24
25 7
10 24
5 9
20 22
4 0
8 27
23 2
18 20
17 1
5 11
27 2
13 25
18 14
22 23
22 6
23 10
7 18
20 12
17 16
12 13
10 10
25 9
2 12
20 4
6 19
10 27
21 2
7 6
23 6
15 16
17 19
14 22
25 14
21 21
0 17
21 0
4 3
24 15
19 15
16 25
10 12
7 11
13 9
13 4
14 3
13 1
0 27
6 20
3 11
13 10
12 0
4 24
18 1
12 26
12 21
20 13
10 5
18 3
26 6
17 4
24 5
10 23
22 14
6 23
8 26
27 25
7 17
17 2
20 27
11 15
23 9
18 17
4 11
3 15
22 15
20 11
5 26
2 22
24 10
7 10
4 8
4 25
3 3
13 26
27 0
19 0
4 10
27 13
20 17
15 17
17 20
21 13
5 14
27 8
17 12
15 15
22 11
5 22
2 14
18 13
25 20
21 19
16 18
16 19
6 12
7 13
2 21
20 2
17 5
23 15
6 9
1 27
19 6
21 20
20 1
11 23
21 12
19 3
11 19
2 7
1 10
0 11
25 23
16 5
9 21
11 18
4 20
5 16
26 14
26 11
23 11
15 19
3 21
10 19
18 7
26 15
3 8
15 24
17 21
19 7
12 16
10 20
18 2
18 12
16 11
18 23
10 18
14 21
12 9
20 18
21 17
0 19
0 20
16 23
23 12
5 19
14 12
15 23
26 7
19 8
12 23
27 7
23 16
26 22
9 27
9 19
12 2
21 9
12 18
0 24
21 11
13 18
24 26
13 16
1 7
11 16
24 22
19 14
8 21
7 4
13 14
