32 23 10
................................
..T.............................
................................
................................
................................
................................
................................
................................
................................
................................
................................
................................
................................
................................
................................
................................
................................
................................
................................
................................
................................
................................
................................
................................
................................
................................
................................
................................
................................
................................
................................
................................
18 31
1 21
31 6
29 17
18 8
27 14
31 12
0 18
9 9
13 17
11 24
20 26
18 24
20 20
14 16
1 14
0 21
30 29
7 26
3 24
7 7
20 25
3 20
10 23
7 1
8 2
25 29
17 10
15 3
22 17
8 6
0 0
12 1
19 28
15 5
3 9
18 17
12 26
1 12
1 13
13 24
9 23
4 6
23 15
1 7
30 0
22 24
23 0
30 14
8 29
18 28
27 26
18 3
16 16
27 25
18 27
31 31
15 22
23 5
0 15
23 11
21 18
3 10
14 11
9 8
2 18
7 4
31 30
8 15
27 12
21 4
22 26
0 17
28 30
5 11
14 8
1 16
12 8
13 9
22 31
14 31
19 30
12 19
1 8
22 0
15 26
2 5
13 25
14 19
9 25
14 13
9 4
11 10
22 30
2 29
15 13
1 23
28 15
9 5
13 29
14 5
22 13
31 2
14 20
9 19
19 14
4 25
24 15
16 15
2 9
0 7
3 26
25 26
26 21
25 8
16 29
23 12
26 27
12 27
9 11
12 24
22 15
24 31
12 9
18 0
10 21
20 15
10 10
31 16
22 12
24 16
1 2
11 22
30 22
3 22
9 27
13 7
27 17
18 14
4 10
31 13
2 20
31 29
20 10
0 20
18 30
6 14
19 6
15 24
8 3
13 26
8 5
1 29
31 3
0 13
18 16
21 9
26 18
7 24
17 13
29 27
30 4
16 22
5 26
13 30
9 7
5 2
0 27
0 6
31 27
21 15
2 21
26 24
18 22
23 7
10 22
23 29
27 28
5 18
0 11
29 16
28 31
19 0
21 17
2 1
7 17
19 7
8 17
14 21
21 25
1 20
29 3
30 5
30 1
19 9
5 20
19 19
12 22
23 16
14 6
20 30
24 7
11 16
22 6
5 24
28 8
29 24
9 14
13 8
9 17
26 0
9 29
8 16
14 28
2 16
23 14
9 20
3 7
7 10
27 2
28 26
17 21
8 1
16 8
23 28
24 30
19 1
30 10
8 31
11 23
23 17
1 15
9 10
2 0
5 10
30 11
27 1
7 25
16 27
12 20
7 12
8 27
18 19
21 14
15 21
27 7
15 17
29 8
28 2
17 3
28 18
20 6
8 25
6 22
0 30
23 9
19 25
6 17
7 29
5 21
6 8
13 15
30 8
15 14
31 7
5 16
14 7
7 0
21 8
10 18
14 23
19 21
29 19
30 2
29 18
10 9
31 1
2 11
27 23
26 17
20 29
20 14
1 19
6 30
9 22
21 20
30 16
27 21
24 22
1 6
22 2
5 8
20 18
26 2
16 25
17 1
26 22
8 22
2 22
12 4
31 25
22 1
27 30
17 18
16 7
27 27
8 14
9 12
24 27
28 12
15 31
15 10
28 28
28 29
3 31
16 26
3 17
10 27
31 21
28 5
10 16
12 16
11 28
29 11
13 21
2 17
7 5
6 6
21 5
13 19
8 9
9 2
24 12
15 18
10 12
6 20
27 5
12 18
0 14
0 29
16 23
22 7
21 13
25 24
14 2
10 13
23 10
13 28
23 19
5 3
13 3
22 25
12 3
1 28
24 18
8 21
16 9
18 9
11 4
26 26
17 11
24 25
24 29
18 6
21 24
31 4
20 22
22 4
14 9
29 15
16 18
27 22
13 11
20 27
8 8
10 4
19 12
20 5
19 29
31 22
5 15
5 4
1 1
11 21
30 12
3 5
12 31
4 17
0 2
18 23
7 6
18 5
30 18
5 0
16 20
31 20
12 10
17 6
5 28
30 19
4 4
3 16
12 0
19 11
11 8
16 30
15 11
30 9
16 4
29 14
14 4
6 26
19 24
23 26
28 14
4 23
25 13
21 0
1 11
28 22
30 25
4 22
0 1
17 22
5 27
23 30
30 27
17 30
2 7
4 29
3 27
1 31
12 15
3 15
11 31
29 31
15 2
21 3
2 23
10 29
25 16
27 8
23 21
17 15
21 26
0 4
20 16
27 10
20 24
15 28
16 10
29 2
23 6
13 10
0 31
22 9
28 0
19 2
11 25
8 30
25 28
24 10
0 12
19 4
25 18
10 8
26 5
10 25
6 4
3 25
25 4
28 10
13 4
25 20
24 20
16 1
29 22
3 19
24 5
10 0
26 13
16 5
17 9
3 30
18 20
5 17
4 0
27 20
21 10
11 20
13 1
25 3
2 14
25 10
7 27
31 14
6 5
27 24
11 26
27 13
0 22
9 28
24 19
12 11
20 3
0 19
13 22
9 3
27 11
16 2
30 23
6 28
3 14
0 25
24 6
25 15
12 2
31 28
4 12
27 31
28 3
4 30
21 7
25 25
1 0
16 12
17 26
5 14
28 17
26 25
18 15
17 28
24 17
13 31
24 3
6 16
11 9
2 24
31 26
19 31
11 19
15 20
15 12
24 0
31 18
17 29
26 11
10 26
9 15
3 11
7 8
5 5
5 30
6 3
9 24
28 7
2 26
31 19
2 31
20 9
24 23
18 29
10 2
7 14
21 12
19 5
5 13
10 7
0 9
9 13
4 5
26 1
20 23
25 6
14 14
29 23
8 18
23 1
13 16
29 12
16 14
15 4
21 1
26 28
28 27
27 0
17 23
31 15
9 0
8 13
26 20
11 5
30 24
4 21
6 0
17 16
5 1
18 7
2 6
21 11
10 30
10 20
13 12
0 28
11 3
2 8
29 28
4 8
5 19
4 19
15 29
16 24
18 1
25 14
15 8
3 28
30 30
0 24
24 26
14 22
6 1
14 27
15 15
23 2
29 25
11 29
30 21
12 25
2 25
10 14
17 25
1 9
6 18
10 6
7 28
28 24
24 9
23 27
27 15
20 13
14 12
18 18
22 27
8 11
10 24
31 0
1 22
5 22
9 30
27 18
17 4
31 11
2 27
25 7
23 4
23 23
21 28
30 13
31 17
12 6
4 13
11 18
20 11
16 13
9 31
2 15
15 23
29 30
5 7
18 21
5 29
11 13
21 27
4 3
26 9
21 19
27 9
14 26
13 18
17 12
26 3
22 19
10 11
10 28
12 12
6 19
17 14
13 27
6 15
24 13
15 1
2 3
9 18
28 6
5 9
29 10
23 3
4 1
1 17
26 6
10 15
1 3
4 16
28 19
31 24
3 0
4 28
9 1
0 5
24 8
22 5
29 21
14 1
25 31
8 7
20 0
18 12
22 10
26 15
7 20
2 2
6 7
3 3
31 10
1 30
15 27
4 27
13 23
3 18
10 31
22 21
22 8
8 19
17 20
22 29
30 31
1 18
17 5
18 11
13 2
4 14
6 24
3 6
16 17
20 2
19 18
30 3
14 29
29 4
7 15
10 19
26 8
26 23
4 26
15 19
28 13
20 8
13 6
17 17
8 28
22 28
24 11
6 27
3 4
4 2
22 11
16 0
23 8
18 10
4 15
4 18
18 4
7 21
16 21
7 23
26 10
6 9
6 12
29 1
2 19
17 2
17 0
0 8
15 0
12 14
29 6
11 14
23 24
12 17
14 30
2 4
26 19
25 12
11 12
24 2
28 1
19 10
3 13
19 17
26 12
30 26
25 22
30 17
3 29
6 13
31 8
14 15
10 5
8 24
31 23
11 0
21 6
7 16
19 8
30 20
15 30
13 0
25 5
27 3
2 30
29 0
27 29
29 29
26 7
28 20
20 1
26 4
7 2
26 29
21 31
29 5
30 6
6 23
22 16
24 4
18 26
31 9
15 9
6 25
21 16
12 13
26 16
12 29
7 3
0 10
28 25
6 31
27 16
16 11
8 10
1 24
11 7
25 2
8 26
7 22
16 28
17 24
29 7
9 6
20 7
20 21
21 2
23 13
7 9
11 1
8 12
19 20
14 17
28 9
9 21
1 27
19 23
31 5
10 3
8 0
17 8
28 16
25 21
18 25
6 29
19 13
12 7
24 14
22 23
28 4
8 23
11 27
19 3
3 12
14 24
7 18
4 20
22 22
29 13
19 27
0 23
1 25
23 25
11 6
15 25
27 4
8 20
20 4
21 30
21 22
17 7
2 12
21 29
20 12
0 3
22 3
16 6
12 21
24 24
25 11
22 14
29 20
1 10
25 17
25 19
4 11
25 9
22 20
7 13
25 0
23 22
13 5
26 31
30 7
3 21
19 22
16 31
2 10
17 31
7 31
4 7
28 23
23 18
23 31
14 0
17 19
18 2
11 11
25 27
29 9
3 1
4 9
3 2
24 1
14 10
15 7
19 15
30 28
5 6
9 26
21 21
11 30
1 5
13 14
25 30
6 2
4 24
15 6
10 17
14 18
12 28
20 17
7 11
7 30
8 4
28 11
12 23
1 4
3 8
29 26
11 2
11 15
7 19
14 25
30 15
11 17
20 19
26 14
15 16
9 16
19 26
6 10
28 21
1 26
27 6
5 23
13 20
21 23
6 11
17 27
18 13
19 16
2 13
5 12
5 25
16 3
25 1
0 26
3 23
14 3
2 28
10 1
26 30
23 20
16 19
13 13
20 31
25 23
6 21
24 21
22 18
4 31
24 28
12 5
5 31
27 19
12 30
20 28
