39 37 31
.......................................
T..............................TT.....T
..T..................T.................
.......................................
...................T...................
.......T...........................T...
.......................................
..T.....................T..............
....................T..................
.......................................
....T..................................
.....................................T.
............................T.......T..
...T....T..............................
...................T...................
.........................T.............
.......................................
........................T..............
.......................................
T....................................T.
.......................................
.......................................
...........................T...........
.........................T.............
.....................T.................
...........T...........................
.......................................
............T...................T......
....................................T..
...........T...........................
..T.....T..............................
.......................................
..T................T..............T....
....T..................T..............T
.......................................
.......................................
.......................................
.......................................
.......................................
29 2
18 30
37 22
6 12
11 4
35 5
7 33
10 1
16 4
23 24
15 21
3 30
10 12
33 9
7 22
4 12
30 28
34 36
23 33
34 9
1 16
19 32
2 17
25 29
10 18
14 2
35 30
13 33
9 31
9 33
31 17
35 15
16 16
21 31
1 19
21 0
6 21
23 3
12 9
4 11
24 28
4 33
16 32
1 15
15 1
34 27
20 33
9 23
28 21
10 34
9 14
24 32
19 7
19 14
25 1
18 0
20 17
7 30
25 4
25 18
14 18
29 19
23 37
34 4
34 18
33 36
36 12
26 18
36 9
7 19
30 8
29 9
17 33
15 30
8 14
5 17
13 8
30 32
28 37
31 13
5 29
15 8
8 4
0 1
9 27
1 7
37 21
22 34
26 30
9 26
31 7
10 20
2 37
14 10
23 32
9 15
23 35
11 23
31 33
38 13
23 1
38 2
14 35
12 23
2 28
30 6
22 28
3 38
30 38
18 35
19 5
29 3
16 31
4 23
28 1
26 16
31 20
15 26
23 15
18 25
1 27
30 11
11 28
13 3
27 23
17 21
16 8
19 2
16 29
18 9
13 26
14 4
16 18
38 28
38 20
27 18
14 6
9 38
15 2
16 19
31 8
9 4
10 9
23 7
28 8
22 4
33 22
18 36
12 35
38 7
18 33
15 10
26 3
22 27
17 22
13 9
18 21
29 31
37 1
4 25
26 14
33 33
35 26
33 37
14 38
13 24
24 29
6 6
23 2
25 6
35 35
13 12
3 11
11 33
24 37
12 7
3 37
1 20
24 22
28 18
18 38
0 3
12 14
7 6
2 9
5 9
27 30
6 22
33 6
3 13
29 13
20 1
27 16
8 5
10 30
0 2
26 8
27 27
23 34
21 19
15 24
24 34
0 0
28 10
24 4
6 14
10 37
10 22
5 19
14 28
0 27
34 7
13 29
30 37
36 16
1 31
0 25
30 21
28 17
29 21
27 35
38 5
6 35
20 31
9 6
24 0
25 36
30 29
14 19
4 10
32 6
26 20
29 28
14 15
15 14
5 12
0 7
0 5
36 22
4 4
27 21
28 23
0 24
4 22
28 20
27 24
37 9
21 24
9 5
37 33
7 32
8 34
18 13
25 20
6 36
13 32
20 16
8 17
8 0
4 36
13 7
2 36
19 22
29 32
36 2
13 4
32 20
29 12
0 4
26 22
25 24
11 17
33 13
35 3
26 17
30 23
8 10
28 16
15 25
17 5
28 32
19 8
30 26
24 30
3 32
24 26
31 14
38 17
3 15
1 29
37 5
1 32
1 23
2 38
37 34
22 8
15 6
10 31
37 6
19 16
25 5
1 18
6 3
36 38
2 32
15 3
14 7
9 29
26 10
2 33
13 20
5 25
4 31
2 19
26 21
19 27
25 38
1 5
25 2
6 26
20 37
21 1
12 38
30 27
31 4
14 22
3 36
27 3
4 27
28 4
10 7
4 2
29 11
15 29
24 17
22 29
16 20
8 28
1 33
0 13
37 35
38 4
19 26
29 29
26 25
10 0
1 38
16 38
0 10
10 5
7 24
11 22
27 4
32 2
17 36
36 29
3 22
34 33
25 35
30 19
34 35
36 28
26 29
33 3
3 18
31 6
16 13
31 24
19 9
26 35
4 26
7 37
19 15
0 22
18 24
12 6
12 20
29 27
13 37
36 34
5 14
34 1
2 31
35 28
3 19
38 15
32 32
32 7
28 26
18 6
26 0
22 20
35 32
10 8
18 8
8 8
29 5
32 29
3 31
9 34
7 11
24 3
26 33
22 9
5 3
34 6
17 27
22 7
14 17
14 29
5 24
3 23
31 10
31 27
7 12
8 35
5 27
21 2
33 21
24 24
16 15
25 9
31 5
33 35
34 30
32 10
24 7
27 22
29 0
13 1
36 36
11 34
17 23
17 15
7 18
23 31
31 35
27 20
22 25
27 19
4 14
21 7
9 10
12 0
36 31
28 35
22 1
0 18
21 3
30 4
22 30
5 2
22 11
0 35
15 11
19 25
4 9
20 10
33 20
24 2
10 14
0 34
35 18
22 0
17 10
38 31
1 4
17 24
3 7
28 31
2 24
32 1
9 11
26 38
4 17
35 7
10 27
17 37
36 18
21 23
0 30
30 18
16 27
30 17
24 21
26 31
15 22
0 17
36 37
16 3
17 38
4 37
11 14
7 20
28 0
9 12
26 19
27 7
5 7
10 25
6 19
38 19
5 33
31 36
18 17
35 20
18 16
12 3
32 8
21 27
20 25
25 15
8 16
26 37
6 20
15 32
3 20
7 8
8 19
4 24
15 23
9 30
38 10
23 36
23 9
37 17
19 21
32 11
15 31
4 16
20 28
26 24
2 25
12 28
1 0
16 9
37 28
34 21
33 11
31 29
20 3
38 14
22 5
6 8
24 35
22 19
38 38
31 11
38 36
36 6
12 16
33 28
11 0
31 22
13 6
7 34
9 1
2 7
7 17
36 17
33 31
8 11
8 22
15 15
0 23
17 7
19 38
6 33
27 14
2 29
1 28
10 32
9 0
8 9
8 1
17 26
2 22
32 33
25 31
29 15
37 7
14 1
14 8
9 18
0 32
13 23
33 32
35 10
6 4
5 5
31 12
11 31
32 28
38 16
14 14
13 10
22 22
32 24
8 32
18 7
38 22
3 16
31 2
27 26
0 12
36 15
10 6
2 27
20 20
19 11
15 35
6 23
34 12
24 38
17 13
21 5
17 18
21 13
20 22
7 3
11 16
33 27
31 1
16 11
14 34
31 30
32 30
29 38
14 37
11 30
32 34
26 28
33 10
5 30
31 23
16 34
0 37
23 23
16 36
34 20
28 24
25 17
21 32
30 10
13 14
18 10
25 27
10 11
0 6
25 25
22 31
21 36
36 20
7 13
33 5
17 16
19 3
37 19
37 8
13 13
16 21
5 8
18 3
8 6
32 23
13 25
15 13
7 1
36 25
32 14
19 12
23 26
7 5
23 17
28 9
14 33
22 3
34 38
2 18
33 25
38 3
36 19
38 37
27 12
22 2
26 27
35 16
11 5
24 20
2 1
13 18
27 10
29 20
31 18
37 27
20 11
23 13
26 34
36 5
25 0
16 30
16 25
6 24
16 37
13 22
12 21
29 10
29 8
12 24
7 7
32 13
23 0
19 10
17 12
0 14
36 10
4 7
26 32
3 14
0 29
15 20
38 8
27 31
23 28
27 29
6 11
16 35
20 0
27 6
13 21
18 14
13 27
21 34
11 1
35 13
30 22
11 7
4 32
38 33
24 36
17 25
36 0
14 36
20 27
11 37
20 12
28 19
38 23
18 28
14 24
20 32
17 3
26 15
20 6
4 8
6 34
31 9
12 15
33 18
12 8
9 2
3 10
23 8
6 15
2 11
37 23
8 7
2 30
5 0
30 12
28 11
19 19
4 35
3 17
3 4
29 14
17 9
2 8
14 12
24 8
34 29
30 36
2 34
15 16
3 3
13 2
34 28
35 19
1 12
2 23
5 11
32 9
25 3
1 2
9 21
34 25
26 26
17 14
23 21
7 2
32 26
24 19
24 11
8 25
24 15
6 29
4 29
33 4
31 38
18 29
6 9
21 22
7 15
13 30
13 34
28 14
11 3
4 20
20 29
18 34
17 4
28 30
19 1
8 37
15 34
1 3
27 8
15 7
10 3
9 36
30 34
6 28
0 11
12 5
11 15
19 34
19 17
10 38
29 22
16 17
35 21
29 6
6 7
15 9
8 26
16 24
32 27
7 21
3 35
2 5
16 28
5 20
9 20
1 9
15 33
0 15
2 12
29 4
3 24
3 28
17 35
36 24
34 0
4 19
1 10
11 12
19 31
19 37
28 22
2 10
27 5
12 36
12 13
4 3
24 13
28 12
22 35
2 3
37 25
24 9
23 10
12 4
15 19
12 10
5 15
34 26
4 5
37 36
21 18
17 1
27 37
27 28
23 38
5 16
31 37
14 0
15 28
16 2
4 0
26 11
23 27
18 11
12 12
25 11
10 36
27 1
1 17
16 12
8 23
38 24
34 14
2 20
24 16
20 38
24 23
13 11
1 8
38 1
11 35
19 28
11 26
14 11
17 31
37 20
28 34
34 22
16 10
21 4
36 27
19 23
27 11
20 23
38 32
36 1
13 19
9 17
34 31
31 16
8 33
12 2
32 25
38 34
11 18
25 33
21 15
26 36
17 19
21 21
3 8
1 24
35 34
33 7
4 6
19 30
22 21
27 38
34 24
32 4
37 16
2 15
22 32
6 5
36 4
29 1
31 34
15 27
22 6
18 26
8 20
9 9
22 10
20 5
20 24
37 38
37 14
10 10
21 16
18 27
27 36
17 11
30 31
35 14
38 12
29 16
5 1
36 30
23 14
18 2
27 32
28 28
19 13
3 26
21 30
18 18
16 26
26 4
28 38
35 9
2 21
12 22
32 22
21 8
34 10
17 28
7 0
23 11
1 36
7 36
16 0
25 26
11 13
38 35
5 10
35 31
5 21
12 17
3 9
17 8
9 16
28 5
3 27
7 27
0 36
12 31
12 34
31 15
12 33
18 19
37 11
23 18
29 37
30 20
26 2
5 28
32 19
28 29
13 16
23 30
34 11
16 33
30 15
11 29
5 6
14 31
35 27
29 26
4 15
12 18
21 11
14 13
14 26
18 20
37 31
32 3
29 23
33 1
33 24
6 10
29 18
33 38
18 5
9 28
26 12
37 26
12 26
20 2
5 4
17 2
30 13
28 27
2 16
17 0
3 34
9 7
5 26
27 15
4 18
37 13
21 9
26 5
30 0
35 36
6 32
12 1
19 0
10 2
2 26
7 26
12 32
7 10
25 37
31 3
27 9
12 37
26 1
23 16
11 19
30 7
14 16
12 30
37 29
29 30
20 13
3 21
24 1
8 27
19 20
28 36
28 6
9 35
4 30
4 38
30 25
33 30
28 7
1 21
4 13
35 33
0 8
25 10
14 3
1 22
7 29
30 35
37 15
38 26
11 20
31 19
30 24
20 21
21 12
18 32
2 35
7 14
6 30
36 14
37 24
38 6
32 5
35 25
31 0
35 6
13 36
15 0
35 4
16 1
32 35
21 33
28 15
24 12
2 13
9 3
35 8
15 18
21 10
0 31
6 25
12 29
10 29
25 14
27 34
0 9
17 30
18 4
20 14
17 34
28 33
2 4
9 22
6 2
27 13
14 32
15 4
35 0
37 30
11 25
36 7
3 6
16 22
34 19
30 5
33 0
36 11
20 35
6 13
11 21
11 38
8 12
37 10
5 36
21 14
37 12
5 37
25 21
23 22
25 34
10 28
35 17
10 21
1 1
14 9
20 34
7 35
4 28
22 15
14 23
25 28
37 37
3 12
28 2
10 16
13 35
0 26
19 33
23 20
22 16
22 18
17 29
9 8
31 25
6 31
29 25
6 16
29 33
32 15
6 37
13 28
29 17
10 23
8 18
35 22
34 16
12 25
31 21
35 38
10 26
35 29
6 18
23 19
30 2
0 28
38 11
5 23
16 5
7 25
37 32
3 33
36 33
16 14
34 23
13 38
19 36
32 21
29 36
22 26
30 9
37 18
8 38
13 31
26 13
4 34
17 32
1 30
8 15
9 19
5 38
1 37
18 31
25 30
24 10
32 17
24 14
8 3
19 24
15 12
36 8
5 22
22 12
1 13
5 31
37 2
18 1
35 11
24 33
15 37
10 19
32 0
2 14
27 25
15 17
25 19
25 23
29 24
20 4
23 5
36 23
24 5
24 27
15 5
11 24
21 38
38 29
26 7
20 8
11 6
13 5
4 1
9 37
1 11
26 9
25 16
36 35
16 7
27 0
33 23
11 36
12 11
8 13
32 18
21 17
32 12
34 32
11 8
36 26
1 25
36 21
11 32
33 8
21 6
6 0
0 20
8 31
32 37
22 38
29 35
15 38
8 29
22 24
19 35
33 15
31 28
35 37
33 29
31 26
7 4
22 37
24 18
21 26
23 4
7 31
30 33
21 37
30 1
1 35
18 37
33 26
32 38
3 29
10 15
18 12
38 21
19 29
34 13
38 30
22 13
21 25
25 8
34 5
10 35
6 1
3 25
34 15
8 30
33 34
6 27
25 32
8 24
36 3
18 15
34 2
34 37
27 17
13 15
35 23
3 5
11 9
25 22
21 20
33 2
34 8
27 2
19 18
20 19
23 29
33 16
36 32
33 17
6 38
7 38
26 6
1 6
32 36
14 25
7 23
3 0
5 35
21 35
11 27
38 18
5 34
34 34
30 3
27 33
20 30
38 27
21 28
25 12
5 18
8 21
1 34
9 25
31 31
9 13
37 4
22 36
31 32
22 14
23 12
32 16
32 31
37 3
12 19
29 7
14 5
10 17
20 18
20 26
24 31
28 25
4 21
10 13
0 21
19 6
3 1
10 24
20 7
38 0
12 27
7 16
8 36
11 10
22 33
21 29
7 9
1 14
15 36
16 23
24 6
10 4
35 12
20 15
9 32
17 20
14 30
6 17
11 2
1 26
30 16
33 19
35 1
2 6
14 27
16 6
37 0
22 17
2 0
5 13
38 25
30 14
2 2
20 36
20 9
8 2
30 30
25 13
10 33
14 21
34 3
19 4
13 0
0 38
28 13
23 25
35 2
18 23
29 34
13 17
34 17
18 22
28 3
35 24
24 25
17 17
17 6
7 28
23 6
5 32
14 20
38 9
26 23
11 11
0 33
22 23
33 12
3 2
33 14
25 7
9 24
36 13
0 16
