37 15 10
........T....T.......................
............TT..T....................
........T...................TT.......
.....................................
.....................................
...............T....T................
.............T.......................
.....................................
...............T.....................
...........T.....................T...
...........T...T......T.T...T........
.....................................
...............T.....................
..................................T..
T..........................T.......T.
...............TT.T..................
....................T................
..T...........T......................
......T...........T..................
...................................T.
.....................................
.....................................
...T..............T.................T
.....................................
........T............................
T........T.T.........................
...........T.........................
....T...............T..T.............
.........T.......T...................
.....................................
..............T......................
.............................TT......
.....T.T............................T
...T...........T.......T.............
.....................................
.....................................
.......T..TT.........................
13 8
35 24
31 23
18 28
22 24
25 24
7 18
28 32
10 7
10 1
30 15
18 0
18 30
31 0
3 13
17 5
11 19
12 23
5 1
27 21
22 32
22 19
4 5
26 29
12 16
7 20
17 35
8 18
19 35
24 32
13 28
24 26
23 28
13 26
7 24
26 6
32 12
32 21
33 20
34 11
30 32
21 12
25 27
20 23
14 12
19 3
13 3
24 22
32 26
9 17
7 22
29 17
32 22
13 1
16 25
22 17
27 2
21 27
20 4
19 11
34 32
26 12
16 2
7 2
27 34
28 33
1 18
12 35
24 11
27 35
25 31
13 31
21 23
1 14
21 31
17 17
34 22
20 8
8 30
20 11
28 0
1 11
20 6
31 24
12 31
27 5
20 28
22 14
36 19
1 25
24 0
23 31
4 20
28 13
30 12
30 27
29 33
8 27
14 15
2 32
26 16
27 27
10 31
32 14
34 6
30 30
28 27
26 0
19 9
3 27
20 32
2 0
31 29
21 34
14 19
28 15
2 36
16 27
20 22
36 26
35 5
17 2
18 15
22 27
24 36
33 24
18 11
35 9
29 22
6 9
0 6
0 11
12 15
26 3
6 11
36 33
30 4
18 20
6 12
34 19
24 13
15 20
29 8
23 20
18 12
10 32
0 17
19 15
8 8
35 17
14 2
4 17
5 19
36 32
16 32
35 3
19 32
34 27
8 16
6 31
28 1
5 27
24 1
27 33
30 13
27 10
15 36
0 0
11 26
5 16
36 13
27 23
11 13
33 15
36 14
28 36
19 0
23 30
2 15
29 9
19 14
15 27
9 22
2 26
15 6
33 18
0 30
32 0
11 16
27 15
0 13
3 26
5 30
11 34
28 18
14 31
26 20
30 7
9 21
35 13
29 15
23 0
31 3
31 4
35 2
6 22
33 0
32 34
15 14
9 19
12 32
28 26
19 8
6 28
28 5
12 25
35 16
8 25
17 16
23 5
11 12
9 0
8 14
11 30
16 36
29 25
18 29
5 9
13 32
14 36
5 22
6 4
14 4
10 8
5 35
21 36
1 24
12 0
26 28
17 26
17 4
17 29
31 20
12 10
36 11
8 13
13 30
12 29
24 29
6 24
32 32
3 21
15 17
9 9
2 31
2 19
2 27
36 29
26 5
5 14
25 19
19 19
26 2
24 30
17 10
25 30
31 5
6 10
15 34
22 29
11 10
4 3
3 15
18 33
11 32
22 31
0 29
29 16
5 23
25 5
23 32
31 35
7 27
21 16
15 24
15 28
27 17
20 18
3 4
13 35
24 18
3 25
34 17
1 17
34 8
16 23
6 35
7 23
25 11
1 3
0 23
0 27
5 10
27 4
19 12
34 13
8 0
21 10
14 33
35 34
1 12
15 3
6 0
0 24
22 35
27 8
11 9
20 14
25 17
2 16
19 17
14 34
28 20
9 10
26 33
11 25
35 15
14 16
21 25
21 20
11 35
23 11
0 32
15 10
24 6
18 19
7 30
7 29
17 18
32 23
16 0
9 29
27 31
24 33
22 9
18 16
8 28
26 10
23 35
29 0
15 13
0 31
35 21
0 26
36 9
20 26
7 17
22 26
30 0
28 17
0 5
2 23
30 25
8 35
13 21
1 10
35 19
4 24
6 14
5 29
19 21
5 18
11 20
19 25
7 34
5 33
13 4
24 10
24 27
30 14
27 29
5 20
14 24
11 3
5 25
5 12
18 1
2 11
28 21
12 8
15 4
2 29
7 35
1 6
17 1
9 33
28 29
16 26
3 28
18 4
27 3
10 16
18 34
17 0
2 24
9 34
28 11
10 36
22 18
17 9
35 35
14 3
2 20
20 29
30 17
33 13
3 5
22 33
36 21
14 23
23 21
22 21
26 8
18 13
30 16
26 35
11 18
10 10
16 17
7 19
19 34
23 2
17 31
6 32
1 4
16 22
33 33
32 8
27 36
19 4
31 21
13 2
32 35
13 27
18 35
31 1
7 3
0 3
22 8
33 11
26 15
25 3
2 1
13 34
31 34
17 36
26 31
27 26
10 25
33 29
33 3
35 6
25 32
33 30
34 35
16 24
23 23
3 6
10 21
21 22
22 5
34 34
20 13
33 10
10 24
8 6
7 31
8 24
30 23
12 34
35 27
4 13
16 19
17 7
32 6
9 8
25 29
32 30
7 5
12 4
4 31
3 33
8 26
32 1
1 0
15 16
14 13
31 28
23 25
6 18
32 17
30 28
31 30
33 12
10 4
23 22
13 7
11 22
11 23
3 32
22 13
32 27
34 26
13 19
20 2
20 7
25 33
18 27
17 27
26 22
29 13
4 2
29 12
26 18
23 12
0 20
25 8
31 8
33 16
31 27
3 23
21 21
12 6
34 12
25 0
18 9
14 18
20 9
20 21
29 35
24 28
28 25
32 5
30 10
36 10
25 25
5 26
35 12
21 0
10 15
17 13
25 36
23 9
8 1
23 10
10 19
28 28
35 28
22 25
25 1
16 35
32 10
25 18
18 18
27 0
23 8
29 5
33 22
35 1
6 8
21 8
3 31
7 13
3 1
33 7
21 24
30 6
20 19
10 29
23 27
16 10
0 10
8 17
8 33
3 24
11 28
9 25
32 13
21 28
17 8
29 19
22 11
31 18
29 2
3 19
6 5
26 25
35 0
30 2
1 1
5 5
26 14
34 1
33 14
15 22
23 34
15 35
29 31
35 4
5 15
25 21
27 28
25 26
3 35
21 29
17 14
36 3
23 36
14 7
23 24
24 23
9 26
36 5
11 2
20 3
6 6
34 30
10 26
20 35
34 9
25 13
25 34
8 23
20 20
4 26
0 35
23 26
17 20
17 34
20 5
26 19
0 16
22 10
28 9
33 8
0 25
20 17
25 6
34 16
34 4
17 24
17 33
26 9
9 1
2 33
2 25
35 36
10 33
18 2
1 33
34 7
8 2
19 13
3 11
16 14
24 14
10 3
13 10
19 36
7 28
17 15
35 22
25 20
3 29
31 9
4 34
1 27
1 7
4 36
24 5
34 14
19 24
24 16
36 1
17 32
1 19
8 31
18 23
13 12
33 27
21 26
30 5
5 0
34 20
34 25
23 14
26 13
24 7
13 22
14 22
22 3
29 26
6 19
0 21
24 8
13 5
10 30
11 29
32 33
35 23
9 7
2 22
16 12
15 0
34 2
3 9
6 16
23 4
27 25
21 6
29 6
4 23
6 15
1 35
36 34
9 27
22 23
36 31
1 36
35 11
8 7
32 15
33 17
36 17
21 7
16 18
28 31
2 4
4 8
31 33
36 16
7 26
4 7
15 2
32 9
6 30
7 36
29 34
7 8
12 28
21 1
1 21
31 15
23 33
22 1
17 22
27 19
3 30
2 18
3 12
10 12
4 29
18 21
31 13
18 8
18 31
35 30
31 25
13 36
10 13
10 18
6 2
6 23
5 6
16 28
29 29
5 17
14 14
16 5
2 14
27 32
7 16
12 21
13 0
9 18
12 26
9 31
9 23
1 9
21 15
4 1
3 36
25 9
29 1
14 32
12 18
21 2
34 31
9 14
17 3
8 32
23 6
24 20
20 36
36 22
36 30
2 35
19 28
0 2
32 2
23 17
25 28
25 15
28 34
33 25
9 2
29 27
16 11
26 24
5 13
6 26
27 18
7 4
27 24
19 26
8 5
10 22
1 34
33 36
10 28
33 34
2 30
11 33
28 3
34 18
19 33
23 18
11 6
12 9
19 10
13 6
27 1
9 24
24 2
15 18
28 12
0 33
7 9
2 21
27 11
35 10
34 33
1 8
29 20
25 10
1 30
17 23
36 2
7 11
19 27
31 10
7 0
8 21
11 17
15 8
21 13
21 35
4 9
3 22
33 21
31 17
11 5
32 18
36 28
1 22
27 14
35 7
12 24
9 35
19 16
15 23
8 10
9 3
28 6
12 17
0 28
12 36
3 18
16 4
22 12
4 33
1 28
17 19
29 18
30 35
26 32
31 12
19 18
8 19
36 35
25 23
14 5
18 25
0 9
30 31
21 9
13 20
2 3
1 29
15 9
33 1
16 31
22 7
16 6
35 18
20 10
5 4
12 13
16 15
20 15
33 32
33 4
22 15
22 36
36 7
15 31
12 7
9 6
28 24
34 10
26 11
5 2
16 9
29 21
11 14
35 14
36 23
21 32
27 9
21 30
25 2
8 9
12 19
0 7
32 29
25 14
4 27
22 0
12 33
16 29
5 36
22 22
16 13
15 1
1 5
14 35
2 10
6 21
33 28
29 32
19 1
34 29
8 4
25 12
15 26
7 33
35 33
4 19
12 5
11 11
12 30
17 12
10 17
2 8
36 12
6 3
18 5
34 0
5 8
26 7
5 32
24 25
15 25
24 15
30 21
8 36
11 21
28 4
2 17
8 34
16 16
5 21
4 6
8 12
6 29
14 17
17 21
31 26
0 4
1 15
33 9
20 30
27 6
17 30
5 24
21 4
20 1
24 9
3 16
20 16
23 15
1 23
10 6
3 8
14 0
35 25
24 24
34 23
33 23
27 20
13 16
17 6
2 12
9 11
1 32
36 25
8 3
1 20
22 30
29 36
28 14
32 36
27 30
34 3
4 0
32 24
9 12
28 30
36 0
15 19
27 22
11 1
11 4
29 14
4 14
21 14
24 31
9 28
7 14
2 2
20 25
3 2
18 36
0 34
33 5
22 4
31 2
36 4
19 23
11 31
22 16
6 34
10 34
6 7
30 29
22 2
13 13
4 22
4 21
20 12
2 9
18 24
0 14
13 24
9 36
32 20
10 23
4 11
14 10
30 8
18 6
6 20
16 8
18 26
20 33
26 21
5 34
19 5
7 7
14 9
1 26
4 32
16 34
1 31
29 4
13 14
9 5
18 14
13 29
10 11
12 27
30 26
16 21
12 12
30 11
12 11
29 23
17 25
2 5
10 2
2 28
25 35
7 25
12 2
1 2
26 4
22 20
12 1
4 16
28 7
29 24
21 3
11 7
30 1
32 7
24 3
21 19
11 8
29 11
19 31
2 7
8 15
11 24
28 23
35 32
16 7
6 36
5 28
14 8
31 6
16 20
13 17
36 20
15 33
20 24
25 22
27 16
2 6
4 10
30 20
34 15
25 7
20 34
19 29
23 13
4 35
12 3
23 16
3 3
18 10
1 13
27 13
33 26
14 25
24 21
23 1
17 11
26 27
31 14
10 0
16 33
4 12
32 28
19 7
21 17
1 16
24 34
23 19
35 8
6 1
17 28
8 11
32 11
11 36
36 24
5 7
14 29
30 24
33 2
12 14
23 29
36 8
35 26
11 15
34 28
24 17
31 16
3 10
30 9
8 20
6 27
30 18
4 15
35 20
6 17
18 3
30 19
7 15
15 12
28 10
15 15
26 23
7 1
15 32
20 27
23 3
14 1
10 20
32 16
30 36
10 5
19 20
3 17
4 30
27 12
21 33
28 22
9 16
9 13
19 6
3 14
29 7
7 6
8 29
31 19
21 5
32 19
0 36
9 32
29 30
15 11
3 7
0 22
35 31
31 31
10 14
30 22
22 6
26 30
30 33
29 28
29 3
21 11
7 10
36 15
19 2
7 21
28 19
10 9
2 34
13 33
14 11
36 36
23 7
15 5
32 31
2 13
0 1
7 32
28 16
34 21
13 23
12 22
31 22
4 18
9 4
9 15
27 7
28 8
0 8
33 31
4 4
16 3
14 21
18 17
19 30
31 36
0 15
30 3
7 12
34 24
26 36
6 13
24 35
28 2
14 27
0 12
15 7
15 30
11 27
33 35
3 34
10 35
14 20
12 20
13 11
11 0
10 27
26 1
9 20
15 21
13 15
5 11
28 35
20 31
18 22
14 28
18 32
13 25
24 4
20 0
4 25
13 9
5 31
32 4
0 19
32 3
8 22
19 22
31 32
6 33
36 27
21 18
13 18
15 29
16 1
16 30
31 7
26 34
25 16
26 17
5 3
18 7
33 19
30 34
35 29
3 0
9 30
36 18
34 5
14 6
26 26
6 25
24 12
3 20
33 6
24 19
14 26
25 4
36 6
22 28
4 28
14 30
32 25
34 36
29 10
22 34
31 11
