24 20 20
........................
........................
........................
....................T...
........................
.......................T
......................T.
..T........T............
........................
.T......................
.....T......T...........
........................
........................
.....................T..
.............T..........
..........T............T
........................
........................
.T...........T....T.....
........................
........................
...........T............
.............T....T...T.
..T.....................
13 5
18 5
22 19
22 17
17 7
7 19
8 15
15 9
7 22
15 16
23 19
8 14
23 8
15 13
5 0
20 13
15 4
9 3
16 1
17 9
11 0
14 1
0 11
18 12
21 6
22 5
7 6
6 20
3 1
11 1
9 21
7 14
16 13
9 19
18 23
11 11
3 14
14 0
1 15
11 5
7 1
10 6
5 5
0 2
1 11
12 10
23 16
16 18
0 8
13 19
10 10
2 11
10 22
9 2
13 16
12 17
1 2
4 20
12 20
6 3
19 11
18 17
8 23
8 18
23 22
3 8
3 6
11 15
8 13
14 21
17 17
19 17
7 5
10 8
5 3
1 3
5 2
8 20
20 23
12 19
17 11
16 23
8 7
14 14
2 14
14 22
0 1
15 21
18 10
17 3
21 10
22 8
16 4
0 15
20 2
18 19
17 8
18 14
14 12
10 23
12 9
19 4
12 15
11 20
9 10
0 4
14 15
17 2
14 2
21 18
21 0
4 10
6 1
19 13
16 7
22 3
8 22
12 11
0 13
14 11
17 1
20 9
11 9
12 22
12 13
5 6
1 8
20 3
19 2
12 4
7 16
19 5
11 8
12 7
3 23
22 18
18 1
19 22
8 9
2 15
7 17
22 10
16 14
23 9
6 6
7 23
22 12
11 14
4 5
13 20
3 17
2 17
5 7
4 8
2 2
1 18
18 20
13 15
13 12
23 5
1 20
3 2
17 23
9 4
10 2
1 22
23 12
20 11
10 17
19 12
23 23
22 16
4 22
20 6
9 15
0 22
20 0
3 0
4 1
5 13
16 16
16 2
9 6
18 0
12 14
3 16
0 20
10 20
3 5
15 14
19 19
3 21
14 5
6 12
10 18
5 15
21 23
7 11
21 16
22 2
1 23
20 4
16 8
13 13
5 12
23 17
1 16
4 7
2 18
18 7
15 6
6 13
14 20
20 5
14 13
15 18
21 19
19 9
4 2
5 21
11 10
17 0
21 5
20 17
20 20
1 1
19 21
13 18
18 4
8 21
12 18
10 16
19 6
6 4
2 6
11 13
3 11
2 16
0 9
2 3
16 6
7 10
17 22
0 0
4 18
18 3
12 12
8 17
14 17
6 10
7 21
4 3
11 6
9 0
3 12
1 6
4 4
16 5
14 10
13 17
16 9
19 20
12 5
17 6
8 6
13 6
12 1
4 0
21 1
22 21
9 1
22 4
23 1
20 1
21 21
0 21
20 15
0 17
7 15
3 4
19 1
17 12
6 9
21 13
17 19
0 10
5 1
14 3
22 22
22 15
19 8
15 17
5 10
10 11
7 8
1 19
23 2
16 12
6 8
0 3
21 9
22 1
6 15
8 10
9 13
13 9
16 15
18 18
21 8
8 3
7 2
17 13
21 7
18 11
0 23
14 4
14 18
10 1
3 10
18 21
17 16
17 20
11 23
10 14
7 12
23 21
17 10
5 18
11 12
20 21
3 15
15 19
11 17
22 13
11 3
1 17
2 7
2 23
10 3
8 16
6 19
15 15
12 8
7 0
4 12
6 7
22 0
13 11
19 18
4 21
15 2
12 6
7 4
16 0
9 20
1 13
20 7
16 11
13 10
16 3
9 18
6 17
10 15
15 10
15 20
21 17
7 3
8 4
1 5
21 20
19 14
2 19
23 11
19 3
13 8
2 5
3 3
6 14
13 0
11 22
5 20
4 13
23 3
17 18
6 11
19 15
4 19
15 7
5 16
18 9
17 14
15 5
7 7
4 17
12 0
9 8
6 18
17 15
5 19
14 8
8 8
17 5
8 19
7 9
23 4
15 1
20 18
13 23
23 7
19 23
3 13
20 10
0 19
5 4
8 1
23 18
5 22
15 0
12 23
9 17
9 7
2 8
6 21
3 18
0 7
10 13
15 22
11 19
21 3
9 16
12 2
11 16
18 8
1 21
12 3
13 21
2 10
2 0
18 2
21 15
10 12
13 22
10 9
6 23
6 2
0 16
22 20
1 7
18 15
3 20
4 14
4 16
23 20
10 19
23 10
14 6
16 17
15 11
9 5
13 7
7 18
21 4
21 11
21 22
10 7
9 11
16 22
1 9
10 21
1 10
5 17
13 3
8 0
14 19
3 7
2 12
8 2
3 22
11 21
0 5
22 11
4 6
22 6
16 21
23 6
0 14
23 0
20 12
2 9
19 16
4 15
9 23
7 13
21 2
1 4
13 14
13 4
16 19
13 2
18 6
10 4
20 22
2 13
6 5
18 16
0 6
16 20
5 11
20 14
8 11
3 9
8 12
2 4
14 9
9 14
2 20
9 12
14 23
1 14
21 12
4 11
18 22
2 1
14 16
3 19
5 9
17 21
14 7
20 8
2 21
11 7
1 0
19 10
22 7
20 19
16 10
6 16
10 5
6 22
17 4
13 1
1 12
6 0
9 22
22 9
20 16
15 3
9 9
12 16
11 2
5 8
10 0
4 9
15 23
5 23
12 21
11 18
22 14
22 23
23 15
0 18
8 5
21 14
19 7
7 20
23 13
19 0
4 23
2 22
15 8
23 14
18 13
5 14
11 4
15 12
