28 8 17
......................TT...T
........T.......T.......T...
...T...T........T.T....T..T.
.....T...T...TT.T..........T
.........T..................
.........T..................
....TT.............TT..T.T..
...T.T.......T....TT.T....T.
.....T....T.................
....T..T....T.............T.
........T...TTT...T...T....T
........................T...
..T.T....T...T...T..TTT.....
.........T.T................
....TT............T...T.....
...T.T.....T..T.............
......T..................T..
.TT.T...T.TT.T.T...T........
.TT.............T...T.T.....
.............T......T......T
.T.................T...T.T..
...............T.T.......TT.
..........T...T..........T.T
....T.......T.......T.T.....
.T.......T.T.T.............T
..TT...T...T......TT........
.T.TT.......T....T.TT.......
............T......T..T....T
27 9
20 15
13 25
9 9
12 16
2 1
3 24
3 20
3 3
8 7
18 0
8 25
27 5
27 18
27 22
8 8
3 25
21 0
17 5
26 9
10 25
6 7
26 18
9 11
5 1
6 2
18 15
14 25
12 10
7 22
13 16
4 7
20 14
2 18
8 14
17 17
16 10
5 26
4 22
22 18
3 11
0 3
2 15
15 16
2 27
13 0
13 18
2 19
1 13
16 16
24 0
26 2
19 18
16 27
18 12
2 16
10 2
24 7
11 5
14 14
22 27
12 6
25 7
18 25
20 22
18 9
6 0
26 16
23 21
21 13
15 10
27 3
23 8
22 16
17 27
6 9
18 4
14 21
8 1
27 10
18 27
23 6
21 22
19 2
18 13
14 27
19 17
11 10
18 19
3 18
4 12
17 18
18 10
2 3
24 16
8 13
27 12
0 7
0 18
4 15
3 6
21 24
15 1
10 15
13 15
11 24
1 10
11 21
20 12
23 18
14 16
19 22
25 12
11 26
5 9
17 3
22 20
21 15
27 4
21 9
3 27
9 13
21 7
21 3
4 20
14 26
5 11
20 16
1 17
7 26
4 27
19 5
23 24
1 26
17 12
0 16
6 19
20 1
13 19
22 5
11 16
20 3
16 17
3 1
26 22
0 23
27 25
23 7
12 4
27 7
10 24
5 7
22 4
4 4
5 21
1 9
10 14
27 2
4 6
27 1
10 3
24 18
11 20
3 15
18 1
6 10
16 14
1 2
13 11
2 22
5 22
25 24
16 20
1 14
15 22
5 25
21 16
24 8
7 24
9 2
3 10
13 23
21 8
11 17
27 26
20 5
9 21
6 27
24 25
5 18
26 25
27 17
21 6
2 0
4 8
15 5
19 14
25 19
25 21
16 25
8 4
22 11
16 26
7 3
7 6
3 2
13 17
2 4
7 16
4 26
22 7
16 23
25 23
3 17
20 6
4 24
12 1
1 19
23 17
21 12
0 19
14 3
21 17
4 13
25 14
3 9
23 27
18 21
6 18
13 7
6 25
3 16
25 8
19 19
9 3
23 19
26 6
12 13
23 0
9 19
25 11
23 12
19 3
11 18
23 9
19 25
20 11
2 13
10 12
18 26
0 0
19 26
8 22
16 9
24 1
24 10
17 2
0 15
27 14
13 8
12 18
16 24
6 4
27 15
4 5
17 1
12 23
9 26
15 21
8 18
19 9
2 20
8 26
7 27
15 26
23 26
9 1
10 23
9 24
17 15
27 11
1 24
14 19
4 21
27 6
26 11
11 2
9 7
18 3
4 14
24 21
3 4
6 15
1 3
7 4
21 4
24 27
7 14
6 23
18 20
16 0
24 26
7 1
1 6
12 2
27 13
10 27
17 25
12 21
14 20
0 13
20 7
5 15
18 6
11 11
23 14
20 20
11 1
17 22
19 20
14 15
15 6
27 8
22 12
9 5
15 14
18 24
8 16
17 21
23 25
11 27
23 11
14 18
11 3
4 0
25 27
3 12
13 21
5 14
19 8
24 23
21 1
4 2
10 17
13 20
11 23
25 13
4 25
2 12
10 4
15 3
1 0
5 27
22 1
12 20
23 5
6 21
25 10
26 24
24 22
4 3
15 12
10 13
6 26
27 0
19 24
8 23
25 2
10 1
23 22
7 17
2 14
8 17
22 26
24 13
22 23
7 11
10 9
21 10
25 1
27 21
18 22
6 3
11 19
27 16
24 15
0 1
13 4
22 9
26 14
10 26
22 13
14 8
13 13
16 4
13 10
9 27
1 5
4 18
17 7
8 9
15 23
26 21
3 23
2 8
15 27
23 2
12 27
3 26
14 24
26 10
26 0
7 5
7 21
15 4
11 4
8 2
10 20
13 12
15 9
18 18
15 7
7 9
13 1
23 4
26 12
17 9
19 27
21 14
6 11
16 6
22 21
25 3
5 10
6 20
12 7
6 6
1 1
16 19
11 8
25 6
6 13
3 7
2 7
20 10
16 15
16 7
14 11
9 22
8 11
13 26
16 18
20 13
15 8
5 6
12 5
19 13
27 20
0 22
17 19
16 8
22 25
22 22
10 6
17 6
21 19
10 8
18 2
14 6
2 2
5 16
26 17
24 24
7 23
25 25
18 23
14 4
24 6
0 21
11 22
1 18
1 22
16 12
3 5
20 2
17 13
0 2
17 10
27 27
4 19
7 7
11 15
1 7
12 14
4 16
0 20
3 19
3 21
20 8
23 20
12 15
14 9
2 23
3 22
6 14
15 17
5 20
5 12
1 27
0 26
8 3
13 5
6 1
24 2
21 11
7 8
11 13
14 1
0 12
17 8
17 4
26 8
18 17
10 21
0 8
25 5
2 24
21 26
6 24
8 5
26 13
20 19
11 9
21 2
5 0
25 16
5 4
7 20
4 10
26 15
26 26
9 20
19 15
17 23
5 17
13 9
22 0
12 26
26 27
22 2
12 22
1 21
22 24
4 11
9 18
10 19
1 12
21 21
9 15
18 14
18 7
24 3
9 23
7 15
7 19
19 12
0 24
24 9
21 5
14 22
9 16
9 4
16 5
5 19
7 12
12 19
13 22
12 11
5 23
15 11
8 21
25 15
17 14
22 14
25 0
1 15
5 13
13 24
25 17
7 25
14 12
13 2
8 19
20 24
19 10
14 7
17 20
11 12
11 6
16 22
3 14
20 27
11 14
24 4
12 24
6 16
9 6
1 8
25 18
0 27
13 3
15 20
14 0
15 15
2 26
17 24
17 11
10 5
9 0
0 4
23 15
2 6
22 3
27 23
12 17
19 1
6 22
6 17
7 13
25 20
20 4
8 6
24 14
1 20
6 12
20 23
23 16
14 23
15 2
5 5
3 0
16 13
8 20
23 3
25 4
5 2
3 13
21 20
22 17
20 26
14 2
18 5
12 9
16 1
9 10
9 8
26 3
26 7
20 21
2 11
9 17
22 10
21 25
26 20
27 24
19 11
19 4
16 2
16 21
26 4
26 1
17 16
2 17
18 11
0 25
21 23
10 11
24 11
18 8
22 15
20 17
1 11
14 13
25 22
25 26
13 6
19 6
8 24
26 5
15 24
11 25
9 14
7 0
2 25
9 12
12 8
25 9
11 0
18 16
22 8
15 18
17 26
6 5
16 11
13 14
23 13
1 25
2 21
24 12
5 3
22 6
24 19
13 27
23 1
24 5
14 17
14 5
0 9
0 17
17 0
7 10
2 5
10 16
7 2
15 0
8 27
10 10
15 19
12 12
8 0
0 10
10 7
15 25
3 8
12 0
21 27
10 0
19 7
12 25
5 8
19 23
10 18
2 9
23 23
0 6
12 3
1 4
4 23
1 16
26 23
8 12
20 18
7 18
0 5
2 10
4 9
19 21
24 20
9 25
0 11
5 24
4 1
16 3
1 23
24 17
27 19
15 13
11 7
8 10
14 10
10 22
4 17
8 15
6 8
20 25
23 10
22 19
20 0
20 9
19 0
21 18
26 19
19 16
