21 1 1
.......T...........T.
.......T........T....
...T.................
..T......T......T....
...T..T.....T..T.....
T....................
.......T.............
.....TT......T.......
..............T......
..T...........T.T....
T.................T..
.....................
T....................
..T.........T.......T
....T..T.............
..................T..
..........T..........
....T..T....TT.......
...............T.....
.T...................
..T.....T.TT.........
15 7
0 4
9 10
11 7
17 2
4 0
1 0
14 12
4 15
0 1
10 5
0 7
6 11
6 0
20 2
9 2
17 15
4 12
3 20
16 3
3 14
3 3
5 18
13 14
4 6
15 10
12 19
12 17
1 6
6 20
16 16
6 3
15 3
7 13
19 5
19 6
8 4
6 2
4 13
11 10
6 6
20 3
11 19
19 9
1 10
11 1
9 8
15 2
6 17
8 5
6 18
14 2
18 16
6 10
7 6
1 20
20 20
20 0
10 12
14 9
8 18
20 12
20 8
13 6
1 9
17 20
10 4
4 10
12 3
18 0
7 18
1 13
8 6
2 8
17 4
1 16
10 2
5 11
9 14
6 4
12 2
3 4
17 9
18 8
16 18
9 18
19 1
10 15
18 10
19 0
18 15
5 20
10 9
14 3
10 19
15 19
3 6
12 4
15 4
0 15
4 8
2 18
17 8
15 16
16 10
13 20
17 11
14 8
9 15
0 20
18 1
14 5
5 5
0 12
9 16
19 4
15 17
20 17
15 0
0 13
13 17
20 14
2 14
15 1
17 12
20 13
13 1
20 7
18 13
19 14
8 16
9 13
16 14
7 0
11 11
2 1
9 9
3 15
0 8
9 20
11 0
16 2
0 11
10 20
15 12
5 8
5 3
5 19
10 6
8 20
3 1
3 2
12 10
15 15
16 15
16 7
1 11
20 18
4 9
16 11
1 18
5 16
8 12
8 17
6 16
8 0
7 15
14 20
18 18
11 5
8 2
6 12
5 12
11 18
10 1
1 19
5 7
15 14
5 1
3 16
8 1
9 0
19 2
3 19
3 13
19 19
17 17
5 13
7 14
8 3
9 5
8 14
19 7
7 19
17 1
10 8
2 3
10 14
13 7
8 7
4 7
7 16
11 6
5 10
9 12
5 9
5 14
20 5
15 20
6 13
0 14
16 13
2 10
4 1
14 13
14 17
0 19
1 1
18 19
17 14
8 15
20 11
18 4
8 19
9 3
1 12
3 5
12 13
13 3
16 19
2 15
1 8
2 4
13 10
13 11
11 20
15 11
19 18
13 15
19 3
17 13
6 8
9 17
14 14
5 0
20 19
8 9
7 1
10 13
18 5
4 20
18 6
2 7
18 3
7 20
16 1
7 8
19 15
2 6
1 15
13 8
2 20
16 6
20 9
1 2
5 6
0 5
3 10
11 8
13 16
7 11
16 20
9 7
20 6
6 14
9 11
8 8
2 19
14 19
8 11
17 16
20 4
14 6
7 3
11 12
0 17
13 18
4 4
4 19
14 16
0 2
4 2
17 19
5 4
3 0
13 4
12 7
20 15
19 12
0 6
1 14
11 13
15 18
6 1
7 7
11 17
7 12
3 7
10 7
10 18
13 5
0 9
4 3
3 8
2 2
6 15
2 16
17 7
4 5
14 10
1 5
7 4
5 2
12 8
14 18
13 19
10 17
18 2
12 11
7 10
3 11
16 5
19 17
15 5
13 12
4 17
4 18
12 12
10 11
12 5
10 0
19 16
19 11
15 13
18 20
14 4
11 3
0 0
16 0
7 17
1 7
17 0
3 18
12 16
18 17
15 6
4 14
12 18
8 10
11 2
10 3
9 1
9 19
0 16
9 4
2 11
6 19
12 6
3 17
6 5
11 14
16 17
13 0
6 9
20 16
14 0
18 9
2 12
13 13
1 4
14 7
4 11
2 17
13 9
0 3
18 14
8 13
7 9
14 15
3 9
20 1
12 0
16 4
14 11
1 17
19 20
10 16
9 6
3 12
16 9
1 3
16 8
2 9
19 13
18 11
17 3
5 17
11 16
5 15
17 10
6 7
12 9
2 5
18 12
2 13
20 10
12 1
19 8
17 6
15 9
13 2
2 0
10 10
15 8
7 2
11 9
11 4
0 18
17 5
4 16
17 18
7 5
12 15
11 15
14 1
16 12
12 20
19 10
18 7
12 14
