24 3 9
........................
........................
........................
........................
........................
......................T.
........................
..................T.....
........................
........................
..............T....T....
........................
........................
.......................T
........................
...........TT...........
..............T.........
........................
.........T..............
........................
....T...................
........................
........................
.....................T.T
2 4
19 0
8 6
12 22
11 20
10 17
14 14
11 8
7 5
15 14
14 11
7 6
14 15
3 6
5 12
2 2
21 21
19 5
4 5
10 8
16 7
4 8
17 10
15 15
22 23
8 17
7 12
20 18
19 15
6 19
21 22
12 10
4 22
3 9
8 8
5 17
7 3
4 12
18 16
1 10
1 4
0 18
8 9
15 23
2 6
4 4
2 23
19 6
1 13
10 10
0 3
5 7
22 5
6 9
19 20
3 3
19 3
16 8
11 21
20 22
13 4
17 4
4 18
17 6
22 8
21 17
10 5
0 20
14 23
11 5
7 4
14 8
18 3
5 9
22 4
13 12
22 20
16 14
12 18
0 15
0 14
15 7
3 17
9 1
15 10
18 20
2 1
14 9
10 12
12 2
1 14
4 1
0 9
17 2
13 15
23 5
14 6
11 16
7 10
7 13
13 6
21 14
2 11
19 2
18 11
4 20
5 2
8 11
6 8
5 3
0 16
20 5
15 12
14 0
8 22
3 7
2 3
21 9
16 20
17 1
20 7
15 2
8 3
14 3
16 17
1 8
16 18
6 20
20 3
10 6
20 20
7 23
7 11
3 16
13 14
20 9
8 20
11 4
4 15
4 14
12 15
22 2
17 21
22 11
19 18
14 7
3 21
13 17
7 19
0 6
19 21
1 22
13 5
23 18
5 21
6 1
0 7
10 20
3 23
19 9
8 7
13 2
20 8
12 13
10 1
5 18
3 11
16 15
12 6
7 14
5 5
22 16
18 14
23 22
10 2
6 15
8 12
17 11
14 20
1 17
20 11
9 20
12 12
2 19
5 20
1 18
1 12
21 3
23 8
9 11
6 10
4 21
18 0
5 0
23 0
3 22
10 13
12 0
17 13
18 4
18 18
9 10
19 12
2 7
3 5
18 7
8 21
15 1
23 16
6 22
9 19
22 19
8 4
16 5
11 17
9 21
7 7
22 22
17 0
1 20
3 13
6 11
21 10
11 10
4 17
13 22
8 18
1 15
12 16
5 10
20 21
0 4
11 14
21 2
1 5
2 13
6 7
21 13
10 9
13 3
13 21
23 12
5 15
22 9
20 13
2 14
5 14
21 0
1 7
22 14
13 9
3 8
10 3
20 23
7 15
18 17
0 2
3 12
10 11
13 19
2 8
18 9
1 9
9 4
1 1
10 0
18 23
2 17
15 17
12 4
21 16
8 5
11 11
14 5
4 3
11 6
16 11
23 19
3 19
1 21
14 13
6 5
18 15
23 9
21 11
22 10
20 2
14 10
6 3
6 0
2 18
16 13
19 19
8 13
16 22
12 3
23 10
13 10
21 20
3 2
22 7
13 11
15 20
16 1
14 16
10 4
8 15
6 17
5 1
21 19
11 12
6 18
23 17
0 0
15 13
18 10
11 1
9 22
9 16
16 9
7 0
3 10
0 13
0 19
21 12
7 8
17 8
10 21
23 11
10 7
17 15
18 6
19 11
15 18
18 8
23 1
21 5
21 4
4 23
16 6
21 23
3 14
7 17
13 18
5 22
8 19
22 12
3 18
8 1
21 8
3 1
0 11
23 3
4 7
8 0
5 16
0 17
9 3
8 14
2 16
0 1
6 12
17 7
17 22
20 10
0 5
12 23
20 4
13 7
18 1
17 23
16 12
9 17
10 18
22 3
12 9
10 15
19 8
9 13
9 15
10 14
4 0
22 21
20 0
14 18
11 2
20 12
19 16
18 22
22 15
10 19
13 13
14 12
5 4
17 19
10 16
20 1
3 0
1 16
12 19
13 16
5 19
16 4
19 13
19 14
2 12
23 7
23 15
7 20
16 23
18 12
1 19
1 23
7 18
16 19
4 11
12 7
0 10
6 13
17 14
9 2
10 22
4 13
22 0
12 11
18 2
8 23
14 22
12 17
14 2
23 2
23 13
12 5
0 22
4 6
13 8
12 14
9 6
6 14
16 2
15 0
7 1
15 19
23 23
18 21
4 2
11 0
2 21
8 2
20 19
1 11
11 7
20 6
2 22
20 17
17 12
12 1
2 9
2 10
2 20
10 23
11 19
11 3
9 7
12 20
0 8
18 5
15 11
21 7
11 9
13 23
7 21
19 22
6 21
2 5
15 21
16 16
12 21
22 13
17 18
17 20
5 13
19 10
13 0
5 11
4 9
5 8
15 3
17 9
23 20
6 6
5 6
5 23
23 14
21 6
16 21
16 0
6 2
16 3
11 23
15 5
22 1
2 15
13 20
19 7
7 22
14 4
7 2
9 18
23 4
11 15
9 5
17 3
8 16
15 8
18 19
4 16
15 4
23 6
21 18
1 0
6 23
6 16
22 18
20 16
9 0
14 1
19 4
11 22
15 16
0 23
3 4
15 9
1 2
20 15
8 10
9 14
21 1
1 6
22 17
3 20
4 19
14 17
9 8
2 0
15 6
7 9
17 5
11 18
17 16
9 9
18 13
13 1
19 23
23 21
22 6
21 15
19 1
0 21
4 10
12 8
1 3
17 17
15 22
6 4
14 19
3 15
9 12
7 16
9 23
19 17
20 14
14 21
16 10
11 13
