21 5 6
.....................
.....................
.TT..................
......T..............
..T..................
.....................
.....................
.....T...............
.....................
................T....
...................T.
.....................
.....................
.....................
................T....
.....................
.....................
..................T..
.....................
......T..............
.....................
9 1
13 19
8 13
11 4
12 5
17 7
18 20
16 6
17 15
4 8
2 10
8 16
18 16
6 11
11 9
19 1
1 1
13 18
0 20
17 8
6 7
3 8
11 0
14 3
13 6
12 3
16 18
3 3
11 8
9 3
10 2
8 1
18 12
17 12
15 13
7 3
3 11
15 10
13 1
19 11
15 0
12 20
9 16
5 16
16 7
16 16
14 5
12 9
10 19
0 14
7 18
18 11
12 16
17 4
7 17
17 16
7 7
13 2
12 7
12 8
19 9
8 19
3 15
16 4
6 4
12 13
6 19
0 16
16 5
4 15
7 11
11 11
13 11
4 1
2 1
4 18
10 10
16 1
10 14
7 0
15 15
12 2
2 3
5 14
11 1
3 10
1 10
16 13
1 2
20 20
10 8
13 10
12 17
17 13
13 4
6 14
19 17
11 10
8 8
4 10
20 1
6 5
18 6
11 20
4 0
16 3
13 13
5 13
12 11
0 18
19 13
2 9
6 6
11 5
20 0
15 14
10 20
13 7
8 9
11 6
2 5
14 17
5 20
11 14
12 14
2 16
11 3
14 13
20 16
4 6
18 19
4 11
5 11
13 17
18 3
8 5
3 6
12 12
3 5
19 2
6 20
6 9
17 9
0 7
19 16
7 19
11 12
0 17
2 0
12 1
1 15
19 8
0 1
14 11
9 20
3 16
11 18
0 4
3 2
14 8
0 6
8 11
3 0
0 3
9 8
16 15
20 7
14 18
11 2
19 4
17 0
2 14
10 1
7 6
18 9
14 20
15 2
7 14
17 6
3 19
20 19
0 19
2 18
2 8
11 13
14 6
7 4
5 9
9 14
16 10
14 12
5 19
13 0
20 9
20 4
9 18
6 17
19 5
3 7
8 17
18 17
2 17
8 2
3 4
15 19
3 14
9 7
4 14
15 16
1 6
19 12
15 18
12 15
4 12
17 18
6 1
5 12
1 8
4 2
16 19
20 12
2 7
15 6
18 2
1 12
3 12
13 14
17 2
13 3
7 5
1 4
15 9
14 1
13 5
15 7
4 19
8 18
2 13
5 4
17 19
2 19
9 13
1 13
10 9
9 5
18 14
7 15
4 13
1 14
10 13
15 8
4 20
12 18
13 16
19 6
14 4
20 8
20 11
10 17
9 17
10 16
2 6
12 10
10 15
15 12
7 8
5 8
18 18
2 11
17 11
2 12
18 1
11 7
19 15
18 7
14 16
11 19
6 0
18 5
0 11
16 0
6 10
7 10
5 18
10 0
1 17
6 15
6 3
10 6
15 20
6 16
1 7
1 5
3 17
14 0
0 12
6 2
0 13
18 0
14 7
13 12
17 3
2 20
20 6
16 14
17 10
17 17
3 9
17 5
20 15
13 15
8 14
8 20
1 16
16 12
10 4
20 17
7 16
7 9
4 16
9 19
5 17
18 8
19 14
12 6
13 8
13 20
17 20
18 10
9 6
20 2
10 12
15 1
10 11
4 5
0 0
16 17
9 15
7 2
2 2
1 0
3 1
13 9
9 2
8 6
10 7
4 3
0 8
11 15
9 12
0 5
16 8
15 4
19 10
6 18
1 11
6 13
4 17
6 12
12 4
11 17
7 20
5 15
4 4
18 15
8 15
10 3
1 18
19 7
5 10
1 9
11 16
3 20
0 9
7 13
6 8
14 15
4 9
5 1
8 12
20 13
5 7
20 14
15 3
9 4
5 3
0 15
8 10
2 15
18 13
1 20
7 12
15 11
5 5
0 2
18 4
14 19
14 14
16 11
14 2
7 1
15 17
8 0
5 2
20 5
8 4
12 0
19 0
9 11
5 0
15 5
9 9
2 4
1 19
16 9
8 7
19 19
16 20
3 18
20 18
9 10
19 20
1 3
20 10
10 18
19 3
14 9
8 3
4 7
17 14
20 3
14 10
10 5
9 0
12 19
5 6
17 1
16 2
3 13
19 18
