25 14 3
........T..T...........T.
...TT....T..T.....T......
.........T.....T....T....
.......T.T.......T...T...
...T.........T..T..TTTT.T
...T..T......T.T.T..T....
T....T.....T.....T.......
.........T.T..........T..
....................T....
........T............TT..
...T..................T..
...TT..T.......T.........
....T.T.....T.....T.TT...
..T............T.....T...
.....T.........TT.......T
.........................
...T.T.T....TT...........
T.......TT.....T.T.T.TT.T
...................T.....
.....TT..T.......TT......
........T....T.....T.....
...T..................T..
........TTT.......TTT..T.
.........TT....T..T......
.T......T....T...........
12 4
5 6
24 1
13 2
1 13
11 7
8 23
3 14
20 2
4 5
1 15
0 23
18 22
24 0
17 7
3 12
9 8
19 0
13 3
8 6
3 11
6 20
19 3
12 9
9 21
8 14
0 1
13 23
2 17
17 22
19 16
5 0
16 23
9 7
18 18
4 15
20 22
13 7
22 22
13 20
6 16
13 10
7 9
7 15
5 11
8 9
16 10
23 7
16 6
14 12
15 4
22 9
20 3
19 13
8 16
12 24
15 13
2 19
15 10
11 19
15 16
20 0
24 9
21 3
23 15
20 19
3 22
10 0
11 8
11 0
17 12
11 18
19 14
3 15
12 6
13 15
14 9
0 14
16 2
1 5
22 8
14 17
12 3
8 7
20 15
17 1
1 6
4 13
14 6
21 8
9 20
17 18
24 13
1 3
19 15
5 14
24 21
17 9
10 22
20 1
1 2
23 17
24 2
20 9
9 18
19 18
9 9
19 12
13 12
7 23
5 2
14 14
11 3
7 18
20 18
0 10
15 15
16 7
18 13
23 8
14 21
10 19
6 24
5 18
1 16
0 8
3 13
1 4
10 7
19 20
10 3
10 21
2 7
6 19
23 22
9 2
6 17
17 3
13 0
20 20
18 7
9 22
16 12
19 2
6 7
10 18
7 8
8 2
0 16
13 8
22 14
4 22
23 1
15 7
15 1
2 22
12 21
3 0
0 0
21 1
4 10
16 1
13 24
24 14
3 23
7 13
19 1
14 16
1 12
4 24
2 8
24 10
15 12
22 6
6 2
15 21
7 7
0 11
11 11
13 5
12 5
8 22
3 16
3 7
16 22
13 4
23 16
15 0
7 17
5 10
10 5
10 6
22 10
11 23
13 17
0 3
3 17
5 19
1 14
9 12
16 0
9 14
8 4
9 23
24 15
7 16
18 16
16 19
9 13
19 9
10 1
24 4
16 16
22 16
8 13
17 11
8 12
3 24
20 24
15 23
19 22
13 21
7 24
16 8
4 19
16 15
5 15
19 4
8 11
12 12
7 11
8 24
3 20
18 4
15 8
20 10
23 20
13 1
14 8
12 16
4 4
10 20
18 17
23 4
16 5
2 11
2 5
7 12
10 15
21 23
14 1
21 15
11 1
4 18
6 4
1 1
4 8
5 5
5 9
8 21
18 2
21 17
7 10
5 1
1 10
2 12
2 21
9 3
0 15
12 14
2 0
0 22
9 19
8 3
21 21
10 8
12 23
1 7
21 6
6 22
1 8
6 5
3 10
17 15
6 1
0 9
14 19
15 6
7 21
8 15
2 2
7 22
5 21
22 3
0 2
14 20
18 20
12 8
22 11
8 17
10 4
21 2
17 8
4 6
17 13
0 17
3 9
12 22
0 5
17 20
20 6
5 17
4 0
2 6
7 2
4 21
15 9
7 4
11 9
4 11
17 2
11 20
3 19
24 12
20 4
9 16
11 4
11 6
21 11
21 18
4 17
11 12
5 24
9 24
14 10
24 17
13 16
19 8
4 14
9 1
21 0
8 0
10 10
23 0
14 23
18 21
20 17
19 5
12 20
14 7
17 19
7 0
8 1
16 11
24 7
10 14
6 11
19 11
13 13
21 20
6 15
5 20
20 7
19 24
6 10
3 21
15 11
4 7
7 3
17 21
24 3
2 16
14 5
2 20
21 14
23 9
11 21
23 12
3 1
22 0
7 6
4 9
0 13
18 9
12 1
21 19
23 18
18 1
20 8
1 17
15 22
12 10
20 12
6 13
11 13
24 23
0 18
23 13
5 13
18 14
9 11
6 18
6 3
12 18
24 22
16 17
17 17
23 2
6 6
11 22
0 4
3 2
19 21
14 24
10 23
13 18
14 15
11 10
21 22
3 8
16 20
21 10
20 5
17 16
2 4
22 13
14 11
15 19
22 1
16 14
23 24
4 1
20 11
16 18
2 23
4 16
11 17
21 12
1 22
19 23
20 13
4 3
5 22
19 19
23 19
22 5
8 8
12 0
15 20
23 11
11 2
18 8
16 4
4 12
22 19
10 24
23 14
14 3
12 11
17 10
8 10
20 23
5 4
10 11
21 5
8 20
9 15
3 3
0 24
22 17
18 19
0 6
0 7
3 6
7 1
18 23
21 16
17 4
14 4
22 7
18 6
18 12
24 11
19 7
10 17
16 24
23 3
24 19
5 7
13 9
2 24
13 22
5 16
6 8
18 5
0 21
21 24
24 16
0 19
2 15
18 10
1 20
22 20
4 23
22 24
14 18
19 17
24 18
12 13
1 0
17 0
3 18
20 16
12 19
1 23
3 5
22 18
18 0
14 22
8 19
6 12
15 24
4 2
22 12
15 2
23 23
16 21
11 16
17 14
8 5
2 9
24 8
2 3
1 18
1 24
21 7
19 6
10 2
18 3
2 1
18 15
3 4
15 14
9 17
24 5
9 10
14 2
9 4
8 18
17 24
10 9
15 3
22 2
6 23
10 16
11 15
1 9
22 21
2 14
11 5
7 20
10 13
19 10
1 21
2 13
0 20
7 19
6 0
15 5
13 19
18 11
12 15
23 6
15 18
20 14
5 23
5 12
4 20
24 24
17 5
2 10
7 14
21 4
12 7
5 3
23 21
13 11
6 14
23 5
13 14
11 24
10 12
24 20
1 19
9 5
17 6
16 13
22 4
22 23
6 21
16 3
2 18
20 21
14 0
24 6
6 9
23 10
12 2
13 6
14 13
22 15
12 17
1 11
15 17
9 0
7 5
21 9
9 6
11 14
18 24
17 23
5 8
16 9
21 13
