25 0 5
TT................T......
.T.......................
.......................T.
................T........
............T.........T..
.TT........TT............
..T.T................T...
T................T.......
........T.......T....T...
..T...T..................
....T.......T...T........
...T.....................
.........T.T.......T...TT
.....T.............T.....
.......T...........T.....
...T...............T.....
.....................T...
..T...T.T................
............T...T........
.T.....T...........T.....
T........................
.........................
..T..T.....TTT...T..T.T..
........T..........T....T
...............T..T......
2 8
8 4
14 17
8 18
22 10
19 4
20 24
4 2
7 15
16 4
17 0
2 10
15 18
7 0
14 7
11 6
12 24
17 15
8 5
22 17
11 21
13 23
8 8
8 10
16 0
0 14
3 16
4 17
4 10
12 11
7 22
24 24
23 1
17 18
2 5
6 9
2 2
17 24
21 7
6 16
12 18
17 22
23 15
20 8
15 7
0 24
20 13
5 21
3 5
22 18
5 6
6 20
18 9
9 12
1 15
15 15
22 8
6 17
16 12
6 12
17 14
10 2
16 1
19 17
19 23
20 17
21 5
17 20
8 7
24 20
7 13
18 14
21 22
13 8
3 2
5 8
20 14
16 19
12 16
0 16
4 23
11 9
10 1
19 13
6 0
23 6
20 19
2 16
22 24
24 19
15 5
11 24
11 8
11 17
13 0
13 2
20 20
5 14
20 6
9 17
2 17
22 11
23 5
9 24
21 9
11 12
1 1
17 8
7 5
9 15
11 22
9 7
19 16
23 19
1 9
14 11
15 10
3 13
0 10
18 10
15 23
2 14
23 4
8 17
13 17
24 11
8 20
17 5
3 1
1 5
16 5
24 6
9 20
1 22
14 16
23 21
4 7
2 6
22 3
7 21
21 15
13 24
19 1
17 1
4 12
20 16
13 22
6 14
21 12
16 11
24 14
1 4
18 5
0 15
10 9
17 12
19 20
20 12
10 23
8 1
16 17
23 7
6 18
16 3
4 5
23 18
24 10
11 20
19 0
2 1
4 21
5 23
14 10
11 14
12 19
20 7
4 1
12 22
16 14
10 0
14 6
3 10
0 0
11 3
10 4
20 1
23 3
3 9
12 0
10 24
2 7
20 4
13 9
21 24
19 3
22 15
17 21
19 8
3 6
23 11
11 13
22 0
20 2
9 5
16 18
12 2
10 14
22 6
13 11
11 10
10 11
3 20
4 4
2 12
18 6
20 5
4 19
18 22
13 12
5 19
18 16
23 22
1 2
9 1
1 3
23 24
21 16
3 23
24 22
5 2
9 8
20 0
2 23
16 9
5 7
7 14
18 8
22 9
21 14
18 15
7 4
5 13
10 22
6 22
7 20
9 9
1 8
15 4
10 15
12 12
1 14
3 12
2 22
11 7
13 19
14 22
19 5
14 15
15 24
4 13
17 3
6 6
17 4
2 3
17 6
14 13
1 11
6 7
18 2
20 22
20 23
8 6
5 4
15 8
6 1
24 12
19 22
23 0
22 21
5 11
10 6
12 17
12 9
10 18
15 6
21 0
9 19
12 21
0 11
9 3
17 7
16 7
14 24
16 13
3 24
14 8
2 0
16 2
6 23
9 13
1 16
11 19
12 13
19 15
18 24
24 3
11 1
23 16
7 1
0 3
21 3
17 23
9 22
1 7
24 21
5 9
4 16
7 18
18 3
19 6
4 9
15 2
21 18
9 18
18 0
0 7
7 2
24 9
9 4
21 20
22 13
5 5
5 12
23 14
23 13
2 20
10 13
8 3
3 11
15 20
3 14
8 24
13 16
19 19
11 0
22 22
4 20
12 5
19 14
6 13
9 2
0 17
13 13
12 6
0 13
0 23
9 10
19 12
19 7
7 17
23 23
18 11
15 19
1 18
10 19
12 4
12 7
8 19
4 18
11 2
22 7
5 24
16 15
17 9
24 0
15 17
13 1
20 18
18 4
1 24
22 23
6 3
4 6
4 24
0 9
5 3
4 0
11 16
7 24
14 19
5 10
5 18
13 4
6 19
1 0
19 18
22 5
20 15
7 10
23 10
23 2
10 20
0 18
17 19
24 8
8 22
14 14
24 1
22 16
6 24
3 19
22 19
19 9
13 3
14 20
14 23
7 16
15 14
6 8
21 8
15 9
0 6
15 16
10 17
18 21
23 9
15 22
21 2
7 23
1 19
20 3
20 10
11 11
5 1
4 8
16 23
7 9
19 11
12 3
13 18
22 20
13 10
11 4
7 12
1 12
0 1
21 6
22 12
2 4
9 16
21 17
8 9
7 6
10 5
16 6
3 3
13 21
0 20
8 15
24 5
15 11
22 14
21 13
15 21
7 11
6 10
9 11
10 7
5 22
13 14
3 17
6 11
2 9
9 14
18 1
5 17
24 4
4 14
24 7
6 5
24 16
22 2
21 4
10 12
9 23
21 10
10 16
2 21
21 23
16 8
17 2
15 0
18 18
24 18
14 0
12 1
8 13
14 4
2 11
15 3
5 0
13 6
0 2
12 8
1 20
10 8
14 21
16 16
3 15
4 22
3 4
16 10
10 21
18 17
24 2
9 6
18 23
1 23
17 11
1 17
7 8
11 15
23 8
8 21
8 16
2 15
18 12
15 13
12 14
17 13
22 1
13 5
14 2
17 17
16 24
4 11
15 12
5 20
18 13
18 7
0 8
15 1
13 20
8 23
17 10
0 4
1 21
19 24
0 5
2 13
6 21
6 15
0 19
23 17
3 8
21 1
9 0
20 9
13 7
16 22
1 13
0 22
1 6
3 18
18 19
3 0
4 15
23 12
11 5
19 2
14 5
17 16
3 7
21 21
2 19
24 13
13 15
8 14
12 10
7 7
16 21
19 21
12 20
21 11
21 19
3 22
10 3
6 2
2 18
11 18
5 15
14 18
8 2
4 3
2 24
24 15
23 20
24 23
14 12
14 9
11 23
7 19
20 21
14 1
5 16
1 10
12 15
20 11
18 20
3 21
16 20
22 4
19 10
8 12
6 4
9 21
7 3
10 10
24 17
8 11
14 3
12 23
8 0
0 21
