24 19 19
.......T................
.T...T.....T....T......T
..T....T...T............
..T........T............
.....T......T..T........
..T..T..................
........................
T..T...................T
..TT..........T.........
T...............T.......
......T.................
.......................T
......T..........T......
T.......................
...T................T...
.T......................
....................T...
T..T.......T..T......T..
....TT.............TT...
.T.......T....T.........
TT.....T......T.........
.......................T
..............T.......T.
.....T..................
5 9
23 5
18 15
23 15
13 11
0 21
2 23
5 8
5 2
9 16
8 20
1 15
3 0
0 9
13 14
8 0
13 12
16 7
18 8
4 17
11 2
21 7
17 9
14 20
3 20
5 4
0 17
9 14
15 1
18 7
3 4
13 5
10 9
16 10
21 0
10 10
13 3
19 9
23 18
18 9
4 10
16 22
5 16
12 14
0 7
11 10
4 18
13 22
19 21
10 15
8 8
22 21
17 14
8 1
23 9
15 13
23 6
23 3
4 15
18 3
17 4
20 0
9 15
10 12
11 20
3 21
21 22
19 12
12 12
15 12
20 5
1 4
22 23
10 6
7 21
8 23
12 6
7 23
1 3
22 15
14 13
9 22
3 23
12 19
1 7
1 8
12 4
21 14
15 18
3 1
8 2
19 19
17 10
23 17
13 2
18 12
7 10
16 20
1 12
22 12
11 15
7 0
11 13
12 11
12 9
4 1
7 6
16 9
6 15
11 16
3 2
17 1
8 15
16 12
17 16
2 8
14 23
19 22
6 8
7 3
8 7
21 11
18 17
7 20
16 2
18 23
1 21
10 14
5 0
7 1
2 5
15 8
22 0
0 11
17 17
3 22
1 2
3 19
22 19
5 3
11 12
16 15
13 6
16 21
0 0
16 1
2 12
1 20
14 17
16 19
5 15
5 7
6 11
2 22
2 20
10 19
6 5
7 5
14 15
21 15
17 6
1 1
18 20
9 4
19 1
18 13
12 16
23 1
14 4
19 15
1 18
21 12
21 1
21 21
13 20
13 7
14 5
22 1
8 9
9 8
22 13
2 2
1 13
13 16
1 0
14 1
2 13
9 12
15 6
4 14
14 22
0 15
5 23
11 8
4 20
13 17
10 22
2 1
11 18
20 20
8 13
19 7
6 4
16 13
23 23
4 7
18 16
20 21
17 19
13 15
14 2
14 21
15 20
20 8
14 18
2 14
2 9
22 11
17 2
20 23
19 10
6 16
6 1
1 11
23 7
20 14
7 19
0 8
16 18
2 16
15 15
23 22
22 4
15 9
0 14
1 14
22 3
10 5
2 7
21 13
13 4
14 6
17 8
1 10
8 17
21 3
21 2
19 13
21 23
14 16
23 2
12 2
6 22
2 18
21 8
2 4
5 1
6 19
15 21
5 17
0 23
23 13
5 5
5 19
12 5
4 8
9 6
19 0
20 13
3 16
20 15
1 22
18 14
7 18
2 19
9 23
2 3
22 7
4 9
16 6
10 8
9 1
15 19
20 9
9 9
10 1
5 20
0 13
22 22
16 11
11 9
23 10
23 8
21 18
15 16
1 5
22 17
5 14
11 4
11 5
0 18
18 5
11 3
23 12
8 3
8 10
0 6
10 0
15 14
18 0
5 13
20 1
16 5
12 22
17 21
0 16
10 23
23 0
13 19
13 1
9 13
4 2
18 2
6 14
8 16
10 20
16 17
12 15
7 8
2 11
14 14
5 21
6 23
6 10
8 21
4 4
10 4
20 22
3 14
16 3
8 22
9 3
4 6
19 11
3 3
14 19
18 4
9 19
22 18
22 9
23 19
1 17
0 19
18 11
15 22
10 3
8 12
15 17
11 11
6 12
4 11
20 18
21 9
10 18
3 7
20 4
11 21
17 22
10 11
13 13
8 4
9 10
0 10
0 22
7 12
0 3
12 18
17 11
21 16
15 10
3 13
4 21
13 9
19 16
18 10
1 23
16 4
19 8
10 13
17 12
12 0
17 7
15 23
19 6
6 0
15 5
5 12
22 6
17 20
6 2
21 6
7 14
10 21
6 13
4 3
17 3
13 0
8 19
7 17
4 19
7 13
16 16
11 22
10 7
13 18
12 13
23 16
12 3
9 17
15 11
3 9
22 20
14 11
14 0
11 14
10 17
19 20
20 10
8 18
12 10
13 8
9 5
13 21
21 17
8 5
12 21
8 6
14 8
14 3
11 1
9 7
4 12
15 2
3 12
3 11
2 0
17 18
20 19
21 4
0 2
20 17
10 16
11 17
6 21
23 14
22 10
18 6
9 11
12 17
7 22
15 4
20 12
3 10
5 22
19 5
18 19
18 22
21 20
20 7
10 2
3 15
16 8
6 7
19 14
19 2
11 23
17 13
1 9
22 5
21 19
6 6
12 1
20 6
19 23
7 16
7 15
4 0
22 16
19 18
14 7
14 9
19 3
4 23
23 20
9 18
2 6
17 5
7 2
2 15
8 11
12 20
0 20
11 6
20 2
21 10
20 16
8 14
3 17
4 5
5 6
20 11
7 9
3 8
5 18
16 0
13 23
0 5
17 23
2 21
23 4
19 17
9 0
9 21
1 16
1 19
22 8
4 13
11 0
5 10
3 18
6 9
4 16
11 7
3 5
7 4
4 22
7 7
9 20
20 3
6 3
23 11
9 2
3 6
0 4
15 3
17 15
16 14
1 6
7 11
15 0
12 23
18 21
14 12
5 11
21 5
0 1
12 7
11 19
6 17
13 10
23 21
12 8
2 10
18 18
14 10
2 17
6 20
17 0
19 4
16 23
15 7
22 2
18 1
6 18
22 14
