21 8 13
........T........T...
.....................
...T.................
.....................
T....................
.....................
...T...T.............
....T................
.....................
....................T
....T................
.....................
....................T
.............T.......
..........T..........
....T.....T..........
............T.......T
.........T...........
....T..............TT
.....................
.................T...
8 6
12 5
3 8
14 18
6 4
11 15
15 4
9 20
9 3
2 10
17 8
9 14
6 9
0 17
12 19
15 8
19 3
17 11
19 0
17 7
8 14
20 13
9 5
0 4
0 8
17 20
19 2
9 15
0 2
3 19
16 2
17 4
2 0
5 17
7 2
3 9
14 8
17 5
1 11
5 15
12 13
0 12
12 1
6 19
12 16
18 5
1 2
9 18
1 0
5 2
6 17
5 19
2 18
15 13
6 14
11 8
4 3
16 20
15 16
6 0
16 18
1 17
20 2
17 17
5 13
11 4
16 3
11 0
2 15
4 10
13 7
20 1
8 15
7 5
7 14
5 9
18 3
12 12
11 16
9 13
13 4
2 20
0 3
19 5
12 6
4 18
14 7
16 5
15 2
1 18
15 1
9 17
20 14
19 1
16 10
5 3
6 2
13 10
5 1
19 9
7 8
0 7
14 17
20 18
7 10
11 17
5 11
12 10
17 1
19 18
13 13
12 7
5 6
10 15
18 20
4 6
7 9
0 16
18 17
18 15
4 16
3 18
0 9
18 12
6 12
4 20
17 3
13 6
16 0
9 2
4 15
19 15
11 19
6 3
13 2
11 2
0 13
7 12
18 2
4 19
13 3
12 20
1 5
6 5
9 4
17 9
1 15
3 3
16 1
8 10
18 18
14 5
18 1
20 11
7 4
16 15
14 6
1 7
8 19
14 11
10 0
20 3
9 6
6 6
19 13
19 14
16 11
3 16
17 19
18 8
5 5
11 3
18 16
12 17
13 18
2 5
11 12
5 14
1 3
1 19
8 12
17 14
6 15
19 17
15 9
6 18
17 15
14 9
10 13
4 8
0 6
10 10
6 16
12 4
2 6
3 1
13 20
19 7
2 17
3 17
10 20
18 13
14 10
3 20
11 20
20 5
15 11
10 18
4 17
10 12
3 4
17 12
9 16
10 9
7 18
17 16
18 11
1 16
11 9
8 18
14 3
13 9
5 12
13 1
7 11
0 18
7 15
2 11
4 1
2 13
7 7
6 20
11 7
11 13
19 12
14 1
3 14
4 13
13 15
1 1
12 3
7 0
11 1
6 13
4 0
18 19
16 8
11 11
10 11
2 9
3 12
8 7
11 10
13 19
11 18
15 20
13 12
9 11
2 8
10 8
14 13
17 0
12 14
19 20
15 18
2 19
15 3
5 20
14 14
5 8
3 11
12 0
20 0
3 13
9 9
19 16
10 5
18 6
9 19
15 15
13 5
20 12
2 3
5 7
3 7
20 6
14 0
6 8
15 12
14 12
2 2
15 19
20 20
14 2
19 19
17 6
1 10
16 4
13 8
2 7
19 11
16 7
10 2
7 3
0 0
7 1
15 7
18 4
1 13
10 16
5 16
15 6
13 0
1 8
3 0
6 11
1 20
13 17
18 0
8 4
15 14
9 10
13 16
16 16
17 13
7 13
10 4
7 17
7 16
18 10
12 15
17 10
3 5
16 13
18 14
16 9
4 2
8 8
15 0
1 12
14 4
5 18
16 17
9 0
6 1
11 6
8 20
0 19
10 1
8 13
8 17
8 0
3 15
13 11
20 10
14 19
19 8
12 2
3 6
5 4
0 1
10 6
20 8
4 4
18 9
16 12
4 14
20 19
20 15
16 6
8 5
5 10
9 7
1 14
10 19
7 6
15 10
10 3
12 18
0 14
8 11
17 2
0 15
17 18
2 4
20 17
9 12
4 7
16 19
7 20
2 1
10 7
19 6
1 9
19 10
9 1
14 20
19 4
12 11
20 9
3 10
1 6
14 16
8 3
1 4
15 17
12 8
0 5
8 1
2 12
8 2
11 5
2 14
2 16
13 14
12 9
0 20
0 11
7 19
6 7
6 10
5 0
8 9
15 5
8 16
18 7
10 14
4 5
20 7
11 14
16 14
4 11
20 4
20 16
3 2
10 17
14 15
4 9
9 8
4 12
