40 4 28
..T.............T..........T...T........
................TT...T...............T.T
........T....T..........T.....T.........
.T.T......T...........T.................
........................T........T..T...
.........................T.......TT.....
.T.......T.....T.....T..................
......T.....T.................T..T......
.......TT..................T.......T....
.T....T....T......T..T.....T....T......T
...TT..TT...............................
...T.......T.TT...TT.............T.T....
..T...TT......T.................T.......
..T....................T.T.TT...........
................T.........T.T...........
...T....................................
....TT..T.........T................T....
....TT........T...T.....................
T.T...........TT............T.....T.....
.....T..T......T.T....T.............T..T
..T..T....T.T.TT...........T..T..T......
.............T....T........T...........T
..T................T..TT..............TT
T.........T......T......................
T....TT.........T.....T......T........TT
.............................T.T.....T..
T.......................T..T............
..TT..TT...T......TTT.T.........T.......
.......T.........T.....T.T..............
..T...............T...........T........T
.............T................T.........
....T.........T........T................
.......TT.......T..T..............T...T.
..T...........T.....T....T..............
.................T...........T......TT..
.....T......T.......T....T..........T...
....TT.......................T.....TT...
....T.......T.........T......T..T...T...
.T...TT....................T.......T....
.......T.....T....T....T...T............
33 37
35 33
12 16
13 31
14 35
39 33
27 22
3 6
20 29
4 4
2 9
8 4
22 2
35 9
2 31
37 25
35 18
10 8
7 26
36 34
36 2
31 28
33 11
20 11
33 6
16 24
18 4
15 29
33 33
31 15
6 11
35 23
26 18
28 32
33 4
21 9
17 6
27 37
16 39
5 10
29 18
27 21
19 13
5 27
37 5
25 20
25 35
8 35
19 35
38 3
16 38
25 18
15 3
8 11
24 28
8 38
9 39
32 14
34 29
10 23
4 37
3 35
19 32
13 32
7 31
21 28
38 28
30 11
0 23
30 21
19 21
24 5
27 4
15 31
38 17
15 28
0 26
9 1
22 11
4 13
26 22
13 27
2 14
22 28
20 39
19 10
29 17
36 36
28 24
35 31
10 33
26 15
7 30
35 28
35 4
5 35
33 32
16 2
19 26
15 14
29 25
16 32
8 16
4 2
16 6
39 16
19 9
7 6
0 6
14 28
31 2
23 13
12 7
10 12
17 15
26 30
33 1
27 32
39 18
3 23
23 25
5 8
15 16
14 27
18 9
17 25
15 10
31 39
8 28
10 1
30 22
13 18
21 10
20 0
1 10
5 24
29 1
26 35
14 14
4 24
15 6
29 29
10 7
12 37
34 18
36 17
5 16
25 38
15 13
14 12
14 7
36 35
15 21
32 20
20 18
4 18
38 16
34 1
19 27
5 11
35 7
30 32
31 20
12 10
26 26
19 4
5 4
20 2
9 29
24 6
23 14
25 23
31 34
20 4
13 28
8 23
27 10
20 6
1 6
4 11
1 18
27 24
35 35
8 29
8 10
3 15
9 32
14 18
2 33
21 29
3 20
16 1
18 28
18 10
28 0
9 28
34 12
16 3
22 38
3 11
34 36
21 17
28 13
12 25
4 23
0 35
29 12
0 29
36 18
10 20
33 15
2 6
14 13
5 37
17 14
38 1
17 1
38 22
9 35
23 9
16 31
13 11
18 38
6 28
4 6
34 38
28 2
30 30
6 2
30 1
39 25
18 12
12 13
8 3
29 11
38 25
14 3
20 31
17 20
21 16
7 32
1 21
32 6
25 36
32 1
15 12
31 30
33 8
20 32
7 37
9 2
12 29
12 33
29 3
11 17
35 13
39 26
23 28
23 27
7 25
24 9
24 14
38 24
27 16
17 22
22 6
8 7
28 39
39 37
15 15
25 30
6 8
20 21
20 1
23 29
37 10
37 12
32 9
25 29
8 14
9 18
28 35
20 26
30 5
4 10
22 39
31 11
29 32
18 27
37 26
39 1
10 16
36 8
34 16
1 34
23 1
10 35
30 19
38 19
37 33
6 37
21 35
29 20
15 8
27 23
35 5
29 5
8 19
27 35
35 17
20 10
22 22
23 11
38 39
17 32
0 13
25 32
27 8
31 25
36 12
2 39
39 28
17 8
17 30
6 15
4 28
37 30
27 14
36 4
31 33
39 19
34 6
29 38
20 27
13 8
25 22
22 1
26 13
0 22
9 6
2 24
0 10
30 25
39 2
32 3
1 28
9 38
24 12
6 26
27 2
19 30
3 16
19 17
15 4
8 21
2 4
24 26
16 23
30 16
32 11
29 21
19 1
21 7
16 15
27 25
14 6
28 11
36 19
29 13
10 29
28 8
2 25
26 9
5 19
36 11
34 32
27 13
18 5
19 22
32 12
6 33
3 34
28 20
18 8
8 8
19 29
1 31
28 25
19 8
29 7
4 3
27 11
28 6
6 20
12 36
29 8
22 12
11 37
20 30
31 0
36 21
26 3
18 25
2 34
32 29
16 5
3 32
1 19
34 7
1 35
17 29
10 31
23 35
35 10
38 0
10 36
32 30
6 21
37 15
14 39
30 6
32 28
35 30
31 8
29 28
31 19
18 13
16 21
29 22
32 38
7 11
27 7
35 36
26 29
27 3
18 7
20 37
36 14
11 23
22 34
38 12
1 23
31 12
24 21
24 31
17 2
36 5
31 31
2 28
7 35
30 24
5 2
37 23
33 5
35 2
5 17
23 18
4 22
36 24
11 4
32 22
28 18
1 33
32 27
27 27
5 33
19 28
35 14
2 8
3 5
22 19
13 14
10 14
11 34
9 8
1 27
2 19
30 33
14 20
37 4
32 17
39 23
21 33
8 13
14 32
37 19
26 24
19 36
0 21
28 1
29 19
21 6
33 3
35 22
19 19
13 21
22 26
9 27
37 36
38 4
18 2
37 32
1 1
7 20
15 23
4 12
11 33
6 19
27 31
4 26
26 39
39 38
5 31
21 24
3 29
18 18
39 3
38 5
11 1
22 23
25 4
6 30
17 10
30 36
18 36
14 36
9 0
7 38
1 16
24 38
28 10
31 26
29 33
35 0
2 2
3 22
13 19
24 11
10 26
23 2
30 17
30 38
29 0
6 34
0 36
15 24
14 34
38 20
23 24
3 18
3 31
28 17
9 33
39 35
12 17
32 33
9 37
2 13
11 16
29 6
28 37
10 25
6 27
7 19
34 17
28 29
5 12
29 23
15 7
18 31
19 12
25 15
26 2
5 3
11 7
27 18
33 27
9 14
21 36
7 27
26 0
14 22
10 39
33 30
3 24
5 18
0 16
8 22
14 30
17 36
13 9
4 31
23 31
34 27
20 13
12 1
2 32
4 5
37 39
21 30
14 1
19 0
29 34
2 1
37 2
11 19
33 13
9 30
37 18
26 32
4 36
5 23
17 28
39 31
7 5
20 22
37 21
29 27
17 19
4 29
17 31
18 29
6 12
31 22
37 6
39 9
37 11
0 28
10 11
39 0
34 35
7 13
1 7
34 22
23 15
3 25
6 13
6 0
29 36
35 24
30 18
23 8
21 22
21 4
6 18
6 22
23 38
9 5
5 15
27 1
28 31
18 6
2 0
1 9
2 11
16 18
26 31
4 14
21 5
3 37
39 15
24 30
22 20
12 23
33 36
13 24
6 36
12 12
37 3
1 30
4 33
34 28
38 9
6 10
28 30
35 6
8 12
24 3
35 27
39 8
3 39
25 5
23 6
13 16
36 37
13 15
25 17
34 2
15 11
35 16
11 8
38 2
10 13
20 38
8 34
29 39
18 16
11 13
1 38
21 18
39 39
3 12
32 18
24 17
20 28
22 17
38 26
29 15
14 2
27 38
30 29
7 2
11 20
10 5
13 33
39 34
25 13
39 5
0 18
9 9
9 25
0 33
38 30
16 7
1 29
34 39
15 2
8 0
37 20
7 34
24 37
13 23
30 15
22 7
4 7
33 24
3 26
18 22
4 32
13 7
18 15
11 32
11 11
1 13
39 10
38 35
25 39
11 10
7 10
39 36
12 30
9 15
12 5
25 11
14 11
35 26
9 16
29 37
0 19
18 20
1 20
38 32
20 25
23 30
13 12
13 37
21 0
38 29
13 34
26 12
34 13
17 17
12 0
11 29
15 27
27 0
10 18
26 11
31 13
8 1
33 7
30 37
25 3
34 30
33 35
35 15
37 13
26 7
8 27
25 16
31 7
1 3
18 3
33 19
3 17
9 36
25 27
5 29
13 26
1 24
24 19
17 27
16 10
22 16
21 15
10 22
16 17
19 23
34 33
12 38
15 1
38 18
34 24
6 16
28 34
9 10
11 0
25 1
39 22
6 6
29 16
35 12
23 37
17 24
30 39
21 31
21 14
17 26
22 36
36 28
31 21
14 16
37 31
23 20
10 0
7 14
21 3
30 26
5 9
24 20
22 0
19 3
32 13
27 12
30 27
16 19
20 35
24 27
18 35
23 22
26 14
29 2
17 34
24 32
0 0
34 37
10 24
12 3
31 23
20 20
33 22
22 4
32 0
9 11
9 3
3 27
21 11
0 39
21 39
17 12
23 3
20 23
24 1
37 24
36 10
6 39
20 17
39 30
32 24
23 7
26 5
32 36
10 17
32 26
3 1
8 15
24 29
37 38
11 6
33 16
18 23
13 2
33 23
13 20
10 19
36 33
25 21
6 35
32 23
0 2
30 14
27 36
4 0
26 38
39 20
19 5
21 1
5 14
18 21
17 9
16 14
21 32
6 23
22 29
24 18
9 26
28 5
15 26
9 17
19 39
19 20
17 35
36 1
10 2
3 33
2 16
28 9
8 31
23 12
37 35
0 3
35 29
14 8
6 3
31 3
19 2
0 32
23 0
39 27
33 14
35 34
36 39
10 38
21 26
7 9
19 24
14 0
12 4
16 36
33 0
7 29
35 32
16 12
15 36
6 4
38 7
1 0
0 17
12 28
4 34
5 28
20 8
36 31
20 34
14 15
28 16
39 17
16 26
4 19
33 34
6 1
25 34
24 39
28 28
38 33
19 18
3 3
12 18
13 22
26 10
5 34
27 26
14 31
26 21
1 37
0 15
29 24
22 27
21 27
4 39
38 34
8 2
11 39
3 10
26 20
0 30
37 1
33 31
24 15
12 19
38 11
34 25
13 0
38 37
9 20
34 4
35 20
1 2
21 25
36 26
20 15
28 38
27 39
10 28
15 38
17 0
22 31
33 38
5 26
5 38
15 33
11 12
36 0
36 15
30 10
29 31
11 28
24 35
15 20
4 20
7 1
18 0
16 22
39 6
13 13
4 16
25 0
30 31
3 14
38 23
27 29
35 37
25 19
15 19
11 25
22 30
16 16
32 10
23 36
6 29
2 27
16 13
5 20
16 27
10 4
22 9
39 32
21 20
33 12
31 1
33 25
16 28
20 5
35 21
37 28
11 22
0 4
6 24
14 26
3 36
32 5
16 33
28 7
32 32
8 9
33 29
17 39
3 8
1 14
5 0
3 0
24 34
37 34
21 37
22 24
1 11
11 36
38 14
27 33
25 25
11 38
23 10
21 2
26 17
13 39
12 20
38 10
4 35
28 21
0 24
37 8
13 4
8 18
38 27
36 23
0 27
1 26
36 38
15 5
21 8
26 8
23 26
8 32
31 38
7 28
16 29
0 34
4 8
1 17
18 37
19 33
17 37
12 11
27 30
21 19
7 18
12 15
30 23
35 38
2 17
14 33
29 4
16 30
7 17
0 9
22 35
9 21
12 14
22 25
9 23
5 30
10 15
9 13
20 16
6 25
27 20
15 18
2 21
9 12
28 12
9 19
33 9
33 2
21 13
19 37
11 31
32 31
2 5
2 29
9 34
31 5
38 6
36 30
22 15
23 19
38 31
12 9
35 11
26 23
8 6
18 34
4 1
24 7
23 33
30 2
25 12
17 3
13 30
20 14
15 35
11 15
15 22
36 3
8 37
24 22
19 7
12 24
13 5
39 4
16 20
0 5
9 22
2 26
37 22
6 38
25 26
36 27
36 13
10 34
28 19
30 0
32 8
12 8
0 11
31 14
6 31
38 8
13 1
7 36
12 6
0 12
3 38
19 6
30 4
6 17
18 39
5 21
13 25
11 3
19 14
10 6
2 38
34 23
3 7
5 1
14 19
24 0
19 34
35 3
34 26
35 39
13 10
30 35
0 31
17 5
2 10
32 2
10 32
34 10
18 19
15 39
24 36
12 27
7 8
29 10
12 32
16 4
11 14
16 35
17 7
4 15
32 19
9 31
31 24
18 30
23 5
23 4
39 21
22 37
18 26
17 13
14 10
24 25
39 13
2 12
26 34
32 39
26 36
19 38
2 18
16 9
34 8
18 32
37 17
6 32
25 9
32 7
30 12
31 4
10 27
0 25
19 31
8 33
28 26
8 36
22 5
1 8
35 19
28 22
7 12
7 23
23 34
7 3
20 24
12 34
13 17
37 16
26 28
32 34
36 16
22 13
37 29
4 25
2 37
25 31
19 15
28 14
31 29
4 27
19 16
31 36
11 2
19 11
11 27
4 9
17 21
24 33
14 24
7 39
0 7
24 13
12 39
20 19
5 22
36 6
18 24
9 24
10 21
33 10
32 4
27 6
34 5
33 28
17 16
27 17
4 38
20 9
15 0
5 36
32 35
11 24
27 15
31 9
35 8
1 36
8 25
5 25
27 34
8 39
18 1
22 32
37 27
8 5
13 29
24 24
14 9
11 30
24 8
33 39
0 8
38 36
26 19
26 27
2 15
6 9
25 8
23 32
23 23
25 7
16 34
3 21
5 7
0 38
27 28
13 38
28 4
3 4
5 5
13 35
24 2
10 37
31 18
20 36
22 3
30 3
33 18
12 26
28 36
18 14
26 1
25 37
15 37
24 4
20 3
37 37
14 21
6 5
19 25
14 38
13 36
30 20
39 24
15 17
22 18
1 32
15 25
25 33
36 9
14 25
36 32
36 22
35 1
37 14
28 15
37 9
2 30
34 3
30 13
12 22
10 9
34 34
1 5
29 9
28 27
17 18
26 16
34 11
25 2
7 4
14 17
2 22
7 16
39 12
14 37
21 21
10 30
38 13
1 12
38 38
25 14
16 37
30 9
8 26
24 16
39 29
5 32
28 33
1 22
9 7
21 38
2 35
7 24
16 0
17 4
27 5
14 4
6 7
30 8
37 0
37 7
18 17
34 21
15 9
20 7
32 21
2 7
11 26
31 17
15 34
20 33
28 23
2 36
25 6
24 23
14 23
3 28
36 20
3 30
5 6
14 29
11 5
38 15
26 6
2 3
8 17
7 22
25 10
8 20
6 14
22 33
15 32
11 18
10 10
32 16
31 32
34 14
17 38
16 8
34 31
24 10
3 2
36 7
29 30
34 0
18 11
3 9
0 14
13 6
27 9
32 37
22 21
30 28
7 7
7 33
4 30
33 21
2 20
36 29
34 9
33 20
1 25
22 10
9 4
1 39
17 23
12 2
39 14
22 8
29 14
11 35
22 14
27 19
12 31
0 37
23 21
39 7
26 33
18 33
34 20
31 10
29 26
14 5
11 21
23 16
32 15
32 25
23 39
25 28
30 34
10 3
20 12
3 13
5 39
26 25
11 9
3 19
12 35
25 24
1 4
7 21
26 4
31 16
5 13
30 7
29 35
8 30
2 23
31 35
31 27
33 17
15 30
17 11
31 6
16 25
31 37
35 25
13 3
21 12
17 33
12 21
26 37
34 19
33 26
21 23
1 15
16 11
21 34
8 24
0 1
34 15
23 17
4 21
4 17
7 15
28 3
36 25
7 0
39 11
38 21
