27 20 11
....T..T.T.......T.........
.T............T............
...............T...T.......
...........................
................T..........
...T....................T..
.......T.......T...........
..................T.......T
...TT........T......T......
....T...............T......
...........................
...........................
.T.........................
...........................
.T....T..........T...T.T...
..............T...........T
...............T...........
.......................T...
...........................
.....T.....T...............
..............T.....T....T.
T......T...................
............T..............
....T......................
..T...TT................T..
.....T.....................
.T.....T......TT......T....
23 15
5 11
15 4
2 9
17 21
13 11
0 26
16 25
21 2
8 23
26 1
19 19
3 8
9 18
13 15
12 2
19 2
16 11
26 0
0 3
20 14
9 22
8 18
9 1
3 0
11 26
11 11
9 21
19 8
23 6
19 22
5 25
7 8
25 23
7 13
20 9
6 15
14 0
23 11
6 1
5 8
11 4
12 21
26 14
17 23
15 25
5 3
25 9
0 18
6 10
20 2
16 6
22 19
21 25
14 11
14 21
26 17
23 17
2 6
11 6
15 3
13 8
7 11
25 2
11 3
15 24
22 10
15 23
6 22
13 1
12 19
1 14
13 6
19 12
20 23
3 2
12 8
6 24
16 0
13 9
14 1
21 19
10 1
9 2
18 2
16 1
24 9
23 21
26 15
15 19
3 3
13 16
1 26
9 7
12 17
0 16
1 18
26 7
4 16
8 15
16 7
8 9
23 3
18 16
22 2
18 5
25 19
26 18
11 25
17 9
25 0
20 6
22 0
9 17
26 20
24 8
22 23
23 13
8 16
7 5
18 6
17 8
12 7
2 22
6 20
1 10
21 8
11 24
20 16
10 16
18 12
5 6
18 23
17 5
19 15
4 2
11 0
19 4
21 9
4 23
14 9
6 5
21 26
13 12
19 14
17 4
22 13
16 10
19 23
17 13
24 19
24 11
19 3
5 14
21 13
26 16
4 10
16 24
3 21
13 10
8 22
21 24
3 4
9 14
14 5
5 24
3 10
5 23
6 2
15 14
16 18
8 26
13 26
26 12
24 21
14 17
18 9
9 26
23 25
21 10
0 22
22 5
25 17
7 4
26 21
9 25
18 18
21 4
11 20
14 10
12 24
7 16
19 1
5 5
26 24
23 4
12 3
14 8
23 9
26 26
4 19
24 2
4 15
23 7
20 1
0 5
4 3
2 21
0 17
21 15
0 12
5 2
6 3
2 16
16 12
6 26
24 25
1 7
19 0
11 19
12 25
2 4
22 16
13 23
15 8
24 17
17 1
14 12
10 11
17 7
26 2
14 20
7 9
3 12
22 11
16 16
1 17
10 18
25 8
1 8
11 15
4 7
13 18
25 20
14 24
0 10
24 23
5 18
18 4
8 1
5 13
18 17
4 5
15 17
7 17
17 15
14 26
20 4
20 13
23 12
17 14
13 25
26 6
7 19
12 4
20 12
16 14
19 13
1 9
6 25
16 13
5 21
4 13
0 4
10 3
7 22
2 15
17 0
23 10
14 4
10 25
3 11
11 21
10 6
21 16
8 3
16 15
19 21
2 25
25 18
15 12
16 20
1 3
15 21
0 23
26 3
8 20
5 10
3 7
5 17
15 16
6 14
13 4
2 17
15 22
19 16
12 6
22 15
17 22
0 6
5 7
23 1
18 14
2 26
2 13
1 5
0 21
25 4
25 3
17 19
13 13
19 6
17 24
9 15
4 20
0 25
7 26
20 5
12 1
23 14
12 18
4 26
10 9
1 0
9 4
2 20
17 16
0 9
6 12
21 17
7 12
22 14
2 2
22 4
26 11
3 23
8 19
15 0
8 4
9 6
11 17
2 7
20 18
25 25
19 11
10 24
9 10
8 13
10 4
20 15
20 19
22 20
21 23
0 24
7 7
16 26
15 7
21 22
26 4
3 15
3 19
8 10
16 3
7 23
3 17
22 3
11 2
9 13
1 21
10 21
22 21
13 14
20 21
25 24
12 11
25 7
11 1
26 22
23 22
22 12
7 6
10 17
4 6
21 14
22 1
1 11
11 14
25 1
11 8
21 20
1 22
23 26
17 26
25 14
3 1
7 21
19 9
5 9
24 1
10 8
22 22
22 6
23 18
13 5
7 24
18 10
24 15
24 13
16 8
19 24
9 12
12 26
4 21
14 6
8 14
15 26
15 2
13 21
24 20
11 22
3 18
10 20
1 24
2 0
8 25
11 9
15 10
12 15
5 19
1 12
12 9
3 6
0 11
21 7
0 0
7 14
7 18
25 22
17 18
5 20
6 23
26 8
5 1
20 24
25 13
18 11
6 4
15 18
18 13
24 16
5 0
11 13
7 20
26 9
15 15
7 25
6 11
2 19
2 18
9 0
19 20
9 24
12 14
21 5
26 19
18 3
8 2
17 6
18 7
0 15
0 14
11 18
6 17
16 19
11 10
1 23
4 18
9 3
5 22
18 26
10 5
25 15
23 19
18 25
18 22
20 22
2 11
23 16
18 24
22 9
11 5
21 0
13 2
14 25
17 3
0 19
12 23
14 2
16 22
19 18
22 7
22 8
17 2
15 1
4 1
8 7
17 17
3 25
24 3
25 6
13 19
2 5
10 10
13 24
1 25
2 8
24 24
16 21
4 9
18 8
12 13
3 24
10 19
1 6
3 20
3 22
4 24
4 11
9 5
16 23
14 14
24 14
4 0
25 5
24 10
25 16
24 22
8 12
14 15
10 14
2 24
4 22
2 1
25 12
5 4
3 16
1 16
23 24
14 22
26 10
7 1
20 11
7 10
7 15
20 10
18 21
13 7
11 12
13 20
18 20
6 8
14 3
3 26
4 4
10 13
4 17
11 7
11 23
1 20
13 0
14 18
12 16
22 17
9 11
2 10
10 12
9 19
15 9
3 13
21 11
25 26
7 2
23 5
25 11
8 5
24 4
0 8
21 21
17 12
3 9
24 0
6 0
10 0
3 14
24 7
6 21
14 7
23 0
9 20
18 19
22 26
0 20
1 13
8 21
18 1
6 13
20 25
20 0
25 21
7 3
1 4
20 3
20 20
6 16
24 26
22 18
0 2
5 12
22 25
14 13
19 5
17 20
21 1
10 23
8 24
14 23
13 3
2 14
19 26
20 8
6 9
15 11
17 11
12 5
11 16
26 23
10 22
23 8
20 7
25 10
5 15
24 5
12 10
7 0
12 22
21 18
5 16
9 23
5 26
1 2
9 16
20 17
23 20
2 23
8 0
16 9
17 10
20 26
4 14
8 8
15 20
6 19
2 3
19 10
4 12
23 23
14 19
15 6
15 13
10 26
8 11
4 25
12 12
26 13
18 15
16 4
23 2
10 15
6 6
15 5
10 2
16 17
24 12
21 6
2 12
17 25
8 17
9 9
10 7
4 8
26 5
3 5
19 17
16 2
19 7
6 18
16 5
24 6
13 17
1 1
19 25
12 0
13 22
8 6
1 15
21 3
6 7
0 1
1 19
0 7
18 0
24 18
21 12
14 16
12 20
22 24
9 8
26 25
