30 8 0
...................T..........
..............................
......T.........T.............
.............T................
.....T.........T..............
.T............................
...T....T.....T...............
.......T......................
......T............T..........
..............................
..............T........T......
...................T..T.......
..............................
........T.....T........T......
..............................
T...........T.................
.......T..T.T.................
.........................T..T.
.....T..............T.........
.....T..................T.....
...T.......T.....T............
................TT............
..........................T...
..............................
.....................T...T...T
...........T...T..............
.TT.....................TT....
..........T...................
.....T........................
.......................T......
13 29
25 6
19 26
26 16
28 22
15 19
13 27
18 5
4 26
5 29
19 8
13 16
28 0
15 4
4 7
9 5
21 9
5 10
7 22
6 24
17 20
0 22
2 21
6 15
26 29
17 13
2 22
13 13
24 3
13 26
18 8
20 26
3 24
26 11
17 25
21 17
11 19
7 12
16 20
5 27
21 27
22 16
11 0
1 1
22 19
17 8
6 11
0 17
15 14
2 25
9 15
9 12
17 3
23 9
27 23
3 8
6 1
27 28
15 10
24 13
15 24
27 25
21 25
3 14
0 21
14 16
0 2
8 1
25 20
6 22
26 23
27 27
22 5
14 21
9 22
6 25
11 15
17 0
16 14
16 17
5 16
4 22
19 17
5 22
3 29
2 12
28 10
1 12
21 5
7 14
9 26
16 6
21 0
1 5
13 8
10 9
15 25
8 8
7 3
13 20
5 7
18 29
6 2
14 10
5 3
7 6
13 9
7 10
17 16
7 7
22 25
15 0
9 17
19 22
25 27
25 3
14 18
10 7
22 24
26 27
21 2
2 7
25 21
4 23
10 20
4 28
24 24
3 0
22 15
2 13
13 23
4 14
18 14
21 28
24 28
26 22
22 23
2 10
7 19
22 29
17 23
18 7
13 4
13 7
24 11
4 19
13 24
3 2
22 2
12 21
0 7
23 28
25 4
23 0
24 0
29 21
21 6
17 22
13 15
23 25
26 28
1 22
28 14
20 9
8 13
23 15
24 4
29 27
10 24
19 27
0 0
7 26
0 3
10 17
10 22
10 15
22 28
12 10
29 28
8 24
7 18
6 27
19 12
13 3
24 25
29 22
29 0
22 14
20 2
25 29
23 6
8 19
0 26
14 26
23 26
9 21
28 15
0 1
25 23
14 29
28 9
9 2
1 0
4 25
12 5
25 0
9 24
28 20
24 16
27 16
8 20
5 19
28 17
14 23
12 2
5 20
13 6
1 29
17 27
12 11
1 28
10 25
24 5
8 9
23 19
29 29
18 4
15 5
24 1
26 18
12 24
2 20
10 3
13 0
14 25
19 4
27 3
15 23
20 13
0 24
9 27
26 8
24 9
23 5
18 11
15 27
3 19
19 5
28 12
19 21
29 7
4 8
10 5
9 20
18 23
14 3
10 8
23 17
27 14
23 4
29 20
16 3
1 16
10 21
0 14
20 17
11 29
13 21
21 11
3 21
18 21
2 9
5 21
24 20
5 0
12 15
7 0
15 3
3 15
14 7
15 16
8 7
17 26
25 28
20 24
8 12
12 16
19 6
0 5
29 9
1 26
9 6
3 23
23 2
29 12
14 9
16 18
7 11
7 1
25 5
21 23
1 24
26 13
21 8
26 4
8 10
11 16
27 26
8 27
29 6
18 16
0 25
26 14
3 4
13 11
17 15
2 1
3 6
14 14
23 7
16 5
24 26
24 27
20 10
22 20
25 15
5 14
16 23
23 8
14 17
21 16
2 0
1 4
12 1
5 24
1 9
8 11
18 28
16 15
17 24
23 3
29 14
4 2
6 14
27 1
29 18
10 6
12 13
14 27
24 12
15 26
21 21
26 10
11 23
15 11
11 20
28 24
5 13
2 11
2 27
28 3
15 7
11 2
11 27
21 4
8 17
18 25
27 22
20 16
17 1
23 1
6 21
18 19
14 1
28 2
1 23
24 2
27 29
28 19
26 6
27 2
20 22
6 9
17 10
21 29
11 25
28 28
2 29
9 10
7 2
10 0
7 23
16 0
12 0
6 7
11 4
1 11
8 4
27 19
4 15
3 10
13 28
24 18
24 14
8 6
16 7
15 8
4 3
5 18
1 19
0 13
5 1
6 6
25 19
16 25
19 28
7 25
13 2
18 17
2 26
0 29
14 4
12 29
4 27
6 10
10 4
12 7
21 3
28 1
4 21
4 16
25 22
25 24
25 17
28 27
24 23
2 19
27 10
11 9
16 4
7 4
26 5
4 29
27 6
8 22
12 6
9 29
23 13
18 26
15 1
29 26
19 24
3 3
10 11
7 28
24 6
2 14
17 18
22 6
25 2
11 28
13 18
1 25
27 5
19 7
16 21
8 3
2 8
9 19
1 15
2 24
10 19
19 2
17 4
17 29
20 0
26 17
9 0
19 0
21 1
4 18
7 17
22 18
12 19
22 4
26 19
6 18
11 10
4 5
10 12
19 15
18 2
1 3
23 23
23 11
25 26
14 6
3 17
22 7
24 17
5 2
7 29
1 20
0 16
15 20
18 13
21 7
29 24
18 6
20 11
28 8
23 21
5 12
20 1
8 15
29 23
20 25
3 26
1 21
9 18
16 1
27 4
15 6
18 15
16 28
11 24
12 4
16 12
12 25
20 6
29 3
21 24
25 13
26 21
4 17
14 19
29 16
27 24
12 18
26 2
0 9
24 19
5 9
3 7
17 21
11 6
25 9
29 13
21 13
2 3
16 16
8 21
6 23
13 5
17 14
18 0
3 18
10 29
4 13
8 29
3 5
11 11
14 24
21 10
2 28
6 5
18 1
11 8
19 19
3 13
18 27
12 17
3 16
5 11
26 20
15 21
18 18
0 12
23 20
20 15
23 22
4 24
7 13
28 29
14 5
24 7
14 28
14 2
29 8
24 15
19 25
15 12
1 27
22 8
29 10
14 8
19 10
6 20
27 17
14 0
28 4
19 16
10 10
22 21
6 12
12 20
29 19
3 11
6 28
15 13
4 20
3 9
5 25
27 8
24 8
15 22
19 20
0 4
26 3
4 9
17 17
1 7
22 1
6 17
0 20
4 4
20 12
10 27
16 9
25 12
12 8
20 27
0 18
9 11
10 2
12 14
23 10
27 11
25 16
12 22
28 23
7 5
11 14
13 17
16 22
16 11
23 24
11 17
1 17
6 19
2 4
21 20
20 20
27 7
19 14
3 28
10 1
12 9
15 17
5 5
7 20
3 12
3 25
9 4
7 15
15 15
5 23
12 28
3 22
4 0
8 16
22 10
13 14
24 10
16 8
10 13
7 9
7 24
17 12
7 21
13 19
18 10
25 11
24 29
4 12
17 2
11 5
22 22
10 14
12 23
20 7
0 11
0 6
22 27
17 5
25 1
3 1
17 6
15 29
13 10
8 25
16 26
3 27
20 21
28 21
28 18
20 4
1 14
17 28
11 18
20 29
8 5
27 15
6 26
16 24
21 26
15 28
12 12
26 0
23 16
10 23
8 2
19 29
29 17
18 12
19 11
2 16
9 7
5 28
3 20
21 19
1 8
6 16
2 5
27 18
19 18
22 0
29 15
16 13
1 13
29 2
10 26
17 9
5 15
25 14
9 14
8 23
28 6
5 26
9 23
11 21
18 22
6 29
2 23
7 16
15 18
0 8
21 18
26 12
2 15
17 11
26 24
22 11
27 13
12 3
22 12
25 18
23 14
16 19
28 7
13 25
27 0
2 18
29 1
20 14
22 3
20 23
23 27
11 26
25 10
9 25
29 5
0 19
19 3
26 25
28 26
9 3
2 6
22 17
21 15
19 9
25 7
9 1
18 20
20 28
9 16
5 8
0 23
14 15
14 20
0 28
20 3
6 3
11 22
24 21
2 17
20 18
6 0
8 28
10 18
23 18
1 6
21 22
1 10
5 6
28 16
6 13
28 25
1 18
22 9
4 1
7 27
6 8
8 0
4 11
12 27
28 13
11 3
1 2
29 4
18 24
8 26
26 15
17 19
28 5
11 13
20 19
11 1
25 25
9 9
25 8
19 23
16 29
26 9
27 20
16 27
6 4
5 17
0 27
17 7
4 10
8 18
27 12
19 13
20 5
26 7
13 22
24 22
2 2
11 7
23 29
15 9
9 28
21 12
4 6
22 26
14 22
29 11
11 12
22 13
18 9
0 10
14 11
13 12
29 25
27 9
19 1
23 12
16 10
12 26
14 13
9 8
14 12
26 1
15 2
18 3
7 8
28 11
20 8
16 2
13 1
10 16
26 26
21 14
27 21
9 13
10 28
8 14
5 4
