23 16 2
.......................
...T........T..........
.......................
..........T............
.......................
.T...............T.....
................T..T...
.......................
.......................
....T..................
.....T.................
......T...T..T...TT....
.......T......T........
..T....................
...................T...
...........T.....T.....
........TT.T...........
T.........T.T..........
.......................
...........T..........T
.TT.............T......
.T..T........T.........
.......................
8 7
20 21
12 3
16 17
17 7
2 21
22 16
15 2
16 12
16 4
3 16
17 16
20 17
14 6
16 7
15 10
12 9
4 17
11 19
12 13
9 20
9 17
2 16
11 21
11 6
2 10
19 3
10 10
4 9
8 11
17 5
13 20
18 5
20 12
21 15
17 22
13 11
15 14
12 14
19 9
8 17
12 1
3 12
17 8
3 11
20 2
19 2
9 13
6 11
8 10
15 11
8 8
2 12
8 4
4 6
18 4
9 21
12 0
2 4
14 10
13 12
6 13
9 8
7 5
8 12
21 16
3 7
20 14
9 2
11 3
15 13
21 6
13 2
6 6
3 21
4 5
8 18
13 1
9 5
9 19
12 20
18 8
11 5
1 2
7 1
6 12
1 1
0 7
13 0
13 3
6 15
19 14
0 15
1 10
4 14
16 10
8 20
11 16
9 1
19 10
18 13
13 21
7 21
0 3
16 1
0 10
11 15
5 6
13 4
19 12
18 9
5 11
4 8
7 13
16 15
8 16
16 19
2 1
20 4
21 12
6 21
13 10
7 2
4 3
2 20
20 6
2 11
16 6
5 7
3 1
18 20
7 3
15 9
17 21
6 10
14 17
3 3
6 2
14 7
20 0
10 8
1 7
22 6
5 4
6 7
0 8
5 5
3 18
1 19
9 22
1 9
7 10
15 21
3 22
9 9
1 11
19 8
18 15
1 13
17 18
10 21
22 5
5 8
4 22
10 19
13 15
8 5
6 3
22 4
3 15
8 6
0 12
14 21
11 12
8 2
10 3
12 4
22 15
7 16
4 2
20 10
16 11
18 6
8 3
13 8
5 10
2 8
16 0
9 4
18 7
3 5
19 7
2 18
6 5
7 4
3 14
15 20
11 0
7 15
10 1
16 13
20 15
11 4
9 3
3 20
9 18
21 21
2 22
3 0
16 9
3 13
3 8
11 17
10 0
0 22
18 19
7 17
4 12
5 16
1 21
15 0
6 14
9 15
11 20
17 1
1 17
12 7
18 21
1 8
10 18
19 0
22 7
0 4
13 18
6 1
14 11
0 9
14 19
21 3
6 17
20 20
21 4
12 11
19 13
4 19
22 19
2 14
14 12
14 3
8 14
14 14
17 0
11 22
10 17
5 0
2 5
7 18
19 4
17 12
11 7
11 13
22 8
22 17
19 1
2 7
7 6
17 6
15 15
10 12
8 13
5 17
9 7
1 14
15 16
15 6
1 15
2 19
2 2
22 9
12 17
0 14
14 22
5 19
5 20
4 7
8 21
22 1
20 5
8 9
10 11
12 21
12 12
9 16
18 16
11 18
14 20
21 2
2 9
16 8
21 9
15 3
12 15
7 0
1 5
12 16
14 0
8 0
17 9
15 4
4 20
13 22
13 6
1 12
0 5
10 5
5 2
15 5
0 18
20 8
3 2
0 2
0 19
0 21
0 16
20 1
15 19
22 14
10 22
20 18
21 8
12 8
22 22
9 6
18 1
12 22
0 1
15 8
12 18
11 14
1 3
6 22
20 19
22 3
16 3
6 20
14 13
20 9
17 2
13 13
3 19
22 0
11 11
4 10
16 5
6 16
17 13
19 19
9 0
3 10
21 14
14 1
22 2
21 7
5 21
15 22
14 2
8 22
7 11
8 1
17 15
6 18
14 4
10 4
7 19
21 0
7 9
19 16
9 14
21 10
12 6
21 11
13 9
17 14
10 20
10 9
18 10
5 14
4 16
13 16
5 9
1 6
8 15
19 11
22 21
16 22
14 18
19 6
20 11
11 9
22 18
18 18
15 1
0 13
3 9
7 8
19 5
0 0
11 2
21 22
11 10
19 17
18 11
2 17
20 22
21 19
7 14
16 20
21 17
21 1
7 7
13 17
2 3
17 4
2 0
18 22
11 8
6 8
19 15
16 2
5 1
7 12
22 20
21 18
21 5
5 18
4 15
13 7
8 19
12 2
21 20
19 22
7 22
20 7
22 13
16 16
4 0
9 12
18 12
15 18
17 17
0 6
20 13
0 20
13 14
14 16
19 21
7 20
6 9
1 4
12 19
14 15
10 15
6 4
18 14
17 20
5 15
5 22
4 11
13 5
15 17
19 20
18 2
17 11
10 2
1 22
2 6
18 0
14 5
16 18
4 18
17 10
17 3
1 20
15 12
12 5
0 17
4 1
4 4
14 9
9 11
16 21
22 11
16 14
22 12
4 21
12 10
9 10
21 13
10 7
18 3
5 12
2 15
4 13
1 0
19 18
10 16
10 14
17 19
20 3
13 19
18 17
15 7
10 13
3 6
14 8
22 10
10 6
5 3
3 17
1 18
1 16
11 1
2 13
3 4
20 16
6 0
5 13
6 19
