22 15 3
.......T..............
T............T........
.......T..TT.......T..
.........TTT...T......
T.....................
............T.T.......
.......T..............
..T...................
......................
................TT..T.
..T..........T......TT
.......T...T.T....T...
................T..T..
....T...T..........T..
....T..T..TT...T...T..
......................
.....................T
.........T.....T......
T.................TT..
............T.........
T.............TT......
..........T...T.......
8 10
15 18
16 21
6 0
14 14
7 17
3 11
8 8
1 7
19 11
16 11
3 5
20 6
19 21
21 1
1 5
7 11
10 19
18 7
9 13
14 10
19 12
12 5
9 11
11 4
12 4
11 12
8 5
8 18
15 8
5 5
17 17
19 15
14 8
11 1
15 21
9 3
21 3
8 14
19 14
19 4
5 6
1 20
5 7
3 18
7 21
6 10
16 17
0 8
6 3
4 13
11 21
12 1
12 8
0 7
17 5
4 7
11 15
9 9
5 10
19 5
8 2
14 5
16 2
10 15
8 0
6 15
19 19
1 12
7 18
6 20
17 8
20 19
18 2
16 8
21 2
19 10
6 7
14 2
8 17
3 21
6 6
20 20
10 13
2 9
10 4
17 12
19 16
18 21
13 1
12 7
12 20
0 15
3 20
21 16
4 21
19 7
6 18
21 8
4 14
10 6
7 7
14 1
12 19
7 13
6 9
13 9
5 11
1 0
6 2
6 11
17 13
21 9
11 11
7 8
3 17
21 12
2 13
9 4
14 7
18 8
0 10
17 11
1 10
13 12
4 6
7 5
6 1
15 11
18 12
9 2
19 13
0 14
12 21
16 3
14 4
6 14
6 4
10 5
18 9
1 17
8 4
0 17
8 12
17 9
6 12
20 16
14 9
9 15
5 12
14 20
4 8
12 13
20 13
14 12
5 9
3 16
7 1
17 20
1 19
12 11
3 4
10 21
5 16
9 21
13 19
10 20
9 12
10 11
20 4
14 19
5 3
13 20
17 15
9 1
18 18
1 2
13 11
8 7
4 0
17 7
4 20
2 2
6 13
19 17
15 5
11 20
7 0
11 0
15 16
21 7
6 17
16 13
2 18
10 1
14 11
0 0
6 21
7 19
13 15
1 4
3 13
20 17
20 15
1 6
2 12
1 15
19 20
12 17
16 18
18 10
8 16
9 8
8 20
5 19
7 15
21 0
0 9
16 15
16 6
2 5
8 1
3 1
15 0
5 2
1 21
12 18
19 8
15 20
11 5
12 0
11 17
21 5
14 0
1 1
20 8
9 16
16 5
21 10
7 14
5 0
19 2
5 21
15 2
11 10
4 2
18 19
18 17
14 17
0 4
2 17
9 18
0 20
18 3
0 18
9 14
1 8
20 14
3 3
11 14
1 16
8 11
19 9
15 17
1 18
17 6
11 7
15 3
10 0
15 9
16 16
21 14
13 18
8 15
0 1
4 19
16 20
16 9
13 6
3 9
2 1
2 6
2 15
14 13
8 19
11 13
2 11
21 11
13 8
18 16
21 6
9 6
10 7
17 2
19 1
21 4
16 1
7 10
12 9
13 2
7 4
18 13
21 21
0 21
10 12
4 18
3 6
2 3
16 7
5 15
14 3
4 12
0 5
15 15
15 1
6 19
17 18
13 21
13 0
18 14
18 4
20 3
20 2
2 19
19 6
10 2
5 8
12 2
17 14
7 9
13 17
20 9
17 19
11 3
12 12
8 9
4 11
0 12
5 18
11 19
7 20
4 10
11 9
17 1
10 9
16 0
18 11
5 14
9 5
21 18
9 19
16 10
6 5
20 1
2 8
10 18
14 18
3 0
1 9
14 21
0 6
2 7
13 3
3 8
11 8
7 6
3 12
0 3
9 7
4 1
13 13
8 13
20 11
0 16
10 10
7 2
15 14
7 16
10 17
20 18
4 5
20 5
9 17
12 16
8 21
20 21
21 17
2 4
18 15
19 3
1 3
13 7
21 20
12 3
9 0
11 16
3 10
13 14
8 3
4 15
3 2
7 12
13 10
17 0
18 0
3 7
4 4
3 19
8 6
2 20
0 19
16 14
10 8
2 16
17 16
2 10
15 13
20 7
15 6
4 9
1 13
16 12
5 17
10 16
4 17
14 16
3 15
17 10
14 6
9 20
11 2
17 3
20 0
12 14
12 10
1 11
21 19
3 14
1 14
19 0
15 19
10 14
9 10
2 0
10 3
20 10
4 16
6 16
12 15
5 1
18 1
5 4
4 3
18 6
18 5
21 15
5 20
0 13
11 6
2 14
19 18
13 5
14 15
15 4
21 13
15 12
6 8
11 18
16 4
2 21
17 4
7 3
16 19
12 6
17 21
13 4
13 16
15 10
5 13
20 12
0 2
15 7
18 20
