40 16 35
...................T......T.............
..............T.TT..T..T..........T.....
.........TT..T...T..T..T................
......T.T................T...........TT.
.T...TT......T....T.....T....T..........
...T.....T.....T...T................T...
...T......T.........T..T...T......T.....
.TT....TT.T.T.T.T.T.T....T..............
................T............T..T.......
...T...T....T..T........TT..............
.........T.T.............T.............T
...T.......TT...........T..T.......T...T
......TT..T...........T.......T.T.......
.....T..T..T.....TT...T.........T.T.T...
...T.....................T........TT....
T..........TT.T..............T..........
.....TT................T...TT...........
...T.....T.........T.T..................
..T.........................T...........
................TT....T......T..........
T..TT.....T............TT.T...T......T..
....TTT..T............T......TT.T.......
.................T..........T...........
..................T.T.......T..........T
T.T......T...TT.........................
.................TT....T.T......T.T..T..
T..................T.T....T.............
.........T...T.T..T............T.TT..T..
.TT........T..........T..........T......
.......T.T..T..TT.TT....................
T.................T......T..T..T........
T.......T...................T........T..
.T........T...T......T.....T............
...T..T..T.........T......T..T..........
...........................T........T...
......TT.T.......................T.T....
.........T........T..........T...T......
............T......T.....T...TT..T......
.TT..T.........T.....T......TT..........
.....T..........T...T....T..T...........
39 26
38 35
7 31
31 21
6 26
22 14
38 29
3 10
1 28
7 34
13 18
6 15
34 24
4 8
31 17
5 18
6 37
16 26
19 23
33 24
11 13
12 0
36 10
14 24
18 37
34 15
2 29
16 21
26 37
39 21
10 10
1 35
8 32
15 39
22 26
3 33
27 0
27 5
33 17
3 13
24 27
15 30
5 26
28 31
26 6
37 4
8 31
36 19
39 5
35 34
3 14
24 38
8 19
35 27
29 20
0 28
30 7
38 27
16 18
8 7
14 13
39 37
22 1
18 10
20 37
19 32
36 36
29 11
20 22
34 21
11 36
12 34
11 37
16 7
35 6
16 11
15 35
4 12
18 38
8 11
38 30
35 22
5 4
15 7
26 15
12 17
24 19
24 5
18 27
8 24
26 3
29 15
9 5
32 30
11 4
31 24
19 4
37 2
7 6
19 17
20 21
0 3
18 30
15 15
13 5
36 7
19 25
36 30
31 2
33 38
39 7
28 26
12 23
34 4
39 16
23 7
4 5
3 35
31 18
33 11
37 1
17 37
17 21
23 5
26 25
1 26
26 0
37 18
31 9
6 16
27 2
39 14
19 20
18 35
26 30
5 1
5 17
7 22
37 20
27 35
34 35
6 12
1 4
14 8
18 21
23 8
21 6
6 24
35 29
27 26
9 26
38 21
37 30
13 30
8 3
8 34
5 37
15 20
28 35
8 8
6 39
27 27
27 34
28 8
0 2
21 32
36 2
9 9
29 12
2 12
0 37
8 38
11 8
26 22
16 6
0 16
11 31
26 18
24 33
6 34
8 25
23 21
9 25
6 3
36 37
23 17
33 13
3 29
3 17
14 16
10 37
27 39
2 37
0 14
4 11
30 38
16 2
24 6
33 14
34 38
19 31
23 0
6 29
18 0
12 27
37 35
25 32
7 16
12 6
6 17
32 12
35 26
11 5
0 18
7 23
29 17
33 5
35 25
15 29
33 27
31 13
30 16
21 33
27 15
11 16
5 30
7 2
3 24
33 4
22 37
1 13
20 36
20 38
10 27
20 6
2 10
5 38
22 38
9 33
33 2
29 35
22 4
16 9
25 25
12 2
0 21
5 5
35 8
28 21
38 8
37 10
7 21
14 17
3 37
27 16
36 33
8 39
32 39
15 38
8 28
34 32
24 8
4 24
14 35
29 10
35 7
1 3
33 26
38 23
21 12
31 23
20 31
32 35
39 35
22 22
17 18
15 1
0 27
28 14
28 5
32 14
34 29
34 23
21 17
33 19
34 9
9 0
32 36
24 11
26 9
24 24
34 34
14 7
5 21
32 33
7 10
16 4
25 12
37 36
17 9
38 12
23 3
16 23
4 9
25 3
9 10
0 31
36 26
13 8
27 4
5 29
12 5
14 12
11 33
12 33
12 18
3 34
0 11
24 13
9 28
28 15
13 9
19 39
19 3
21 30
15 23
23 22
4 27
18 16
17 27
6 32
28 2
11 39
25 37
11 26
1 21
39 29
17 38
34 20
11 15
5 16
28 23
15 4
24 21
37 29
12 21
30 28
32 37
27 33
33 28
34 13
7 39
13 14
10 25
35 9
28 28
29 5
17 1
14 9
9 19
23 20
14 0
26 31
24 26
16 13
19 12
2 28
5 36
29 38
20 30
37 7
2 21
15 6
2 20
35 31
10 0
33 34
38 9
28 16
30 1
10 14
13 36
23 16
17 17
5 6
3 2
33 8
3 11
12 29
32 7
7 4
3 1
21 15
18 34
25 23
20 12
13 32
1 31
13 1
8 18
12 15
6 30
25 38
2 31
24 3
9 29
20 15
28 20
30 35
4 15
10 6
28 12
3 23
24 15
16 25
25 31
35 21
37 15
0 33
13 39
35 2
22 5
21 18
32 6
25 34
38 10
24 12
16 38
23 6
7 14
14 34
5 15
33 10
29 0
4 38
7 15
14 5
0 1
12 20
24 17
26 21
13 19
20 8
37 28
1 5
4 17
21 38
15 12
6 0
14 4
4 19
25 9
33 39
27 3
36 14
11 2
36 17
10 4
13 35
2 6
37 16
27 6
18 12
38 36
28 24
30 2
11 11
21 16
30 33
5 34
6 23
7 11
3 5
8 33
27 30
1 14
19 15
11 28
5 22
10 18
27 25
17 15
4 6
13 17
1 30
31 16
12 8
18 29
5 3
0 39
25 1
11 29
29 30
39 6
37 17
32 17
3 20
24 1
7 37
22 27
11 1
20 33
0 17
28 33
28 29
13 13
26 11
21 25
10 19
11 22
19 8
38 19
7 3
34 18
17 19
15 8
31 32
32 31
12 13
21 20
18 15
21 9
8 29
23 33
17 24
13 16
24 0
7 0
24 23
5 12
8 14
18 8
7 5
6 19
20 34
22 12
14 21
32 26
37 38
17 23
21 22
10 8
21 4
4 26
5 2
29 13
39 18
6 18
22 24
32 9
25 39
23 2
37 25
15 32
13 11
29 36
5 33
11 7
6 10
23 28
12 31
20 24
26 13
9 37
22 35
6 6
18 7
7 36
12 35
10 34
38 4
7 29
25 28
19 26
39 22
0 32
11 10
21 23
35 23
24 35
15 16
16 33
25 35
35 11
32 11
14 10
22 34
26 28
20 0
8 37
36 3
3 12
32 29
31 36
14 1
39 4
16 5
35 12
38 15
20 35
28 6
6 33
17 12
22 6
35 13
31 19
14 6
23 34
37 23
36 5
30 12
7 33
19 33
11 27
31 31
2 17
11 35
25 33
17 20
36 8
26 26
30 8
4 2
23 12
27 38
12 10
32 2
26 38
10 5
13 20
7 26
13 4
14 14
25 36
13 34
4 35
0 6
29 2
0 4
20 26
10 39
12 28
29 29
23 25
18 20
36 22
10 9
16 16
38 28
8 36
37 37
29 22
29 4
17 13
0 22
18 11
1 18
2 1
19 5
32 15
13 31
19 19
33 7
12 19
16 17
3 6
33 33
26 27
24 25
15 10
37 14
16 35
39 34
23 39
7 18
11 19
0 35
26 10
7 38
7 8
27 18
9 3
35 37
4 20
13 29
37 27
27 10
17 25
28 25
28 32
3 0
0 5
35 14
34 1
28 13
3 22
16 24
2 7
13 21
7 35
37 9
38 34
10 15
0 9
37 6
1 12
19 34
4 7
22 33
17 26
14 3
10 30
22 30
0 38
37 12
31 38
20 29
18 32
22 0
7 27
1 27
34 27
34 22
0 15
36 12
35 28
32 32
22 21
38 13
7 13
2 36
29 21
15 33
9 38
12 26
36 21
25 5
10 33
22 29
39 32
24 16
23 37
33 25
11 14
21 28
23 26
19 22
18 19
37 33
21 19
10 13
3 31
32 19
19 18
17 34
33 37
33 9
23 35
18 18
4 25
25 6
29 18
9 1
1 10
6 5
17 8
12 9
4 29
27 22
24 37
5 23
30 31
10 23
38 39
23 29
1 15
11 3
38 0
10 31
33 0
15 36
23 11
7 9
33 15
34 30
26 23
23 18
20 1
35 24
5 25
16 20
34 3
6 2
2 0
38 37
1 1
17 11
17 2
31 5
35 38
1 36
35 35
22 23
12 39
35 19
16 30
10 28
6 9
8 12
20 27
29 25
28 38
34 39
29 23
16 31
25 16
1 22
20 23
13 3
31 7
15 31
25 4
3 7
4 3
26 32
5 8
36 29
5 32
32 28
13 38
33 32
0 10
24 30
2 14
32 5
15 0
29 19
23 38
8 27
37 0
21 21
21 0
20 2
15 13
23 15
2 18
15 14
11 32
20 9
12 38
17 6
38 32
22 2
9 30
31 22
39 23
1 17
38 31
32 0
18 9
4 13
12 22
23 23
13 27
18 13
22 11
9 16
3 19
30 22
28 30
2 22
26 34
18 25
1 23
4 16
24 20
12 3
21 11
26 29
35 1
36 32
2 8
33 35
34 2
8 23
17 10
23 9
25 21
11 0
7 24
16 12
19 16
10 11
14 38
37 5
12 36
5 39
20 13
0 19
37 22
22 13
36 24
29 26
36 9
6 28
16 36
7 12
33 1
10 12
34 36
24 22
2 39
30 36
33 31
39 38
27 7
32 25
39 28
27 8
13 28
0 0
30 11
2 27
9 39
39 10
16 1
1 39
8 0
1 6
29 31
8 22
10 2
36 4
17 22
34 28
14 28
26 12
21 7
8 5
13 6
23 24
36 0
30 24
0 30
8 1
14 31
5 11
8 9
20 28
19 0
5 27
22 16
35 36
3 38
24 28
36 34
14 23
2 11
38 14
6 13
34 31
11 24
10 32
29 34
2 34
22 18
33 16
29 24
28 36
21 37
19 21
22 3
2 25
4 34
38 22
4 31
14 11
7 19
30 18
35 18
25 18
31 33
13 15
8 10
12 11
14 22
13 0
2 4
27 21
39 15
10 21
4 4
15 25
8 21
22 39
15 26
25 7
34 11
33 36
20 20
19 2
29 28
9 2
26 17
14 26
12 7
0 7
1 24
38 11
24 4
31 34
9 11
6 21
37 26
12 4
32 18
5 20
26 35
6 38
1 33
9 23
17 30
14 37
14 2
32 38
4 22
31 28
8 4
19 6
1 16
10 1
24 7
4 0
29 1
2 3
28 34
20 32
24 31
30 10
3 27
13 25
21 26
23 30
2 23
21 2
38 17
8 20
31 26
27 17
10 29
17 29
15 11
6 31
27 32
32 8
16 8
11 9
32 10
3 25
1 0
37 8
11 21
23 19
2 24
20 17
9 24
36 35
29 8
31 11
16 22
25 8
8 13
39 0
22 31
28 39
17 4
35 39
23 36
31 6
9 6
30 13
31 14
9 17
30 9
20 39
31 0
2 33
4 36
30 15
28 9
10 38
5 24
31 35
4 23
24 2
9 35
9 21
28 7
6 4
39 11
39 3
6 20
2 26
5 19
31 37
0 12
5 35
15 28
16 14
23 31
36 23
21 1
28 3
0 24
30 4
32 27
5 14
11 18
39 20
18 1
37 39
1 32
16 28
38 16
0 36
7 20
6 25
38 7
30 23
19 30
29 3
13 37
9 14
36 16
9 34
19 9
0 29
18 4
29 16
21 31
1 11
33 29
21 39
8 26
30 34
38 33
16 29
16 19
26 24
22 9
7 25
28 4
19 37
18 26
24 14
35 0
11 17
15 22
34 12
32 20
29 7
10 20
27 20
34 6
29 33
30 26
29 6
39 31
30 21
30 0
36 31
36 28
8 17
2 19
38 24
8 35
26 14
10 7
27 23
36 25
31 29
7 28
1 9
27 36
25 11
19 11
18 24
7 32
3 32
9 12
28 0
26 5
30 39
13 22
18 5
3 18
17 3
7 1
16 34
9 13
9 18
16 39
34 14
12 32
3 21
8 6
0 34
13 12
23 1
38 20
2 35
36 18
35 15
4 10
34 5
2 16
25 10
7 30
32 3
12 24
39 27
20 18
15 17
36 11
37 24
19 29
7 17
39 2
37 21
23 10
0 25
15 27
12 37
1 19
39 19
34 33
20 5
3 3
38 26
31 15
6 36
32 13
33 23
29 27
17 5
8 30
32 4
24 9
36 1
9 7
21 8
4 32
2 5
14 27
33 21
17 14
31 39
6 27
10 17
25 15
3 39
25 22
35 5
14 18
22 36
12 14
28 11
33 18
25 13
19 7
20 7
21 5
4 39
34 7
25 30
20 16
12 1
17 36
4 33
2 30
21 3
17 0
6 7
25 29
5 31
2 13
36 6
24 32
12 12
39 24
13 7
17 39
33 22
10 36
20 4
11 6
16 15
32 34
22 19
25 19
21 36
18 14
28 37
30 25
38 18
9 27
15 2
22 10
9 15
39 33
5 0
26 1
11 23
20 25
26 2
36 38
9 20
25 20
3 8
18 6
13 10
12 25
1 20
10 24
30 19
11 30
25 17
16 27
31 25
17 35
8 16
37 13
13 2
4 1
15 34
30 27
14 15
37 11
1 37
27 37
6 14
35 10
31 8
10 22
3 28
26 20
39 9
30 6
27 11
35 30
28 27
30 17
3 30
32 1
31 20
31 30
36 13
25 24
17 16
15 18
4 30
1 2
21 24
26 33
32 16
31 27
14 39
35 20
28 22
21 14
25 2
5 28
1 8
30 30
36 15
0 23
37 34
9 31
1 29
11 12
37 19
24 29
33 20
29 39
39 1
29 32
23 4
37 31
10 16
18 3
24 18
36 20
16 0
24 34
27 29
25 26
17 33
35 3
25 14
19 28
6 22
35 33
27 1
10 26
38 25
14 30
5 7
1 25
34 10
22 7
21 10
23 14
23 27
21 34
6 8
30 5
23 32
8 2
34 16
6 35
34 17
24 10
21 29
34 8
34 0
19 27
39 17
32 21
35 16
34 37
27 28
11 38
30 3
20 19
14 32
20 11
38 38
24 36
29 37
18 28
18 17
33 30
27 24
17 28
2 9
18 33
25 0
33 3
5 10
9 4
31 1
4 21
4 37
35 17
24 39
26 7
2 2
39 12
36 39
19 13
10 3
30 20
38 5
16 3
5 9
15 9
14 19
39 36
11 34
16 37
20 14
39 39
9 32
10 35
15 21
38 2
27 31
38 3
13 26
26 4
32 24
13 33
34 19
29 14
4 18
27 13
9 36
11 20
27 9
30 29
19 10
1 38
17 32
38 6
31 10
9 22
27 19
27 12
0 26
8 15
19 24
34 26
26 16
20 3
4 14
21 27
22 25
18 36
35 4
30 32
15 37
31 3
13 24
16 32
33 12
19 14
28 17
12 16
5 13
2 15
18 2
35 32
26 39
22 15
29 9
1 34
28 10
6 1
3 26
22 17
25 27
15 19
31 12
33 6
18 39
37 32
3 4
3 36
19 36
31 4
22 8
7 7
20 10
0 8
3 9
15 24
39 25
39 13
2 38
16 10
30 14
0 13
36 27
28 1
4 28
26 19
30 37
28 19
32 22
19 38
11 25
38 1
23 13
18 31
2 32
26 36
3 15
26 8
14 20
14 29
15 3
19 1
14 33
32 23
34 25
21 13
18 23
22 20
39 8
15 5
22 32
18 22
12 30
21 35
28 18
22 28
19 35
27 14
13 23
6 11
9 8
17 31
37 3
17 7
14 36
14 25
1 7
3 16
39 30
