22 18 14
.....T................
....T...............T.
......................
T...T......T....T....T
...T..................
.....T..TT......T..T..
..T.....T...TT...T....
TT................TT..
......T.T......T......
T...T..T.T...T......T.
...T.................T
..................T...
..T..T.T..T....TT..T..
.T.....T.........T....
.TT.......T...TT......
..................T...
.........T...T..T.....
.............T.....T..
T....T............T...
..............TTT..T..
....T.T..T............
T...............T....T
9 1
18 18
1 7
10 20
10 21
17 13
5 19
6 8
21 16
14 4
16 3
14 9
14 5
5 17
18 12
1 13
9 21
18 3
14 20
2 17
8 8
7 15
21 21
8 19
20 0
3 7
2 11
14 16
2 14
13 13
20 10
18 4
4 12
17 5
19 12
11 21
4 9
8 13
11 0
17 6
5 4
7 4
19 3
20 12
21 15
15 11
10 19
4 8
5 1
0 15
14 18
21 3
10 16
19 18
8 11
18 8
9 18
1 0
13 14
18 7
20 7
19 14
17 8
0 12
2 1
21 10
7 17
0 17
7 18
4 20
21 8
7 7
3 16
19 21
3 14
15 12
13 20
19 4
0 10
19 0
2 16
21 13
0 16
20 15
12 2
3 15
19 8
17 15
12 1
7 16
1 14
18 17
5 20
16 4
8 4
8 5
14 6
1 11
12 9
9 9
16 7
16 2
20 6
6 1
21 0
6 11
4 5
10 9
12 15
7 20
8 9
15 8
18 19
9 6
18 10
6 0
13 4
17 17
6 3
5 3
18 11
18 6
4 4
10 6
5 7
20 21
9 13
13 6
1 3
11 19
9 17
6 20
15 0
21 14
9 15
21 9
20 5
4 1
12 12
6 15
3 8
18 2
11 1
1 20
11 12
11 4
13 5
9 19
3 4
2 5
0 0
7 12
7 9
3 2
2 3
0 18
11 10
5 8
17 9
3 18
2 8
3 17
8 16
10 0
0 1
2 6
16 6
10 2
4 7
8 1
15 9
9 2
2 2
21 17
12 16
1 8
15 17
21 7
10 8
6 4
11 18
10 4
12 21
13 12
7 6
5 0
4 18
13 9
1 19
14 2
18 21
1 6
21 11
3 12
13 16
13 18
6 14
16 16
16 18
2 19
9 3
3 6
2 12
10 13
19 2
10 18
16 21
0 20
17 4
16 19
10 10
19 5
16 0
18 14
20 8
7 13
4 6
4 10
9 8
21 19
8 21
7 11
0 14
0 9
14 3
0 4
14 17
21 6
16 11
11 2
4 13
20 17
16 17
10 3
16 13
11 15
2 13
19 1
12 7
2 7
16 9
12 5
21 2
0 7
13 17
1 15
21 12
3 13
18 13
17 1
13 7
14 11
3 21
17 10
20 19
11 13
17 0
14 21
8 17
13 3
19 19
4 16
1 21
2 0
10 12
19 13
17 20
14 8
10 17
9 7
7 3
2 15
20 14
4 17
15 10
6 17
12 14
15 16
19 7
14 15
17 12
17 16
13 1
5 9
17 21
5 16
15 2
18 15
6 9
2 20
7 2
9 16
11 16
19 11
11 6
11 8
2 10
19 9
15 7
4 3
9 0
19 17
18 5
6 5
15 4
21 20
12 17
5 12
1 17
2 4
10 1
0 21
1 2
6 19
17 18
17 3
18 20
0 6
8 2
8 3
6 7
0 13
16 10
8 15
13 0
21 4
20 4
3 3
6 18
15 20
15 21
3 1
4 15
4 14
17 7
14 1
14 0
11 9
4 19
6 16
8 18
2 9
6 12
3 19
7 0
17 14
20 16
16 14
10 7
5 6
1 16
7 21
9 11
14 12
12 13
14 7
9 4
18 16
1 18
10 11
1 1
6 13
20 3
20 13
9 10
11 20
1 9
3 0
5 10
19 6
5 21
3 10
13 21
3 11
10 15
0 3
4 2
4 0
18 9
15 18
10 14
17 2
8 20
21 1
12 19
15 14
0 8
1 5
15 19
7 1
12 18
16 8
21 18
19 15
13 2
13 11
8 0
8 14
16 5
17 11
20 2
20 11
15 1
3 20
20 20
7 5
6 21
5 5
13 8
9 12
19 10
1 4
13 15
0 5
14 14
12 3
16 12
12 20
0 19
16 20
4 21
5 2
2 18
6 2
13 19
13 10
14 13
16 1
11 14
12 6
7 14
11 11
8 6
8 12
5 15
20 18
12 11
19 20
2 21
5 18
3 9
14 19
11 17
1 10
12 8
11 5
16 15
3 5
12 4
7 10
15 3
12 0
1 12
8 10
7 19
20 9
12 10
14 10
19 16
18 0
18 1
10 5
15 15
20 1
5 11
15 13
11 3
5 14
0 2
8 7
5 13
15 6
21 5
15 5
7 8
4 11
6 6
9 5
9 14
9 20
17 19
11 7
6 10
