28 16 23
..T....T..................T.
.....T.T....T...T...........
............T.T.T..T.T......
..T.......T....T............
..........T...T...TT...T....
............................
.......T........TT..........
...........T.............T..
.......T.....TT.............
.................T.....TT...
......T..................T..
......T.T...................
.....T.T..TT................
..................T.........
TT........T.................
...TT.T.T.......T........TT.
.......T....................
...........T................
............................
...T.............T.....T....
............T...............
.....................TT.....
...........T................
.....T......T..T.TT.........
.................T....T.....
.................T..........
.T...T.......T..T.T.........
...T..T..T........T.T..T..T.
5 20
15 10
20 24
0 24
6 12
15 6
14 23
20 3
13 4
7 9
25 7
26 9
9 26
22 6
25 20
20 5
13 17
20 6
23 3
3 26
5 19
2 1
5 16
2 16
9 12
19 7
1 5
1 2
13 11
22 20
22 26
6 3
17 5
15 8
22 8
23 7
9 7
23 27
2 11
21 7
26 11
10 9
3 25
20 2
7 16
7 5
4 15
16 18
9 19
14 9
18 16
27 1
11 12
5 24
13 2
16 15
16 16
25 25
4 14
18 14
3 11
26 18
1 0
26 12
15 12
1 19
15 17
10 21
18 4
13 7
27 4
15 9
9 21
9 18
14 21
21 4
4 0
18 0
23 18
1 15
10 15
17 25
20 13
23 15
25 2
16 24
15 25
13 21
0 9
13 27
0 0
23 11
12 14
8 15
17 23
11 25
9 2
27 10
7 4
19 27
14 11
21 20
4 6
26 8
15 7
1 17
8 5
11 23
13 10
17 7
20 21
19 21
8 24
5 23
20 23
24 21
7 27
8 3
4 9
25 19
7 21
10 26
21 9
22 27
21 8
15 18
19 14
9 6
0 26
14 6
7 10
19 11
17 14
12 15
4 1
2 17
24 7
18 24
17 13
25 24
22 13
26 4
23 17
22 22
9 23
24 19
10 4
11 3
5 21
26 27
3 10
23 16
21 17
16 22
11 7
10 16
2 7
20 1
3 17
2 12
12 21
0 6
1 26
13 16
7 22
11 16
6 6
0 7
24 17
1 3
20 16
24 5
18 23
8 18
13 3
11 8
7 12
25 3
4 16
23 0
0 25
3 6
11 18
3 0
13 9
1 10
19 4
8 8
17 17
18 27
10 11
25 4
12 5
3 27
19 24
7 8
5 7
17 9
15 1
23 5
9 13
25 5
6 19
19 5
18 3
10 2
11 2
27 26
14 27
9 24
20 14
21 23
26 14
1 27
7 7
2 8
4 22
10 22
20 0
1 18
6 11
13 19
5 9
17 4
16 23
4 17
0 13
12 3
11 4
26 19
12 26
7 23
14 22
21 12
3 12
6 8
25 21
18 12
21 16
6 25
12 22
0 18
14 0
19 1
1 7
10 0
15 21
8 2
3 22
21 5
17 26
2 2
23 22
25 17
21 24
9 14
11 27
0 11
24 14
21 1
8 26
18 15
4 8
25 8
19 19
18 1
8 6
16 3
16 17
4 12
22 16
27 21
1 14
9 25
9 15
13 22
15 14
19 10
24 20
4 19
22 19
0 1
6 23
22 14
23 19
7 13
22 10
12 0
16 4
26 22
1 9
15 4
18 26
0 17
14 20
8 21
19 13
12 27
13 15
17 24
16 25
6 14
19 12
22 1
21 19
20 10
24 12
23 6
5 4
22 3
0 10
2 26
2 25
25 18
13 6
10 23
19 23
21 25
13 1
0 27
23 2
16 19
18 5
23 10
5 27
8 1
5 18
18 19
21 6
6 4
27 14
12 2
4 3
25 6
5 0
14 13
5 6
22 24
12 8
19 26
23 20
9 22
12 23
13 18
10 27
3 23
9 3
7 24
3 16
20 26
8 9
26 20
18 11
4 24
11 1
6 13
23 8
10 5
9 9
22 5
24 15
5 1
21 0
24 18
5 14
17 2
19 2
21 21
5 5
1 23
18 9
21 11
13 0
9 20
24 2
13 23
2 3
13 12
2 15
10 24
9 4
24 11
7 11
4 23
19 9
6 9
27 16
25 9
8 25
18 18
20 9
6 17
16 14
21 18
0 22
11 14
27 15
26 13
18 17
25 13
11 21
7 1
1 16
1 22
19 0
4 27
17 11
3 7
23 1
24 13
18 10
19 16
6 18
4 26
6 2
12 13
17 20
10 18
27 19
16 13
11 5
15 15
5 2
10 3
3 1
6 16
27 18
6 27
26 0
9 27
27 9
15 11
15 2
12 16
1 13
17 18
12 19
3 3
18 8
7 3
5 15
4 13
15 24
22 2
7 18
24 8
11 11
26 1
13 13
11 19
27 22
27 13
23 24
5 17
11 0
7 6
20 19
23 23
17 16
25 1
14 12
10 12
24 6
0 23
13 26
9 16
7 14
21 10
9 17
24 25
1 1
4 25
18 25
9 5
25 14
23 9
10 7
4 18
14 15
8 23
14 17
26 2
11 20
8 12
16 7
2 0
19 25
6 1
18 7
20 11
24 4
13 24
8 4
1 21
10 10
4 20
17 21
17 22
14 8
18 20
7 0
17 27
15 5
8 20
14 16
14 7
7 2
4 2
8 11
14 4
26 26
6 10
12 12
1 20
24 1
22 23
15 20
10 1
10 20
20 22
14 18
12 20
16 9
7 17
6 26
2 18
17 8
25 22
25 0
15 16
11 26
26 6
27 7
12 7
25 16
26 5
18 22
20 15
1 6
26 23
21 3
14 5
24 26
4 10
2 14
6 15
21 27
2 6
11 22
21 15
21 13
14 19
11 15
5 13
5 25
16 6
5 26
0 5
1 12
19 17
0 3
16 0
22 0
23 26
17 12
5 11
1 24
20 27
0 2
26 24
4 5
1 4
14 10
22 18
5 12
3 24
23 25
3 4
20 20
3 9
6 0
27 11
1 8
12 18
8 19
24 10
1 11
19 6
12 1
5 8
25 15
9 8
0 8
8 17
4 7
4 21
24 23
13 5
2 19
16 10
14 14
0 20
0 4
15 19
19 18
8 14
11 13
24 0
25 23
17 19
12 4
20 25
3 14
22 9
20 17
26 17
27 25
19 3
2 4
24 27
19 20
15 3
5 10
15 27
26 7
8 22
20 7
25 26
18 6
24 16
26 21
23 21
3 21
14 25
27 17
25 27
4 11
3 5
19 15
3 15
17 6
12 6
12 10
13 20
7 20
6 5
11 24
16 5
3 8
16 26
3 18
22 12
0 21
2 20
16 1
12 17
3 19
6 20
8 16
27 3
14 26
8 13
7 19
16 11
6 21
22 4
2 27
24 9
7 25
15 13
13 14
27 8
13 8
12 9
26 15
16 8
16 20
2 10
6 22
24 24
14 24
17 1
19 22
27 23
17 0
15 22
3 2
21 22
9 10
10 25
2 5
27 12
3 13
7 26
9 1
2 23
0 12
16 2
21 2
13 25
10 8
27 0
2 13
9 11
11 6
18 13
27 24
23 12
12 11
11 10
26 3
22 7
0 15
23 14
25 12
8 7
22 17
2 22
24 3
21 14
5 22
0 16
2 9
10 19
12 25
9 0
27 20
27 5
23 4
12 24
17 15
4 4
11 17
8 10
17 10
10 17
22 11
18 21
14 3
1 25
25 11
22 15
15 26
0 19
6 24
25 10
26 10
2 21
26 25
22 25
10 13
27 2
22 21
3 20
8 27
19 8
17 3
26 16
6 7
2 24
16 27
24 22
20 18
27 6
27 27
5 3
11 9
16 21
7 15
18 2
10 14
15 0
14 2
21 26
20 12
10 6
14 1
20 4
15 23
8 0
20 8
16 12
23 13
