37 16 0
.........T......T....................
.............T.....T..........T..T...
......T.........T........T.T..T......
......T.....T...................T....
....TT....T..T..T..TT.....TTT....T...
.....T..............................T
..........T..T.......................
.TT........T....T......T......T.T....
.........T.....T..T.T........T.....T.
...T..T......TT......T..T..T..T..T...
........T..T.....TT...T...T...T..T...
..T.T..T..........T.....T............
....T...........TT...T.T..T...T......
.....T....T......TT.....T....T...T...
T.T...T.T..T...............TT.......T
...T....T..T...............T.........
..TT......TT....T.T.TT...........TT.T
.....TT..T.......................T.T.
.T.......T..T.T....T.....TT......T...
....TT.TT........T...........T...T...
......T....T.............T....T..T...
..TT.......TT.....T..T......T........
.T....TT.T.....TT.......T....T..T...T
T..................TT.....T..........
.......T.T........T.T...........T...T
.T.....T.............T...T..T..T.....
TT.T....T..T......T.........T.TT.....
T...................................T
.......................T...T.T...T...
....T........T.........T.............
T..T.........T......T...T........T.T.
..TT.......T.....TT.....T.......T...T
.T.....T..............T...T..........
..............TT..........T.......TT.
.......T..............T.......T......
.............TT.T.T...T..........T...
....T............T..T........T.T.....
4 36
11 8
12 10
23 27
9 31
17 12
6 33
35 23
30 17
35 8
32 14
32 32
7 33
11 14
16 5
12 31
11 2
2 18
24 18
22 16
34 5
24 2
24 19
15 11
18 13
35 29
8 21
33 2
2 7
24 11
25 29
3 23
26 34
14 19
3 4
36 15
2 9
20 2
20 9
0 36
24 15
36 14
4 13
13 32
3 15
24 9
34 19
15 15
34 8
6 24
2 6
22 14
36 7
33 30
14 15
32 26
14 8
16 10
36 25
25 21
23 7
11 33
12 4
28 14
17 23
22 24
14 31
11 36
32 20
7 21
23 15
12 29
8 24
3 6
29 26
34 27
9 15
30 5
27 0
14 25
33 4
7 19
31 6
26 26
18 8
21 16
0 27
6 34
11 13
18 14
22 3
24 27
3 31
15 16
11 6
8 7
0 3
6 31
9 28
6 32
4 5
31 27
13 21
7 28
9 20
23 8
33 13
31 30
0 11
26 13
6 27
20 1
27 36
25 36
26 5
4 6
10 29
1 7
17 35
35 32
24 29
31 15
26 35
6 8
18 20
27 7
0 16
18 18
26 16
5 16
36 8
22 34
29 35
24 14
13 6
9 36
3 36
14 28
32 12
34 29
9 26
29 33
35 19
10 28
32 4
10 14
17 0
14 23
2 16
8 31
19 21
29 1
28 17
35 28
6 16
20 30
19 10
27 24
27 21
18 2
20 6
36 2
30 23
36 31
1 29
5 5
9 7
35 31
20 29
25 11
17 9
33 33
2 30
19 19
4 2
26 29
30 8
16 27
10 11
10 15
27 10
25 19
32 25
36 26
11 5
13 16
13 20
31 34
29 17
20 34
30 4
0 9
36 35
19 36
12 28
12 18
22 21
26 25
8 30
33 27
16 18
12 24
33 16
34 1
18 28
17 3
7 13
4 0
23 34
12 1
1 6
0 10
34 28
2 29
16 6
28 3
27 8
17 24
34 3
34 15
16 34
26 36
29 19
21 9
28 1
11 19
16 16
30 28
6 22
23 12
3 18
22 29
17 8
6 11
1 10
11 22
29 24
26 14
33 7
1 17
13 29
20 0
4 3
11 7
4 4
2 1
18 26
27 5
28 35
31 7
5 10
4 12
10 36
17 33
3 25
17 27
16 11
32 23
16 21
27 17
24 33
30 7
21 28
10 31
32 6
33 6
10 7
21 26
35 12
8 11
13 3
1 24
5 20
34 22
31 24
4 32
28 4
31 5
5 3
27 19
7 24
15 21
7 1
2 20
29 20
36 12
32 30
19 30
18 22
10 13
19 7
11 26
12 32
27 3
3 8
31 1
9 9
18 23
3 20
19 8
10 23
14 6
7 20
30 10
29 27
33 23
36 32
8 3
24 25
8 14
21 17
34 11
2 31
35 13
15 7
16 3
7 16
36 5
25 23
27 9
34 36
2 28
10 6
22 15
15 35
11 11
20 20
1 20
7 7
32 21
13 17
6 30
12 15
35 36
32 28
28 30
14 9
23 6
1 3
11 18
17 13
15 12
24 0
12 26
13 11
0 26
2 32
4 9
5 35
26 21
15 26
33 9
35 14
1 1
36 3
11 17
25 0
34 4
13 25
26 30
23 33
22 22
23 28
29 16
1 15
16 24
28 6
5 33
3 35
0 29
19 35
28 10
5 9
12 6
9 11
26 12
29 9
14 10
19 22
24 16
25 28
29 31
29 25
34 2
18 16
11 3
25 26
10 22
28 13
21 20
2 27
0 19
35 3
22 33
27 12
11 30
35 5
25 2
26 18
13 7
0 22
1 31
15 30
1 18
35 2
28 8
22 1
14 29
14 17
7 36
23 23
2 33
4 7
25 16
7 15
0 14
35 0
22 11
28 22
24 7
7 18
6 13
6 36
34 33
0 13
23 5
1 21
16 12
28 9
29 22
9 32
12 23
24 31
2 24
12 3
1 35
12 0
13 24
32 24
31 23
30 32
18 3
15 23
19 16
13 4
1 14
2 25
17 25
2 34
2 11
20 35
15 1
28 15
27 28
4 11
13 12
0 34
24 28
36 10
32 5
6 10
23 19
35 6
2 17
10 30
0 23
3 0
17 20
11 21
30 22
7 11
33 18
16 35
5 36
4 28
4 29
9 3
13 26
3 16
22 32
26 3
24 10
1 5
9 22
5 19
33 21
22 19
17 36
33 25
14 33
28 12
9 19
31 19
25 15
10 24
22 35
21 30
19 23
28 0
36 16
20 19
2 26
29 8
20 21
31 9
3 19
35 34
9 1
31 29
27 14
21 33
1 22
5 7
2 14
32 0
21 1
30 26
12 5
18 12
14 0
8 18
30 19
36 33
27 16
6 18
24 23
5 1
8 20
30 33
16 2
7 25
2 21
7 2
15 28
6 4
13 22
29 6
23 11
35 25
19 9
26 11
18 33
36 22
23 30
11 24
23 4
4 19
13 30
11 32
1 33
34 32
8 32
15 34
21 3
0 8
23 32
19 0
35 22
14 24
17 14
17 29
3 33
13 8
24 36
28 5
13 36
27 20
5 17
25 10
2 35
1 13
26 20
27 6
9 5
19 3
8 36
7 12
20 5
0 6
25 25
20 17
24 26
27 15
26 28
20 13
4 22
0 1
14 13
1 27
10 33
8 6
1 4
26 32
17 28
36 13
1 25
15 6
12 33
2 8
0 5
17 7
1 19
4 25
20 27
27 1
21 13
0 20
5 32
6 3
0 25
31 26
4 27
4 26
36 30
5 25
21 11
16 1
7 35
8 26
23 22
20 16
11 23
29 23
32 22
10 32
26 6
34 0
14 36
4 1
3 5
33 15
34 16
8 19
24 3
2 10
24 5
30 6
11 0
16 17
33 12
4 35
3 11
6 2
5 27
5 26
35 18
2 5
3 29
0 15
30 14
25 13
29 4
14 11
7 23
9 10
19 28
11 9
15 10
25 12
1 11
9 4
5 34
33 24
24 24
5 30
20 4
30 11
19 20
14 5
13 10
23 13
6 14
28 18
11 28
13 2
36 0
5 14
33 19
31 25
18 34
31 10
2 12
3 14
8 2
5 29
23 18
20 31
4 23
35 26
18 4
1 26
23 25
8 23
29 0
20 33
9 8
36 6
23 24
32 2
0 2
3 34
10 10
22 10
15 36
29 34
32 10
19 18
18 36
30 9
18 35
21 32
8 9
33 14
16 22
27 33
11 25
7 9
33 22
1 8
18 15
27 18
10 20
13 13
0 32
36 29
21 15
22 6
8 35
31 16
16 31
6 23
16 0
10 19
15 4
21 6
14 34
23 20
21 31
34 34
11 12
0 31
34 7
9 27
8 16
3 10
12 20
16 14
3 27
6 5
19 13
2 22
22 17
8 10
13 5
23 9
12 16
7 31
28 25
6 7
21 10
20 10
29 30
31 3
18 17
16 36
31 22
0 24
32 34
19 5
25 32
7 10
19 31
28 24
26 19
5 22
13 23
30 1
11 27
14 2
9 6
11 31
30 13
13 0
29 21
28 32
4 15
20 15
1 0
32 31
23 21
3 24
31 17
8 27
5 23
22 25
23 17
17 6
18 30
33 35
21 8
17 17
5 6
32 36
17 31
14 21
6 35
34 24
32 3
15 24
26 2
25 9
31 35
36 9
10 18
32 27
11 20
16 29
27 4
33 36
6 9
1 12
17 2
20 12
17 16
27 27
17 34
35 17
30 20
18 24
23 36
31 33
18 27
34 6
32 15
21 24
9 30
23 3
21 35
14 12
0 7
4 17
9 18
14 14
18 6
12 9
27 11
26 15
8 29
35 33
4 16
22 7
35 7
7 3
4 31
34 17
15 14
6 17
6 21
26 4
3 30
4 14
16 19
14 35
1 23
15 2
5 2
25 1
9 14
28 2
9 23
24 12
28 7
16 26
19 32
5 13
19 25
32 9
16 33
1 2
15 33
21 29
28 28
25 14
21 36
7 4
5 15
35 11
32 8
10 8
17 15
19 26
23 0
1 36
25 7
1 30
21 14
30 16
28 29
36 21
10 4
34 12
7 30
22 20
19 11
12 7
26 22
13 19
8 28
34 35
32 1
20 25
30 25
33 10
18 1
12 11
17 22
26 31
29 32
30 30
11 15
29 36
7 17
19 33
21 23
19 17
33 28
4 18
23 35
14 4
27 26
36 27
9 34
16 7
23 2
6 19
8 0
7 5
22 31
29 10
4 24
10 34
23 16
18 21
17 11
10 16
22 0
4 10
21 18
10 9
33 29
14 26
36 19
24 8
2 15
19 4
8 25
11 1
30 27
1 9
28 31
33 8
33 5
21 4
16 4
24 20
10 26
29 2
12 19
13 34
6 29
36 20
21 5
14 20
17 1
1 32
30 36
15 18
35 16
15 22
12 22
4 20
33 17
9 2
18 10
24 34
18 19
26 24
34 30
35 20
31 32
20 28
8 8
19 12
34 10
35 1
23 31
17 26
24 35
34 21
5 31
29 7
34 9
15 8
33 34
10 21
30 29
17 30
24 1
31 14
26 10
24 6
18 7
22 8
19 6
31 8
20 32
27 31
15 32
19 2
16 23
14 18
1 34
21 7
3 21
34 18
31 36
31 18
34 20
32 29
35 24
14 30
31 0
8 15
32 17
34 23
18 25
27 32
14 7
0 4
14 32
24 32
31 21
30 34
17 5
21 22
7 29
11 35
25 17
8 1
32 19
0 21
4 33
3 22
1 16
30 31
16 28
6 15
26 23
27 22
18 5
16 20
20 8
29 11
1 28
8 4
25 33
13 31
28 20
7 8
15 31
5 24
12 36
27 34
14 16
12 2
7 14
20 24
5 8
18 32
12 17
5 18
2 2
35 10
22 5
27 30
14 22
28 11
12 14
19 14
30 35
30 2
0 33
21 19
15 17
28 21
17 19
26 17
10 25
19 15
36 4
22 2
21 12
6 28
30 3
33 3
20 18
25 27
7 22
8 34
16 30
36 34
17 18
19 29
16 32
22 4
13 9
22 28
12 13
4 34
25 8
9 12
26 0
18 9
7 26
20 26
6 25
31 12
22 30
36 23
34 14
24 22
15 9
16 9
10 35
8 12
3 3
20 11
8 5
28 16
29 12
13 18
19 24
19 1
27 13
25 3
6 20
36 17
7 27
26 1
25 20
20 36
3 13
36 36
24 13
35 15
35 35
28 23
29 15
17 10
20 14
0 17
2 13
11 29
36 18
19 27
25 31
3 12
9 25
13 33
15 20
35 30
12 25
9 17
6 1
7 0
21 0
21 25
16 13
18 31
21 27
31 13
32 7
12 21
31 4
7 32
21 34
9 21
30 24
0 28
36 24
15 19
22 26
32 35
25 24
34 25
5 21
26 9
22 13
30 18
25 5
25 34
30 15
18 11
27 25
10 0
35 27
29 3
29 28
9 13
9 35
29 5
10 27
3 26
25 30
3 7
25 22
6 0
11 16
27 29
20 7
2 36
24 21
34 26
23 26
11 10
3 9
11 34
31 28
4 30
33 0
17 32
13 15
4 8
33 31
34 13
0 0
13 35
17 4
27 23
20 23
28 33
22 18
12 30
6 12
9 29
28 36
17 21
13 28
32 18
30 12
5 28
2 3
15 27
12 27
33 11
25 18
11 4
16 15
7 34
32 11
32 16
14 1
20 22
16 8
33 1
14 3
13 1
25 35
6 6
33 32
32 13
26 7
19 34
25 6
26 33
3 17
13 14
22 9
8 22
29 29
13 27
15 5
8 33
35 21
12 35
36 1
23 14
29 13
10 5
21 2
28 27
14 27
35 4
0 35
32 33
35 9
12 12
27 2
3 28
33 20
3 32
5 0
24 17
0 12
12 34
36 11
30 0
15 25
25 4
28 26
22 23
28 34
2 23
5 4
15 3
9 16
2 4
9 24
10 2
21 21
31 20
10 17
26 27
18 29
27 35
2 19
22 12
0 30
10 12
23 29
22 36
5 11
5 12
12 8
29 18
3 2
22 27
15 29
29 14
8 13
20 3
23 10
23 1
10 1
3 1
2 0
31 11
34 31
28 19
31 31
9 0
33 26
31 2
4 21
26 8
7 6
8 17
15 13
10 3
36 28
24 30
30 21
6 26
24 4
18 0
16 25
9 33
15 0
