31 9 16
....T....TT.....T.T...TT.......
.......T....................T..
..TTT.....T....T....T........T.
T.T.......T.....T.T............
...T...T.T......T...........T..
T.........TT...........T.......
......T....TTT...T.T..T.......T
................T.T..T.........
T........T..................T.T
.....TT.....T..........T.......
..............T.......TT..T....
T.T.......T..........T.........
...T.TT.........T.TT.....T.....
...TTT....TT......T............
..T..T.........T.TT.....TTT....
....T..........T.T....T......T.
.....T....TT..T..TTT...........
T.T.......TTT.....T............
..........T............T....T..
......T....T........T..........
.........T..................T..
..................T.T.....TT...
T..............T....T..........
......T..TT.T.....T........TTTT
...T...........T.....TT......TT
....................T.T........
T.....T...........TT.....T.....
...T........T..T...TT..T.....TT
.......TT...........TT......T..
..T.T...................TT.T.T.
.............T....T.T..TT......
30 10
9 11
10 23
19 18
9 21
5 0
0 28
3 21
3 12
25 11
27 9
2 16
13 12
2 30
11 18
27 30
7 3
27 22
6 30
1 24
2 9
17 25
5 30
25 2
15 30
9 27
1 0
18 18
5 2
10 22
13 22
12 8
15 13
29 29
20 24
5 4
1 18
6 26
19 23
26 9
4 10
18 7
12 29
19 27
28 21
19 7
11 14
26 17
16 1
29 18
21 19
14 29
3 28
28 7
20 17
4 15
8 28
10 3
1 14
3 4
23 23
12 17
4 24
26 30
10 29
2 28
6 29
24 20
14 26
4 12
30 30
7 24
13 1
25 25
23 4
9 24
20 5
28 23
28 29
4 23
5 8
30 5
16 27
17 23
27 25
20 22
26 16
24 24
1 4
10 27
18 22
2 0
18 13
6 13
30 27
27 5
21 7
2 3
5 6
0 19
0 27
22 9
9 3
24 11
17 30
25 15
17 6
16 12
16 30
16 9
2 8
8 1
20 14
19 30
10 16
28 30
25 20
30 19
21 30
25 6
0 2
9 23
12 2
20 10
16 13
12 30
29 13
20 7
2 2
5 23
23 16
18 27
26 26
16 17
8 4
10 11
3 24
21 20
12 10
10 5
3 30
2 17
1 28
21 9
29 0
1 2
13 29
0 29
28 11
4 25
10 13
15 28
15 15
15 1
0 26
24 10
13 10
26 15
18 25
0 16
29 30
10 25
9 19
20 8
16 8
14 12
22 0
22 2
26 20
29 19
28 12
7 11
1 13
13 13
16 0
5 19
30 13
2 29
16 23
3 17
24 26
8 10
3 26
26 18
6 16
15 21
21 11
23 9
17 4
6 11
21 3
12 28
28 4
25 16
5 9
27 21
24 4
27 19
17 17
0 4
7 2
25 3
17 12
6 27
16 7
30 17
23 27
29 14
21 14
16 22
22 25
29 22
21 13
30 12
10 20
20 4
25 17
28 20
2 22
1 15
0 22
23 21
9 9
11 29
1 8
22 15
4 1
21 21
6 23
20 13
30 22
8 5
22 22
30 9
14 27
5 26
9 2
28 6
2 10
22 18
3 14
18 19
17 27
1 17
28 26
10 18
24 0
14 0
9 18
13 15
7 6
2 18
15 6
15 18
4 20
16 20
17 19
12 14
3 11
8 24
14 14
1 27
14 20
16 14
24 29
28 19
5 28
2 13
8 23
29 8
27 3
7 7
11 22
5 7
4 11
15 23
4 18
8 25
26 25
9 5
17 5
2 12
9 6
8 18
11 15
3 9
29 7
18 15
3 20
26 8
25 7
29 12
11 5
10 26
25 10
8 3
19 12
3 5
26 22
8 22
19 10
14 24
7 12
15 7
22 11
26 14
18 12
8 11
26 11
5 1
24 8
21 6
25 14
13 5
7 22
0 12
9 22
29 24
16 21
26 4
13 4
0 10
17 16
8 7
11 11
18 4
9 17
12 21
19 11
29 11
21 2
6 24
12 20
30 11
29 23
2 15
23 10
4 2
3 27
13 25
5 27
16 16
0 20
12 23
22 12
17 0
25 9
26 27
10 24
5 18
25 30
23 26
3 7
14 3
23 24
0 6
22 27
21 1
20 18
20 0
5 25
22 23
29 27
6 28
22 3
16 5
13 28
12 6
27 29
26 13
0 11
27 2
19 25
27 18
25 1
16 18
10 28
22 4
12 5
13 9
18 26
26 7
15 2
4 22
14 2
7 23
22 5
13 20
27 14
8 6
12 12
28 27
22 21
30 1
12 15
14 17
1 30
7 19
23 19
16 26
20 26
18 17
14 30
19 26
16 2
26 24
11 26
21 18
25 8
4 16
20 2
7 18
28 18
26 23
27 1
19 2
12 13
11 25
14 10
9 7
24 21
8 21
9 1
2 21
25 23
28 1
0 5
9 4
1 25
13 14
12 26
1 16
3 23
5 20
15 29
12 3
22 1
10 4
12 9
21 0
9 0
10 10
13 30
14 15
13 11
1 1
11 0
6 6
22 8
11 9
28 5
15 8
15 9
18 0
28 28
22 24
6 15
1 21
0 24
7 9
17 11
5 17
27 7
1 22
19 16
24 27
10 2
27 23
30 25
1 6
4 9
8 9
25 19
5 16
11 10
26 19
21 5
17 28
4 4
28 22
0 8
27 15
1 3
3 22
3 19
22 29
28 2
10 19
4 21
25 26
4 8
21 25
11 16
30 18
24 12
22 17
30 15
6 19
7 30
29 28
3 25
8 8
7 26
21 12
4 0
6 8
7 25
18 5
14 11
28 25
12 22
6 5
11 7
20 27
5 29
10 17
19 5
25 22
1 7
22 14
29 1
4 5
9 25
0 14
24 25
23 22
29 6
7 14
15 25
16 25
10 15
6 12
19 8
2 11
30 26
24 3
18 16
21 22
9 20
20 9
3 2
7 10
23 1
5 11
18 3
3 13
4 6
12 1
6 9
5 24
18 2
7 16
12 19
6 4
14 16
16 15
25 12
17 20
12 16
21 27
7 8
19 19
5 10
15 14
23 0
20 21
1 23
7 5
28 16
25 29
30 21
17 8
8 27
30 7
24 22
19 15
2 27
6 0
24 28
7 13
20 15
3 6
6 25
10 9
11 3
26 28
9 26
23 18
1 11
6 3
23 30
26 1
23 5
0 1
20 29
25 4
21 26
9 8
23 12
18 21
7 0
5 15
29 17
27 17
4 19
24 17
19 21
30 0
14 23
8 20
0 30
18 11
12 25
17 3
19 20
26 2
28 17
21 23
4 30
14 13
16 11
13 26
5 3
16 28
0 25
24 6
0 13
1 29
27 24
4 14
0 21
18 6
23 15
17 14
14 6
2 14
18 28
23 14
3 1
16 19
0 0
29 2
19 17
20 23
7 1
27 0
20 12
28 8
11 30
15 11
27 8
13 23
29 9
17 21
7 4
27 6
23 20
13 18
8 19
20 19
1 20
9 15
9 16
29 25
1 26
21 8
22 19
30 4
27 12
11 28
22 16
22 6
16 10
20 11
29 16
11 23
7 27
15 17
23 13
17 15
4 29
30 24
10 14
28 15
26 0
14 1
29 4
2 6
17 24
14 4
23 2
5 14
14 7
30 29
9 12
8 2
10 1
16 24
6 2
6 17
30 2
15 10
14 25
5 22
23 25
13 24
11 12
12 11
28 0
15 27
12 7
24 18
6 22
30 14
24 7
14 5
1 5
10 12
24 19
24 9
16 6
24 5
4 3
4 17
0 23
15 16
18 9
22 30
17 29
13 27
27 26
19 14
11 13
15 3
24 1
9 30
6 20
1 19
3 0
0 7
20 6
16 29
0 9
14 8
11 1
15 12
18 24
23 6
22 7
3 18
8 29
9 28
30 3
12 0
2 5
16 4
27 11
13 16
19 0
20 20
8 0
24 2
15 24
17 1
13 19
6 7
28 24
6 14
24 23
1 10
25 5
15 22
25 13
5 12
21 15
19 24
2 19
28 13
11 4
12 18
13 17
27 16
10 8
12 4
3 15
9 14
15 5
28 3
29 5
18 20
23 3
23 11
10 7
2 25
3 16
8 13
11 17
23 17
4 27
19 22
20 1
1 9
25 21
25 27
24 30
19 4
17 26
8 15
6 10
3 29
18 8
11 19
11 27
2 1
20 25
7 29
17 10
29 10
22 10
4 28
26 6
29 15
11 20
21 10
21 24
22 20
10 30
10 0
18 14
19 29
17 18
15 0
9 13
14 21
23 29
29 26
18 1
12 27
19 28
23 7
12 24
13 0
19 13
18 10
21 28
26 5
5 13
2 20
18 23
6 1
26 21
20 3
1 12
11 2
18 29
29 3
7 28
9 29
15 20
25 0
17 9
24 13
25 28
23 28
27 4
7 15
26 29
14 18
20 28
2 26
28 10
24 14
15 19
27 20
2 23
14 19
3 8
26 12
21 17
21 29
24 16
22 28
30 23
10 21
4 7
4 26
13 3
27 27
24 15
5 21
20 16
25 24
18 30
13 21
11 21
7 20
28 9
7 21
19 1
30 6
20 30
21 4
19 9
5 5
13 8
11 8
9 10
22 26
17 13
4 13
28 14
26 3
14 28
6 18
2 7
8 12
15 26
13 7
17 2
11 24
13 6
15 4
11 6
29 21
29 20
17 22
3 3
0 17
30 28
23 8
30 8
22 13
30 20
16 3
0 18
8 14
8 17
7 17
10 6
0 3
6 21
21 16
19 6
3 10
8 16
17 7
14 9
27 13
8 30
25 18
2 24
30 16
27 10
26 10
13 2
14 22
19 3
27 28
8 26
2 4
