30 14 13
..............................
......T.......................
..............................
..............................
..............................
..............................
..............................
.................T............
..............................
..............................
..............................
..............................
..............................
..............................
..............................
..........................T...
..............................
..T...........................
..............................
..............................
..............................
..............................
..............................
..............................
..............................
..............................
..............................
..............................
............T.................
.....T........................
25 21
9 6
29 5
13 4
13 10
0 13
11 29
11 17
22 26
7 12
19 29
23 11
27 0
6 18
25 12
23 14
28 5
22 17
27 24
12 16
23 21
17 16
11 28
20 2
23 29
5 24
13 22
10 16
24 26
10 27
11 20
4 11
3 0
29 28
18 9
26 4
15 11
9 4
22 8
2 19
14 27
18 21
2 22
12 26
14 10
8 12
13 29
0 27
15 16
1 21
15 23
18 8
19 18
21 10
8 22
23 19
25 7
9 5
16 10
23 13
24 28
20 26
27 1
17 6
4 9
1 13
0 22
25 13
3 26
0 14
8 8
16 3
12 22
12 5
25 27
6 15
8 3
24 2
5 23
8 10
21 22
10 4
26 3
28 1
3 15
15 13
0 26
16 24
23 10
15 24
20 25
12 3
1 29
17 25
21 21
27 26
20 19
15 20
29 15
8 17
19 25
2 13
10 8
14 3
20 12
16 1
22 29
9 27
15 9
12 24
19 28
14 23
19 22
4 8
1 19
28 8
9 3
18 16
26 21
23 12
10 20
22 4
28 28
28 17
19 11
25 4
24 18
16 11
18 18
14 8
6 10
22 5
2 12
3 12
8 28
15 12
9 7
22 22
21 0
10 6
19 0
4 5
14 29
5 9
16 0
9 9
16 2
9 11
27 6
25 18
21 9
2 17
8 7
7 14
7 21
25 8
14 1
19 8
19 7
28 11
1 11
15 7
14 20
3 10
21 26
27 21
15 17
14 15
26 25
4 29
15 6
29 14
8 1
23 8
6 6
8 24
16 12
24 9
29 26
18 23
28 24
21 28
24 1
24 12
1 17
18 12
10 14
24 5
13 27
19 27
9 8
19 20
19 12
1 28
0 3
29 6
13 2
5 19
27 11
14 6
5 28
12 9
16 13
7 19
29 0
15 19
12 23
22 3
19 9
6 26
26 13
26 22
22 15
12 10
27 23
17 22
21 11
20 0
14 24
21 8
21 17
26 17
7 1
23 23
3 21
10 10
0 28
4 15
6 21
12 6
18 14
6 23
17 9
21 20
6 27
1 22
20 14
18 22
8 29
25 25
27 9
28 29
0 8
7 17
18 24
11 8
2 14
5 13
18 7
27 10
2 1
20 18
17 12
3 9
0 19
25 17
11 11
1 27
7 3
24 22
21 24
4 3
13 9
18 11
9 22
4 23
27 29
28 15
12 1
1 12
2 4
16 18
3 1
17 4
26 16
4 1
26 6
18 13
25 22
26 20
24 19
28 13
5 5
0 23
3 23
24 6
26 19
6 3
11 24
4 28
26 23
11 9
23 0
22 10
15 4
23 22
3 25
12 2
15 25
26 8
7 5
21 6
10 26
0 10
14 14
13 11
15 5
15 8
20 21
0 6
4 18
22 7
24 10
15 27
21 16
12 28
2 15
21 27
19 16
27 18
0 9
10 18
7 8
21 29
27 8
28 14
2 18
12 11
14 18
15 22
4 0
7 16
12 20
18 25
12 13
6 29
6 16
12 25
0 18
3 22
20 15
29 11
27 27
28 25
5 18
12 27
3 5
6 19
18 27
18 0
25 6
8 16
16 14
8 15
21 5
6 9
12 7
23 15
3 2
20 6
28 27
29 9
26 24
27 12
25 10
16 20
18 4
14 12
17 0
20 3
22 2
5 17
29 2
8 6
16 29
10 5
5 6
23 18
12 19
24 16
15 14
24 27
26 27
13 3
17 17
0 24
24 8
3 3
11 22
1 1
9 23
1 18
20 23
10 1
3 11
6 5
8 11
1 15
28 18
20 27
10 2
2 26
1 3
29 8
27 16
7 25
24 3
13 6
20 24
7 4
17 3
8 5
4 24
20 29
6 12
27 4
10 21
29 10
28 26
12 21
2 23
6 28
1 8
0 12
15 28
17 1
19 5
10 13
7 0
4 4
5 12
24 15
20 4
11 7
26 9
28 12
26 11
23 26
9 25
18 1
24 21
7 18
15 18
15 10
24 0
6 1
13 14
5 27
26 29
11 2
22 6
3 4
19 19
12 29
16 27
20 17
10 19
9 20
29 21
2 2
5 8
8 0
29 13
27 15
14 16
28 3
29 3
9 2
4 14
4 12
5 14
28 0
15 26
22 23
13 25
5 29
14 25
11 4
1 25
8 14
25 26
14 5
22 28
17 27
21 2
3 16
13 18
27 3
15 2
10 24
20 7
17 29
9 28
20 28
22 1
0 4
17 11
21 4
11 16
16 23
26 28
1 7
24 20
16 26
4 2
1 9
6 25
8 26
3 17
24 11
14 26
14 19
24 17
22 25
5 1
1 5
3 7
13 7
25 29
26 15
29 18
14 13
9 10
4 6
14 22
2 16
3 27
19 17
6 0
21 7
20 8
23 16
29 23
25 2
12 0
9 0
25 5
9 19
15 15
6 24
20 5
21 13
2 7
8 27
27 17
19 26
6 17
28 16
8 18
13 13
17 28
18 17
24 14
2 27
24 7
13 5
18 10
22 13
18 29
5 11
0 7
25 16
16 15
0 17
19 21
29 22
26 18
24 24
10 23
9 24
2 6
0 29
10 9
29 24
8 25
7 9
28 20
0 5
19 10
15 1
0 16
6 2
10 17
11 0
6 22
27 5
23 4
19 23
16 17
16 25
13 1
14 0
4 27
20 10
15 0
7 2
22 27
4 17
26 26
10 12
17 26
0 0
23 9
11 15
5 7
12 15
17 5
4 19
28 22
14 28
26 5
9 17
12 4
25 23
19 15
1 20
23 3
21 18
28 19
5 4
1 14
7 29
23 25
16 8
26 10
5 2
18 20
27 19
5 21
7 24
5 3
9 1
11 25
13 12
6 7
28 6
19 4
2 3
25 24
10 7
28 7
5 10
0 11
23 2
11 6
22 24
19 24
4 20
25 1
3 29
1 16
13 15
19 14
19 3
18 6
14 4
22 12
4 21
13 23
27 28
16 19
2 8
6 4
25 15
21 1
26 0
11 12
23 27
17 13
17 8
3 8
3 14
11 21
7 26
22 21
20 9
21 15
16 16
13 24
20 1
9 18
26 14
25 14
16 5
26 1
22 14
28 23
25 9
0 1
25 11
11 5
10 28
23 7
8 21
11 19
21 3
3 13
2 21
19 2
1 10
5 16
8 20
7 20
8 9
16 28
11 18
13 19
1 4
26 7
4 25
18 5
8 4
7 27
16 9
21 23
18 2
4 26
10 15
19 1
8 2
4 7
1 26
27 13
10 25
17 21
20 22
7 28
6 8
22 9
19 6
13 8
13 20
26 12
1 6
29 29
14 7
5 25
15 29
26 2
17 18
10 22
22 16
29 12
27 25
13 16
24 4
7 22
20 20
17 14
6 20
10 29
5 22
25 20
3 18
10 0
25 19
20 11
18 3
11 23
11 10
12 17
24 23
12 12
1 23
6 13
28 9
0 21
5 0
9 14
2 10
13 17
28 4
2 28
9 21
8 13
16 6
17 19
15 3
13 0
19 13
3 28
28 2
9 15
7 23
29 27
28 10
18 15
23 20
29 7
7 6
14 21
17 2
21 25
16 4
0 2
29 17
7 15
13 21
4 10
5 26
14 17
1 0
2 11
12 8
22 11
2 20
21 14
5 15
14 11
3 6
27 7
1 2
21 19
25 0
29 1
6 14
11 13
2 0
0 25
27 20
13 26
3 20
23 24
29 16
14 2
0 20
11 27
24 13
5 20
9 29
23 5
16 22
14 9
12 14
1 24
29 20
22 18
24 29
24 25
17 10
6 11
21 12
17 20
8 23
18 26
2 24
15 21
27 2
9 16
22 20
29 4
4 22
18 28
29 19
7 13
25 3
7 10
17 24
22 19
27 22
16 21
29 25
17 15
17 7
7 7
7 11
10 3
12 18
20 16
11 3
10 11
11 26
2 25
22 0
8 19
11 14
23 1
4 13
20 13
3 24
9 12
23 6
28 21
17 23
23 28
25 28
2 29
11 1
3 19
9 26
27 14
16 7
18 19
2 9
13 28
2 5
9 13
23 17
4 16
