37 28 16
.T...........T...T......T...T..T..T..
..TTT.........T...T...........TT.....
T.....TT....T............T..T.......T
..T.............T....T......T........
..T............T..........T........T.
........T.T...T..........T.....T...T.
...T...TT.TT..TT.T.T....T............
.T.TT...T.......T.......T....T.....T.
..T..T.........T......T.....T........
T.....T..TT..................T.T..TT.
.TT........TTTT.......T...T..........
..T................T..T...........TT.
...T.............T..........T........
..T.....T..T.........................
..........T.........T......TT......TT
.......T....T............T...........
...T..T......TT.....T...........TT...
.TT..T..........................T....
..T..T.......T..T......T.........T.TT
.T..T......T...TT..T......T........T.
.T..T...T...TT.......T....T......TT..
..T...T......TT.........TT.T..T.....T
.T.....T........T.............T......
..T...............T.........T....T...
T...T...T......T...T..T...TT.........
...T.....T.............T......T.....T
T......T.......T............T...T....
.T.T.......T.........................
...........T......T........T..T......
......T..........T...................
..T..T........TT....T..........TT..T.
.T......T..T.T...T...T..........T...T
..T...T.....T.......TT....T...T..T.T.
.....T.....T..............T..........
...T.....T..T...T.T...........T.....T
...TT...................T........T...
TT.......TT.T.T..T...........T....T.T
27 30
28 35
31 19
18 9
7 34
5 33
18 27
33 7
8 25
20 32
9 13
28 8
18 16
22 28
17 0
21 8
11 11
5 18
12 5
2 19
33 20
29 19
19 21
20 0
19 28
35 2
12 29
2 4
34 12
5 35
8 28
3 31
19 27
33 35
32 23
26 16
31 16
12 10
6 26
1 20
21 18
7 13
10 22
29 15
13 11
33 28
19 24
13 22
9 5
10 10
6 18
36 15
31 32
2 18
15 11
14 15
22 27
0 30
28 16
36 18
4 26
12 32
13 5
5 28
13 13
18 10
19 31
21 2
25 10
17 14
5 30
24 26
31 22
34 2
29 26
0 27
24 12
24 22
6 14
15 10
25 15
28 6
19 8
2 32
1 19
17 32
32 24
6 11
20 7
6 17
22 30
4 22
8 24
28 11
25 6
12 12
15 3
30 20
16 20
11 12
19 30
7 7
5 19
33 4
6 13
33 32
7 0
9 12
24 31
22 7
5 4
25 21
32 10
14 16
20 24
15 17
26 3
12 28
5 25
17 9
34 10
15 14
21 25
0 0
35 9
3 29
29 30
30 28
20 21
7 33
17 16
2 33
11 6
27 35
23 6
27 25
2 30
22 8
23 26
5 3
15 35
36 21
22 34
9 30
20 16
36 22
23 16
35 30
15 1
33 13
18 3
28 1
25 9
34 34
7 20
6 27
3 6
32 25
35 1
0 1
19 32
1 22
22 19
29 13
21 29
8 13
11 8
5 34
19 36
33 2
6 3
30 27
25 0
1 36
34 13
32 2
28 5
15 9
23 13
32 1
31 1
8 8
7 27
12 31
13 17
13 29
3 7
11 2
18 2
22 14
7 15
35 11
36 27
9 10
5 0
20 13
23 15
24 6
36 30
33 22
35 19
15 0
11 32
16 13
3 34
22 26
25 28
0 36
16 33
4 17
2 36
25 20
22 33
6 25
27 10
17 4
32 27
10 25
4 2
5 2
22 12
30 26
23 28
2 9
19 9
17 8
17 35
34 8
24 23
5 1
9 9
31 25
20 15
36 5
5 21
31 36
22 24
13 32
28 31
2 34
14 36
5 27
6 4
1 0
26 23
20 3
6 24
15 15
0 16
36 12
5 15
15 28
18 32
4 11
4 20
11 4
17 5
15 2
13 4
34 18
33 16
3 12
10 36
30 24
12 19
31 30
0 13
6 10
3 2
2 0
2 11
15 19
29 17
11 15
35 35
14 0
7 9
19 6
11 27
32 35
18 18
0 20
1 25
15 30
15 16
32 22
27 21
9 18
8 15
31 29
28 32
30 14
34 7
30 34
21 28
14 30
30 7
1 17
10 24
23 33
7 14
11 33
28 26
18 12
34 4
0 15
15 12
23 36
1 29
3 13
20 1
32 7
5 32
1 35
26 33
11 26
18 36
17 24
25 1
23 0
25 3
4 13
3 19
15 7
35 17
3 22
26 19
21 1
23 2
20 11
22 5
15 4
36 17
29 4
23 4
24 11
3 30
26 35
8 26
17 17
8 22
23 17
26 36
30 29
8 4
18 19
18 24
27 7
8 27
11 19
27 0
20 14
32 13
15 31
25 17
5 24
14 19
1 21
36 32
10 1
10 17
14 29
21 13
30 1
33 18
35 6
14 3
5 14
26 14
13 25
13 24
27 11
16 18
13 35
31 6
10 29
28 30
15 27
32 31
29 28
12 34
18 14
14 17
32 34
34 15
12 18
15 36
18 20
20 28
30 18
9 27
26 32
16 11
33 24
11 31
19 16
6 2
21 4
7 19
30 8
9 7
4 16
4 7
3 33
23 30
23 1
31 11
17 20
27 32
13 14
34 30
10 3
1 27
1 32
26 11
35 7
18 21
29 8
35 24
12 30
34 22
13 3
18 28
15 24
14 20
27 16
20 19
29 12
21 23
21 26
2 28
20 34
13 23
31 23
7 4
8 34
10 27
8 32
30 15
1 34
33 0
19 25
21 27
31 4
3 15
27 8
14 22
33 25
14 33
4 5
11 14
13 16
27 1
0 22
16 17
4 14
1 13
16 35
5 31
19 17
22 35
2 17
16 15
1 26
7 12
10 14
14 10
21 31
14 23
31 26
22 25
13 0
35 32
30 32
3 27
34 35
21 12
14 4
23 29
24 1
10 13
9 34
20 35
33 6
22 3
13 28
32 14
35 26
14 25
6 29
16 9
22 1
24 21
2 24
23 19
9 25
34 31
7 26
30 6
15 29
31 35
29 32
9 4
22 4
16 24
2 15
17 3
5 36
31 34
1 3
13 8
28 2
25 18
12 9
6 15
34 9
26 5
12 20
10 33
15 25
28 34
1 10
16 14
18 23
0 7
17 23
5 29
35 4
13 34
36 0
34 33
18 34
29 22
27 15
19 2
23 20
26 34
19 20
4 35
8 9
16 19
6 0
19 12
14 24
24 10
36 3
27 33
19 1
12 17
19 5
23 21
7 2
17 30
32 33
15 21
22 10
29 35
4 0
4 3
9 29
12 4
18 30
23 18
20 25
21 34
10 19
12 21
26 4
21 14
17 11
20 8
19 29
12 22
31 24
33 3
8 19
28 27
32 9
36 2
25 7
0 3
3 9
13 18
16 21
33 15
17 7
23 3
19 7
31 33
34 11
27 34
20 33
1 8
0 9
15 26
20 20
13 2
32 11
0 5
8 1
32 26
1 12
10 30
16 10
30 30
3 35
31 12
16 4
24 29
32 4
29 20
16 8
36 20
8 35
7 6
23 27
25 25
29 3
15 32
10 20
14 1
23 14
14 2
28 10
17 15
11 23
6 19
31 21
29 29
10 28
25 26
10 35
4 32
26 10
0 28
30 16
7 29
26 0
26 13
20 30
23 31
28 22
2 10
5 13
27 12
17 1
13 19
36 16
11 21
14 11
4 24
5 6
21 10
11 18
25 22
0 33
12 25
34 27
3 8
29 24
24 16
0 17
4 1
34 0
9 22
1 16
22 15
4 34
16 27
23 5
36 24
11 13
6 5
14 9
24 28
20 17
32 21
6 34
24 18
21 21
7 5
23 9
34 20
11 17
22 0
31 27
28 24
4 33
0 24
8 7
3 32
21 0
4 8
2 5
34 29
2 35
25 8
7 18
3 4
5 26
33 17
22 36
32 18
18 13
32 3
24 9
27 18
23 12
30 21
7 16
36 26
28 7
16 30
4 15
22 11
36 13
11 20
3 24
28 29
9 15
7 35
7 23
2 25
14 18
21 6
29 1
2 7
32 17
30 22
25 5
19 35
33 12
5 16
22 23
33 33
28 23
26 6
33 27
24 35
18 25
23 11
11 16
25 34
29 33
7 30
13 33
6 21
31 28
28 21
27 23
8 10
12 13
35 27
2 21
11 25
18 11
19 0
4 12
2 3
34 24
18 8
29 6
28 18
30 3
23 23
27 14
20 6
23 10
25 14
34 6
4 10
33 30
22 29
26 28
9 20
36 29
16 29
34 1
17 19
34 16
13 12
7 11
10 18
24 20
35 23
33 23
28 0
28 36
4 4
25 4
34 21
35 5
15 18
10 34
16 25
20 2
6 31
27 5
0 11
36 25
24 33
3 25
17 6
30 35
8 6
2 1
22 2
36 8
1 33
33 11
34 32
10 21
30 10
3 23
35 15
7 32
16 0
36 4
1 18
35 0
23 24
16 26
0 12
29 23
2 26
1 31
24 14
12 35
2 27
0 25
33 26
17 28
0 14
33 21
19 15
10 2
4 21
24 24
35 3
9 14
33 34
11 24
13 31
23 32
4 23
14 32
4 36
30 36
34 26
20 4
16 32
24 19
31 10
9 24
1 14
27 13
31 17
2 22
10 31
25 13
14 28
14 14
14 27
29 7
11 0
13 27
31 0
33 31
1 4
30 11
3 3
27 2
19 10
11 10
30 9
7 24
6 8
1 9
27 29
10 0
4 25
0 6
13 21
0 23
6 36
0 31
32 8
24 4
19 22
27 22
7 22
27 4
11 36
36 33
7 3
6 30
24 5
26 21
12 24
12 2
31 2
18 22
31 18
6 6
9 6
27 24
5 22
26 8
30 31
31 13
19 13
26 17
20 10
6 33
15 13
16 22
21 19
28 25
8 21
21 33
19 33
32 29
6 12
25 29
24 0
32 16
32 20
18 17
2 6
8 30
12 36
13 20
16 3
31 8
33 36
29 11
34 23
30 13
28 33
20 22
12 26
15 20
31 3
26 29
17 18
19 11
21 15
36 11
7 31
19 3
17 36
2 23
12 8
29 5
35 36
24 13
11 3
18 31
6 23
6 32
29 25
29 9
26 15
12 6
32 36
11 30
10 32
26 22
23 34
31 5
10 8
13 15
14 6
30 0
24 32
27 28
6 16
21 24
24 25
23 35
8 31
11 35
26 20
20 29
25 16
28 19
0 10
36 19
7 17
3 0
33 9
23 25
9 16
35 18
33 5
17 25
30 2
16 16
33 10
6 9
13 1
17 13
35 14
18 1
35 25
28 9
25 24
34 25
1 30
3 14
26 9
28 14
19 18
25 27
15 23
2 12
13 7
0 26
31 15
16 2
10 7
3 36
20 27
35 20
9 31
10 15
26 24
8 18
6 7
12 14
8 3
5 7
32 12
0 21
6 20
2 14
13 10
32 5
17 22
31 31
16 6
5 5
10 5
5 17
8 2
19 4
25 19
34 5
9 36
29 18
29 21
9 11
2 8
3 1
25 11
22 32
18 7
9 2
9 0
11 29
18 4
30 12
19 26
22 9
1 23
11 28
11 9
20 18
3 18
21 17
7 21
5 8
29 16
2 16
20 31
18 0
12 11
24 34
13 30
9 33
17 33
32 6
35 16
30 4
25 2
8 14
9 3
35 34
14 12
34 28
23 7
35 31
23 8
16 12
4 19
35 12
7 25
29 34
36 14
8 0
29 10
35 10
27 36
26 26
0 35
32 32
34 14
30 5
20 26
14 21
14 34
27 31
14 13
16 5
30 19
21 5
27 19
8 11
16 1
26 31
4 27
15 5
12 0
26 7
31 14
6 22
13 26
19 34
35 8
20 9
3 20
1 7
21 30
3 5
1 1
7 28
7 1
22 31
5 11
5 20
21 9
12 1
22 6
21 11
16 34
30 23
1 5
16 31
10 6
24 3
36 1
34 36
8 33
12 7
18 29
17 2
35 33
25 12
8 12
11 34
36 35
1 15
14 7
21 7
26 2
34 19
21 20
25 35
16 23
36 28
28 3
4 18
33 29
14 31
28 12
34 17
30 17
8 17
9 17
8 5
3 17
2 29
22 22
10 12
3 16
15 22
29 27
29 36
35 28
26 12
24 27
17 12
2 31
9 1
1 2
20 5
21 16
13 6
26 1
17 26
26 27
2 20
18 35
17 27
9 26
12 27
6 28
36 9
12 16
4 9
25 23
4 31
15 8
3 10
0 2
16 36
28 13
36 34
27 27
36 10
8 36
22 20
35 29
17 21
28 28
12 23
31 7
32 19
25 33
33 8
10 16
18 6
27 20
21 22
22 18
18 15
16 28
24 30
11 7
12 33
12 3
1 11
14 5
5 10
0 34
10 11
4 30
30 25
8 29
32 30
14 35
3 26
28 20
22 13
10 4
24 2
25 36
27 6
11 1
24 17
31 9
36 7
4 28
9 35
6 35
1 6
31 20
2 2
8 20
26 18
32 28
9 32
4 29
0 8
8 23
13 36
28 17
19 23
14 8
3 21
6 1
17 29
7 10
35 21
32 15
0 19
29 2
24 7
3 28
15 34
9 8
35 22
21 3
1 24
18 33
3 11
27 3
26 25
36 23
33 14
16 7
29 0
29 31
10 23
9 23
11 5
20 23
24 8
8 16
26 30
33 19
25 31
15 33
35 13
34 3
24 36
36 31
13 9
18 26
17 10
11 22
25 32
27 17
12 15
22 21
2 13
7 8
27 9
29 14
30 33
9 21
17 34
20 12
0 32
5 12
21 35
20 36
36 6
23 22
27 26
32 0
7 36
18 5
5 9
22 17
17 31
14 26
9 19
22 16
28 15
0 29
21 32
24 15
9 28
4 6
25 30
19 14
15 6
21 36
33 1
1 28
28 4
36 36
10 9
5 23
10 26
0 4
19 19
