24 2 23
........................
.....T......T...........
........T...............
........................
........................
........................
........................
........................
........................
........................
........................
........................
........................
........................
........................
........................
........................
T.......................
.......T................
........................
........................
........................
........................
........................
23 15
2 0
16 15
23 3
15 13
20 6
13 3
11 23
2 9
12 15
1 18
1 20
0 10
10 14
11 21
18 20
22 14
22 8
8 4
12 19
13 2
19 21
16 11
23 5
16 6
3 13
3 5
0 16
15 20
14 1
13 14
20 5
15 1
8 9
21 2
20 22
22 23
3 0
15 12
11 13
17 10
14 23
18 15
5 8
16 18
19 5
3 8
17 12
14 17
12 20
21 21
7 22
19 4
11 19
18 14
2 5
7 15
23 9
17 18
8 6
9 7
7 6
22 11
9 16
0 0
6 23
22 12
18 4
5 18
17 13
23 13
5 7
10 12
23 2
2 2
6 2
10 9
14 2
19 19
17 21
15 10
12 7
22 6
8 1
2 6
1 2
2 1
21 22
21 0
13 1
15 23
13 0
11 7
4 22
6 5
16 4
22 15
17 0
9 10
1 0
13 15
5 3
10 23
15 16
3 22
13 8
12 14
8 18
8 15
16 0
2 11
4 17
16 16
22 7
22 20
21 6
1 4
9 11
20 13
9 5
13 13
10 20
16 13
5 2
21 3
22 3
21 20
5 16
13 23
11 5
23 0
15 14
12 13
22 22
10 3
10 21
18 6
11 18
14 21
13 20
3 4
12 1
16 20
3 20
21 19
1 14
19 8
8 17
20 16
6 19
16 14
14 3
17 11
23 19
11 1
3 23
0 11
13 10
11 4
1 1
4 2
15 4
10 7
5 13
19 1
22 17
12 6
9 20
16 17
9 9
18 21
6 11
0 1
9 22
10 19
17 2
12 22
20 21
0 6
7 11
18 17
6 4
16 1
2 20
1 19
6 7
3 14
19 6
15 7
9 1
12 2
15 11
20 19
8 12
9 14
8 20
17 19
0 2
2 8
10 5
20 4
7 8
13 22
21 14
19 14
12 0
19 17
2 10
2 17
18 2
7 20
6 22
12 17
23 8
6 15
4 8
17 3
0 7
14 11
15 2
2 13
0 19
12 12
1 13
9 18
11 6
6 18
0 15
12 9
15 18
21 11
19 12
5 23
5 10
9 13
11 10
4 9
17 23
10 11
11 3
5 0
21 4
16 12
22 18
3 15
9 23
22 0
12 21
6 0
14 18
0 20
1 17
7 23
17 7
10 13
17 20
11 15
13 18
23 14
0 9
16 10
20 11
19 16
1 15
20 20
13 17
12 8
10 2
14 10
1 10
10 15
3 6
20 2
14 20
20 7
11 14
6 1
13 21
6 10
1 23
11 17
20 1
20 15
4 1
16 19
13 19
21 15
18 19
23 23
15 3
22 10
6 9
19 13
14 14
20 8
21 7
7 16
18 0
0 23
5 22
6 20
1 11
13 4
11 8
19 3
21 17
2 23
4 7
18 22
5 17
21 23
7 21
22 16
9 4
5 20
8 7
16 9
18 11
0 3
16 7
11 22
23 10
10 8
19 9
20 9
21 16
11 0
4 14
17 22
2 15
17 14
17 5
1 16
4 15
8 13
8 3
6 6
17 6
7 7
3 2
13 9
1 22
22 19
14 19
15 21
4 5
4 21
15 9
11 20
21 12
4 16
10 10
8 11
4 3
7 4
0 4
18 23
17 17
14 16
16 3
7 12
20 18
14 13
15 0
12 4
1 6
22 5
4 19
17 15
3 21
10 1
14 15
6 12
8 23
5 21
18 7
13 6
7 13
17 4
23 16
7 9
2 12
11 12
7 1
9 8
17 8
15 8
2 4
5 1
15 6
5 4
16 2
15 5
23 6
21 9
8 2
18 9
15 22
11 9
5 19
12 5
2 19
5 15
5 12
2 3
12 16
20 10
4 13
4 12
1 9
19 0
8 22
7 3
9 3
13 11
17 9
4 4
8 16
4 10
20 0
0 13
12 18
19 2
3 18
8 0
18 16
23 11
16 22
20 3
8 10
1 3
2 18
9 15
7 19
14 12
3 19
0 21
9 21
11 2
5 9
22 9
23 18
19 7
22 21
3 17
1 12
18 18
9 17
4 18
18 8
10 18
23 4
16 5
13 16
3 1
6 13
9 0
17 1
9 6
8 8
0 18
10 22
3 9
0 14
7 5
22 13
0 8
18 10
3 12
6 3
6 21
13 12
3 3
22 1
10 17
4 6
12 23
23 1
7 14
21 10
19 22
3 11
1 21
5 14
7 17
8 5
18 5
23 21
23 20
19 20
20 14
21 1
20 17
0 5
9 2
15 15
21 8
14 9
7 2
6 16
15 17
21 13
2 21
14 6
14 5
9 19
14 7
10 16
1 8
16 8
6 14
23 17
18 12
3 10
12 3
4 0
11 11
1 7
18 3
4 11
23 12
3 16
21 18
0 22
19 23
16 21
15 19
0 17
19 15
17 16
10 0
7 18
2 7
12 10
11 16
5 11
2 22
2 14
16 23
14 8
13 7
6 17
4 20
1 5
8 21
14 0
7 0
20 23
4 23
12 11
14 22
8 14
13 5
18 1
20 12
19 11
19 10
3 7
19 18
22 4
21 5
14 4
7 10
5 6
23 7
9 12
8 19
10 4
5 5
22 2
18 13
2 16
23 22
10 6
6 8
