39 7 22
TT....T....T................T......T...
...........................T..T.T......
T....TT......T..T......T..T............
..T...TT....T..........................
T.......................T..........T.T.
....T.T.T.....TT.TT..T................T
....T.T..T...............T......T..T...
..T.......T.............T..............
.T.....T..T..........T......T..T.......
.T.......TT..T.T...T.........T....T....
...............T.......................
TT.T.T.............TT.T....T...TT.T...T
.T........T................TT....T...T.
..........T.T....T.....T..........T....
......T.....T..........................
T.....T......................T.........
....T.......T........T.T..........T....
..........T....T.T.....................
......T.T..T........T...........T...T..
......T..........T........T......T.....
...........T...........................
........T..........T...................
.....T.TT....T.T..T........T..T........
...................T...............T..T
........T.T..................T......T..
.T.....T..T.......................T....
.........................T............T
....TT......................T.......T..
...T.T..TTT.......TT....TT.............
...T.........................T.........
T...T.....T.............T..T...........
..T.................T.....T..T.........
.......................................
....................T..TT...TT....T....
........T.....T...T....T.....T.........
T........T.TT..........T..TT...........
T..T.......T...T.....T...TT............
..T.......TT.......T..........T...T....
....T.........................T....T...
21 28
1 28
3 7
25 36
35 4
13 28
27 10
32 25
27 37
10 12
31 14
24 9
4 25
10 31
22 23
32 12
7 2
28 21
18 36
17 3
16 25
37 6
21 34
21 3
35 31
37 12
5 31
33 28
11 16
8 18
4 37
22 28
32 35
3 31
30 34
6 0
4 19
23 17
34 4
28 29
16 28
30 23
12 23
36 20
38 36
15 38
30 11
28 25
10 15
17 27
11 30
19 6
38 15
26 0
33 9
10 14
17 25
35 38
31 34
2 22
11 15
8 36
5 13
28 19
20 23
28 11
33 20
9 27
26 3
8 30
18 34
17 4
10 38
6 3
25 21
14 2
4 29
16 11
35 28
17 11
29 24
35 13
37 9
9 31
10 35
29 28
30 7
31 17
3 22
37 8
20 2
26 18
19 33
12 2
20 1
37 22
24 3
15 29
7 9
16 20
13 34
2 35
33 30
29 3
35 37
2 12
30 19
36 3
18 24
17 28
8 1
17 5
24 30
16 18
24 1
23 14
26 4
21 12
19 3
10 34
5 25
9 19
16 8
0 35
1 38
7 21
37 34
18 2
23 28
19 12
24 32
34 20
21 4
1 10
17 10
21 10
32 22
35 25
14 10
3 23
5 27
5 3
12 34
1 30
9 10
13 1
14 22
10 22
33 19
6 27
2 6
38 5
20 37
17 24
3 21
12 30
14 32
17 37
24 7
21 24
2 18
30 17
35 11
28 15
30 10
35 9
38 34
29 29
12 15
27 21
7 7
3 3
36 35
3 0
0 37
18 35
4 16
28 6
32 7
38 13
24 22
34 33
22 34
2 4
8 28
9 14
0 10
17 34
29 8
7 13
18 37
31 33
32 4
35 32
20 16
3 1
20 18
29 16
15 13
0 11
14 20
22 27
34 2
38 37
2 15
28 3
22 2
36 29
19 0
33 23
15 32
28 2
36 5
35 22
38 7
14 4
6 15
34 8
38 16
35 34
26 38
11 35
29 12
23 16
9 23
6 19
22 38
15 2
14 19
33 25
37 18
19 37
11 4
4 0
26 7
3 15
15 34
26 14
25 14
32 9
9 11
32 34
8 33
35 36
23 29
14 33
34 38
13 14
38 29
21 25
16 36
6 13
24 31
12 3
11 0
7 3
31 9
14 17
21 14
5 9
33 6
32 36
34 27
25 5
37 36
33 7
6 38
10 10
13 21
38 22
21 5
23 36
16 35
17 13
34 11
36 22
35 20
14 15
20 30
6 33
23 23
7 12
34 14
35 0
28 36
4 6
22 36
13 3
27 18
25 22
1 33
25 23
22 18
22 1
0 1
37 21
31 15
4 38
24 20
10 11
12 24
25 27
7 16
11 28
10 9
13 22
5 36
13 6
6 10
22 0
29 32
36 24
23 30
2 32
34 1
8 6
30 31
37 17
27 13
11 11
29 36
24 36
31 36
23 6
20 28
37 23
12 7
17 22
16 3
20 13
32 6
3 32
6 11
25 32
20 29
4 28
1 37
20 27
19 2
7 17
15 26
7 0
19 28
1 17
16 22
21 18
34 24
2 5
2 29
1 2
8 9
22 37
5 30
36 15
3 19
37 10
38 10
6 6
22 14
16 37
33 8
8 7
34 15
5 15
10 17
32 32
5 14
6 32
34 18
1 25
5 6
4 11
26 34
13 15
2 9
21 7
37 38
10 4
38 8
30 33
27 34
37 19
7 8
4 30
38 38
38 32
12 8
20 15
38 17
14 13
15 25
2 19
29 6
4 36
32 27
33 21
10 36
1 32
34 16
9 36
9 4
21 2
1 18
14 37
12 31
4 2
25 20
19 15
12 0
4 1
33 12
34 10
11 13
13 38
38 23
37 24
25 26
36 16
5 16
24 13
13 12
28 27
16 5
1 23
23 11
29 19
14 23
14 35
9 33
30 8
18 22
6 21
13 11
18 6
8 29
3 36
0 13
10 20
32 16
7 15
34 30
38 0
5 7
29 7
31 16
16 34
3 16
33 33
24 14
24 8
35 6
27 1
33 31
21 1
35 35
38 24
20 26
5 2
1 20
28 12
14 12
16 32
36 4
0 23
27 9
3 13
17 18
4 26
11 1
17 26
14 11
6 7
27 2
11 37
7 20
16 13
13 10
8 11
36 14
33 14
15 37
21 26
7 30
0 4
6 37
29 5
26 12
19 35
25 24
30 14
27 33
30 25
24 15
35 24
28 10
9 8
6 9
17 17
1 29
36 32
31 12
29 14
22 11
16 29
24 24
36 34
18 26
32 2
24 34
8 4
7 6
23 20
36 18
21 13
25 31
19 38
8 32
2 33
8 38
9 32
35 29
11 9
7 33
26 8
35 30
3 20
29 18
4 33
35 5
4 10
21 33
33 26
18 10
36 23
36 37
10 26
33 35
37 15
23 2
28 16
23 34
1 27
8 17
30 36
25 8
33 0
24 16
1 3
37 27
29 1
19 8
24 38
29 33
30 28
29 38
12 32
5 33
31 30
3 33
2 25
12 6
13 37
5 22
3 26
38 9
9 5
15 30
16 9
10 19
16 33
5 29
29 22
33 29
29 26
18 3
11 10
3 11
9 35
20 6
1 24
21 19
38 11
26 16
13 18
37 26
25 11
38 31
35 17
31 31
10 13
7 5
13 27
1 12
15 20
12 13
28 22
15 21
30 12
23 3
32 17
19 7
27 31
27 35
31 18
11 3
23 33
18 19
34 29
9 29
2 36
20 11
32 20
26 2
20 0
13 20
18 20
34 7
15 1
20 20
12 10
7 35
33 11
24 6
27 16
27 3
38 14
30 26
14 31
27 17
38 18
36 10
11 19
30 1
12 22
27 36
10 30
24 35
32 30
19 10
11 29
20 21
27 32
3 29
21 21
22 7
8 19
22 22
9 22
8 35
5 23
21 0
5 24
11 31
34 31
9 25
20 8
25 2
1 11
14 3
22 25
13 5
27 8
26 28
30 5
27 25
32 8
27 0
27 24
13 23
29 9
30 22
21 32
0 2
35 8
21 29
34 22
17 16
5 20
17 32
27 15
12 28
31 23
19 26
18 21
35 33
16 15
15 14
22 32
17 35
1 16
6 36
29 25
8 16
26 25
10 6
33 1
17 30
30 16
6 29
31 2
27 6
9 34
28 26
0 14
4 20
0 3
12 20
21 35
28 37
13 25
13 24
8 26
11 20
3 18
30 3
22 16
31 13
23 32
30 37
33 37
13 32
33 22
1 0
34 36
16 17
13 35
26 24
19 24
24 10
34 21
31 35
3 35
22 24
37 0
34 35
15 17
18 13
15 6
31 32
3 9
13 2
7 18
16 30
10 33
32 3
0 32
1 5
25 13
32 38
29 20
19 20
28 14
25 33
9 9
22 4
23 8
11 27
38 28
37 30
23 9
29 15
13 7
26 32
10 37
14 9
30 35
2 31
23 35
14 5
17 23
6 34
37 16
18 31
16 38
8 5
0 15
2 10
16 1
35 19
10 2
28 38
17 14
11 33
10 5
20 32
18 14
25 3
14 8
30 0
7 34
29 21
37 4
19 9
3 17
15 7
24 12
6 28
2 13
34 26
31 19
0 31
24 4
5 35
31 37
22 8
34 37
36 36
28 17
36 21
32 19
2 11
12 37
15 24
2 28
8 2
13 9
10 25
12 36
11 5
8 10
30 9
20 34
15 19
21 16
22 19
24 29
4 12
32 37
24 11
38 12
26 21
9 37
8 21
35 10
15 35
29 23
24 18
38 4
3 28
16 0
9 2
28 5
35 16
1 6
1 9
19 31
5 11
5 4
18 30
6 25
28 30
32 15
16 31
0 5
22 9
7 38
14 16
19 5
15 12
8 20
0 22
32 10
16 12
36 1
33 34
4 13
2 16
18 12
19 14
30 29
18 11
7 22
2 24
2 1
21 15
19 36
4 32
7 31
21 20
12 17
28 32
37 28
29 30
31 21
2 7
22 17
24 23
35 18
12 26
31 11
16 2
36 9
15 31
12 12
19 4
30 13
26 19
8 37
2 8
18 25
18 16
3 38
3 34
36 28
6 5
5 37
20 24
34 23
20 38
13 29
4 21
24 2
29 11
7 36
4 23
16 4
23 24
3 4
26 23
22 35
18 15
9 18
10 24
29 0
28 7
2 27
28 18
36 0
7 27
8 31
9 28
15 28
31 38
38 6
38 2
13 33
5 34
7 19
9 21
17 12
5 18
12 16
18 32
1 21
11 6
31 7
4 7
3 24
36 8
26 9
13 4
15 10
35 3
22 10
30 2
23 26
4 4
5 26
1 7
10 3
8 14
12 25
25 30
10 27
22 13
14 1
18 18
30 27
30 21
10 7
30 4
18 23
20 9
31 1
16 19
0 28
15 15
33 27
27 5
36 2
32 5
36 12
38 1
17 1
24 28
11 26
26 31
29 31
1 8
16 6
15 0
33 4
33 13
24 26
11 25
14 6
6 35
11 21
12 1
15 16
26 35
10 32
18 38
30 32
7 1
10 21
26 36
23 10
19 25
11 7
5 0
9 13
30 38
3 27
1 1
34 3
11 17
7 14
0 27
22 31
6 24
0 0
16 14
31 29
1 34
34 13
21 17
27 26
25 19
12 18
25 9
36 38
13 0
4 17
15 3
9 38
34 6
8 15
28 28
4 35
12 9
17 36
22 3
4 31
23 31
0 36
18 8
31 22
28 0
13 36
9 17
31 3
23 38
14 27
34 19
21 37
30 24
35 12
33 36
29 37
0 7
34 9
22 30
36 33
17 6
28 34
4 3
6 2
8 34
33 5
1 15
13 13
24 25
18 4
38 33
17 38
19 21
3 37
3 5
10 0
7 4
20 31
32 14
12 33
6 23
32 18
32 13
6 1
7 29
9 0
8 8
32 23
17 20
13 30
5 28
29 4
24 17
17 0
12 35
11 22
37 32
18 0
25 10
26 15
17 15
15 36
15 22
6 26
23 21
0 6
37 1
6 4
25 4
32 24
1 31
36 17
35 27
7 32
16 21
2 2
17 7
29 35
19 22
25 38
19 19
33 38
25 15
5 17
21 38
6 30
34 28
34 34
18 1
35 2
36 6
27 30
32 26
12 14
30 15
5 32
25 18
18 7
27 7
31 24
34 5
1 22
38 30
16 16
26 5
35 14
38 26
36 31
14 7
26 29
27 23
33 2
36 7
27 14
19 13
9 30
21 8
11 8
31 6
25 25
11 32
20 25
15 27
5 38
14 14
24 21
25 37
3 14
37 29
29 13
21 36
31 8
19 27
22 26
38 20
12 4
13 8
3 2
29 2
25 17
22 21
20 33
0 18
37 5
30 6
20 7
9 1
7 28
26 30
23 4
7 24
26 17
3 8
19 32
28 20
37 7
0 16
36 25
2 17
16 7
11 2
7 11
14 24
31 25
4 5
18 33
17 9
27 11
15 11
23 25
37 20
14 28
23 7
3 25
25 29
33 16
19 30
9 26
18 27
15 5
10 28
0 26
10 1
6 16
3 10
26 1
14 26
34 25
7 10
26 6
23 15
14 34
31 10
8 23
37 2
17 31
4 9
1 19
38 35
2 20
24 5
33 18
21 31
4 22
13 31
21 30
22 33
12 19
28 35
0 34
32 33
25 34
37 35
26 27
31 26
10 18
32 29
22 29
25 7
1 26
11 14
19 11
8 27
10 23
8 12
26 37
20 10
28 13
13 17
5 8
4 24
36 27
16 24
12 27
14 30
37 13
27 20
30 20
18 5
17 2
24 37
37 33
32 1
24 27
0 21
2 26
23 18
16 10
19 23
15 4
15 23
5 12
0 9
4 14
0 29
14 25
20 36
21 22
33 17
8 3
20 17
34 32
2 37
4 15
30 18
4 27
28 9
6 22
0 33
28 31
6 14
11 36
22 6
21 6
27 19
34 0
32 31
3 6
31 28
0 25
11 12
23 19
33 15
20 14
8 24
27 28
5 1
26 26
0 30
19 1
36 30
1 13
4 18
11 18
8 22
1 4
38 19
2 14
33 10
31 27
35 26
16 27
38 21
2 3
37 3
38 27
29 17
2 21
15 33
17 21
22 12
15 8
10 8
29 27
6 8
19 29
17 8
17 19
6 20
19 17
9 16
2 30
13 26
12 11
37 14
1 35
12 5
10 29
24 0
4 34
36 11
1 14
3 12
14 0
19 16
38 25
0 20
26 11
1 36
35 7
25 0
25 28
23 12
9 24
12 38
31 0
28 23
29 34
5 10
20 22
27 27
35 1
32 0
31 20
16 26
37 31
14 29
29 10
15 9
19 18
27 38
35 15
20 19
9 3
21 11
25 1
13 16
25 35
24 33
36 19
26 33
0 24
28 1
33 32
21 23
15 18
9 7
20 5
37 11
30 30
34 17
11 38
20 3
19 34
25 12
23 13
23 0
3 30
22 20
31 5
9 12
5 5
23 5
11 24
12 29
11 34
26 13
28 24
27 22
27 12
14 38
17 33
38 3
9 20
23 27
18 17
7 23
24 19
18 9
0 8
36 26
35 23
5 21
27 4
18 28
20 4
25 6
7 26
8 0
2 0
23 37
33 3
4 8
7 25
8 13
23 1
9 15
23 22
32 11
5 19
20 35
32 28
6 12
0 38
8 25
10 16
13 19
6 31
12 21
6 17
20 12
26 20
0 12
11 23
2 34
21 27
28 8
36 13
33 24
22 15
35 21
37 37
16 23
21 9
28 4
26 10
7 37
14 18
18 29
9 6
6 18
2 38
14 36
17 29
31 4
14 21
2 23
32 21
37 25
26 22
25 16
27 29
22 5
28 33
34 12
0 17
