28 19 24
......T.....T......T..T.....
.........T....T.....T...T...
.....T.T.....T.T.T.T........
.....................T.....T
......TT........T.......T...
....T.......................
.........TT..T.......T.....T
...T........................
...T.....T.T.T..T.........TT
............T...............
............T....T.....T.T..
........T.....T..T..........
..T...T.T...TT...T..........
..T....T..T...............T.
......................T.....
......T...................T.
........T...........T......T
.......TT................T..
...............T............
...........T........TT.T....
............T............TT.
.............T..........T...
............................
.........T.......T.T..T.....
T.......................T...
..T.....TT..................
..T....T.......T...T........
T..T........................
19 23
19 25
5 25
20 15
20 0
4 0
27 23
5 24
17 6
4 22
5 3
10 27
6 1
15 7
12 15
19 19
15 8
21 5
14 10
2 17
17 18
7 23
24 15
4 25
24 4
10 3
9 8
8 8
15 24
27 16
7 11
18 17
27 10
21 27
20 26
26 3
0 13
4 8
11 0
27 6
16 7
0 6
13 13
2 3
4 4
23 16
6 15
19 24
6 6
6 18
15 6
9 24
9 15
4 12
5 9
13 3
0 21
19 18
8 15
26 4
13 14
15 12
5 6
4 19
5 12
20 24
13 18
3 14
27 9
19 7
10 21
18 11
20 8
6 14
12 1
11 20
17 0
2 16
21 12
21 17
14 7
20 1
2 21
24 11
7 19
15 0
11 18
11 26
12 23
7 5
27 3
8 19
15 11
11 6
15 15
21 13
3 18
14 18
3 1
11 21
13 9
6 21
9 4
6 5
16 11
24 9
23 10
26 25
27 27
17 4
27 18
25 14
24 3
6 13
23 1
10 14
19 11
17 22
19 13
3 4
1 4
3 9
24 20
14 16
8 2
24 24
26 20
26 26
16 26
10 8
24 19
22 27
1 1
21 1
1 0
18 18
25 27
24 21
19 5
5 27
16 3
9 20
7 3
5 16
2 8
8 9
3 26
26 8
27 25
19 17
25 5
5 20
18 13
3 20
10 4
8 21
23 14
21 10
25 24
19 10
18 15
11 10
13 26
1 14
1 24
9 7
17 17
7 6
16 15
8 6
5 15
18 23
13 22
8 23
7 16
12 24
22 3
27 22
3 25
3 6
7 9
20 18
5 14
7 8
4 3
21 14
22 9
12 0
19 20
19 14
0 22
14 11
23 21
23 2
5 10
18 19
14 8
13 1
5 17
24 13
18 21
24 26
0 19
10 17
10 24
13 6
12 12
25 19
22 8
8 12
1 27
22 16
19 2
26 1
16 4
19 12
1 9
18 12
10 20
20 27
11 23
26 19
8 13
16 19
27 11
12 14
16 14
24 5
24 23
16 23
5 2
23 7
26 6
2 24
22 20
25 23
22 1
23 6
27 19
25 13
27 0
5 13
3 21
10 22
5 26
5 8
20 22
0 18
26 2
12 13
9 25
20 5
27 26
1 5
5 19
7 24
23 4
23 27
16 16
13 17
27 2
14 23
22 25
18 4
8 16
16 6
9 0
13 11
10 23
7 13
23 25
1 8
17 8
8 7
7 14
26 13
2 9
3 3
21 8
10 25
8 11
26 17
11 25
9 2
0 10
13 20
12 7
22 7
6 11
17 26
7 2
4 18
9 5
8 25
13 23
16 17
4 20
21 4
4 11
24 25
2 5
7 22
19 22
25 8
18 0
21 20
2 22
16 27
15 5
1 10
16 12
26 10
21 16
2 7
22 11
26 23
8 26
12 19
22 2
14 6
10 16
10 5
15 18
11 5
19 1
0 20
13 25
2 25
4 1
6 26
24 18
16 25
10 15
23 3
20 21
20 3
13 8
26 24
17 27
7 21
5 1
11 12
16 10
10 11
9 9
7 4
14 1
12 9
0 9
25 0
22 17
17 10
14 20
8 0
1 25
2 27
15 27
21 18
17 13
13 10
26 15
20 16
18 10
18 6
3 7
15 1
16 1
15 17
4 5
14 27
23 18
4 2
14 24
0 1
25 26
8 22
11 24
0 15
3 24
2 10
18 7
14 12
22 23
18 9
26 12
2 19
5 7
16 18
7 1
11 11
2 20
22 10
10 2
5 4
9 21
25 16
16 0
23 12
14 15
9 22
9 16
22 24
20 10
11 7
9 1
17 1
6 23
18 14
6 10
11 1
2 2
3 15
15 3
0 11
25 15
27 4
25 2
25 25
27 20
21 7
25 10
11 8
24 10
11 22
12 4
1 18
17 20
4 16
10 19
22 5
21 0
4 27
4 26
25 22
21 3
26 16
4 10
18 1
21 23
8 5
9 19
23 24
6 0
25 20
17 11
14 0
8 24
5 11
1 13
14 17
25 18
12 11
27 12
9 23
16 20
15 26
11 14
21 9
3 16
19 16
24 14
12 27
18 8
23 5
6 16
1 6
0 4
15 22
12 16
23 26
8 27
15 23
13 4
20 23
13 2
9 18
14 25
6 27
21 22
5 18
21 6
0 16
18 25
27 13
27 24
16 21
14 2
1 15
2 23
25 11
0 8
22 22
20 11
11 19
8 1
14 13
18 22
2 4
12 5
6 4
18 27
9 13
5 5
0 23
18 26
10 13
12 17
6 17
9 27
25 7
19 15
2 15
22 0
13 19
10 1
12 6
13 15
14 21
17 24
7 10
15 19
2 11
14 14
17 2
15 9
20 9
23 15
26 7
3 27
1 23
3 8
1 11
15 2
17 16
20 19
25 4
11 9
16 22
17 23
23 13
0 17
12 20
17 15
3 2
2 12
24 1
7 18
11 2
22 6
20 4
7 0
23 23
19 26
15 10
3 17
7 7
21 11
5 0
23 20
27 8
17 7
17 5
9 10
19 0
12 25
8 17
16 5
12 18
26 14
22 21
2 14
19 6
12 2
15 21
25 21
25 3
9 6
10 0
15 4
13 0
11 15
18 24
16 9
21 15
5 22
7 26
21 2
12 3
23 17
2 0
26 5
26 22
20 6
13 27
18 16
14 19
23 19
17 25
3 0
26 21
20 2
3 23
4 17
4 15
5 21
0 0
27 1
21 24
22 12
7 12
4 23
6 20
4 6
14 26
9 26
0 27
1 2
2 13
12 10
15 25
7 25
6 3
14 5
26 9
15 13
12 21
15 14
13 21
19 21
10 12
25 1
20 7
24 16
6 19
20 13
20 20
3 10
24 22
6 7
25 9
0 2
22 14
27 14
10 7
8 20
12 22
1 3
17 21
24 27
8 10
6 8
26 0
16 24
10 10
16 2
16 8
23 11
17 19
24 8
10 18
11 27
24 17
18 2
6 25
10 6
2 18
20 25
4 9
11 17
2 6
8 18
18 20
14 3
26 18
13 7
17 3
4 7
15 16
14 22
2 1
26 27
17 14
7 27
8 4
23 9
22 4
22 18
7 15
11 3
18 5
1 22
20 17
9 12
1 16
10 9
24 6
0 3
0 7
25 6
26 11
3 5
3 13
6 22
27 21
25 17
9 11
22 19
3 12
16 13
6 2
17 12
27 15
17 9
24 2
8 14
23 8
0 5
1 7
6 24
3 19
21 19
24 12
4 14
3 22
9 14
13 24
27 5
5 23
18 3
1 12
22 15
7 20
1 20
4 13
10 26
3 11
22 26
6 12
11 13
11 16
1 17
4 24
0 12
22 13
13 5
27 7
0 26
21 25
1 21
6 9
21 21
13 16
19 4
24 7
0 24
2 26
0 25
20 12
8 3
14 9
25 12
4 21
15 20
1 19
14 4
7 17
19 9
9 17
19 8
21 26
12 26
23 0
19 3
9 3
20 14
23 22
12 8
1 26
13 12
24 0
19 27
27 17
11 4
