37 30 23
........................TT....TT.....
............T...........T..........T.
..........................T.......T..
................T..............T.....
..T...............TT........T.......T
.................T.....T.T..T........
......T..............T...T..T........
...........T....TTT...............T..
..T.........T.......T..........T.....
........T.T..........T...............
........T............................
.....T.....................T.........
T....................................
........T............................
.....................................
.....................................
.T...................................
.TT..........T.......T.....T.........
T....T.........T.........T...........
..T..................................
.......T............TT...............
.........T...T......T.T..............
..T..................................
..............T.....T.....T..T.......
.T.............T.......T............T
....T............T....T..T........T..
...........T.....T....T.............T
.....T...............................
..T...............T..........T.......
............T...........T............
..........................T..........
...................T............T....
T.....T......................T.......
..........T..........................
...........T.......T......T....T...T.
...T...........T.....................
....T.................T..............
32 8
9 8
1 9
16 22
10 15
16 21
23 3
4 23
16 1
30 8
18 1
9 12
33 14
32 16
12 36
5 8
16 8
19 4
28 25
31 13
7 19
23 8
14 10
20 21
3 16
21 6
22 17
10 29
28 8
12 35
3 25
19 3
35 4
34 20
18 17
25 8
36 28
6 25
22 9
13 10
1 10
27 22
32 31
1 33
9 16
3 27
12 15
16 9
15 28
14 21
18 3
8 0
33 8
11 9
26 16
22 33
25 27
12 25
31 11
20 15
28 17
32 29
11 27
6 26
20 27
2 0
22 23
19 13
19 34
27 17
20 36
14 30
19 9
34 22
21 13
23 13
23 11
19 32
7 12
23 28
25 31
34 0
29 15
29 26
18 15
31 1
14 23
23 9
9 1
16 17
21 11
11 11
29 29
19 23
28 27
20 17
25 28
14 19
9 34
0 24
24 11
3 36
15 34
4 31
34 31
13 20
11 28
7 27
31 24
32 0
5 34
34 33
16 29
23 17
29 23
34 35
23 21
3 23
34 36
28 0
20 33
16 13
34 12
30 9
29 1
33 19
12 34
8 36
8 25
26 11
28 31
20 0
8 33
2 4
33 2
23 22
19 30
25 7
24 30
5 10
2 32
9 32
25 32
21 30
13 6
28 23
35 12
36 13
7 28
20 5
1 15
18 14
33 9
33 33
21 33
7 18
33 18
1 14
20 14
15 35
23 7
30 11
5 7
2 1
16 34
14 14
12 7
33 16
21 9
28 4
3 18
23 18
18 33
6 2
7 10
25 5
26 7
27 13
22 26
28 16
36 30
13 36
34 1
3 29
8 17
10 6
3 1
26 1
25 4
31 25
2 20
15 26
27 34
4 21
4 27
9 28
33 27
12 0
13 8
36 16
29 7
8 10
1 3
10 27
10 9
13 27
17 36
30 0
3 20
36 20
31 17
17 35
11 26
32 2
30 15
0 15
18 9
25 19
4 5
11 22
22 4
1 36
34 6
12 17
20 23
34 8
22 19
15 31
19 27
2 14
18 8
35 7
16 15
12 26
31 9
20 18
18 12
1 6
25 0
21 14
33 5
1 24
28 26
35 33
10 2
19 18
18 27
29 35
17 0
16 32
15 33
28 13
29 0
7 21
9 17
1 27
28 19
2 7
36 8
2 16
12 13
6 4
24 26
3 7
0 0
30 5
12 29
29 13
8 6
27 6
35 18
18 26
24 19
2 26
24 15
8 3
30 22
10 16
2 15
4 13
23 24
36 3
19 17
14 3
30 25
29 19
32 6
35 14
13 19
24 4
24 18
7 15
9 24
13 25
21 10
9 5
30 4
21 22
15 10
23 16
16 31
17 8
32 1
11 13
1 8
25 22
0 21
31 23
5 25
15 19
18 13
9 29
6 28
24 12
2 11
8 1
23 23
32 33
21 0
6 35
32 18
35 28
5 31
28 24
10 28
35 35
27 25
34 19
5 0
8 11
17 4
31 26
19 31
21 17
32 11
6 19
25 17
32 35
0 1
14 8
18 16
6 17
28 18
3 3
26 20
13 26
21 23
6 18
18 24
9 30
13 23
33 20
34 30
26 0
1 25
33 10
11 35
34 13
31 8
11 25
11 15
12 4
25 30
21 20
29 20
15 6
3 4
33 7
5 2
11 4
32 12
0 11
22 21
28 11
29 16
13 9
0 26
1 29
29 11
18 7
35 5
28 21
7 23
27 20
27 19
25 10
17 1
4 3
9 15
19 8
29 36
31 35
13 28
6 24
33 12
17 26
1 28
12 24
28 7
16 18
4 25
29 18
7 9
19 10
16 7
28 6
9 14
1 4
36 5
10 10
17 30
8 34
16 33
0 5
19 25
19 35
20 34
24 1
17 34
2 21
7 11
12 5
8 12
13 32
15 25
9 0
32 4
19 21
27 23
14 29
24 28
15 30
22 36
21 25
28 32
36 2
28 20
2 35
15 7
0 4
23 15
8 14
4 6
20 22
17 24
22 32
17 33
17 28
23 34
13 7
23 12
25 36
34 28
31 12
2 31
25 12
7 34
0 36
1 26
34 9
6 9
24 22
14 27
26 3
19 2
32 27
24 2
33 1
33 26
10 14
13 29
32 10
26 5
11 20
24 3
30 35
17 14
9 25
10 8
13 33
10 34
11 18
9 22
6 3
0 35
6 34
19 19
31 4
28 30
13 18
23 20
25 13
20 4
13 4
15 29
13 30
16 14
0 33
36 15
23 25
20 29
15 5
2 24
3 35
35 17
33 30
16 28
31 22
17 27
32 9
31 34
30 31
21 1
11 2
27 2
0 25
20 32
17 3
30 1
34 18
12 3
7 24
32 30
18 29
4 1
35 15
11 14
0 14
6 5
5 32
24 8
11 0
2 5
26 17
5 18
30 13
35 32
30 34
10 30
35 24
9 23
26 4
9 6
10 20
27 18
36 34
28 14
10 5
1 34
19 5
20 19
33 31
35 20
27 24
11 21
14 17
7 5
27 8
12 28
2 3
17 18
24 35
17 22
34 11
34 3
24 10
1 31
0 32
7 8
23 26
34 25
19 16
32 20
18 20
4 20
15 13
32 24
22 28
4 16
25 2
4 4
34 14
2 36
11 6
0 17
16 27
8 30
32 22
17 7
2 8
36 11
3 15
18 11
17 13
1 35
21 4
32 13
8 4
20 31
18 22
24 7
15 3
31 32
11 16
5 29
1 17
35 6
7 20
25 9
13 11
11 1
13 5
34 4
36 27
13 12
31 36
26 6
30 36
8 15
30 32
6 6
29 22
30 2
31 29
16 35
21 15
8 20
12 2
27 10
36 25
28 15
24 23
26 22
7 7
10 1
33 13
19 22
27 26
5 22
4 17
9 21
33 36
2 10
33 15
21 5
14 18
7 0
8 2
7 30
10 19
14 2
22 7
33 32
6 31
15 11
33 11
0 12
10 26
20 25
34 17
18 18
23 14
1 22
32 15
10 25
3 11
23 31
5 12
35 9
4 28
3 12
8 32
29 31
5 21
17 11
31 2
14 1
18 34
24 13
15 24
35 13
26 36
36 7
33 34
8 21
1 12
0 7
1 7
22 15
10 23
3 34
4 26
3 13
15 23
17 2
4 34
7 3
22 1
20 6
31 27
13 31
34 34
35 2
7 13
8 29
18 21
27 14
4 32
8 31
35 16
29 5
21 36
23 1
8 22
36 18
36 14
27 15
24 29
14 12
19 15
18 10
26 13
16 30
18 19
4 7
36 36
3 5
14 25
3 26
22 10
4 22
15 21
36 6
26 18
26 25
2 30
1 1
27 29
3 33
21 16
0 2
7 16
26 21
22 11
36 12
35 1
29 14
7 33
25 11
31 5
5 23
29 6
20 7
30 3
15 8
20 11
18 6
26 10
17 20
3 2
0 29
24 21
12 18
35 30
6 10
25 24
5 4
11 29
12 16
15 9
11 7
21 3
31 31
35 23
32 25
15 20
32 23
19 0
27 30
28 3
10 12
23 29
16 16
34 29
19 12
4 8
7 29
28 5
18 32
36 26
29 4
20 35
6 27
14 36
35 8
25 15
14 13
7 6
29 33
30 18
8 18
17 32
3 9
8 13
29 9
15 0
28 10
14 20
30 29
32 19
13 15
5 33
32 32
36 0
0 8
28 2
33 6
3 24
33 4
34 16
7 35
6 15
5 24
8 16
36 23
3 32
4 29
30 7
36 21
16 0
29 30
0 34
4 0
11 3
2 9
5 13
5 28
3 10
19 20
2 34
9 19
11 12
6 14
22 34
23 33
23 35
5 19
20 1
31 21
24 6
21 18
9 31
35 3
25 16
25 3
22 35
1 16
23 10
19 14
5 14
32 28
36 4
7 1
18 23
7 17
4 33
28 36
16 23
25 34
14 24
5 26
15 27
10 4
20 16
14 6
5 36
26 34
32 5
6 23
23 4
6 11
2 25
23 30
13 17
24 27
2 6
15 12
30 23
26 15
31 28
25 33
34 26
2 13
2 12
9 11
30 24
22 16
3 0
2 33
35 26
1 32
13 16
10 22
10 11
0 13
35 22
3 22
5 11
11 10
20 3
16 2
12 27
10 31
19 7
9 36
14 15
0 19
9 18
30 19
35 29
26 24
12 1
34 32
10 21
28 9
6 1
29 2
24 31
30 28
9 33
22 12
11 5
26 8
34 27
8 8
18 2
15 32
5 1
10 35
8 23
16 3
32 36
4 10
7 26
1 19
25 35
31 3
26 27
10 32
36 17
22 30
3 8
18 5
9 2
17 15
0 27
20 9
25 6
9 3
35 19
26 23
16 19
13 22
22 6
21 7
30 30
21 19
6 8
24 25
23 19
31 15
30 33
26 30
25 1
12 19
7 2
23 5
13 21
13 24
27 21
14 9
9 27
14 5
20 30
14 22
35 11
3 28
20 13
1 13
10 7
0 9
22 29
4 35
3 30
29 3
16 10
29 25
25 18
14 26
18 31
22 8
36 19
32 7
14 0
29 10
24 36
28 35
3 19
10 36
33 24
6 36
33 17
23 0
27 32
24 9
18 0
5 20
24 32
12 22
19 29
36 31
33 0
33 23
36 33
14 33
16 20
28 22
4 18
7 36
21 2
14 32
2 18
25 29
19 28
1 18
14 7
26 28
6 20
11 32
35 21
29 34
6 30
30 17
22 5
12 23
4 2
25 26
0 22
31 14
2 23
5 3
2 29
26 12
17 19
8 35
22 22
3 31
36 1
17 17
15 17
17 23
11 34
11 36
9 13
34 23
19 6
10 3
24 34
16 6
26 29
23 27
33 35
1 0
17 25
11 24
15 14
28 29
32 21
15 22
1 5
26 35
21 24
26 31
20 10
16 4
27 3
31 6
21 28
16 25
5 6
31 18
33 29
24 16
36 22
34 2
11 23
5 30
1 2
16 24
34 15
13 34
1 11
20 8
27 28
31 7
10 17
35 25
36 24
11 17
19 33
4 36
7 4
18 35
33 21
22 27
13 35
16 26
21 26
31 10
27 4
0 3
27 9
6 0
18 4
8 9
0 16
28 28
28 1
1 23
8 24
16 5
30 20
13 2
28 12
36 10
0 28
33 22
10 24
12 10
8 27
4 19
27 31
10 33
24 0
11 30
2 19
6 7
23 2
6 13
28 34
26 19
10 0
15 16
13 0
26 32
35 27
23 32
14 16
0 20
27 11
20 26
27 5
33 28
3 6
17 9
32 17
29 27
28 33
21 12
22 31
21 31
25 25
22 2
4 12
9 35
16 11
22 14
24 5
36 32
29 12
36 9
10 13
18 25
15 36
9 26
30 21
11 19
6 29
6 32
12 32
26 14
6 22
21 21
0 31
22 18
14 4
19 26
6 33
8 26
4 15
34 5
31 33
12 14
29 17
21 32
32 3
17 29
32 34
22 3
4 14
33 25
34 24
22 24
0 10
6 12
19 11
24 17
36 35
30 10
22 0
15 18
12 31
17 16
34 10
22 20
1 30
0 23
27 1
25 14
30 6
2 22
5 5
12 30
15 4
0 6
11 8
17 12
2 17
13 3
14 35
31 19
23 6
26 26
6 16
36 29
12 8
7 31
31 30
20 24
21 34
5 17
17 31
11 31
12 9
14 34
27 35
7 25
18 36
35 10
24 24
20 12
23 36
30 12
21 29
35 0
17 21
8 7
12 12
4 11
9 7
35 36
13 14
3 17
9 4
16 12
26 2
24 33
25 20
9 10
12 11
19 24
27 0
21 27
14 31
7 32
24 14
5 16
30 16
7 22
8 28
21 8
35 34
34 21
4 30
30 26
29 21
31 16
14 28
15 15
22 25
27 16
24 20
29 32
27 12
4 9
32 26
8 5
25 23
3 14
14 11
5 35
20 28
31 0
25 21
31 20
18 30
8 19
13 13
34 7
12 33
2 28
9 9
32 14
30 27
4 24
2 27
33 3
17 10
27 36
18 28
29 28
13 1
29 8
27 27
5 15
6 21
9 20
11 33
26 33
3 21
7 14
12 6
15 1
17 5
30 14
0 30
15 2
10 18
27 7
1 21
22 13
5 9
19 36
12 20
17 6
16 36
21 35
2 2
35 31
12 21
29 24
26 9
27 33
20 2
5 27
20 20
19 1
1 20
