34 16 2
.T........T...T...................
..T.......T..........T..TT.T......
.......TT.......T..TT.............
.T.....T...T.......T....T.........
....TTT...T.T....T....T.TT......T.
..TT................T...T..T......
.TTT.T...................T......T.
T.........T.T.....T...T.....T.....
.................T....T..T........
.T..............T...T.T.T.........
...T.T........T...T.......T.......
...T.....T.............T......T.T.
..T..T.........T.....T......T.....
TT....T.....TT.........T..........
..T.T............T........TT.T....
......T...........................
.....T.......T.T.....T........T.T.
.T....T.T....T...T....TT.T.....T..
T.....................T..T..T.....
........TT.T.TT.T.T....TT.........
.T.TT...........T..T..T.....T.....
TT.T....TTT...T.........T.TT......
.....T.........T....TTT.T...T.....
T............T......T.T.T.......T.
.................T..T.T..T.......T
...T......T....T..T...............
.T.........T...T.T...T.........T..
T.......................T......T..
T................T..T..T.....T....
.T......T.....T....T..........T..T
...........T.....T.....T..T.......
T..T......TT......................
..........T...T...................
.T.......T..T.....T...T...........
18 9
2 17
26 13
15 8
25 23
20 25
27 15
10 22
32 21
19 2
8 19
15 31
22 31
10 11
0 30
4 13
2 30
16 19
0 9
23 5
0 6
15 29
1 31
31 24
23 28
1 17
7 6
8 7
32 11
9 31
5 19
9 27
4 23
29 27
17 19
33 1
25 31
25 18
24 22
10 21
13 26
10 24
15 17
20 27
25 3
8 14
8 11
15 16
1 13
13 4
31 23
23 22
27 16
18 16
12 10
25 26
22 18
31 33
26 27
6 16
21 6
28 10
15 12
2 32
15 5
9 0
8 6
6 28
7 1
7 27
13 13
29 24
0 12
27 3
24 21
18 4
12 13
28 28
6 4
1 23
14 17
23 8
7 3
15 11
21 26
14 30
11 20
7 31
24 10
24 33
2 0
28 16
20 32
17 14
18 2
14 19
22 30
29 3
30 19
28 0
22 33
33 19
11 0
8 10
24 20
14 4
11 25
32 16
8 28
29 33
27 1
3 6
31 7
15 10
5 16
30 17
12 27
8 17
33 7
2 4
8 27
4 31
25 2
8 26
20 20
32 33
8 3
18 22
6 9
32 5
17 30
5 29
23 14
15 6
2 6
24 5
15 0
9 33
26 19
20 28
6 11
18 24
14 32
18 19
31 12
14 3
31 25
6 1
31 4
11 24
12 2
24 9
30 32
20 15
3 0
24 4
2 13
11 11
12 20
16 5
26 9
17 2
8 32
23 17
14 15
20 4
23 19
12 14
27 10
3 4
3 21
16 30
3 10
15 27
16 11
24 7
5 22
29 14
25 0
6 22
20 6
31 2
6 5
14 21
24 15
33 13
27 22
12 30
12 16
8 23
17 22
4 4
25 30
21 22
16 32
1 19
31 22
15 30
22 14
15 3
15 14
16 12
25 20
11 13
11 7
19 1
4 1
9 21
30 4
7 2
1 26
33 8
1 15
1 30
25 15
17 23
30 2
3 29
11 31
14 0
13 6
33 22
21 33
14 12
21 13
25 11
1 21
15 21
22 26
2 28
17 13
33 21
25 8
1 6
30 0
19 13
3 24
11 27
16 31
17 28
4 11
19 19
0 22
16 22
5 7
29 2
18 8
1 18
8 0
26 26
12 17
4 3
27 25
27 4
11 30
30 31
16 14
4 26
13 2
3 1
0 24
27 14
10 0
28 15
12 3
17 26
32 32
29 1
32 2
20 19
13 17
7 23
13 31
16 15
20 29
1 25
26 8
9 10
1 12
10 17
15 24
9 28
12 4
6 24
22 6
1 3
5 6
30 26
23 24
31 17
28 17
2 15
20 1
25 25
31 29
32 30
31 0
31 14
8 21
18 23
14 29
26 16
16 23
26 12
12 23
3 13
5 24
29 16
29 23
1 14
4 15
27 29
10 7
29 26
29 32
21 0
24 1
9 2
11 18
23 32
32 1
7 10
26 31
33 3
21 14
0 32
13 14
14 11
30 12
11 3
26 10
22 17
33 32
27 20
26 33
29 12
21 30
31 26
27 9
15 15
21 17
27 5
8 2
10 29
29 29
31 6
17 12
10 31
21 29
11 15
3 30
2 7
25 33
5 13
3 14
22 0
23 9
17 10
24 18
32 29
11 12
14 8
19 15
32 14
27 7
33 15
9 23
28 31
29 15
22 16
5 18
19 20
16 17
14 6
32 8
0 25
28 5
26 23
1 5
19 24
24 24
13 11
4 24
17 8
2 18
22 20
21 11
6 14
22 19
8 18
28 13
14 33
10 15
24 3
5 20
6 0
15 22
21 1
18 27
13 23
0 28
20 26
17 27
5 25
9 25
2 22
27 12
14 23
26 29
13 3
13 0
9 19
16 2
8 24
5 28
19 33
11 33
27 28
22 5
18 20
8 33
9 6
25 21
22 22
27 31
1 29
11 4
33 5
14 27
24 31
16 26
17 32
14 14
3 12
1 20
18 32
13 15
14 18
18 30
29 25
10 12
33 9
28 19
8 8
24 6
18 1
6 27
10 5
16 20
5 27
18 5
1 28
4 17
0 2
22 10
1 24
29 5
28 8
5 10
18 31
21 8
27 27
4 21
0 13
9 14
23 3
8 9
0 20
15 25
8 12
28 21
2 10
14 7
1 8
28 2
7 4
33 10
24 29
15 23
26 15
19 12
25 12
17 11
26 20
25 16
1 0
11 1
3 3
18 26
18 21
24 28
33 18
2 9
19 18
29 30
18 14
28 11
20 31
31 28
19 31
19 3
30 14
6 18
27 6
13 12
22 3
7 30
24 8
14 13
15 1
14 26
19 6
15 20
28 18
21 21
19 11
0 29
25 4
30 20
20 2
30 28
0 19
16 9
9 12
20 7
4 6
7 0
7 19
0 16
23 15
10 16
21 24
8 31
16 21
12 9
19 9
7 5
4 2
12 32
25 10
7 13
25 1
13 5
7 29
23 33
12 15
32 4
22 2
32 26
14 5
7 32
0 27
17 4
25 14
22 15
5 11
22 27
4 7
4 27
32 7
9 3
8 1
4 20
5 14
21 18
0 18
29 18
7 12
12 6
26 25
1 27
6 25
12 31
20 12
32 19
15 4
27 17
15 18
7 11
28 1
3 16
25 29
2 16
30 23
29 21
20 0
2 8
19 30
9 8
1 10
2 25
31 3
14 20
23 1
6 21
8 30
13 28
12 12
9 11
2 20
3 26
30 21
16 0
12 26
0 11
20 33
18 0
30 25
24 17
0 31
10 20
19 28
15 33
5 17
1 7
26 3
30 16
8 22
9 24
29 4
2 14
6 7
28 9
21 10
19 21
28 22
32 28
22 23
32 3
5 15
14 2
22 24
8 5
18 3
20 10
32 25
24 32
13 29
23 7
6 8
7 24
17 18
25 17
29 8
18 18
23 2
33 20
0 3
16 8
17 6
15 7
25 22
26 0
14 25
26 24
29 0
5 21
1 33
29 7
32 22
15 2
16 7
31 27
6 23
15 19
23 25
15 32
0 0
32 20
3 9
24 25
28 32
4 33
13 22
6 33
29 19
16 13
23 11
29 28
23 10
3 20
6 6
17 1
20 11
25 28
20 14
31 32
28 14
23 23
30 22
33 6
7 20
1 11
24 14
32 0
23 26
32 31
30 11
22 28
10 9
17 25
26 5
0 15
30 18
20 21
14 22
4 28
0 14
24 23
11 29
14 16
16 6
29 6
4 29
3 31
3 27
16 33
4 32
24 11
31 13
28 6
13 24
30 30
23 12
14 10
7 26
9 30
11 19
0 5
7 18
20 23
3 23
30 5
22 1
11 22
12 8
1 2
9 16
17 24
14 9
9 17
17 17
3 25
1 32
25 24
14 28
26 4
15 26
2 27
10 28
4 12
22 11
7 21
19 0
18 11
3 11
11 10
10 2
25 27
6 12
0 26
33 11
21 12
16 10
0 23
33 12
0 1
4 19
8 13
30 1
33 16
14 24
4 9
19 8
19 5
19 32
1 4
16 29
23 13
10 23
30 7
5 8
32 13
31 8
28 4
16 18
8 25
19 23
26 11
22 21
17 7
28 23
4 22
2 5
12 1
23 29
15 9
22 25
21 23
13 16
27 0
17 3
21 31
23 21
3 32
26 17
23 18
3 19
1 16
11 28
5 32
26 14
28 33
31 20
12 7
18 6
5 0
30 3
11 8
12 18
32 17
12 25
5 1
4 5
24 19
23 20
19 29
9 22
18 17
13 32
2 12
4 18
18 28
3 28
13 19
6 2
0 4
3 15
4 16
18 29
29 11
10 33
7 22
11 14
33 24
27 32
26 2
17 29
28 27
13 30
4 0
20 24
14 1
31 10
31 15
27 26
17 9
25 32
11 17
24 12
13 8
10 13
8 20
7 8
24 30
20 9
0 8
6 19
32 27
27 33
21 32
26 28
28 7
23 31
20 22
3 17
4 25
32 6
2 21
9 13
31 18
4 14
2 23
27 18
11 9
18 12
23 0
21 9
2 19
2 24
32 9
26 18
24 2
1 1
20 30
18 25
18 13
9 7
6 30
30 27
17 0
2 31
13 20
20 17
17 33
26 7
10 1
22 13
10 14
9 32
5 30
6 10
28 3
30 24
7 7
4 8
33 30
3 33
22 9
12 21
13 21
25 13
28 20
27 19
16 3
31 11
16 25
29 9
5 3
5 33
30 8
8 4
21 25
22 32
29 31
22 8
13 18
20 13
25 7
19 26
8 15
31 9
25 19
25 5
9 5
30 9
10 10
3 5
30 13
31 19
22 4
33 31
28 26
33 29
27 11
33 0
5 26
17 15
22 7
20 16
3 2
27 2
13 27
11 32
16 24
28 25
26 32
30 10
6 15
12 11
17 31
19 14
5 2
6 13
16 16
32 24
20 3
33 23
18 15
16 4
23 6
12 0
1 9
9 18
12 24
33 4
5 9
16 1
0 10
16 27
1 22
17 16
10 32
7 33
2 1
27 8
3 8
7 17
17 21
32 10
5 5
2 11
11 23
4 10
32 12
0 7
18 7
6 20
31 31
7 9
33 33
12 22
13 7
11 6
5 12
11 21
11 2
31 21
8 16
33 28
33 17
9 26
33 2
21 15
33 26
10 4
27 13
3 22
23 16
25 6
11 26
15 28
9 15
6 31
21 19
10 18
5 23
10 30
22 29
29 13
7 25
10 27
6 26
9 1
13 10
23 30
32 23
12 19
10 8
24 0
10 3
31 1
12 33
5 31
31 30
15 13
28 29
13 9
33 25
30 15
13 25
13 33
28 30
27 21
21 3
10 25
12 28
27 30
18 33
33 14
30 33
4 30
32 15
23 27
23 4
12 29
21 20
20 5
9 20
26 21
29 20
19 25
21 27
31 16
21 7
0 33
6 29
10 6
26 6
2 33
19 16
9 29
7 15
21 5
30 6
31 5
7 14
6 17
19 7
14 31
2 3
25 9
12 5
33 27
3 18
8 29
2 2
27 23
20 8
6 32
19 22
24 27
26 22
18 10
29 10
5 4
7 28
21 16
21 28
24 13
21 2
0 21
2 29
9 4
17 20
10 26
28 24
32 18
21 4
11 5
29 17
28 12
6 3
13 1
24 16
29 22
11 16
24 26
9 9
26 1
10 19
20 18
2 26
3 7
27 24
19 17
19 4
16 28
19 27
17 5
30 29
7 16
26 30
19 10
22 12
