-1 37
-1 37
-1 37
-1 37
-1 37
-1 37
-1 37
-1 37
-1 37
-1 37
-1 37
-1 37
-1 37
-1 37
-1 37
-1 37
-1 37
-1 37
-1 37
-1 37
-1 37
-1 37
-1 37
-1 37
-1 37
-1 37
-1 37
-1 37
-1 37
-1 37
-1 37
-1 37
-1 37
-1 37
-1 37
-1 37
-1 37
-1 37
-1 37
-1 37
-1 37
-1 37
-1 37
-1 37
-1 37
-1 37
-1 37
-1 37
-1 37
-1 37
-1 37
-1 37
-1 37
-1 37
-1 37
-1 37
-1 37
-1 37
-1 37
-1 37
-1 37
-1 37
-1 37
-1 37
-1 37
-1 37
-1 37
-1 37
-1 37
-1 37
-1 37
-1 37
-1 37
-1 37
-1 37
-1 37
-1 37
-1 37
-1 37
-1 37
-1 37
-1 37
-1 37
-1 37
-1 37
-1 37
-1 37
-1 37
-1 37
-1 37
-1 37
-1 37
-1 37
-1 37
-1 37
-1 37
-1 37
-1 37
-1 37
-1 37
-1 77
-1 77
-1 77
-1 77
-1 77
-1 77
-1 77
-1 77
-1 77
-1 77
-1 77
-1 77
-1 77
-1 77
-1 77
-1 77
-1 77
-1 77
-1 77
-1 77
-1 77
-1 77
-1 77
-1 77
-1 77
-1 77
-1 77
-1 77
-1 77
-1 77
-1 77
-1 77
-1 77
-1 77
-1 77
-1 77
-1 77
-1 77
-1 77
-1 77
-1 77
-1 77
-1 77
-1 77
-1 77
-1 77
-1 77
-1 77
-1 77
-1 77
-1 77
-1 77
-1 77
-1 77
-1 77
-1 77
-1 77
-1 77
-1 77
-1 77
-1 77
-1 77
-1 77
-1 77
-1 77
-1 77
-1 77
-1 77
-1 77
-1 77
-1 77
-1 77
-1 77
-1 77
-1 77
-1 77
-1 77
-1 77
-1 77
-1 77
-1 77
-1 77
-1 77
-1 77
-1 77
-1 77
-1 77
-1 77
-1 77
-1 77
-1 77
-1 77
-1 77
-1 77
-1 77
-1 77
-1 77
-1 77
-1 77
-1 77
-1 77
-1 77
77 110
110 80
110 80
80 36
80 138
138 84
84 6
84 6
77 72
77 72
77 72
77 72
72 160
160 104
160 104
160 104
110 14
110 14
110 14
14 192
14 89
14 89
89 9
89 9
9 58
9 197
36 127
36 127
127 131
72 78
72 78
192 53
192 53
53 184
53 184
197 18
197 18
127 98
127 98
98 101
101 150
101 150
101 157
101 157
157 39
157 39
131 155
98 62
98 62
98 62
62 26
26 108
26 108
150 165
150 165
165 24
157 60
157 60
157 60
62 48
62 48
60 109
60 109
48 76
76 103
103 122
103 122
103 122
103 122
122 176
122 176
176 88
176 88
176 111
176 111
37 139
139 141
139 141
14 92
14 92
9 125
9 125
125 81
125 81
125 81
81 12
81 12
81 12
81 12
12 117
117 161
117 161
161 142
142 33
142 33
33 82
33 82
33 91
33 91
91 183
91 31
91 31
91 31
58 179
58 179
58 179
179 102
179 102
102 195
102 113
102 113
113 159
113 159
113 159
179 153
179 153
195 136
195 136
18 181
18 181
181 193
181 193
181 193
193 13
193 13
193 13
13 143
13 143
13 143
13 143
143 75
143 75
75 196
75 196
196 23
196 114
196 114
143 105
143 105
143 105
105 69
105 69
39 133
39 133
108 44
165 198
165 198
24 3
3 119
3 119
3 119
119 7
119 132
132 115
132 115
132 115
119 118
119 118
118 27
118 27
27 124
27 124
27 124
27 124
124 61
124 61
61 25
61 25
61 25
88 194
88 194
88 194
194 151
194 151
102 167
102 167
102 167
113 191
113 191
113 191
23 22
114 34
114 34
69 57
69 57
69 57
69 57
69 57
115 154
25 146
25 146
25 146
25 146
25 146
34 87
34 87
34 87
34 87
34 87
34 87
141 8
141 8
141 8
-1 8
-1 8
8 137
8 137
8 137
159 116
159 116
159 116
184 116
116 85
116 85
75 43
75 43
-1 43
-1 43
-1 43
-1 43
-1 43
-1 43
-1 43
-1 43
43 172
43 172
43 106
43 106
43 106
43 106
106 121
172 10
172 10
76 199
76 199
103 199
199 144
199 144
199 144
144 68
144 68
144 51
144 51
144 51
68 79
68 79
68 79
68 79
68 79
79 15
79 15
79 15
15 96
15 96
15 96
15 96
51 173
51 173
51 173
7 148
7 148
7 148
3 148
148 169
148 169
148 169
148 169
148 169
33 99
-1 99
-1 99
-1 99
-1 99
-1 99
-1 99
-1 99
-1 99
-1 99
-1 99
-1 99
-1 99
-1 99
-1 99
-1 99
-1 99
-1 99
-1 99
-1 99
-1 99
-1 99
-1 99
-1 99
99 166
99 166
99 166
99 166
61 112
61 112
61 112
179 112
191 83
191 83
-1 83
-1 83
-1 83
-1 83
-1 83
-1 83
-1 83
-1 83
-1 83
-1 83
-1 83
-1 83
-1 83
-1 83
-1 83
-1 83
-1 83
-1 83
-1 83
-1 83
-1 83
-1 83
-1 83
-1 83
-1 83
-1 83
-1 83
-1 83
-1 83
-1 83
-1 83
-1 83
-1 83
-1 83
-1 83
-1 83
-1 83
-1 83
53 35
53 35
53 35
53 35
-1 35
-1 35
-1 35
-1 35
-1 35
-1 35
-1 35
-1 35
-1 35
-1 35
-1 35
-1 35
-1 35
-1 35
-1 35
-1 35
-1 35
-1 35
-1 35
-1 35
-1 35
-1 35
-1 35
-1 35
-1 35
-1 35
-1 35
-1 35
-1 35
-1 35
-1 35
-1 35
-1 35
-1 35
-1 35
-1 35
-1 35
-1 35
-1 35
-1 35
-1 35
-1 35
-1 35
-1 35
-1 35
-1 35
-1 35
-1 35
35 42
35 42
35 42
42 107
42 107
42 107
62 182
117 182
166 182
118 100
92 100
139 100
100 93
100 93
100 93
138 93
138 93
93 50
93 50
93 50
50 178
50 178
50 178
50 178
178 54
178 54
178 54
178 54
54 56
54 56
54 56
54 56
56 162
56 162
154 5
154 5
154 5
154 5
154 5
154 5
192 5
5 135
5 135
5 135
5 135
135 29
135 29
135 29
101 94
101 94
181 94
181 94
94 70
94 70
70 73
73 149
73 149
73 149
94 86
94 86
94 86
86 175
86 175
86 95
86 95
86 95
86 95
70 147
70 147
70 147
160 147
160 147
149 46
149 46
125 46
125 46
125 46
73 38
73 38
73 38
151 38
151 38
38 128
38 128
38 128
128 171
128 171
128 171
128 171
128 171
96 64
96 64
197 64
160 64
162 180
167 180
109 180
179 180
171 90
171 90
171 90
171 90
171 90
171 90
99 90
104 90
146 130
146 130
91 130
91 130
85 130
85 130
107 170
107 170
124 170
124 170
10 170
10 170
56 63
56 63
56 63
56 63
196 63
196 63
196 63
8 63
63 52
63 52
63 52
63 52
63 52
52 1
52 1
52 1
1 30
173 30
173 30
13 30
30 190
190 170
30 40
30 40
30 19
30 19
190 156
190 156
190 156
190 156
190 156
52 156
52 156
130 67
130 67
131 67
67 19
67 19
67 19
67 19
112 123
181 123
15 163
15 163
170 163
170 163
48 163
82 49
82 49
156 49
156 49
156 49
63 49
51 17
42 158
42 158
42 158
153 158
84 158
84 158
135 158
46 158
158 66
158 66
158 66
6 66
161 66
119 174
119 174
136 174
122 129
122 129
184 129
184 129
194 129
142 129
22 16
116 16
116 16
78 16
29 32
35 32
35 32
35 32
32 16
32 180
32 20
32 20
32 20
183 120
183 120
183 120
183 120
12 120
12 120
129 187
129 187
129 187
129 187
129 187
38 187
38 187
150 187
50 187
57 11
128 11
137 45
137 45
137 45
137 45
19 45
19 45
19 45
19 45
90 45
45 168
45 168
81 168
44 168
175 168
199 185
111 152
111 152
68 152
133 55
133 55
169 0
169 0
5 65
5 65
26 188
26 188
26 188
26 188
132 2
132 2
132 2
176 2
176 2
80 164
80 164
94 164
147 59
72 59
93 189
93 189
93 189
193 189
193 189
110 189
144 47
138 47
31 74
195 74
157 41
143 145
40 145
40 145
36 140
106 140
3 134
3 134
79 177
79 177
87 97
-1 182
-1 182
-1 182
-1 182
-1 182
-1 182
-1 182
-1 182
-1 182
-1 182
-1 49
-1 49
-1 49
-1 49
-1 49
-1 49
-1 49
-1 49
-1 49
-1 49
-1 49
-1 49
-1 49
-1 49
-1 49
-1 49
-1 49
-1 49
-1 49
-1 49
-1 49
-1 49
-1 49
-1 49
-1 49
-1 49
-1 49
-1 49
-1 49
-1 49
-1 49
-1 49
-1 49
182 120
182 120
120 28
120 28
120 28
49 20
-1 187
-1 187
-1 187
-1 187
-1 187
-1 187
-1 187
-1 187
-1 187
-1 187
-1 187
-1 187
-1 187
-1 187
-1 187
-1 187
-1 187
-1 187
-1 187
-1 187
-1 187
-1 187
-1 187
-1 187
-1 187
-1 187
-1 187
-1 187
-1 187
-1 187
-1 187
-1 187
-1 187
-1 187
-1 187
-1 187
-1 187
-1 187
-1 187
-1 187
-1 187
187 152
152 0
-1 123
-1 123
-1 123
-1 123
-1 123
-1 123
-1 123
-1 123
-1 123
-1 123
-1 123
-1 123
-1 123
-1 123
-1 123
-1 123
-1 123
-1 123
-1 123
-1 123
-1 123
-1 123
-1 123
-1 123
-1 123
-1 123
-1 123
-1 123
-1 123
-1 123
-1 123
-1 123
-1 123
-1 123
-1 123
-1 123
-1 123
-1 123
-1 123
-1 123
-1 123
-1 123
-1 123
-1 123
-1 123
-1 123
-1 123
-1 123
-1 123
-1 123
-1 123
-1 123
-1 123
-1 123
-1 123
-1 123
-1 123
-1 123
-1 123
-1 123
-1 123
-1 123
-1 123
-1 123
-1 123
-1 123
-1 123
-1 123
-1 123
-1 123
-1 123
-1 123
-1 123
-1 123
-1 123
-1 123
-1 123
-1 123
-1 123
-1 123
-1 123
-1 123
-1 123
-1 123
-1 123
-1 123
-1 123
-1 123
-1 123
-1 123
-1 20
-1 20
-1 20
-1 20
-1 20
-1 20
-1 20
-1 20
-1 20
-1 20
-1 20
-1 20
-1 20
-1 20
-1 20
-1 20
-1 20
-1 20
-1 20
-1 20
-1 20
-1 20
-1 20
-1 20
-1 20
-1 20
-1 20
-1 20
-1 20
-1 20
-1 20
-1 20
-1 20
-1 20
-1 20
-1 20
-1 20
-1 20
-1 20
-1 20
-1 20
-1 20
-1 20
-1 20
-1 20
-1 20
-1 20
-1 20
-1 20
-1 20
-1 20
-1 20
-1 20
-1 20
-1 20
-1 20
-1 20
-1 20
-1 20
-1 20
-1 20
-1 20
-1 20
-1 20
-1 20
-1 20
-1 20
-1 20
-1 20
-1 20
-1 20
-1 20
-1 20
-1 20
-1 20
-1 20
-1 20
-1 20
-1 20
-1 20
-1 20
-1 20
-1 20
-1 20
-1 20
-1 20
-1 20
-1 20
-1 20
-1 20
-1 20
-1 20
-1 20
-1 20
-1 20
-1 20
-1 20
-1 20
-1 20
-1 20
-1 20
-1 20
-1 20
-1 20
-1 20
-1 20
-1 20
-1 20
-1 20
-1 20
-1 20
-1 20
-1 20
-1 20
-1 20
-1 20
-1 20
-1 20
-1 168
-1 168
-1 168
-1 168
-1 168
-1 168
-1 168
-1 168
-1 168
-1 168
-1 168
-1 168
-1 168
-1 168
-1 168
-1 168
-1 168
-1 168
-1 168
-1 168
-1 168
-1 168
-1 168
-1 168
-1 168
-1 168
-1 168
-1 168
-1 168
-1 168
-1 168
-1 168
-1 168
-1 168
-1 168
-1 168
-1 168
-1 168
-1 168
-1 168
-1 168
-1 168
-1 168
-1 168
-1 168
-1 168
-1 168
-1 168
-1 168
-1 168
-1 168
-1 168
-1 168
-1 168
-1 168
-1 168
-1 168
-1 168
-1 168
-1 168
-1 168
-1 168
-1 168
-1 168
-1 168
-1 168
-1 168
-1 168
-1 168
-1 168
-1 168
-1 168
-1 168
-1 168
-1 168
-1 168
-1 168
-1 168
-1 168
-1 168
-1 168
-1 168
-1 168
-1 168
-1 168
-1 168
-1 168
-1 168
-1 168
-1 168
-1 168
-1 168
-1 168
-1 168
-1 168
-1 168
-1 168
-1 168
-1 168
-1 168
-1 168
-1 168
-1 168
-1 168
-1 168
-1 168
-1 168
-1 168
-1 168
-1 168
-1 168
-1 168
-1 168
-1 168
-1 168
-1 168
-1 168
-1 168
-1 168
-1 168
-1 168
-1 168
-1 168
168 126
168 126
-1 174
-1 174
-1 174
-1 174
-1 174
-1 174
-1 174
-1 174
-1 174
-1 174
-1 174
-1 174
-1 174
-1 174
-1 174
-1 174
-1 174
-1 174
-1 174
-1 174
-1 174
-1 174
-1 174
-1 174
-1 174
-1 174
-1 174
-1 174
-1 174
-1 174
-1 174
-1 174
-1 174
-1 174
-1 174
-1 174
-1 174
-1 174
-1 174
-1 174
-1 174
-1 174
-1 174
-1 174
-1 174
-1 174
-1 174
-1 174
-1 174
-1 174
-1 174
-1 174
-1 174
-1 174
-1 174
-1 174
-1 174
-1 174
-1 174
-1 174
-1 174
-1 174
-1 174
-1 174
-1 174
-1 174
-1 174
-1 174
-1 174
-1 174
-1 174
-1 174
-1 174
-1 174
-1 174
-1 174
-1 174
-1 174
-1 174
-1 174
-1 174
-1 174
-1 174
-1 174
-1 174
-1 174
-1 174
-1 174
-1 174
-1 174
-1 174
-1 174
-1 174
-1 174
-1 174
-1 174
-1 174
-1 174
-1 174
-1 174
-1 174
-1 174
-1 174
-1 174
-1 174
-1 174
-1 174
-1 174
-1 174
-1 174
-1 174
-1 174
-1 174
-1 174
-1 174
-1 174
-1 174
-1 174
-1 174
-1 174
-1 174
-1 174
-1 174
-1 17
-1 17
-1 17
-1 17
-1 17
-1 17
-1 17
-1 17
-1 17
-1 17
-1 17
-1 17
-1 17
-1 17
-1 17
-1 17
-1 17
-1 17
-1 17
-1 17
-1 17
-1 17
-1 17
-1 17
-1 17
-1 17
-1 17
-1 17
-1 17
-1 17
-1 17
-1 17
-1 17
-1 17
-1 17
-1 17
-1 17
-1 17
-1 17
-1 17
-1 17
-1 17
-1 17
-1 17
-1 17
-1 17
-1 17
-1 17
-1 17
-1 17
-1 17
-1 17
-1 17
-1 17
-1 17
-1 17
-1 17
-1 17
-1 17
-1 17
-1 17
-1 17
-1 17
-1 17
-1 17
-1 17
-1 17
-1 17
-1 17
-1 17
-1 17
-1 17
-1 17
-1 17
-1 17
-1 17
-1 17
-1 17
-1 17
-1 17
-1 17
-1 17
-1 17
-1 17
-1 17
-1 17
-1 17
-1 17
-1 17
-1 17
-1 17
-1 17
-1 17
-1 17
-1 17
-1 17
-1 17
-1 17
-1 17
-1 17
-1 17
-1 17
-1 17
-1 17
-1 17
-1 17
-1 17
-1 17
-1 17
-1 17
-1 17
-1 17
-1 17
-1 17
-1 17
-1 17
-1 17
-1 17
-1 17
-1 17
-1 17
-1 17
-1 17
-1 17
-1 17
-1 17
-1 17
-1 17
-1 17
-1 17
-1 17
-1 17
-1 17
-1 17
-1 17
-1 17
-1 17
-1 17
-1 17
-1 17
-1 17
-1 17
-1 17
-1 17
-1 11
-1 11
-1 11
-1 11
-1 11
-1 11
-1 11
-1 11
-1 11
-1 11
-1 11
-1 11
-1 11
-1 11
-1 11
-1 11
-1 11
-1 11
-1 11
-1 11
-1 11
-1 11
-1 11
-1 11
-1 11
-1 11
-1 11
-1 11
-1 11
-1 11
-1 11
-1 11
-1 11
-1 11
-1 11
-1 11
-1 11
-1 11
-1 11
-1 11
-1 11
-1 11
-1 11
-1 11
-1 11
-1 11
-1 11
-1 11
-1 11
-1 11
-1 11
-1 11
-1 11
-1 11
-1 11
-1 11
-1 11
-1 11
-1 11
-1 11
-1 11
-1 11
-1 11
-1 11
-1 11
-1 11
-1 11
-1 11
-1 11
-1 11
-1 11
-1 11
-1 11
-1 11
-1 11
-1 11
-1 11
-1 11
-1 11
-1 11
-1 11
-1 11
-1 11
-1 11
-1 11
-1 11
-1 11
-1 11
-1 11
-1 11
-1 11
-1 11
-1 11
-1 11
-1 11
-1 11
-1 11
-1 11
-1 11
-1 11
-1 11
-1 11
-1 11
-1 11
-1 11
-1 11
-1 11
-1 11
-1 11
-1 11
-1 11
-1 11
-1 11
-1 11
-1 11
-1 11
-1 11
-1 11
-1 11
-1 11
-1 11
-1 11
-1 11
-1 11
-1 11
-1 11
-1 11
-1 11
-1 11
-1 11
-1 11
-1 11
-1 11
-1 11
-1 11
-1 11
-1 11
-1 11
-1 11
-1 11
-1 11
-1 11
-1 11
-1 11
-1 11
-1 11
-1 11
-1 11
-1 11
-1 11
-1 11
-1 11
-1 11
-1 11
-1 11
-1 11
-1 11
-1 11
-1 11
-1 11
-1 11
-1 11
-1 11
-1 11
-1 11
-1 11
-1 11
-1 11
-1 11
-1 11
-1 11
-1 11
-1 11
-1 11
-1 11
-1 11
-1 11
-1 11
-1 11
-1 11
-1 11
-1 11
-1 11
-1 11
-1 11
-1 11
-1 11
-1 11
-1 11
-1 11
-1 11
-1 11
-1 11
-1 11
-1 11
-1 11
-1 11
-1 11
-1 11
-1 11
-1 11
-1 11
-1 11
-1 11
-1 11
-1 11
-1 11
-1 11
-1 11
-1 11
-1 11
174 59
174 59
174 59
174 59
174 59
11 186
11 186
11 186
186 140
186 140
186 140
17 185
174 55
-1 140
-1 140
-1 140
-1 140
-1 140
-1 140
-1 140
-1 140
-1 140
-1 140
-1 140
-1 140
-1 140
-1 140
-1 140
-1 140
-1 140
-1 140
-1 140
-1 140
-1 140
-1 140
-1 140
-1 140
-1 140
-1 140
-1 140
-1 140
-1 140
-1 140
-1 140
-1 140
-1 140
-1 140
-1 140
-1 140
-1 140
-1 140
-1 140
-1 140
-1 140
-1 140
-1 140
-1 140
-1 140
-1 140
-1 140
-1 140
-1 140
-1 140
-1 140
-1 140
-1 140
-1 140
-1 140
-1 140
-1 140
-1 140
-1 140
-1 140
-1 140
-1 140
-1 140
-1 140
-1 140
-1 140
-1 140
-1 140
-1 140
-1 140
-1 140
-1 140
-1 140
-1 140
-1 140
-1 140
-1 140
-1 140
-1 140
-1 140
-1 140
-1 140
-1 140
-1 140
-1 140
-1 140
-1 140
-1 140
-1 140
-1 140
-1 140
-1 140
-1 140
-1 140
-1 140
-1 140
-1 140
-1 140
-1 140
-1 140
-1 140
-1 140
-1 140
-1 140
-1 140
-1 140
-1 140
-1 140
-1 140
-1 140
-1 140
-1 140
-1 140
-1 140
-1 140
-1 140
-1 140
-1 140
-1 140
-1 140
-1 140
-1 140
-1 140
-1 140
-1 140
-1 140
-1 140
-1 140
-1 140
-1 140
-1 140
-1 140
-1 140
-1 140
-1 140
-1 140
-1 140
-1 140
-1 140
-1 140
-1 140
-1 140
-1 140
-1 140
-1 140
-1 140
140 65
-1 185
-1 185
-1 185
-1 185
-1 185
-1 185
-1 185
-1 185
-1 185
-1 185
-1 185
-1 185
-1 185
-1 185
-1 185
-1 185
-1 185
-1 185
-1 185
-1 185
-1 185
-1 185
-1 185
-1 185
-1 185
-1 185
-1 185
-1 185
-1 185
-1 185
-1 185
-1 185
-1 185
-1 185
-1 185
-1 185
-1 185
-1 185
-1 185
-1 185
-1 185
-1 185
-1 185
-1 185
-1 185
-1 185
-1 185
-1 185
-1 185
-1 185
-1 185
-1 185
-1 185
-1 185
-1 185
-1 185
-1 185
-1 185
-1 185
-1 185
-1 185
-1 185
-1 185
-1 185
-1 185
-1 185
-1 185
-1 185
-1 185
-1 185
-1 185
-1 185
-1 185
-1 185
-1 185
-1 185
-1 185
-1 185
-1 185
-1 185
-1 185
-1 185
-1 185
-1 185
-1 185
-1 185
-1 185
-1 185
-1 185
-1 185
-1 185
-1 185
-1 185
-1 185
-1 185
-1 185
-1 185
-1 185
-1 185
-1 185
-1 185
-1 185
-1 185
-1 185
-1 185
-1 185
-1 185
-1 185
-1 185
-1 185
-1 185
-1 185
-1 185
-1 185
-1 185
-1 185
-1 185
-1 185
-1 185
-1 185
-1 185
-1 185
-1 185
-1 185
-1 185
-1 185
-1 185
-1 185
-1 185
-1 185
-1 185
-1 185
-1 185
-1 185
-1 185
-1 185
-1 185
-1 185
-1 185
-1 185
-1 185
-1 185
-1 185
-1 185
-1 185
-1 185
-1 185
-1 185
-1 185
-1 185
-1 185
-1 185
-1 185
-1 185
-1 185
-1 185
-1 185
-1 185
-1 185
-1 185
-1 185
-1 185
-1 185
-1 185
-1 185
-1 185
-1 185
-1 185
-1 185
-1 185
-1 185
-1 185
-1 185
-1 185
-1 185
-1 185
-1 185
-1 185
-1 185
-1 185
-1 185
-1 185
-1 185
-1 185
-1 185
-1 185
-1 185
-1 185
-1 185
-1 185
-1 185
-1 185
-1 185
-1 185
-1 185
-1 185
-1 185
-1 185
-1 185
-1 185
-1 185
-1 185
-1 185
-1 185
-1 185
-1 185
-1 185
-1 185
-1 185
-1 185
-1 185
-1 185
-1 185
-1 185
-1 185
-1 185
-1 185
-1 185
-1 185
-1 185
-1 185
-1 185
-1 55
-1 55
-1 55
-1 55
-1 55
-1 55
-1 55
-1 55
-1 55
-1 55
-1 55
-1 55
-1 55
-1 55
-1 55
-1 55
-1 55
-1 55
-1 55
-1 55
-1 55
-1 55
-1 55
-1 55
-1 55
-1 55
-1 55
-1 55
-1 55
-1 55
-1 55
-1 55
-1 55
-1 55
-1 55
-1 55
-1 55
-1 55
-1 55
-1 55
-1 55
-1 55
-1 55
-1 55
-1 55
-1 55
-1 55
-1 55
-1 55
-1 55
-1 55
-1 55
-1 55
-1 55
-1 55
-1 55
-1 55
-1 55
-1 55
-1 55
-1 55
-1 55
-1 55
-1 55
-1 55
-1 55
-1 55
-1 55
-1 55
-1 55
-1 55
-1 55
-1 55
-1 55
-1 55
-1 55
-1 55
-1 55
-1 55
-1 55
-1 55
-1 55
-1 55
-1 55
-1 55
-1 55
-1 55
-1 55
-1 55
-1 55
-1 55
-1 55
-1 55
-1 55
-1 55
-1 55
-1 55
-1 55
-1 55
-1 55
-1 55
-1 55
-1 55
-1 55
-1 55
-1 55
-1 55
-1 55
-1 55
-1 55
-1 55
-1 55
-1 55
-1 55
-1 55
-1 55
-1 55
-1 55
-1 55
-1 55
-1 55
-1 55
-1 55
-1 55
-1 55
-1 55
-1 55
-1 55
-1 55
-1 55
-1 55
-1 55
-1 55
-1 55
-1 55
-1 55
-1 55
-1 55
-1 55
-1 55
-1 55
-1 55
-1 55
-1 55
-1 55
-1 55
-1 55
-1 55
-1 55
-1 55
-1 55
-1 55
-1 55
-1 55
-1 55
-1 55
-1 55
-1 55
-1 55
-1 55
-1 55
-1 55
-1 55
-1 55
-1 55
-1 55
-1 55
-1 55
-1 55
-1 55
-1 55
-1 55
-1 55
-1 55
-1 55
-1 55
-1 55
-1 55
-1 55
-1 55
-1 55
-1 55
-1 55
-1 55
-1 55
-1 55
-1 55
-1 55
-1 55
-1 55
-1 55
-1 55
-1 55
-1 55
-1 55
-1 55
-1 55
-1 55
-1 55
-1 55
-1 55
-1 55
-1 55
-1 55
-1 55
-1 55
-1 55
-1 55
-1 55
-1 55
-1 55
-1 55
-1 55
-1 55
-1 55
-1 55
-1 55
-1 55
-1 55
-1 55
-1 55
-1 55
-1 55
-1 55
-1 55
-1 55
-1 55
-1 55
-1 55
-1 55
-1 55
-1 55
-1 55
-1 55
-1 55
-1 55
-1 55
-1 55
-1 55
-1 55
-1 55
-1 55
-1 55
-1 55
-1 55
-1 55
-1 2
-1 2
-1 2
-1 2
-1 2
-1 2
-1 2
-1 2
-1 2
-1 2
-1 2
-1 2
-1 2
-1 2
-1 2
-1 2
-1 2
-1 2
-1 2
-1 2
-1 2
-1 2
-1 2
-1 2
-1 2
-1 2
-1 2
-1 2
-1 2
-1 2
-1 2
-1 2
-1 2
-1 2
-1 2
-1 2
-1 2
-1 2
-1 2
-1 2
-1 2
-1 2
-1 2
-1 2
-1 2
-1 2
-1 2
-1 2
-1 2
-1 2
-1 2
-1 2
-1 2
-1 2
-1 2
-1 2
-1 2
-1 2
-1 2
-1 2
-1 2
-1 2
-1 2
-1 2
-1 2
-1 2
-1 2
-1 2
-1 2
-1 2
-1 2
-1 2
-1 2
-1 2
-1 2
-1 2
-1 2
-1 2
-1 2
-1 2
-1 2
-1 2
-1 2
-1 2
-1 2
-1 2
-1 2
-1 2
-1 2
-1 2
-1 2
-1 2
-1 2
-1 2
-1 2
-1 2
-1 2
-1 2
-1 2
-1 2
-1 2
-1 2
-1 2
-1 2
-1 2
-1 2
-1 2
-1 2
-1 2
-1 2
-1 2
-1 2
-1 2
-1 2
-1 2
-1 2
-1 2
-1 2
-1 2
-1 2
-1 2
-1 2
-1 2
-1 2
-1 2
-1 2
-1 2
-1 2
-1 2
-1 2
-1 2
-1 2
-1 2
-1 2
-1 2
-1 2
-1 2
-1 2
-1 2
-1 2
-1 2
-1 2
-1 2
-1 2
-1 2
-1 2
-1 2
-1 2
-1 2
-1 2
-1 2
-1 2
-1 2
-1 2
-1 2
-1 2
-1 2
-1 2
-1 2
-1 2
-1 2
-1 2
-1 2
-1 2
-1 2
-1 2
-1 2
-1 2
-1 2
-1 2
-1 2
-1 2
-1 2
-1 2
-1 2
-1 2
-1 2
-1 2
-1 2
-1 2
-1 2
-1 2
-1 2
-1 2
-1 2
-1 2
-1 2
-1 2
-1 2
-1 2
-1 2
-1 2
-1 2
-1 2
-1 2
-1 2
-1 2
-1 2
-1 2
-1 2
-1 2
-1 2
-1 2
-1 2
-1 2
-1 2
-1 2
-1 2
-1 2
-1 2
-1 2
-1 2
-1 2
-1 2
-1 2
-1 2
-1 2
-1 2
-1 2
-1 2
-1 2
-1 2
-1 2
-1 2
-1 2
-1 2
-1 2
-1 2
-1 2
-1 2
-1 2
-1 2
-1 2
-1 2
-1 2
-1 2
-1 2
-1 2
-1 2
-1 2
-1 2
-1 2
-1 2
-1 2
-1 2
-1 2
-1 2
-1 2
-1 2
-1 2
-1 2
-1 2
-1 2
2 74
2 74
55 97
55 97
55 97
55 97
55 97
-1 189
-1 189
-1 189
-1 189
-1 189
-1 189
-1 189
-1 189
-1 189
-1 189
-1 189
-1 189
-1 189
-1 189
-1 189
-1 189
-1 189
-1 189
-1 189
-1 189
-1 189
-1 189
-1 189
-1 189
-1 189
-1 189
-1 189
-1 189
-1 189
-1 189
-1 189
-1 189
-1 189
-1 189
-1 189
-1 189
-1 189
-1 189
-1 189
-1 189
-1 189
-1 189
-1 189
-1 189
-1 189
-1 189
-1 189
-1 189
-1 189
-1 189
-1 189
-1 189
-1 189
-1 189
-1 189
-1 189
-1 189
-1 189
-1 189
-1 189
-1 189
-1 189
-1 189
-1 189
-1 189
-1 189
-1 189
-1 189
-1 189
-1 189
-1 189
-1 189
-1 189
-1 189
-1 189
-1 189
-1 189
-1 189
-1 189
-1 189
-1 189
-1 189
-1 189
-1 189
-1 189
-1 189
-1 189
-1 189
-1 189
-1 189
-1 189
-1 189
-1 189
-1 189
-1 189
-1 189
-1 189
-1 189
-1 189
-1 189
-1 189
-1 189
-1 189
-1 189
-1 189
-1 189
-1 189
-1 189
-1 189
-1 189
-1 189
-1 189
-1 189
-1 189
-1 189
-1 189
-1 189
-1 189
-1 189
-1 189
-1 189
-1 189
-1 189
-1 189
-1 189
-1 189
-1 189
-1 189
-1 189
-1 189
-1 189
-1 189
-1 189
-1 189
-1 189
-1 189
-1 189
-1 189
-1 189
-1 189
-1 189
-1 189
-1 189
-1 189
-1 189
-1 189
-1 189
-1 189
-1 189
-1 189
-1 189
-1 189
-1 189
-1 189
-1 189
-1 189
-1 189
-1 189
-1 189
-1 189
-1 189
-1 189
-1 189
-1 189
-1 189
-1 189
-1 189
-1 189
-1 189
-1 189
-1 189
-1 189
-1 189
-1 189
-1 189
-1 189
-1 189
-1 189
-1 189
-1 189
-1 189
-1 189
-1 189
-1 189
-1 189
-1 189
-1 189
-1 189
-1 189
-1 189
-1 189
-1 189
-1 189
-1 189
-1 189
-1 189
-1 189
-1 189
-1 189
-1 189
-1 189
-1 189
-1 189
-1 189
-1 189
-1 189
-1 189
-1 189
-1 189
-1 189
-1 189
-1 189
-1 189
-1 189
-1 189
-1 189
-1 189
-1 189
-1 189
-1 189
-1 189
-1 189
-1 189
-1 189
-1 189
-1 189
-1 189
-1 189
-1 189
-1 189
-1 189
-1 189
-1 189
-1 189
-1 189
-1 189
-1 189
-1 189
-1 189
-1 189
-1 189
-1 189
-1 189
-1 189
-1 189
-1 189
-1 189
-1 189
-1 189
-1 189
-1 189
-1 189
-1 189
-1 189
-1 189
-1 189
-1 189
-1 189
-1 189
-1 189
-1 189
-1 189
-1 189
-1 189
-1 189
-1 189
-1 189
-1 189
-1 189
-1 189
-1 189
-1 189
-1 189
-1 189
-1 189
-1 189
-1 189
-1 189
-1 97
-1 97
-1 97
-1 97
-1 97
-1 97
-1 97
-1 97
-1 97
-1 97
-1 97
-1 97
-1 97
-1 97
-1 97
-1 97
-1 97
-1 97
-1 97
-1 97
-1 97
-1 97
-1 97
-1 97
-1 97
-1 97
-1 97
-1 97
-1 97
-1 97
-1 97
-1 97
-1 97
-1 97
-1 97
-1 97
-1 97
-1 97
-1 97
-1 97
-1 97
-1 97
-1 97
-1 97
-1 97
-1 97
-1 97
-1 97
-1 97
-1 97
-1 97
-1 97
-1 97
-1 97
-1 97
-1 97
-1 97
-1 97
-1 97
-1 97
-1 97
-1 97
-1 97
-1 97
-1 97
-1 97
-1 97
-1 97
-1 97
-1 97
-1 97
-1 97
-1 97
-1 97
-1 97
-1 97
-1 97
-1 97
-1 97
-1 97
-1 97
-1 97
-1 97
-1 97
-1 97
-1 97
-1 97
-1 97
-1 97
-1 97
-1 97
-1 97
-1 97
-1 97
-1 97
-1 97
-1 97
-1 97
-1 97
-1 97
-1 97
-1 97
-1 97
-1 97
-1 97
-1 97
-1 97
-1 97
-1 97
-1 97
-1 97
-1 97
-1 97
-1 97
-1 97
-1 97
-1 97
-1 97
-1 97
-1 97
-1 97
-1 97
-1 97
-1 97
-1 97
-1 97
-1 97
-1 97
-1 97
-1 97
-1 97
-1 97
-1 97
-1 97
-1 97
-1 97
-1 97
-1 97
-1 97
-1 97
-1 97
-1 97
-1 97
-1 97
-1 97
-1 97
-1 97
-1 97
-1 97
-1 97
-1 97
-1 97
-1 97
-1 97
-1 97
-1 97
-1 97
-1 97
-1 97
-1 97
-1 97
-1 97
-1 97
-1 97
-1 97
-1 97
-1 97
-1 97
-1 97
-1 97
-1 97
-1 97
-1 97
-1 97
-1 97
-1 97
-1 97
-1 97
-1 97
-1 97
-1 97
-1 97
-1 97
-1 97
-1 97
-1 97
-1 97
-1 97
-1 97
-1 97
-1 97
-1 97
-1 97
-1 97
-1 97
-1 97
-1 97
-1 97
-1 97
-1 97
-1 97
-1 97
-1 97
-1 97
-1 97
-1 97
-1 97
-1 97
-1 97
-1 97
-1 97
-1 97
-1 97
-1 97
-1 97
-1 97
-1 97
-1 97
-1 97
-1 97
-1 97
-1 97
-1 97
-1 97
-1 97
-1 97
-1 97
-1 97
-1 97
-1 97
-1 97
-1 97
-1 97
-1 97
-1 97
-1 97
-1 97
-1 97
-1 97
-1 97
-1 97
-1 97
-1 97
-1 97
-1 97
-1 97
-1 97
-1 97
-1 97
-1 97
-1 97
-1 97
-1 97
-1 97
-1 97
-1 97
-1 97
-1 97
-1 97
-1 97
-1 97
-1 97
-1 97
-1 97
-1 97
-1 97
-1 97
-1 97
-1 97
-1 97
-1 97
-1 97
-1 97
-1 97
-1 97
-1 97
-1 97
-1 97
-1 97
189 164
189 164
189 164
189 164
-1 164
-1 164
-1 164
-1 164
-1 164
-1 164
-1 164
-1 164
-1 164
-1 164
-1 164
-1 164
-1 164
-1 164
-1 164
-1 164
-1 164
-1 164
-1 164
-1 164
-1 164
-1 164
-1 164
-1 164
-1 164
-1 164
-1 164
-1 164
-1 164
-1 164
-1 164
-1 164
-1 164
-1 164
-1 164
-1 164
-1 164
-1 164
-1 164
-1 164
-1 164
-1 164
-1 164
-1 164
-1 164
-1 164
-1 164
-1 164
-1 164
-1 164
-1 164
-1 164
-1 164
-1 164
-1 164
-1 164
-1 164
-1 164
-1 164
-1 164
-1 164
-1 164
-1 164
-1 164
-1 164
-1 164
-1 164
-1 164
-1 164
-1 164
-1 164
-1 164
-1 164
-1 164
-1 164
-1 164
-1 164
-1 164
-1 164
-1 164
-1 164
-1 164
-1 164
-1 164
-1 164
-1 164
-1 164
-1 164
-1 164
-1 164
-1 164
-1 164
-1 164
-1 164
-1 164
-1 164
-1 164
-1 164
-1 164
-1 164
-1 164
-1 164
-1 164
-1 164
-1 164
-1 164
-1 164
-1 164
-1 164
-1 164
-1 164
-1 164
-1 164
-1 164
-1 164
-1 164
-1 164
-1 164
-1 164
-1 164
-1 164
-1 164
-1 164
-1 164
-1 164
-1 164
-1 164
-1 164
-1 164
-1 164
-1 164
-1 164
-1 164
-1 164
-1 164
-1 164
-1 164
-1 164
-1 164
-1 164
-1 188
-1 188
-1 188
-1 188
-1 188
-1 188
-1 188
-1 188
-1 188
-1 188
-1 188
-1 188
-1 188
-1 188
-1 188
-1 188
-1 188
-1 188
-1 188
-1 188
-1 188
-1 188
-1 188
-1 188
-1 188
-1 188
-1 188
-1 188
-1 188
-1 188
-1 188
-1 188
-1 188
-1 188
-1 188
-1 188
-1 188
-1 188
-1 188
-1 188
-1 188
-1 188
-1 188
-1 188
-1 188
-1 188
-1 188
-1 188
-1 188
-1 188
-1 188
-1 188
-1 188
-1 188
-1 188
-1 188
-1 188
-1 188
-1 188
-1 188
-1 188
-1 188
-1 188
-1 188
-1 188
-1 188
-1 188
-1 188
-1 188
-1 188
-1 188
-1 188
-1 188
-1 188
-1 188
-1 188
-1 188
-1 188
-1 188
-1 188
-1 188
-1 188
-1 188
-1 188
-1 188
-1 188
-1 188
-1 188
-1 188
-1 188
-1 188
-1 188
-1 188
-1 188
-1 188
-1 188
-1 188
-1 188
-1 188
-1 188
-1 188
-1 188
-1 188
-1 188
-1 188
-1 188
-1 188
-1 188
-1 188
-1 188
-1 188
-1 188
-1 188
-1 188
-1 188
-1 188
-1 188
-1 188
-1 188
-1 188
-1 188
-1 188
-1 188
-1 188
-1 188
-1 188
-1 188
-1 188
-1 188
-1 188
-1 188
-1 188
-1 188
-1 188
-1 188
-1 188
-1 188
-1 188
-1 188
-1 188
-1 188
-1 188
-1 188
-1 188
-1 188
-1 188
-1 188
-1 188
-1 188
-1 188
-1 188
-1 188
-1 188
-1 188
-1 188
-1 188
-1 188
-1 188
-1 188
-1 188
-1 188
-1 188
-1 188
-1 188
-1 188
-1 188
-1 188
-1 188
-1 188
-1 188
-1 188
-1 188
-1 188
-1 188
-1 188
-1 188
-1 188
-1 188
-1 188
-1 188
-1 188
-1 188
-1 188
-1 188
-1 188
-1 188
-1 188
-1 188
-1 188
-1 188
-1 188
-1 188
-1 188
-1 188
-1 188
-1 188
-1 188
-1 188
-1 188
-1 188
-1 188
-1 188
-1 188
-1 188
-1 188
-1 188
-1 188
-1 188
-1 188
-1 188
-1 188
-1 188
-1 188
-1 188
-1 188
-1 188
-1 188
-1 188
-1 188
-1 188
-1 188
-1 188
-1 188
-1 188
-1 188
-1 188
-1 188
-1 188
-1 188
-1 188
-1 188
-1 188
-1 188
-1 188
-1 188
-1 188
-1 188
-1 188
-1 188
-1 188
-1 188
-1 188
-1 188
-1 188
-1 188
-1 188
-1 188
-1 188
-1 188
-1 188
-1 188
-1 188
-1 188
-1 188
-1 188
-1 188
-1 188
-1 188
-1 188
-1 188
-1 188
-1 188
-1 188
-1 188
-1 188
-1 188
-1 188
-1 188
-1 188
-1 188
-1 188
-1 188
-1 188
-1 188
-1 188
-1 188
-1 188
-1 188
-1 188
-1 188
-1 188
-1 188
-1 188
-1 188
-1 188
-1 188
-1 188
-1 188
-1 188
-1 188
-1 188
-1 188
-1 188
-1 188
-1 188
-1 188
-1 188
-1 188
-1 188
-1 71
-1 71
-1 71
-1 71
-1 71
-1 71
-1 71
-1 71
-1 71
-1 71
-1 71
-1 71
-1 71
-1 71
-1 71
-1 71
-1 71
-1 71
-1 71
-1 71
-1 71
-1 71
-1 71
-1 71
-1 71
-1 71
-1 71
-1 71
-1 71
-1 71
-1 71
-1 71
-1 71
-1 71
-1 71
-1 71
-1 71
-1 71
-1 71
-1 71
-1 71
-1 71
-1 71
-1 71
-1 71
-1 71
-1 71
-1 71
-1 71
-1 71
-1 71
-1 71
-1 71
-1 71
-1 71
-1 71
-1 71
-1 71
-1 71
-1 71
-1 71
-1 71
-1 71
-1 71
-1 71
-1 71
-1 71
-1 71
-1 71
-1 71
-1 71
-1 71
-1 71
-1 71
-1 71
-1 71
-1 71
-1 71
-1 71
-1 71
-1 71
-1 71
-1 71
-1 71
-1 71
-1 71
-1 71
-1 71
-1 71
-1 71
-1 71
-1 71
-1 71
-1 71
-1 71
-1 71
-1 71
-1 71
-1 71
-1 71
-1 71
-1 71
-1 71
-1 71
-1 71
-1 71
-1 71
-1 71
-1 71
-1 71
-1 71
-1 71
-1 71
-1 71
-1 71
-1 71
-1 71
-1 71
-1 71
-1 71
-1 71
-1 71
-1 71
-1 71
-1 71
-1 71
-1 71
-1 71
-1 71
-1 71
-1 71
-1 71
-1 71
-1 71
-1 71
-1 71
-1 71
-1 71
-1 71
-1 71
-1 71
-1 71
-1 71
-1 71
-1 71
-1 71
-1 71
-1 71
-1 71
-1 71
-1 71
-1 71
-1 71
-1 71
-1 71
-1 71
-1 71
-1 71
-1 71
-1 71
-1 71
-1 71
-1 71
-1 71
-1 71
-1 71
-1 71
-1 71
-1 71
-1 71
-1 71
-1 71
-1 71
-1 71
-1 71
-1 71
-1 71
-1 71
-1 71
-1 71
-1 71
-1 71
-1 71
-1 71
-1 71
-1 71
-1 71
-1 71
-1 71
-1 71
-1 71
-1 71
-1 71
-1 71
-1 71
-1 71
-1 71
-1 71
-1 71
-1 71
-1 71
-1 71
-1 71
-1 71
-1 71
-1 71
-1 71
-1 71
-1 71
-1 71
-1 71
-1 71
-1 71
-1 71
-1 71
-1 71
-1 71
-1 71
-1 71
-1 71
-1 71
-1 71
-1 71
-1 71
-1 71
-1 71
-1 71
-1 71
-1 71
-1 71
-1 71
-1 71
-1 71
-1 71
-1 71
-1 71
-1 71
-1 71
-1 71
-1 71
-1 71
-1 71
-1 71
-1 71
-1 71
-1 71
-1 71
-1 71
-1 71
-1 71
-1 71
-1 71
-1 71
-1 71
-1 71
-1 71
-1 71
-1 71
-1 71
-1 71
-1 71
-1 71
-1 71
-1 71
-1 71
-1 71
-1 71
-1 71
-1 71
-1 71
-1 71
-1 71
-1 71
-1 71
-1 71
-1 71
-1 71
-1 71
-1 71
-1 71
-1 71
-1 71
-1 71
-1 71
-1 71
-1 71
-1 71
-1 71
-1 71
-1 71
-1 71
-1 71
-1 71
-1 71
-1 71
-1 71
-1 71
-1 71
-1 71
-1 71
-1 71
-1 71
-1 71
-1 47
-1 47
-1 47
-1 47
-1 47
-1 47
-1 47
-1 47
-1 47
-1 47
-1 47
-1 47
-1 47
-1 47
-1 47
-1 47
-1 47
-1 47
-1 47
-1 47
-1 47
-1 47
-1 47
-1 47
-1 47
-1 47
-1 47
-1 47
-1 47
-1 47
-1 47
-1 47
-1 47
-1 47
-1 47
-1 47
-1 47
-1 47
-1 47
-1 47
-1 47
-1 47
-1 47
-1 47
-1 47
-1 47
-1 47
-1 47
-1 47
-1 47
-1 47
-1 47
-1 47
-1 47
-1 47
-1 47
-1 47
-1 47
-1 47
-1 47
-1 47
-1 47
-1 47
-1 47
-1 47
-1 47
-1 47
-1 47
-1 47
-1 47
-1 47
-1 47
-1 47
-1 47
-1 47
-1 47
-1 47
-1 47
-1 47
-1 47
-1 47
-1 47
-1 47
-1 47
-1 47
-1 47
-1 47
-1 47
-1 47
-1 47
-1 47
-1 47
-1 47
-1 47
-1 47
-1 47
-1 47
-1 47
-1 47
-1 47
-1 47
-1 47
-1 47
-1 47
-1 47
-1 47
-1 47
-1 47
-1 47
-1 47
-1 47
-1 47
-1 47
-1 47
-1 47
-1 47
-1 47
-1 47
-1 47
-1 47
-1 47
-1 47
-1 47
-1 47
-1 47
-1 47
-1 47
-1 47
-1 47
-1 47
-1 47
-1 47
-1 47
-1 47
-1 47
-1 47
-1 47
-1 47
-1 47
-1 47
-1 47
-1 47
-1 47
-1 47
-1 47
-1 47
-1 47
-1 47
-1 47
-1 47
-1 47
-1 47
-1 47
-1 47
-1 47
-1 47
-1 47
-1 47
-1 47
-1 47
-1 47
-1 47
-1 47
-1 47
-1 47
-1 47
-1 47
-1 47
-1 47
-1 47
-1 47
-1 47
-1 47
-1 47
-1 47
-1 47
-1 47
-1 47
-1 47
-1 47
-1 47
-1 47
-1 47
-1 47
-1 47
-1 47
-1 47
-1 47
-1 47
-1 47
-1 47
-1 47
-1 47
-1 47
-1 47
-1 47
-1 47
-1 47
-1 47
-1 47
-1 47
-1 47
-1 47
-1 47
-1 47
-1 47
-1 47
-1 47
-1 47
-1 47
-1 47
-1 47
-1 47
-1 47
-1 47
-1 47
-1 47
-1 47
-1 47
-1 47
-1 47
-1 47
-1 47
-1 47
-1 47
-1 47
-1 47
-1 47
-1 47
-1 47
-1 47
-1 47
-1 47
-1 47
-1 47
-1 47
-1 47
-1 47
-1 47
-1 47
-1 47
-1 47
-1 47
-1 47
-1 47
-1 47
-1 47
-1 47
-1 47
-1 47
-1 47
-1 47
-1 47
-1 47
-1 47
-1 47
-1 47
-1 47
-1 47
-1 47
-1 47
-1 47
-1 47
-1 47
-1 47
-1 47
-1 47
-1 47
-1 47
-1 47
-1 47
-1 47
-1 47
-1 47
-1 47
-1 47
-1 47
-1 47
-1 47
-1 47
-1 47
-1 47
-1 47
-1 47
-1 47
-1 47
-1 47
-1 47
-1 47
-1 47
-1 47
-1 47
-1 47
-1 47
-1 47
-1 47
-1 47
-1 47
-1 47
-1 47
-1 47
-1 47
-1 47
-1 47
-1 47
-1 47
-1 47
-1 47
-1 47
-1 47
-1 47
-1 47
-1 47
-1 47
-1 47
-1 47
-1 47
-1 47
-1 47
-1 47
-1 47
-1 47
-1 47
-1 47
-1 47
-1 47
47 177
47 177
47 177
71 4
71 4
71 4
71 4
71 4
-1 177
-1 177
-1 177
-1 177
-1 177
-1 177
-1 177
-1 177
-1 177
-1 177
-1 177
-1 177
-1 177
-1 177
-1 177
-1 177
-1 177
-1 177
-1 177
-1 177
-1 177
-1 177
-1 177
-1 177
-1 177
-1 177
-1 177
-1 177
-1 177
-1 177
-1 177
-1 177
-1 177
-1 177
-1 177
-1 177
-1 177
-1 177
-1 177
-1 177
-1 177
-1 177
-1 177
-1 177
-1 177
-1 177
-1 177
-1 177
-1 177
-1 177
-1 177
-1 177
-1 177
-1 177
-1 177
-1 177
-1 177
-1 177
-1 177
-1 177
-1 177
-1 177
-1 177
-1 177
-1 177
-1 177
-1 177
-1 177
-1 177
-1 177
-1 177
-1 177
-1 177
-1 177
-1 177
-1 177
-1 177
-1 177
-1 177
-1 177
-1 177
-1 177
-1 177
-1 177
-1 177
-1 177
-1 177
-1 177
-1 177
-1 177
-1 177
-1 177
-1 177
-1 177
-1 177
-1 177
-1 177
-1 177
-1 177
-1 177
-1 177
-1 177
-1 177
-1 177
-1 177
-1 177
-1 177
-1 177
-1 177
-1 177
-1 177
-1 177
-1 177
-1 177
-1 177
-1 177
-1 177
-1 177
-1 177
-1 177
-1 177
-1 177
-1 177
-1 177
-1 177
-1 177
-1 177
-1 177
-1 177
-1 177
-1 177
-1 177
-1 177
-1 177
-1 177
-1 177
-1 177
-1 177
-1 177
-1 177
-1 177
-1 177
-1 177
-1 177
-1 177
-1 177
-1 177
-1 177
-1 177
-1 177
-1 177
-1 177
-1 177
-1 177
-1 177
-1 177
-1 177
-1 177
-1 177
-1 177
-1 177
-1 177
-1 177
-1 177
-1 177
-1 177
-1 177
-1 177
-1 177
-1 177
-1 177
-1 177
-1 177
-1 177
-1 177
-1 177
-1 177
-1 177
-1 177
-1 177
-1 177
-1 177
-1 177
-1 177
-1 177
-1 177
-1 177
-1 177
-1 177
-1 177
-1 177
-1 177
-1 177
-1 177
-1 177
-1 177
-1 177
-1 177
-1 177
-1 177
-1 177
-1 177
-1 177
-1 177
-1 177
-1 177
-1 177
-1 177
-1 177
-1 177
-1 177
-1 177
-1 177
-1 177
-1 177
-1 177
-1 177
-1 177
-1 177
-1 177
-1 177
-1 177
-1 177
-1 177
-1 177
-1 177
-1 177
-1 177
-1 177
-1 177
-1 177
-1 177
-1 177
-1 177
-1 177
-1 177
-1 177
-1 177
-1 177
-1 177
-1 177
-1 177
-1 177
-1 177
-1 177
-1 177
-1 177
-1 177
-1 177
-1 177
-1 177
-1 177
-1 177
-1 177
-1 177
-1 177
-1 177
-1 177
-1 177
-1 177
-1 177
-1 177
-1 177
-1 177
-1 177
-1 177
-1 177
-1 177
-1 177
-1 177
-1 177
-1 177
-1 177
-1 177
-1 177
-1 177
-1 177
-1 177
-1 177
-1 177
-1 177
-1 177
-1 177
-1 177
-1 177
-1 177
-1 177
-1 177
-1 177
-1 177
-1 177
-1 177
-1 177
-1 177
-1 177
-1 177
-1 177
-1 177
-1 177
-1 177
-1 177
-1 177
-1 177
-1 177
-1 177
-1 177
-1 177
-1 177
-1 177
-1 177
-1 177
-1 177
-1 177
-1 177
-1 177
-1 177
-1 177
-1 177
-1 177
-1 177
-1 177
-1 177
-1 177
-1 177
-1 177
-1 177
-1 177
-1 177
-1 177
-1 177
-1 177
-1 177
-1 177
-1 177
-1 177
-1 177
-1 177
-1 177
-1 177
-1 145
-1 145
-1 145
-1 145
-1 145
-1 145
-1 145
-1 145
-1 145
-1 145
-1 145
-1 145
-1 145
-1 145
-1 145
-1 145
-1 145
-1 145
-1 145
-1 145
-1 145
-1 145
-1 145
-1 145
-1 145
-1 145
-1 145
-1 145
-1 145
-1 145
-1 145
-1 145
-1 145
-1 145
-1 145
-1 145
-1 145
-1 145
-1 145
-1 145
-1 145
-1 145
-1 145
-1 145
-1 145
-1 145
-1 145
-1 145
-1 145
-1 145
-1 145
-1 145
-1 145
-1 145
-1 145
-1 145
-1 145
-1 145
-1 145
-1 145
-1 145
-1 145
-1 145
-1 145
-1 145
-1 145
-1 145
-1 145
-1 145
-1 145
-1 145
-1 145
-1 145
-1 145
-1 145
-1 145
-1 145
-1 145
-1 145
-1 145
-1 145
-1 145
-1 145
-1 145
-1 145
-1 145
-1 145
-1 145
-1 145
-1 145
-1 145
-1 145
-1 145
-1 145
-1 145
-1 145
-1 145
-1 145
-1 145
-1 145
-1 145
-1 145
-1 145
-1 145
-1 145
-1 145
-1 145
-1 145
-1 145
-1 145
-1 145
-1 145
-1 145
-1 145
-1 145
-1 145
-1 145
-1 145
-1 145
-1 145
-1 145
-1 145
-1 145
-1 145
-1 145
-1 145
-1 145
-1 145
-1 145
-1 145
-1 145
-1 145
-1 145
-1 145
-1 145
-1 145
-1 145
-1 145
-1 145
-1 145
-1 145
-1 145
-1 145
-1 145
-1 145
-1 145
-1 145
-1 145
-1 145
-1 145
-1 145
-1 145
-1 145
-1 145
-1 145
-1 145
-1 145
-1 145
-1 145
-1 145
-1 145
-1 145
-1 145
-1 145
-1 145
-1 145
-1 145
-1 145
-1 145
-1 145
-1 145
-1 145
-1 145
-1 145
-1 145
-1 145
-1 145
-1 145
-1 145
-1 145
-1 145
-1 145
-1 145
-1 145
-1 145
-1 145
-1 145
-1 145
-1 145
-1 145
-1 145
-1 145
-1 145
-1 145
-1 145
-1 145
-1 145
-1 145
-1 145
-1 145
-1 145
-1 145
-1 145
-1 145
-1 145
-1 145
-1 145
-1 145
-1 145
-1 145
-1 145
-1 145
-1 145
-1 145
-1 145
-1 145
-1 145
-1 145
-1 145
-1 145
-1 145
-1 145
-1 145
-1 145
-1 145
-1 145
-1 145
-1 145
-1 145
-1 145
-1 145
-1 145
-1 145
-1 145
-1 145
-1 145
-1 145
-1 145
-1 145
-1 145
-1 145
-1 145
-1 145
-1 145
-1 145
-1 145
-1 145
-1 145
-1 145
-1 145
-1 145
-1 145
-1 145
-1 145
-1 145
-1 145
-1 145
-1 145
-1 145
-1 145
-1 145
-1 145
-1 145
-1 145
-1 145
-1 145
-1 145
-1 145
-1 145
-1 145
-1 145
-1 145
-1 145
-1 145
-1 145
-1 145
-1 145
-1 145
-1 145
-1 145
-1 145
-1 145
-1 145
-1 145
-1 145
-1 145
-1 145
-1 145
-1 145
-1 145
-1 145
-1 145
-1 145
-1 145
-1 145
-1 145
-1 145
-1 145
-1 145
-1 145
-1 145
-1 145
-1 145
-1 145
-1 145
-1 145
-1 145
-1 145
-1 145
-1 145
-1 145
-1 145
-1 145
-1 145
-1 145
-1 145
-1 145
-1 145
-1 145
-1 145
-1 145
-1 145
-1 145
-1 145
-1 145
-1 145
-1 145
-1 145
-1 145
-1 145
-1 145
-1 145
-1 145
-1 145
-1 145
-1 145
-1 145
-1 145
-1 145
-1 145
-1 145
-1 145
-1 145
-1 145
-1 145
-1 145
-1 145
-1 145
-1 145
-1 145
-1 145
-1 145
-1 145
-1 145
-1 145
-1 145
-1 145
-1 126
-1 126
-1 126
-1 126
-1 126
-1 126
-1 126
-1 126
-1 126
-1 126
-1 126
-1 126
-1 126
-1 126
-1 126
-1 126
-1 126
-1 126
-1 126
-1 126
-1 126
-1 126
-1 126
-1 126
-1 126
-1 126
-1 126
-1 126
-1 126
-1 126
-1 126
-1 126
-1 126
-1 126
-1 126
-1 126
-1 126
-1 126
-1 126
-1 126
-1 126
-1 126
-1 126
-1 126
-1 126
-1 126
-1 126
-1 126
-1 126
-1 126
-1 126
-1 126
-1 126
-1 126
-1 126
-1 126
-1 126
-1 126
-1 126
-1 126
-1 126
-1 126
-1 126
-1 126
-1 126
-1 126
-1 126
-1 126
-1 126
-1 126
-1 126
-1 126
-1 126
-1 126
-1 126
-1 126
-1 126
-1 126
-1 126
-1 126
-1 126
-1 126
-1 126
-1 126
-1 126
-1 126
-1 126
-1 126
-1 126
-1 126
-1 126
-1 126
-1 126
-1 126
-1 126
-1 126
-1 126
-1 126
-1 126
-1 126
-1 126
-1 126
-1 126
-1 126
-1 126
-1 126
-1 126
-1 126
-1 126
-1 126
-1 126
-1 126
-1 126
-1 126
-1 126
-1 126
-1 126
-1 126
-1 126
-1 126
-1 126
-1 126
-1 126
-1 126
-1 126
-1 126
-1 126
-1 126
-1 126
-1 126
-1 126
-1 126
-1 126
-1 126
-1 126
-1 126
-1 126
-1 126
-1 126
-1 126
-1 126
-1 126
-1 126
-1 126
-1 126
-1 126
-1 126
-1 126
-1 126
-1 126
-1 126
-1 126
-1 126
-1 126
-1 126
-1 126
-1 126
-1 126
-1 126
-1 126
-1 126
-1 126
-1 126
-1 126
-1 126
-1 126
-1 126
-1 126
-1 126
-1 126
-1 126
-1 126
-1 126
-1 126
-1 126
-1 126
-1 126
-1 126
-1 126
-1 126
-1 126
-1 126
-1 126
-1 126
-1 126
-1 126
-1 126
-1 126
-1 126
-1 126
-1 126
-1 126
-1 126
-1 126
-1 126
-1 126
-1 126
-1 126
-1 126
-1 126
-1 126
-1 126
-1 126
-1 126
-1 126
-1 126
-1 126
-1 126
-1 126
-1 126
-1 126
-1 126
-1 126
-1 126
-1 126
-1 126
-1 126
-1 126
-1 126
-1 126
-1 126
-1 126
-1 126
-1 126
-1 126
-1 126
-1 126
-1 126
-1 126
-1 126
-1 126
-1 126
-1 126
-1 126
-1 126
-1 126
-1 126
-1 126
-1 126
-1 126
-1 126
-1 126
-1 126
-1 126
-1 126
-1 126
-1 126
-1 126
-1 126
-1 126
-1 126
-1 126
-1 126
-1 126
-1 126
-1 126
-1 126
-1 126
-1 126
-1 126
-1 126
-1 126
-1 126
-1 126
-1 126
-1 126
-1 126
-1 126
-1 126
-1 126
-1 126
-1 126
-1 126
-1 126
-1 126
-1 126
-1 126
-1 126
-1 126
-1 126
-1 126
-1 126
-1 126
-1 126
-1 126
-1 126
-1 126
-1 126
-1 126
-1 126
-1 126
-1 126
-1 126
-1 126
-1 126
-1 126
-1 126
-1 126
-1 126
-1 126
-1 126
-1 126
-1 126
-1 126
-1 126
-1 126
-1 126
-1 126
-1 126
-1 126
-1 126
-1 126
-1 126
-1 126
-1 126
-1 126
-1 126
-1 126
-1 126
-1 126
-1 126
-1 126
-1 126
-1 126
-1 126
-1 126
-1 126
-1 126
-1 126
-1 126
-1 126
-1 126
-1 126
-1 126
-1 126
-1 126
-1 126
-1 126
-1 126
-1 126
-1 126
-1 126
-1 126
-1 126
-1 126
-1 126
-1 126
-1 126
-1 126
-1 126
-1 126
-1 126
-1 126
-1 126
-1 126
-1 126
-1 126
-1 126
-1 126
-1 126
-1 126
-1 126
-1 126
-1 126
-1 126
-1 126
-1 126
-1 126
-1 126
-1 126
-1 126
-1 126
-1 126
-1 126
-1 126
-1 4
-1 4
-1 4
-1 4
-1 4
-1 4
-1 4
-1 4
-1 4
-1 4
-1 4
-1 4
-1 4
-1 4
-1 4
-1 4
-1 4
-1 4
-1 4
-1 4
-1 4
-1 4
-1 4
-1 4
-1 4
-1 4
-1 4
-1 4
-1 4
-1 4
-1 4
-1 4
-1 4
-1 4
-1 4
-1 4
-1 4
-1 4
-1 4
-1 4
-1 4
-1 4
-1 4
-1 4
-1 4
-1 4
-1 4
-1 4
-1 4
-1 4
-1 4
-1 4
-1 4
-1 4
-1 4
-1 4
-1 4
-1 4
-1 4
-1 4
-1 4
-1 4
-1 4
-1 4
-1 4
-1 4
-1 4
-1 4
-1 4
-1 4
-1 4
-1 4
-1 4
-1 4
-1 4
-1 4
-1 4
-1 4
-1 4
-1 4
-1 4
-1 4
-1 4
-1 4
-1 4
-1 4
-1 4
-1 4
-1 4
-1 4
-1 4
-1 4
-1 4
-1 4
-1 4
-1 4
-1 4
-1 4
-1 4
-1 4
-1 4
-1 4
-1 4
-1 4
-1 4
-1 4
-1 4
-1 4
-1 4
-1 4
-1 4
-1 4
-1 4
-1 4
-1 4
-1 4
-1 4
-1 4
-1 4
-1 4
-1 4
-1 4
-1 4
-1 4
-1 4
-1 4
-1 4
-1 4
-1 4
-1 4
-1 4
-1 4
-1 4
-1 4
-1 4
-1 4
-1 4
-1 4
-1 4
-1 4
-1 4
-1 4
-1 4
-1 4
-1 4
-1 4
-1 4
-1 4
-1 4
-1 4
-1 4
-1 4
-1 4
-1 4
-1 4
-1 4
-1 4
-1 4
-1 4
-1 4
-1 4
-1 4
-1 4
-1 4
-1 4
-1 4
-1 4
-1 4
-1 4
-1 4
-1 4
-1 4
-1 4
-1 4
-1 4
-1 4
-1 4
-1 4
-1 4
-1 4
-1 4
-1 4
-1 4
-1 4
-1 4
-1 4
-1 4
-1 4
-1 4
-1 4
-1 4
-1 4
-1 4
-1 4
-1 4
-1 4
-1 4
-1 4
-1 4
-1 4
-1 4
-1 4
-1 4
-1 4
-1 4
-1 4
-1 4
-1 4
-1 4
-1 4
-1 4
-1 4
-1 4
-1 4
-1 4
-1 4
-1 4
-1 4
-1 4
-1 4
-1 4
-1 4
-1 4
-1 4
-1 4
-1 4
-1 4
-1 4
-1 4
-1 4
-1 4
-1 4
-1 4
-1 4
-1 4
-1 4
-1 4
-1 4
-1 4
-1 4
-1 4
-1 4
-1 4
-1 4
-1 4
-1 4
-1 4
-1 4
-1 4
-1 4
-1 4
-1 4
-1 4
-1 4
-1 4
-1 4
-1 4
-1 4
-1 4
-1 4
-1 4
-1 4
-1 4
-1 4
-1 4
-1 4
-1 4
-1 4
-1 4
-1 4
-1 4
-1 4
-1 4
-1 4
-1 4
-1 4
-1 4
-1 4
-1 4
-1 4
-1 4
-1 4
-1 4
-1 4
-1 4
-1 4
-1 4
-1 4
-1 4
-1 4
-1 4
-1 4
-1 4
-1 4
-1 4
-1 4
-1 4
-1 4
-1 4
-1 4
-1 4
-1 4
-1 4
-1 4
-1 4
-1 4
-1 4
-1 4
-1 4
-1 4
-1 4
-1 4
-1 4
-1 4
-1 4
-1 4
-1 4
-1 4
-1 4
-1 4
-1 4
-1 4
-1 4
-1 4
-1 4
-1 4
-1 4
-1 4
-1 4
-1 4
-1 4
-1 4
-1 4
-1 4
-1 4
-1 4
-1 4
-1 4
-1 4
-1 4
-1 4
-1 4
-1 4
-1 4
-1 4
-1 4
-1 4
-1 4
-1 4
-1 4
-1 4
-1 4
-1 4
-1 4
-1 4
-1 4
-1 4
-1 4
-1 4
-1 4
-1 4
-1 4
-1 4
-1 4
-1 4
-1 4
-1 4
-1 4
-1 4
-1 4
-1 4
-1 4
-1 4
-1 4
-1 4
-1 4
-1 4
-1 4
-1 41
-1 41
-1 41
-1 41
-1 41
-1 41
-1 41
-1 41
-1 41
-1 41
-1 41
-1 41
-1 41
-1 41
-1 41
-1 41
-1 41
-1 41
-1 41
-1 41
-1 41
-1 41
-1 41
-1 41
-1 41
-1 41
-1 41
-1 41
-1 41
-1 41
-1 41
-1 41
-1 41
-1 41
-1 41
-1 41
-1 41
-1 41
-1 41
-1 41
-1 41
-1 41
-1 41
-1 41
-1 41
-1 41
-1 41
-1 41
-1 41
-1 41
-1 41
-1 41
-1 41
-1 41
-1 41
-1 41
-1 41
-1 41
-1 41
-1 41
-1 41
-1 41
-1 41
-1 41
-1 41
-1 41
-1 41
-1 41
-1 41
-1 41
-1 41
-1 41
-1 41
-1 41
-1 41
-1 41
-1 41
-1 41
-1 41
-1 41
-1 41
-1 41
-1 41
-1 41
-1 41
-1 41
-1 41
-1 41
-1 41
-1 41
-1 41
-1 41
-1 41
-1 41
-1 41
-1 41
-1 41
-1 41
-1 41
-1 41
-1 41
-1 41
-1 41
-1 41
-1 41
-1 41
-1 41
-1 41
-1 41
-1 41
-1 41
-1 41
-1 41
-1 41
-1 41
-1 41
-1 41
-1 41
-1 41
-1 41
-1 41
-1 41
-1 41
-1 41
-1 41
-1 41
-1 41
-1 41
-1 41
-1 41
-1 41
-1 41
-1 41
-1 41
-1 41
-1 41
-1 41
-1 41
-1 41
-1 41
-1 41
-1 41
-1 41
-1 41
-1 41
-1 41
-1 41
-1 41
-1 41
-1 41
-1 41
-1 41
-1 41
-1 41
-1 41
-1 41
-1 41
-1 41
-1 41
-1 41
-1 41
-1 41
-1 41
-1 41
-1 41
-1 41
-1 41
-1 41
-1 41
-1 41
-1 41
-1 41
-1 41
-1 41
-1 41
-1 41
-1 41
-1 41
-1 41
-1 41
-1 41
-1 41
-1 41
-1 41
-1 41
-1 41
-1 41
-1 41
-1 41
-1 41
-1 41
-1 41
-1 41
-1 41
-1 41
-1 41
-1 41
-1 41
-1 41
-1 41
-1 41
-1 41
-1 41
-1 41
-1 41
-1 41
-1 41
-1 41
-1 41
-1 41
-1 41
-1 41
-1 41
-1 41
-1 41
-1 41
-1 41
-1 41
-1 41
-1 41
-1 41
-1 41
-1 41
-1 41
-1 41
-1 41
-1 41
-1 41
-1 41
-1 41
-1 41
-1 41
-1 41
-1 41
-1 41
-1 41
-1 41
-1 41
-1 41
-1 41
-1 41
-1 41
-1 41
-1 41
-1 41
-1 41
-1 41
-1 41
-1 41
-1 41
-1 41
-1 41
-1 41
-1 41
-1 41
-1 41
-1 41
-1 41
-1 41
-1 41
-1 41
-1 41
-1 41
-1 41
-1 41
-1 41
-1 41
-1 41
-1 41
-1 41
-1 41
-1 41
-1 41
-1 41
-1 41
-1 41
-1 41
-1 41
-1 41
-1 41
-1 41
-1 41
-1 41
-1 41
-1 41
-1 41
-1 41
-1 41
-1 41
-1 41
-1 41
-1 41
-1 41
-1 41
-1 41
-1 41
-1 41
-1 41
-1 41
-1 41
-1 41
-1 41
-1 41
-1 41
-1 41
-1 41
-1 41
-1 41
-1 41
-1 41
-1 41
-1 41
-1 41
-1 41
-1 41
-1 41
-1 41
-1 41
-1 41
-1 41
-1 41
-1 41
-1 41
-1 41
-1 41
-1 41
-1 41
-1 41
-1 41
-1 41
-1 41
-1 41
-1 41
-1 41
-1 41
-1 41
-1 41
-1 41
-1 41
-1 41
-1 41
-1 41
-1 41
-1 41
-1 41
-1 41
-1 41
-1 41
-1 41
-1 41
-1 41
-1 41
-1 41
-1 41
-1 41
-1 41
-1 41
-1 41
-1 41
-1 41
-1 41
-1 41
-1 41
-1 41
-1 41
-1 41
-1 41
-1 41
-1 41
-1 41
-1 41
-1 41
-1 41
-1 41
-1 41
-1 41
-1 41
-1 41
-1 41
-1 41
-1 41
-1 41
-1 41
-1 41
-1 41
-1 41
-1 41
-1 41
-1 41
-1 41
-1 41
-1 41
-1 41
126 21
126 21
126 21
-1 21
-1 21
-1 21
-1 21
-1 21
-1 21
-1 21
-1 21
-1 21
-1 21
-1 21
-1 21
-1 21
-1 21
-1 21
-1 21
-1 21
-1 21
-1 21
-1 21
-1 21
-1 21
-1 21
-1 21
-1 21
-1 21
-1 21
-1 21
-1 21
-1 21
-1 21
-1 21
-1 21
-1 21
-1 21
-1 21
-1 21
-1 21
-1 21
-1 21
-1 21
-1 21
-1 21
-1 21
-1 21
-1 21
-1 21
-1 21
-1 21
-1 21
-1 21
-1 21
-1 21
-1 21
-1 21
-1 21
-1 21
-1 21
-1 21
-1 21
-1 21
-1 21
-1 21
-1 21
-1 21
-1 21
-1 21
-1 21
-1 21
-1 21
-1 21
-1 21
-1 21
-1 21
-1 21
-1 21
-1 21
-1 21
-1 21
-1 21
-1 21
-1 21
-1 21
-1 21
-1 21
-1 21
-1 21
-1 21
-1 21
-1 21
-1 21
-1 21
-1 21
-1 21
-1 21
-1 21
-1 21
-1 21
-1 21
-1 21
-1 21
-1 21
-1 21
-1 21
-1 21
-1 21
-1 21
-1 21
-1 21
-1 21
-1 21
-1 21
-1 21
-1 21
-1 21
-1 21
-1 21
-1 21
-1 21
-1 21
-1 21
-1 21
-1 21
-1 21
-1 21
-1 21
-1 21
-1 21
-1 21
-1 21
-1 21
-1 21
-1 21
-1 21
-1 21
-1 21
-1 21
-1 21
-1 21
-1 21
-1 21
-1 21
-1 21
-1 21
-1 21
-1 21
-1 21
-1 21
-1 21
-1 21
-1 21
-1 21
-1 21
-1 21
-1 21
-1 21
-1 21
-1 21
-1 21
-1 21
-1 21
-1 21
-1 21
-1 21
-1 21
-1 21
-1 21
-1 21
-1 21
-1 21
-1 21
-1 21
-1 21
-1 21
-1 21
-1 21
-1 21
-1 21
-1 21
-1 21
-1 21
-1 21
-1 21
-1 21
-1 21
-1 21
-1 21
-1 21
-1 21
-1 21
-1 21
-1 21
-1 21
-1 21
-1 21
-1 21
-1 21
-1 21
-1 21
-1 21
-1 21
-1 21
-1 21
-1 21
-1 21
-1 21
-1 21
-1 21
-1 21
-1 21
-1 21
-1 21
-1 21
-1 21
-1 21
-1 21
-1 21
-1 21
-1 21
-1 21
-1 21
-1 21
-1 21
-1 21
-1 21
-1 21
-1 21
-1 21
-1 21
-1 21
-1 21
-1 21
-1 21
-1 21
-1 21
-1 21
-1 21
-1 21
-1 21
-1 21
-1 21
-1 21
-1 21
-1 21
-1 21
-1 21
-1 21
-1 21
-1 21
-1 21
-1 21
-1 21
-1 21
-1 21
-1 21
-1 21
-1 21
-1 21
-1 21
-1 21
-1 21
-1 21
-1 21
-1 21
-1 21
-1 21
-1 21
-1 21
-1 21
-1 21
-1 21
-1 21
-1 21
-1 21
-1 21
-1 21
-1 21
-1 21
-1 21
-1 21
-1 21
-1 21
-1 21
-1 21
-1 21
-1 21
-1 21
-1 21
-1 21
-1 21
-1 21
-1 21
-1 21
-1 21
-1 21
-1 21
-1 21
-1 21
-1 21
-1 21
-1 21
-1 21
-1 21
-1 21
-1 21
-1 21
-1 21
-1 21
-1 21
-1 21
-1 21
-1 21
-1 21
-1 21
-1 21
-1 21
-1 21
-1 21
-1 21
-1 21
-1 21
-1 21
-1 21
-1 21
-1 21
-1 21
-1 21
-1 21
-1 21
-1 21
-1 21
-1 21
-1 21
-1 21
-1 21
-1 21
-1 21
-1 21
-1 21
-1 21
-1 21
-1 21
-1 21
-1 21
-1 21
-1 21
-1 21
-1 21
-1 21
-1 21
-1 21
-1 21
-1 21
-1 21
-1 21
-1 21
-1 21
-1 21
-1 21
-1 21
-1 21
-1 21
-1 21
-1 21
-1 21
-1 21
-1 21
-1 21
-1 21
-1 21
-1 21
-1 21
-1 21
-1 21
-1 21
-1 21
-1 21
-1 21
-1 21
-1 21
-1 21
-1 21
-1 134
-1 134
-1 134
-1 134
-1 134
-1 134
-1 134
-1 134
-1 134
-1 134
-1 134
-1 134
-1 134
-1 134
-1 134
-1 134
-1 134
-1 134
-1 134
-1 134
-1 134
-1 134
-1 134
-1 134
-1 134
-1 134
-1 134
-1 134
-1 134
-1 134
-1 134
-1 134
-1 134
-1 134
-1 134
-1 134
-1 134
-1 134
-1 134
-1 134
-1 134
-1 134
-1 134
-1 134
-1 134
-1 134
-1 134
-1 134
-1 134
-1 134
-1 134
-1 134
-1 134
-1 134
-1 134
-1 134
-1 134
-1 134
-1 134
-1 134
-1 134
-1 134
-1 134
-1 134
-1 134
-1 134
-1 134
-1 134
-1 134
-1 134
-1 134
-1 134
-1 134
-1 134
-1 134
-1 134
-1 134
-1 134
-1 134
-1 134
-1 134
-1 134
-1 134
-1 134
-1 134
-1 134
-1 134
-1 134
-1 134
-1 134
-1 134
-1 134
-1 134
-1 134
-1 134
-1 134
-1 134
-1 134
-1 134
-1 134
-1 134
-1 134
-1 134
-1 134
-1 134
-1 134
-1 134
-1 134
-1 134
-1 134
-1 134
-1 134
-1 134
-1 134
-1 134
-1 134
-1 134
-1 134
-1 134
-1 134
-1 134
-1 134
-1 134
-1 134
-1 134
-1 134
-1 134
-1 134
-1 134
-1 134
-1 134
-1 134
-1 134
-1 134
-1 134
-1 134
-1 134
-1 134
-1 134
-1 134
-1 134
-1 134
-1 134
-1 134
-1 134
-1 134
-1 134
-1 134
-1 134
-1 134
-1 134
-1 134
-1 134
-1 134
-1 134
-1 134
-1 134
-1 134
-1 134
-1 134
-1 134
-1 134
-1 134
-1 134
-1 134
-1 134
-1 134
-1 134
-1 134
-1 134
-1 134
-1 134
-1 134
-1 134
-1 134
-1 134
-1 134
-1 134
-1 134
-1 134
-1 134
-1 134
-1 134
-1 134
-1 134
-1 134
-1 134
-1 134
-1 134
-1 134
-1 134
-1 134
-1 134
-1 134
-1 134
-1 134
-1 134
-1 134
-1 134
-1 134
-1 134
-1 134
-1 134
-1 134
-1 134
-1 134
-1 134
-1 134
-1 134
-1 134
-1 134
-1 134
-1 134
-1 134
-1 134
-1 134
-1 134
-1 134
-1 134
-1 134
-1 134
-1 134
-1 134
-1 134
-1 134
-1 134
-1 134
-1 134
-1 134
-1 134
-1 134
-1 134
-1 134
-1 134
-1 134
-1 134
-1 134
-1 134
-1 134
-1 134
-1 134
-1 134
-1 134
-1 134
-1 134
-1 134
-1 134
-1 134
-1 134
-1 134
-1 134
-1 134
-1 134
-1 134
-1 134
-1 134
-1 134
-1 134
-1 134
-1 134
-1 134
-1 134
-1 134
-1 134
-1 134
-1 134
-1 134
-1 134
-1 134
-1 134
-1 134
-1 134
-1 134
-1 134
-1 134
-1 134
-1 134
-1 134
-1 134
-1 134
-1 134
-1 134
-1 134
-1 134
-1 134
-1 134
-1 134
-1 134
-1 134
-1 134
-1 134
-1 134
-1 134
-1 134
-1 134
-1 134
-1 134
-1 134
-1 134
-1 134
-1 134
-1 134
-1 134
-1 134
-1 134
-1 134
-1 134
-1 134
-1 134
-1 134
-1 134
-1 134
-1 134
-1 134
-1 134
-1 134
-1 134
-1 134
-1 134
-1 134
-1 134
-1 134
-1 134
-1 134
-1 134
-1 134
-1 134
-1 134
-1 134
-1 134
-1 134
-1 134
-1 134
-1 134
-1 134
-1 134
-1 134
-1 134
-1 134
-1 134
-1 134
-1 134
-1 134
-1 134
-1 134
-1 134
-1 134
-1 134
-1 134
-1 134
-1 134
-1 134
-1 134
-1 134
-1 134
-1 134
-1 134
-1 134
-1 134
-1 134
-1 134
-1 134
-1 134
-1 134
-1 134
-1 134
-1 134
-1 134
-1 134
-1 134
-1 134
-1 134
-1 134
-1 134
-1 134
-1 134
-1 134
-1 134
-1 134
-1 134
-1 134
-1 134
-1 134
-1 134
-1 134
-1 134
-1 134
-1 134
-1 134
-1 134
-1 134
-1 134
-1 134
-1 134
-1 134
-1 134
-1 134
-1 134
-1 134
-1 134
-1 134
-1 134
-1 134
-1 134
-1 134
-1 134
-1 134
-1 134
-1 134
-1 134
-1 134
-1 134
-1 134
-1 134
-1 134
-1 134
-1 134
-1 134
-1 134
