-1 87
-1 87
-1 87
-1 87
-1 87
-1 87
-1 87
-1 87
-1 87
-1 87
-1 87
-1 87
-1 87
-1 87
-1 87
-1 87
-1 87
-1 87
-1 87
-1 87
-1 87
-1 87
-1 87
-1 87
-1 87
-1 87
-1 87
-1 87
-1 87
-1 87
-1 87
-1 87
-1 87
-1 87
-1 87
-1 87
-1 87
-1 87
-1 87
-1 87
-1 87
-1 87
-1 87
-1 87
-1 87
-1 87
-1 87
-1 87
-1 87
-1 87
-1 87
-1 87
-1 87
-1 87
-1 87
-1 87
-1 87
-1 87
-1 87
-1 87
-1 87
-1 87
-1 87
-1 87
-1 87
-1 87
-1 87
-1 87
-1 87
-1 87
-1 87
-1 87
-1 87
-1 87
-1 87
-1 87
-1 87
-1 87
-1 87
-1 87
-1 87
-1 87
-1 87
-1 87
-1 87
-1 87
-1 87
-1 87
-1 87
-1 87
-1 87
-1 87
-1 87
-1 87
-1 87
-1 87
-1 87
-1 87
-1 87
-1 87
-1 61
-1 61
-1 61
-1 61
-1 61
-1 61
-1 61
-1 61
-1 61
-1 61
-1 61
-1 61
-1 61
-1 61
-1 61
-1 61
-1 61
-1 61
-1 61
-1 61
-1 61
-1 61
-1 61
-1 61
-1 61
-1 61
-1 61
-1 61
-1 61
-1 61
-1 61
-1 61
-1 61
-1 61
-1 61
-1 61
-1 61
-1 61
-1 61
-1 61
-1 61
-1 61
-1 61
-1 61
-1 61
-1 61
-1 61
-1 61
-1 61
-1 61
-1 61
-1 61
-1 61
-1 61
-1 61
-1 61
-1 61
-1 61
-1 61
-1 61
-1 61
-1 61
-1 61
-1 61
-1 61
-1 61
-1 61
-1 61
-1 61
-1 61
-1 61
-1 61
-1 61
-1 61
-1 61
-1 61
-1 61
-1 61
-1 61
-1 61
-1 61
-1 61
-1 61
-1 61
-1 61
-1 61
-1 61
-1 61
-1 61
-1 61
-1 61
-1 61
-1 61
-1 61
-1 61
-1 61
-1 61
-1 61
-1 61
-1 61
-1 61
87 40
61 137
137 80
137 80
80 177
177 103
177 104
177 104
177 104
104 89
104 89
89 38
89 38
38 41
41 62
38 113
38 113
41 122
41 122
38 194
38 194
194 48
194 48
48 188
113 68
113 68
113 68
41 101
41 101
41 101
101 15
101 15
101 189
101 189
48 10
48 10
48 10
48 10
48 10
10 197
10 93
10 93
93 169
93 169
93 169
169 134
169 134
169 141
169 141
141 106
188 81
188 81
81 59
81 59
59 130
59 130
59 130
59 130
68 31
31 171
31 171
15 82
15 82
10 179
10 179
179 26
171 45
171 45
82 20
82 20
20 195
20 195
26 28
26 28
26 28
26 28
20 4
20 4
20 4
4 110
4 2
4 2
2 83
2 83
2 83
2 83
83 193
83 193
83 193
83 193
4 105
4 105
4 105
89 30
30 127
30 127
127 156
127 156
127 156
156 158
156 158
158 138
158 138
138 51
51 159
159 172
159 172
51 108
51 108
159 126
159 126
159 126
159 126
172 64
64 129
64 129
129 92
92 192
192 6
192 6
108 9
108 9
9 11
9 168
168 29
129 175
129 175
129 175
6 23
23 154
23 154
23 154
11 0
11 0
11 0
11 0
0 166
166 44
166 44
166 44
166 44
44 176
176 99
176 99
175 79
23 180
23 180
23 180
180 14
180 14
180 66
180 66
14 170
66 148
66 148
148 97
148 97
97 124
170 107
107 88
107 88
193 183
193 183
193 183
193 183
194 183
103 132
103 132
103 132
126 132
99 75
-1 75
-1 75
-1 75
-1 75
-1 75
-1 75
-1 75
-1 75
-1 75
-1 75
-1 75
-1 75
-1 75
-1 75
-1 75
-1 75
-1 75
-1 75
-1 75
-1 75
75 35
75 35
75 35
75 35
75 35
35 164
35 115
35 115
35 115
164 131
164 131
131 57
131 57
110 33
110 33
110 33
-1 33
-1 33
-1 33
-1 33
-1 33
-1 33
-1 33
-1 33
-1 33
-1 33
-1 33
-1 33
-1 33
-1 33
-1 33
-1 33
-1 33
-1 33
-1 33
-1 33
-1 33
33 173
33 173
33 173
173 3
173 3
173 94
173 94
173 94
94 85
94 85
94 85
94 85
85 151
85 151
85 151
85 151
151 109
109 32
32 39
32 39
151 119
151 119
151 119
151 119
88 72
88 72
88 72
88 72
88 72
-1 72
-1 72
-1 72
-1 72
-1 72
-1 72
-1 72
-1 72
-1 72
-1 72
-1 72
-1 72
-1 72
-1 72
-1 72
-1 72
-1 72
-1 72
-1 72
-1 72
-1 72
-1 72
-1 72
-1 72
-1 72
-1 72
-1 72
-1 72
-1 72
-1 72
-1 72
72 163
72 163
163 56
163 56
163 56
56 165
56 165
56 165
56 165
165 174
165 174
174 84
174 84
174 190
174 190
190 187
190 187
190 187
187 140
187 140
140 116
187 152
187 152
116 13
116 13
116 13
116 13
13 162
162 178
162 178
162 178
178 78
178 78
178 78
178 102
178 102
178 102
102 191
102 191
13 121
13 121
13 121
13 121
78 16
78 16
78 16
78 16
38 16
-1 16
-1 16
-1 16
-1 16
-1 16
-1 16
-1 16
-1 16
-1 16
-1 16
-1 16
-1 16
-1 16
-1 16
-1 16
-1 16
-1 16
-1 16
-1 16
-1 16
-1 16
-1 16
-1 16
-1 16
-1 16
16 117
16 117
16 117
117 139
117 139
117 139
117 139
117 139
132 139
132 139
139 22
97 22
-1 22
-1 22
-1 22
-1 22
-1 22
-1 22
-1 22
-1 22
-1 22
-1 22
-1 22
-1 22
-1 22
22 17
22 17
17 50
17 50
17 50
102 125
102 125
102 125
141 125
101 74
124 74
124 74
-1 74
-1 74
-1 74
-1 74
-1 74
-1 74
-1 74
-1 74
-1 74
39 8
39 8
39 8
0 8
80 8
-1 8
-1 8
-1 8
-1 8
-1 8
-1 8
-1 8
-1 8
-1 8
-1 8
-1 8
-1 8
-1 8
-1 8
-1 8
-1 8
-1 8
-1 8
-1 8
-1 8
-1 8
-1 8
-1 8
-1 8
-1 8
-1 8
-1 8
-1 8
-1 8
-1 8
8 120
8 120
8 120
8 120
120 36
120 36
120 36
104 96
104 96
104 96
104 96
51 96
96 98
96 98
96 98
96 98
96 98
96 98
-1 98
-1 98
-1 98
-1 98
-1 98
-1 98
-1 98
-1 98
-1 98
-1 98
195 144
195 144
98 144
98 144
98 144
98 144
168 111
189 111
189 111
183 111
72 58
72 58
62 58
164 58
194 18
165 18
165 18
130 18
190 100
190 100
179 100
100 111
176 19
158 25
158 25
158 25
158 25
137 25
137 25
25 42
25 182
25 182
28 5
28 5
28 5
28 5
25 5
25 5
25 5
-1 5
-1 5
-1 5
-1 5
-1 5
-1 5
-1 5
-1 5
-1 5
-1 5
-1 5
-1 5
-1 5
-1 5
-1 5
-1 5
-1 5
-1 5
-1 5
-1 5
-1 5
-1 5
-1 5
-1 5
5 181
5 181
131 181
131 181
131 181
122 181
181 58
181 58
181 58
36 155
36 155
36 155
36 155
36 155
125 155
125 155
134 155
134 155
113 155
64 160
50 160
50 160
160 121
160 121
-1 18
-1 18
-1 18
-1 18
-1 18
-1 18
-1 18
-1 18
-1 18
-1 18
-1 18
-1 18
-1 18
-1 18
-1 18
-1 18
-1 18
-1 18
-1 18
-1 18
-1 18
-1 18
-1 18
-1 18
-1 18
-1 18
-1 18
-1 18
-1 18
-1 18
-1 18
-1 18
-1 18
-1 18
-1 18
-1 18
-1 18
-1 18
-1 18
-1 18
-1 18
-1 19
-1 19
-1 19
-1 19
-1 19
-1 19
-1 19
-1 19
-1 19
-1 19
-1 19
-1 19
-1 19
-1 19
-1 19
-1 19
-1 19
-1 19
-1 19
-1 19
-1 19
-1 19
-1 19
-1 19
-1 19
-1 19
-1 19
-1 19
-1 19
-1 19
-1 19
-1 19
-1 19
-1 19
-1 19
-1 19
-1 19
-1 19
-1 19
-1 19
-1 19
-1 19
-1 19
-1 19
-1 19
-1 19
-1 19
-1 19
-1 19
-1 19
-1 19
-1 19
-1 19
-1 19
-1 19
-1 19
-1 19
-1 19
-1 19
-1 19
-1 19
-1 19
-1 19
-1 19
-1 19
-1 19
-1 19
-1 19
-1 19
-1 19
-1 19
-1 19
-1 19
-1 19
-1 19
-1 19
-1 19
-1 19
-1 19
-1 19
-1 19
-1 19
-1 19
-1 19
-1 19
-1 19
-1 19
-1 19
-1 19
-1 19
-1 19
-1 19
-1 19
-1 19
-1 19
-1 19
-1 19
-1 19
-1 19
-1 19
-1 19
-1 19
-1 19
-1 19
-1 19
-1 19
-1 19
-1 19
-1 19
-1 19
-1 19
-1 19
-1 19
-1 19
-1 19
-1 19
-1 19
-1 19
121 52
121 52
19 86
19 86
19 86
19 86
19 86
19 86
-1 86
-1 86
-1 86
-1 86
-1 86
-1 86
-1 86
-1 86
-1 86
-1 86
-1 86
-1 86
-1 86
-1 86
-1 86
-1 86
-1 86
-1 86
-1 86
-1 86
-1 86
-1 86
-1 86
-1 86
-1 86
-1 86
-1 86
-1 86
-1 86
-1 86
-1 86
-1 86
-1 86
-1 86
-1 86
-1 86
-1 86
-1 86
-1 86
-1 86
-1 86
-1 86
-1 86
-1 86
-1 86
-1 86
-1 86
-1 86
-1 86
-1 86
-1 86
-1 86
-1 86
-1 86
-1 86
-1 86
-1 86
-1 86
-1 86
-1 86
-1 86
-1 86
-1 86
-1 86
-1 86
-1 86
-1 86
-1 86
-1 86
-1 86
-1 86
-1 86
-1 86
-1 86
-1 86
-1 86
-1 86
-1 86
-1 86
-1 86
-1 86
-1 86
-1 86
-1 86
-1 86
-1 86
86 65
86 65
-1 65
-1 65
-1 65
-1 65
-1 65
-1 65
-1 65
-1 65
-1 65
-1 65
-1 65
-1 65
-1 65
-1 65
-1 65
-1 65
-1 65
-1 65
-1 65
-1 65
-1 65
-1 65
-1 65
-1 65
-1 65
-1 65
-1 65
-1 65
-1 65
-1 65
-1 65
-1 65
-1 65
-1 65
-1 65
-1 65
-1 65
-1 65
-1 65
-1 65
-1 65
-1 65
-1 65
-1 65
-1 65
-1 65
-1 65
-1 65
-1 65
-1 65
-1 65
-1 65
-1 65
-1 65
-1 65
-1 65
-1 65
-1 65
-1 65
-1 65
-1 65
-1 65
-1 65
-1 65
-1 65
-1 65
-1 65
-1 65
-1 65
-1 65
-1 65
-1 65
-1 65
-1 65
-1 65
-1 65
-1 65
-1 65
-1 65
-1 65
-1 65
-1 65
-1 65
-1 65
-1 65
52 135
52 135
52 135
52 135
52 135
58 135
58 135
162 135
197 198
115 198
16 76
16 76
16 76
140 76
140 76
140 76
140 76
-1 76
-1 76
-1 76
-1 76
-1 76
-1 76
-1 76
-1 76
-1 76
-1 76
-1 76
-1 76
-1 76
-1 76
-1 76
-1 76
-1 76
-1 76
-1 76
-1 76
-1 76
-1 76
-1 76
-1 76
-1 76
-1 76
-1 76
-1 76
-1 76
-1 76
-1 76
-1 76
-1 76
-1 76
-1 76
-1 76
-1 76
-1 76
-1 76
-1 76
-1 76
-1 76
-1 76
-1 76
-1 76
-1 76
-1 76
76 27
76 27
33 27
33 27
-1 27
-1 27
-1 27
-1 27
-1 27
-1 27
-1 27
-1 27
-1 27
-1 27
-1 27
-1 27
-1 27
-1 27
-1 27
-1 27
-1 27
-1 27
-1 27
-1 27
-1 27
-1 27
-1 27
-1 27
-1 27
-1 27
-1 27
-1 27
-1 27
-1 27
-1 27
-1 27
-1 27
-1 27
-1 27
-1 27
-1 27
-1 27
-1 27
-1 27
-1 27
-1 27
-1 27
-1 27
-1 27
-1 27
-1 27
-1 27
-1 27
-1 27
-1 27
-1 27
-1 27
-1 27
-1 27
-1 27
-1 27
-1 27
-1 27
-1 27
-1 27
-1 27
-1 27
-1 27
-1 27
-1 27
-1 27
-1 27
-1 27
-1 27
-1 27
-1 27
-1 27
-1 27
-1 27
-1 27
-1 27
-1 27
-1 27
27 91
27 91
27 91
27 91
27 91
27 91
-1 91
-1 91
-1 91
-1 91
-1 91
-1 91
-1 91
-1 91
-1 91
-1 91
-1 91
-1 91
-1 91
-1 91
-1 91
-1 91
-1 91
-1 91
-1 91
-1 91
-1 91
-1 91
-1 91
-1 91
-1 91
-1 91
-1 91
-1 91
-1 91
-1 91
-1 91
-1 91
-1 91
-1 91
-1 91
-1 91
-1 91
-1 91
-1 91
-1 91
-1 91
-1 91
-1 91
-1 91
-1 91
-1 91
-1 91
-1 91
-1 91
-1 91
-1 91
-1 91
-1 91
-1 91
-1 91
-1 91
-1 91
-1 91
-1 91
-1 91
-1 91
-1 91
-1 91
-1 91
-1 91
-1 91
-1 91
-1 91
-1 91
-1 91
-1 91
-1 91
-1 91
-1 91
-1 91
-1 91
-1 91
-1 91
-1 91
-1 91
-1 91
-1 91
-1 91
-1 91
-1 91
-1 91
-1 91
-1 91
-1 91
-1 91
-1 91
-1 91
-1 91
-1 91
-1 91
-1 91
-1 91
-1 91
-1 91
-1 91
-1 91
-1 91
-1 91
156 118
105 153
29 153
29 153
29 153
29 153
153 69
153 69
44 149
44 149
44 149
111 149
111 149
111 149
40 185
40 185
40 185
56 185
56 185
182 1
182 1
182 1
182 1
149 196
149 196
149 196
61 12
169 12
31 12
42 157
42 157
181 157
181 157
154 157
93 157
187 157
45 146
94 146
8 95
8 95
57 95
122 95
3 133
3 133
3 133
9 133
9 133
174 77
106 77
98 47
98 47
84 47
69 60
69 60
35 43
180 7
148 7
148 7
87 24
144 24
135 71
135 71
135 71
135 71
135 71
152 142
152 142
152 142
152 142
191 63
153 54
153 54
155 90
121 37
65 67
65 67
83 49
83 49
-1 157
157 73
157 73
-1 146
-1 146
-1 146
-1 146
-1 146
-1 146
-1 146
-1 146
-1 146
-1 146
-1 146
-1 146
-1 146
-1 146
-1 146
-1 146
-1 146
-1 146
-1 146
-1 146
-1 146
-1 146
-1 146
-1 146
-1 146
-1 146
-1 146
-1 146
-1 146
-1 146
-1 146
-1 146
-1 146
-1 146
-1 146
-1 146
-1 146
-1 146
-1 146
-1 146
-1 146
-1 146
-1 146
-1 146
-1 146
-1 146
-1 146
-1 146
-1 146
-1 146
-1 146
-1 146
-1 146
-1 146
-1 146
-1 146
-1 146
-1 146
-1 146
-1 146
-1 146
-1 146
-1 146
-1 146
-1 146
-1 146
-1 146
-1 146
-1 146
-1 146
-1 146
-1 146
-1 146
-1 146
-1 146
-1 146
-1 146
-1 146
-1 146
-1 146
-1 146
-1 146
-1 146
-1 146
-1 146
-1 146
-1 146
-1 146
-1 146
-1 146
-1 146
-1 146
-1 146
-1 146
-1 146
-1 146
-1 146
-1 146
-1 146
-1 146
-1 146
-1 146
-1 146
-1 146
-1 146
-1 146
-1 146
146 24
146 24
24 123
24 123
146 47
146 47
146 47
123 136
123 136
123 136
123 136
123 136
123 136
-1 198
-1 198
-1 198
-1 198
-1 198
-1 198
-1 198
-1 198
-1 198
-1 198
-1 198
-1 198
-1 198
-1 198
-1 198
-1 198
-1 198
-1 198
-1 198
-1 198
-1 198
-1 198
-1 198
-1 198
-1 198
-1 198
-1 198
-1 198
-1 198
-1 198
-1 198
-1 198
-1 198
-1 198
-1 198
-1 198
-1 198
-1 198
-1 198
-1 198
-1 198
-1 198
-1 198
-1 198
-1 198
-1 198
-1 198
-1 198
-1 198
-1 198
-1 198
-1 198
-1 198
-1 198
-1 198
-1 198
-1 198
-1 198
-1 198
-1 198
-1 198
-1 198
-1 198
-1 198
-1 198
-1 198
-1 198
-1 198
-1 198
-1 198
-1 198
-1 198
-1 198
-1 198
-1 198
-1 198
-1 198
-1 198
-1 198
-1 198
-1 198
-1 198
-1 198
-1 198
-1 198
-1 198
-1 198
-1 198
-1 198
-1 198
-1 198
-1 198
-1 198
-1 198
-1 198
-1 198
-1 198
-1 198
-1 198
-1 198
-1 198
-1 198
-1 198
-1 198
-1 198
-1 198
-1 198
-1 198
-1 198
-1 198
-1 198
-1 198
-1 112
-1 112
-1 112
-1 112
-1 112
-1 112
-1 112
-1 112
-1 112
-1 112
-1 112
-1 112
-1 112
-1 112
-1 112
-1 112
-1 112
-1 112
-1 112
-1 112
-1 112
-1 112
-1 112
-1 112
-1 112
-1 112
-1 112
-1 112
-1 112
-1 112
-1 112
-1 112
-1 112
-1 112
-1 112
-1 112
-1 112
-1 112
-1 112
-1 112
-1 112
-1 112
-1 112
-1 112
-1 112
-1 112
-1 112
-1 112
-1 112
-1 112
-1 112
-1 112
-1 112
-1 112
-1 112
-1 112
-1 112
-1 112
-1 112
-1 112
-1 112
-1 112
-1 112
-1 112
-1 112
-1 112
-1 112
-1 112
-1 112
-1 112
-1 112
-1 112
-1 112
-1 112
-1 112
-1 112
-1 112
-1 112
-1 112
-1 112
-1 112
-1 112
-1 112
-1 112
-1 112
-1 112
-1 112
-1 112
-1 112
-1 112
-1 112
-1 112
-1 112
-1 112
-1 112
-1 112
-1 112
-1 112
-1 112
-1 112
-1 112
-1 112
-1 112
-1 112
-1 112
-1 112
-1 112
-1 112
-1 112
-1 112
-1 112
-1 112
-1 112
-1 112
-1 112
-1 112
-1 112
-1 112
-1 112
112 63
112 63
112 63
-1 185
-1 185
-1 185
-1 185
-1 185
-1 185
-1 185
-1 185
-1 185
-1 185
-1 185
-1 185
-1 185
-1 185
-1 185
-1 185
-1 185
-1 185
-1 185
-1 185
-1 185
-1 185
-1 185
-1 185
-1 185
-1 185
-1 185
-1 185
-1 185
-1 185
-1 185
-1 185
-1 185
-1 185
-1 185
-1 185
-1 185
-1 185
-1 185
-1 185
-1 185
-1 185
-1 185
-1 185
-1 185
-1 185
-1 185
-1 185
-1 185
-1 185
-1 185
-1 185
-1 185
-1 185
-1 185
-1 185
-1 185
-1 185
-1 185
-1 185
-1 185
-1 185
-1 185
-1 185
-1 185
-1 185
-1 185
-1 185
-1 185
-1 185
-1 185
-1 185
-1 185
-1 185
-1 185
-1 185
-1 185
-1 185
-1 185
-1 185
-1 185
-1 185
-1 185
-1 185
-1 185
-1 185
-1 185
-1 185
-1 185
-1 185
-1 185
-1 185
-1 185
-1 185
-1 185
-1 185
-1 185
-1 185
-1 185
-1 185
-1 185
-1 185
-1 185
-1 185
-1 185
-1 185
-1 185
-1 185
-1 185
-1 185
-1 185
-1 185
-1 185
-1 185
-1 185
-1 185
-1 185
-1 185
-1 185
-1 185
-1 185
-1 185
-1 95
-1 95
-1 95
-1 95
-1 95
-1 95
-1 95
-1 95
-1 95
-1 95
-1 95
-1 95
-1 95
-1 95
-1 95
-1 95
-1 95
-1 95
-1 95
-1 95
-1 95
-1 95
-1 95
-1 95
-1 95
-1 95
-1 95
-1 95
-1 95
-1 95
-1 95
-1 95
-1 95
-1 95
-1 95
-1 95
-1 95
-1 95
-1 95
-1 95
-1 95
-1 95
-1 95
-1 95
-1 95
-1 95
-1 95
-1 95
-1 95
-1 95
-1 95
-1 95
-1 95
-1 95
-1 95
-1 95
-1 95
-1 95
-1 95
-1 95
-1 95
-1 95
-1 95
-1 95
-1 95
-1 95
-1 95
-1 95
-1 95
-1 95
-1 95
-1 95
-1 95
-1 95
-1 95
-1 95
-1 95
-1 95
-1 95
-1 95
-1 95
-1 95
-1 95
-1 95
-1 95
-1 95
-1 95
-1 95
-1 95
-1 95
-1 95
-1 95
-1 95
-1 95
-1 95
-1 95
-1 95
-1 95
-1 95
-1 95
-1 95
-1 95
-1 95
-1 95
-1 95
-1 95
-1 95
-1 95
-1 95
-1 95
-1 95
-1 95
-1 95
-1 95
-1 95
-1 95
-1 95
-1 95
-1 95
-1 95
-1 95
-1 95
-1 95
-1 95
-1 95
-1 95
-1 95
-1 95
-1 95
-1 95
-1 95
-1 95
-1 95
-1 95
-1 95
-1 95
-1 95
-1 73
-1 73
-1 73
-1 73
-1 73
-1 73
-1 73
-1 73
-1 73
-1 73
-1 73
-1 73
-1 73
-1 73
-1 73
-1 73
-1 73
-1 73
-1 73
-1 73
-1 73
-1 73
-1 73
-1 73
-1 73
-1 73
-1 73
-1 73
-1 73
-1 73
-1 73
-1 73
-1 73
-1 73
-1 73
-1 73
-1 73
-1 73
-1 73
-1 73
-1 73
-1 73
-1 73
-1 73
-1 73
-1 73
-1 73
-1 73
-1 73
-1 73
-1 73
-1 73
-1 73
-1 73
-1 73
-1 73
-1 73
-1 73
-1 73
-1 73
-1 73
-1 73
-1 73
-1 73
-1 73
-1 73
-1 73
-1 73
-1 73
-1 73
-1 73
-1 73
-1 73
-1 73
-1 73
-1 73
-1 73
-1 73
-1 73
-1 73
-1 73
-1 73
-1 73
-1 73
-1 73
-1 73
-1 73
-1 73
-1 73
-1 73
-1 73
-1 73
-1 73
-1 73
-1 73
-1 73
-1 73
-1 73
-1 73
-1 73
-1 73
-1 73
-1 73
-1 73
-1 73
-1 73
-1 73
-1 73
-1 73
-1 73
-1 73
-1 73
-1 73
-1 73
-1 73
-1 73
-1 73
-1 73
-1 73
-1 73
-1 73
-1 73
-1 73
-1 73
-1 73
-1 73
-1 73
-1 73
-1 73
-1 73
-1 73
-1 73
-1 73
-1 73
-1 73
-1 73
-1 73
-1 73
-1 73
-1 73
-1 73
-1 73
-1 73
-1 73
95 196
95 196
95 196
185 196
185 196
196 77
196 77
-1 77
-1 77
-1 77
-1 77
-1 77
-1 77
-1 77
-1 77
-1 77
-1 77
-1 77
-1 77
-1 77
-1 77
-1 77
-1 77
-1 77
-1 77
-1 77
-1 77
-1 77
-1 77
-1 77
-1 77
-1 77
-1 77
-1 77
-1 77
-1 77
-1 77
-1 77
-1 77
-1 77
-1 77
-1 77
-1 77
-1 77
-1 77
-1 77
-1 77
-1 77
-1 77
-1 77
-1 77
-1 77
-1 77
-1 77
-1 77
-1 77
-1 77
-1 77
-1 77
-1 77
-1 77
-1 77
-1 77
-1 77
-1 77
-1 77
-1 77
-1 77
-1 77
-1 77
-1 77
-1 77
-1 77
-1 77
-1 77
-1 77
-1 77
-1 77
-1 77
-1 77
-1 77
-1 77
-1 77
-1 77
-1 77
-1 77
-1 77
-1 77
-1 77
-1 77
-1 77
77 1
77 1
77 1
1 147
1 147
1 147
1 147
73 150
73 150
73 150
73 150
-1 150
-1 150
-1 150
-1 150
-1 150
-1 150
-1 150
-1 150
-1 150
-1 150
-1 150
-1 150
-1 150
-1 150
-1 150
-1 150
-1 150
-1 150
-1 150
-1 150
-1 150
-1 150
-1 150
-1 150
-1 150
-1 150
-1 150
-1 150
-1 150
-1 150
-1 150
-1 150
-1 150
-1 150
-1 150
-1 150
-1 150
-1 150
-1 150
-1 150
-1 150
-1 150
-1 150
-1 150
-1 150
-1 150
-1 150
-1 150
-1 150
-1 150
-1 150
-1 150
-1 150
-1 150
-1 150
-1 150
-1 150
-1 150
-1 150
-1 150
-1 150
-1 150
-1 150
-1 150
-1 150
-1 150
-1 150
-1 150
-1 150
-1 150
-1 150
-1 150
-1 150
-1 150
-1 150
-1 150
-1 150
-1 150
-1 150
-1 150
-1 150
-1 150
-1 150
-1 150
-1 150
-1 150
-1 150
-1 150
150 143
150 143
150 143
150 143
150 143
-1 118
-1 118
-1 118
-1 118
-1 118
-1 118
-1 118
-1 118
-1 118
-1 118
-1 118
-1 118
-1 118
-1 118
-1 118
-1 118
-1 118
-1 118
-1 118
-1 118
-1 118
-1 118
-1 118
-1 118
-1 118
-1 118
-1 118
-1 118
-1 118
-1 118
-1 118
-1 118
-1 118
-1 118
-1 118
-1 118
-1 118
-1 118
-1 118
-1 118
-1 118
-1 118
-1 118
-1 118
-1 118
-1 118
-1 118
-1 118
-1 118
-1 118
-1 118
-1 118
-1 118
-1 118
-1 118
-1 118
-1 118
-1 118
-1 118
-1 118
-1 118
-1 118
-1 118
-1 118
-1 118
-1 118
-1 118
-1 118
-1 118
-1 118
-1 118
-1 118
-1 118
-1 118
-1 118
-1 118
-1 118
-1 118
-1 118
-1 118
-1 118
-1 118
-1 118
-1 118
-1 118
-1 118
-1 118
-1 118
-1 118
-1 118
-1 118
-1 118
-1 118
-1 118
-1 118
-1 118
-1 118
-1 118
-1 118
-1 118
-1 118
-1 118
-1 118
-1 118
-1 118
-1 118
-1 118
-1 118
-1 118
-1 118
-1 118
-1 118
-1 118
-1 118
-1 118
-1 118
-1 118
-1 118
-1 118
-1 118
-1 118
-1 118
-1 118
-1 118
-1 118
-1 118
-1 118
-1 118
-1 118
-1 118
-1 118
-1 118
-1 118
-1 118
-1 118
-1 118
-1 118
-1 118
-1 118
-1 118
-1 118
-1 118
-1 118
-1 118
-1 118
-1 118
-1 118
-1 118
-1 118
-1 118
-1 118
-1 118
-1 118
-1 118
-1 118
-1 118
-1 47
-1 47
-1 47
-1 47
-1 47
-1 47
-1 47
-1 47
-1 47
-1 47
-1 47
-1 47
-1 47
-1 47
-1 47
-1 47
-1 47
-1 47
-1 47
-1 47
-1 47
-1 47
-1 47
-1 47
-1 47
-1 47
-1 47
-1 47
-1 47
-1 47
-1 47
-1 47
-1 47
-1 47
-1 47
-1 47
-1 47
-1 47
-1 47
-1 47
-1 47
-1 47
-1 47
-1 47
-1 47
-1 47
-1 47
-1 47
-1 47
-1 47
-1 47
-1 47
-1 47
-1 47
-1 47
-1 47
-1 47
-1 47
-1 47
-1 47
-1 47
-1 47
-1 47
-1 47
-1 47
-1 47
-1 47
-1 47
-1 47
-1 47
-1 47
-1 47
-1 47
-1 47
-1 47
-1 47
-1 47
-1 47
-1 47
-1 47
-1 47
-1 47
-1 47
-1 47
-1 47
-1 47
-1 47
-1 47
-1 47
-1 47
-1 47
-1 47
-1 47
-1 47
-1 47
-1 47
-1 47
-1 47
-1 47
-1 47
-1 47
-1 47
-1 47
-1 47
-1 47
-1 47
-1 47
-1 47
-1 47
-1 47
-1 47
-1 47
-1 47
-1 47
-1 47
-1 47
-1 47
-1 47
-1 47
-1 47
-1 47
-1 47
-1 47
-1 47
-1 47
-1 47
-1 47
-1 47
-1 47
-1 47
-1 47
-1 47
-1 47
-1 47
-1 47
-1 47
-1 47
-1 47
-1 47
-1 47
-1 47
-1 47
-1 47
-1 47
-1 47
-1 47
-1 47
-1 47
-1 47
-1 47
-1 47
-1 47
-1 47
-1 47
-1 47
-1 47
-1 47
-1 47
-1 47
-1 12
-1 12
-1 12
-1 12
-1 12
-1 12
-1 12
-1 12
-1 12
-1 12
-1 12
-1 12
-1 12
-1 12
-1 12
-1 12
-1 12
-1 12
-1 12
-1 12
-1 12
-1 12
-1 12
-1 12
-1 12
-1 12
-1 12
-1 12
-1 12
-1 12
-1 12
-1 12
-1 12
-1 12
-1 12
-1 12
-1 12
-1 12
-1 12
-1 12
-1 12
-1 12
-1 12
-1 12
-1 12
-1 12
-1 12
-1 12
-1 12
-1 12
-1 12
-1 12
-1 12
-1 12
-1 12
-1 12
-1 12
-1 12
-1 12
-1 12
-1 12
-1 12
-1 12
-1 12
-1 12
-1 12
-1 12
-1 12
-1 12
-1 12
-1 12
-1 12
-1 12
-1 12
-1 12
-1 12
-1 12
-1 12
-1 12
-1 12
-1 12
-1 12
-1 12
-1 12
-1 12
-1 12
-1 12
-1 12
-1 12
-1 12
-1 12
-1 12
-1 12
-1 12
-1 12
-1 12
-1 12
-1 12
-1 12
-1 12
-1 12
-1 12
-1 12
-1 12
-1 12
-1 12
-1 12
-1 12
-1 12
-1 12
-1 12
-1 12
-1 12
-1 12
-1 12
-1 12
-1 12
-1 12
-1 12
-1 12
-1 12
-1 12
-1 12
-1 12
-1 12
-1 12
-1 12
-1 12
-1 12
-1 12
-1 12
-1 12
-1 12
-1 12
-1 12
-1 12
-1 12
-1 12
-1 12
-1 12
-1 12
-1 12
-1 12
-1 12
-1 12
-1 12
-1 12
-1 12
-1 12
-1 12
-1 12
-1 12
-1 12
-1 12
-1 12
-1 12
-1 12
-1 12
-1 12
-1 12
-1 12
-1 12
-1 12
-1 12
47 142
47 142
47 142
47 63
118 145
118 145
142 186
12 90
-1 133
-1 133
-1 133
-1 133
-1 133
-1 133
-1 133
-1 133
-1 133
-1 133
-1 133
-1 133
-1 133
-1 133
-1 133
-1 133
-1 133
-1 133
-1 133
-1 133
-1 133
-1 133
-1 133
-1 133
-1 133
-1 133
-1 133
-1 133
-1 133
-1 133
-1 133
-1 133
-1 133
-1 133
-1 133
-1 133
-1 133
-1 133
-1 133
-1 133
-1 133
-1 133
-1 133
-1 133
-1 133
-1 133
-1 133
-1 133
-1 133
-1 133
-1 133
-1 133
-1 133
-1 133
-1 133
-1 133
-1 133
-1 133
-1 133
-1 133
-1 133
-1 133
-1 133
-1 133
-1 133
-1 133
-1 133
-1 133
-1 133
-1 133
-1 133
-1 133
-1 133
-1 133
-1 133
-1 133
-1 133
-1 133
-1 133
-1 133
-1 133
-1 133
-1 133
-1 133
-1 133
-1 133
-1 133
-1 133
-1 133
-1 133
-1 133
-1 133
-1 133
-1 133
-1 133
-1 133
-1 133
-1 133
-1 133
-1 133
-1 133
-1 133
-1 133
-1 133
-1 133
-1 133
-1 133
-1 133
-1 133
-1 133
-1 133
-1 133
-1 133
-1 133
-1 133
-1 133
-1 133
-1 133
-1 133
-1 133
-1 133
-1 133
-1 133
-1 133
-1 133
-1 133
-1 133
-1 133
-1 133
-1 133
-1 133
-1 133
-1 133
-1 133
-1 133
-1 133
-1 133
-1 133
-1 133
-1 133
-1 133
-1 133
-1 133
-1 133
-1 133
-1 133
-1 133
-1 133
-1 133
-1 133
-1 133
-1 133
-1 133
-1 133
-1 133
-1 133
-1 133
-1 133
-1 133
-1 133
-1 133
-1 133
-1 133
-1 133
-1 133
-1 133
-1 133
-1 133
-1 133
-1 133
-1 133
-1 133
-1 133
-1 133
-1 133
-1 133
-1 133
-1 133
-1 133
-1 133
-1 133
-1 133
-1 133
-1 133
-1 133
-1 133
-1 63
-1 63
-1 63
-1 63
-1 63
-1 63
-1 63
-1 63
-1 63
-1 63
-1 63
-1 63
-1 63
-1 63
-1 63
-1 63
-1 63
-1 63
-1 63
-1 63
-1 63
-1 63
-1 63
-1 63
-1 63
-1 63
-1 63
-1 63
-1 63
-1 63
-1 63
-1 63
-1 63
-1 63
-1 63
-1 63
-1 63
-1 63
-1 63
-1 63
-1 63
-1 63
-1 63
-1 63
-1 63
-1 63
-1 63
-1 63
-1 63
-1 63
-1 63
-1 63
-1 63
-1 63
-1 63
-1 63
-1 63
-1 63
-1 63
-1 63
-1 63
-1 63
-1 63
-1 63
-1 63
-1 63
-1 63
-1 63
-1 63
-1 63
-1 63
-1 63
-1 63
-1 63
-1 63
-1 63
-1 63
-1 63
-1 63
-1 63
-1 63
-1 63
-1 63
-1 63
-1 63
-1 63
-1 63
-1 63
-1 63
-1 63
-1 63
-1 63
-1 63
-1 63
-1 63
-1 63
-1 63
-1 63
-1 63
-1 63
-1 63
-1 63
-1 63
-1 63
-1 63
-1 63
-1 63
-1 63
-1 63
-1 63
-1 63
-1 63
-1 63
-1 63
-1 63
-1 63
-1 63
-1 63
-1 63
-1 63
-1 63
-1 63
-1 63
-1 63
-1 63
-1 63
-1 63
-1 63
-1 63
-1 63
-1 63
-1 63
-1 63
-1 63
-1 63
-1 63
-1 63
-1 63
-1 63
-1 63
-1 63
-1 63
-1 63
-1 63
-1 63
-1 63
-1 63
-1 63
-1 63
-1 63
-1 63
-1 63
-1 63
-1 63
-1 63
-1 63
-1 63
-1 63
-1 63
-1 63
-1 63
-1 63
-1 63
-1 63
-1 63
-1 63
-1 63
-1 63
-1 63
-1 63
-1 63
-1 63
-1 63
-1 63
-1 63
-1 63
-1 63
-1 63
-1 63
-1 63
-1 63
-1 63
-1 63
-1 63
-1 63
-1 63
-1 63
-1 63
-1 63
-1 63
-1 63
-1 63
63 71
63 71
63 71
63 71
63 71
-1 71
-1 71
-1 71
-1 71
-1 71
-1 71
-1 71
-1 71
-1 71
-1 71
-1 71
-1 71
-1 71
-1 71
-1 71
-1 71
-1 71
-1 71
-1 71
-1 71
-1 71
-1 71
-1 71
-1 71
-1 71
-1 71
-1 71
-1 71
-1 71
-1 71
-1 71
-1 71
-1 71
-1 71
-1 71
-1 71
-1 71
-1 71
-1 71
-1 71
-1 71
-1 71
-1 71
-1 71
-1 71
-1 71
-1 71
-1 71
-1 71
-1 71
-1 71
-1 71
-1 71
-1 71
-1 71
-1 71
-1 71
-1 71
-1 71
-1 71
-1 71
-1 71
-1 71
-1 71
-1 71
-1 71
-1 71
-1 71
-1 71
-1 71
-1 71
-1 71
-1 71
-1 71
-1 71
-1 71
-1 71
-1 71
-1 71
-1 71
-1 71
-1 71
-1 71
-1 71
-1 71
-1 71
-1 71
-1 71
-1 71
-1 71
-1 71
-1 71
-1 71
-1 71
-1 71
-1 71
-1 71
-1 71
-1 71
-1 71
-1 71
133 54
133 54
-1 136
-1 136
-1 136
-1 136
-1 136
-1 136
-1 136
-1 136
-1 136
-1 136
-1 136
-1 136
-1 136
-1 136
-1 136
-1 136
-1 136
-1 136
-1 136
-1 136
-1 136
-1 136
-1 136
-1 136
-1 136
-1 136
-1 136
-1 136
-1 136
-1 136
-1 136
-1 136
-1 136
-1 136
-1 136
-1 136
-1 136
-1 136
-1 136
-1 136
-1 136
-1 136
-1 136
-1 136
-1 136
-1 136
-1 136
-1 136
-1 136
-1 136
-1 136
-1 136
-1 136
-1 136
-1 136
-1 136
-1 136
-1 136
-1 136
-1 136
-1 136
-1 136
-1 136
-1 136
-1 136
-1 136
-1 136
-1 136
-1 136
-1 136
-1 136
-1 136
-1 136
-1 136
-1 136
-1 136
-1 136
-1 136
-1 136
-1 136
-1 136
-1 136
-1 136
-1 136
-1 136
-1 136
-1 136
-1 136
-1 136
-1 136
-1 136
-1 136
-1 136
-1 136
-1 136
-1 136
-1 136
-1 136
-1 136
-1 136
-1 136
-1 136
-1 136
-1 136
-1 136
-1 136
-1 136
-1 136
-1 136
-1 136
-1 136
-1 136
-1 136
-1 136
-1 136
-1 136
-1 136
-1 136
-1 136
-1 136
-1 136
-1 136
-1 136
-1 136
-1 136
-1 136
-1 136
-1 136
-1 136
-1 136
-1 136
-1 136
-1 136
-1 136
-1 136
-1 136
-1 136
-1 136
-1 136
-1 136
-1 136
-1 136
-1 136
-1 136
-1 136
-1 136
-1 136
-1 136
-1 136
-1 136
-1 136
-1 136
-1 136
-1 136
-1 136
-1 136
-1 136
-1 136
-1 136
-1 136
-1 136
-1 136
-1 136
-1 136
-1 136
-1 136
-1 136
-1 136
-1 136
-1 136
-1 136
-1 136
-1 136
-1 136
-1 136
-1 136
-1 136
-1 136
-1 136
-1 136
-1 136
-1 136
-1 136
-1 136
-1 136
-1 136
-1 136
-1 136
-1 136
-1 136
-1 136
-1 136
-1 136
-1 136
-1 136
-1 136
-1 136
-1 136
-1 136
-1 136
-1 136
-1 136
-1 136
-1 136
-1 136
-1 136
-1 136
-1 136
-1 136
-1 136
-1 136
-1 136
-1 136
-1 136
-1 136
-1 136
-1 136
-1 136
-1 136
-1 136
-1 136
-1 136
-1 136
-1 136
-1 136
-1 136
-1 136
-1 136
-1 136
-1 136
-1 136
-1 136
-1 136
-1 136
-1 136
-1 136
-1 136
-1 136
-1 136
-1 136
-1 136
-1 136
-1 136
-1 136
-1 136
-1 136
-1 136
-1 136
-1 136
-1 136
-1 136
-1 60
-1 60
-1 60
-1 60
-1 60
-1 60
-1 60
-1 60
-1 60
-1 60
-1 60
-1 60
-1 60
-1 60
-1 60
-1 60
-1 60
-1 60
-1 60
-1 60
-1 60
-1 60
-1 60
-1 60
-1 60
-1 60
-1 60
-1 60
-1 60
-1 60
-1 60
-1 60
-1 60
-1 60
-1 60
-1 60
-1 60
-1 60
-1 60
-1 60
-1 60
-1 60
-1 60
-1 60
-1 60
-1 60
-1 60
-1 60
-1 60
-1 60
-1 60
-1 60
-1 60
-1 60
-1 60
-1 60
-1 60
-1 60
-1 60
-1 60
-1 60
-1 60
-1 60
-1 60
-1 60
-1 60
-1 60
-1 60
-1 60
-1 60
-1 60
-1 60
-1 60
-1 60
-1 60
-1 60
-1 60
-1 60
-1 60
-1 60
-1 60
-1 60
-1 60
-1 60
-1 60
-1 60
-1 60
-1 60
-1 60
-1 60
-1 60
-1 60
-1 60
-1 60
-1 60
-1 60
-1 60
-1 60
-1 60
-1 60
-1 60
-1 60
-1 60
-1 60
-1 60
-1 60
-1 60
-1 60
-1 60
-1 60
-1 60
-1 60
-1 60
-1 60
-1 60
-1 60
-1 60
-1 60
-1 60
-1 60
-1 60
-1 60
-1 60
-1 60
-1 60
-1 60
-1 60
-1 60
-1 60
-1 60
-1 60
-1 60
-1 60
-1 60
-1 60
-1 60
-1 60
-1 60
-1 60
-1 60
-1 60
-1 60
-1 60
-1 60
-1 60
-1 60
-1 60
-1 60
-1 60
-1 60
-1 60
-1 60
-1 60
-1 60
-1 60
-1 60
-1 60
-1 60
-1 60
-1 60
-1 60
-1 60
-1 60
-1 60
-1 60
-1 60
-1 60
-1 60
-1 60
-1 60
-1 60
-1 60
-1 60
-1 60
-1 60
-1 60
-1 60
-1 60
-1 60
-1 60
-1 60
-1 60
-1 60
-1 60
-1 60
-1 60
-1 60
-1 60
-1 60
-1 60
-1 60
-1 60
-1 60
-1 60
-1 60
-1 60
-1 60
-1 60
-1 60
-1 60
-1 60
-1 60
-1 60
-1 60
-1 60
-1 60
-1 60
-1 60
-1 60
-1 60
-1 60
-1 60
-1 60
-1 60
-1 60
-1 60
-1 60
-1 60
-1 60
-1 60
-1 60
-1 60
-1 60
-1 60
-1 60
-1 60
-1 60
-1 60
-1 60
-1 60
-1 60
-1 60
-1 60
-1 60
-1 60
-1 60
-1 60
-1 60
-1 60
-1 60
-1 60
-1 60
-1 60
-1 60
-1 60
-1 60
-1 60
-1 60
-1 60
-1 60
-1 60
-1 60
-1 60
-1 60
-1 60
-1 60
-1 60
-1 60
-1 60
-1 60
-1 60
-1 60
-1 60
-1 60
-1 60
-1 7
-1 7
-1 7
-1 7
-1 7
-1 7
-1 7
-1 7
-1 7
-1 7
-1 7
-1 7
-1 7
-1 7
-1 7
-1 7
-1 7
-1 7
-1 7
-1 7
-1 7
-1 7
-1 7
-1 7
-1 7
-1 7
-1 7
-1 7
-1 7
-1 7
-1 7
-1 7
-1 7
-1 7
-1 7
-1 7
-1 7
-1 7
-1 7
-1 7
-1 7
-1 7
-1 7
-1 7
-1 7
-1 7
-1 7
-1 7
-1 7
-1 7
-1 7
-1 7
-1 7
-1 7
-1 7
-1 7
-1 7
-1 7
-1 7
-1 7
-1 7
-1 7
-1 7
-1 7
-1 7
-1 7
-1 7
-1 7
-1 7
-1 7
-1 7
-1 7
-1 7
-1 7
-1 7
-1 7
-1 7
-1 7
-1 7
-1 7
-1 7
-1 7
-1 7
-1 7
-1 7
-1 7
-1 7
-1 7
-1 7
-1 7
-1 7
-1 7
-1 7
-1 7
-1 7
-1 7
-1 7
-1 7
-1 7
-1 7
-1 7
-1 7
-1 7
-1 7
-1 7
-1 7
-1 7
-1 7
-1 7
-1 7
-1 7
-1 7
-1 7
-1 7
-1 7
-1 7
-1 7
-1 7
-1 7
-1 7
-1 7
-1 7
-1 7
-1 7
-1 7
-1 7
-1 7
-1 7
-1 7
-1 7
-1 7
-1 7
-1 7
-1 7
-1 7
-1 7
-1 7
-1 7
-1 7
-1 7
-1 7
-1 7
-1 7
-1 7
-1 7
-1 7
-1 7
-1 7
-1 7
-1 7
-1 7
-1 7
-1 7
-1 7
-1 7
-1 7
-1 7
-1 7
-1 7
-1 7
-1 7
-1 7
-1 7
-1 7
-1 7
-1 7
-1 7
-1 7
-1 7
-1 7
-1 7
-1 7
-1 7
-1 7
-1 7
-1 7
-1 7
-1 7
-1 7
-1 7
-1 7
-1 7
-1 7
-1 7
-1 7
-1 7
-1 7
-1 7
-1 7
-1 7
-1 7
-1 7
-1 7
-1 7
-1 7
-1 7
-1 7
-1 7
-1 7
-1 7
-1 7
-1 7
-1 7
-1 7
-1 7
-1 7
-1 7
-1 7
-1 7
-1 7
-1 7
-1 7
-1 7
-1 7
-1 7
-1 7
-1 7
-1 7
-1 7
-1 7
-1 7
-1 7
-1 7
-1 7
-1 7
-1 7
-1 7
-1 7
-1 7
-1 7
-1 7
-1 7
-1 7
-1 7
-1 7
-1 7
-1 7
-1 7
-1 7
-1 7
-1 7
-1 7
-1 7
-1 7
-1 7
-1 7
-1 7
-1 7
-1 7
-1 7
-1 7
-1 7
-1 7
-1 7
-1 7
-1 7
-1 7
-1 7
-1 7
-1 7
-1 7
-1 7
-1 7
-1 7
-1 7
-1 7
-1 7
-1 7
-1 43
-1 43
-1 43
-1 43
-1 43
-1 43
-1 43
-1 43
-1 43
-1 43
-1 43
-1 43
-1 43
-1 43
-1 43
-1 43
-1 43
-1 43
-1 43
-1 43
-1 43
-1 43
-1 43
-1 43
-1 43
-1 43
-1 43
-1 43
-1 43
-1 43
-1 43
-1 43
-1 43
-1 43
-1 43
-1 43
-1 43
-1 43
-1 43
-1 43
-1 43
-1 43
-1 43
-1 43
-1 43
-1 43
-1 43
-1 43
-1 43
-1 43
-1 43
-1 43
-1 43
-1 43
-1 43
-1 43
-1 43
-1 43
-1 43
-1 43
-1 43
-1 43
-1 43
-1 43
-1 43
-1 43
-1 43
-1 43
-1 43
-1 43
-1 43
-1 43
-1 43
-1 43
-1 43
-1 43
-1 43
-1 43
-1 43
-1 43
-1 43
-1 43
-1 43
-1 43
-1 43
-1 43
-1 43
-1 43
-1 43
-1 43
-1 43
-1 43
-1 43
-1 43
-1 43
-1 43
-1 43
-1 43
-1 43
-1 43
-1 43
-1 43
-1 43
-1 43
-1 43
-1 43
-1 43
-1 43
-1 43
-1 43
-1 43
-1 43
-1 43
-1 43
-1 43
-1 43
-1 43
-1 43
-1 43
-1 43
-1 43
-1 43
-1 43
-1 43
-1 43
-1 43
-1 43
-1 43
-1 43
-1 43
-1 43
-1 43
-1 43
-1 43
-1 43
-1 43
-1 43
-1 43
-1 43
-1 43
-1 43
-1 43
-1 43
-1 43
-1 43
-1 43
-1 43
-1 43
-1 43
-1 43
-1 43
-1 43
-1 43
-1 43
-1 43
-1 43
-1 43
-1 43
-1 43
-1 43
-1 43
-1 43
-1 43
-1 43
-1 43
-1 43
-1 43
-1 43
-1 43
-1 43
-1 43
-1 43
-1 43
-1 43
-1 43
-1 43
-1 43
-1 43
-1 43
-1 43
-1 43
-1 43
-1 43
-1 43
-1 43
-1 43
-1 43
-1 43
-1 43
-1 43
-1 43
-1 43
-1 43
-1 43
-1 43
-1 43
-1 43
-1 43
-1 43
-1 43
-1 43
-1 43
-1 43
-1 43
-1 43
-1 43
-1 43
-1 43
-1 43
-1 43
-1 43
-1 43
-1 43
-1 43
-1 43
-1 43
-1 43
-1 43
-1 43
-1 43
-1 43
-1 43
-1 43
-1 43
-1 43
-1 43
-1 43
-1 43
-1 43
-1 43
-1 43
-1 43
-1 43
-1 43
-1 43
-1 43
-1 43
-1 43
-1 43
-1 43
-1 43
-1 43
-1 43
-1 43
-1 43
-1 43
-1 43
-1 43
-1 43
-1 43
-1 43
-1 43
-1 43
-1 43
-1 43
-1 43
-1 43
-1 43
-1 43
-1 43
-1 43
-1 43
-1 43
-1 43
-1 43
-1 43
-1 43
-1 43
-1 43
-1 43
-1 43
-1 43
-1 43
-1 54
-1 54
-1 54
-1 54
-1 54
-1 54
-1 54
-1 54
-1 54
-1 54
-1 54
-1 54
-1 54
-1 54
-1 54
-1 54
-1 54
-1 54
-1 54
-1 54
-1 54
-1 54
-1 54
-1 54
-1 54
-1 54
-1 54
-1 54
-1 54
-1 54
-1 54
-1 54
-1 54
-1 54
-1 54
-1 54
-1 54
-1 54
-1 54
-1 54
-1 54
-1 54
-1 54
-1 54
-1 54
-1 54
-1 54
-1 54
-1 54
-1 54
-1 54
-1 54
-1 54
-1 54
-1 54
-1 54
-1 54
-1 54
-1 54
-1 54
-1 54
-1 54
-1 54
-1 54
-1 54
-1 54
-1 54
-1 54
-1 54
-1 54
-1 54
-1 54
-1 54
-1 54
-1 54
-1 54
-1 54
-1 54
-1 54
-1 54
-1 54
-1 54
-1 54
-1 54
-1 54
-1 54
-1 54
-1 54
-1 54
-1 54
-1 54
-1 54
-1 54
-1 54
-1 54
-1 54
-1 54
-1 54
-1 54
-1 54
-1 54
-1 54
-1 54
-1 54
-1 54
-1 54
-1 54
-1 54
-1 54
-1 54
-1 54
-1 54
-1 54
-1 54
-1 54
-1 54
-1 54
-1 54
-1 54
-1 54
-1 54
-1 54
-1 54
-1 54
-1 54
-1 54
-1 54
-1 54
-1 54
-1 54
-1 54
-1 54
-1 54
-1 54
-1 54
-1 54
-1 54
-1 54
-1 54
-1 54
-1 54
-1 54
-1 54
-1 54
-1 54
-1 54
-1 54
-1 54
-1 54
-1 54
-1 54
-1 54
-1 54
-1 54
-1 54
-1 54
-1 54
-1 54
-1 54
-1 54
-1 54
-1 54
-1 54
-1 54
-1 54
-1 54
-1 54
-1 54
-1 54
-1 54
-1 54
-1 54
-1 54
-1 54
-1 54
-1 54
-1 54
-1 54
-1 54
-1 54
-1 54
-1 54
-1 54
-1 54
-1 54
-1 54
-1 54
-1 54
-1 54
-1 54
-1 54
-1 54
-1 54
-1 54
-1 54
-1 54
-1 54
-1 54
-1 54
-1 54
-1 54
-1 54
-1 54
-1 54
-1 54
-1 54
-1 54
-1 54
-1 54
-1 54
-1 54
-1 54
-1 54
-1 54
-1 54
-1 54
-1 54
-1 54
-1 54
-1 54
-1 54
-1 54
-1 54
-1 54
-1 54
-1 54
-1 54
-1 54
-1 54
-1 54
-1 54
-1 54
-1 54
-1 54
-1 54
-1 54
-1 54
-1 54
-1 54
-1 54
-1 54
-1 54
-1 54
-1 54
-1 54
-1 54
-1 54
-1 54
-1 54
-1 54
-1 54
-1 54
-1 54
-1 54
-1 54
-1 54
-1 54
-1 54
-1 54
-1 54
-1 54
-1 54
-1 54
-1 54
-1 54
-1 54
-1 54
-1 54
-1 54
-1 54
-1 54
-1 54
-1 54
-1 54
-1 54
-1 54
-1 54
-1 54
-1 54
-1 54
-1 54
-1 54
-1 54
136 49
136 49
136 49
136 49
-1 49
-1 49
-1 49
-1 49
-1 49
-1 49
-1 49
-1 49
-1 49
-1 49
-1 49
-1 49
-1 49
-1 49
-1 49
-1 49
-1 49
-1 49
-1 49
-1 49
-1 49
-1 49
-1 49
-1 49
-1 49
-1 49
-1 49
-1 49
-1 49
-1 49
-1 49
-1 49
-1 49
-1 49
-1 49
-1 49
-1 49
-1 49
-1 49
-1 49
-1 49
-1 49
-1 49
-1 49
-1 49
-1 49
-1 49
-1 49
-1 49
-1 49
-1 49
-1 49
-1 49
-1 49
-1 49
-1 49
-1 49
-1 49
-1 49
-1 49
-1 49
-1 49
-1 49
-1 49
-1 49
-1 49
-1 49
-1 49
-1 49
-1 49
-1 49
-1 49
-1 49
-1 49
-1 49
-1 49
-1 49
-1 49
-1 49
-1 49
-1 49
-1 49
-1 49
-1 49
-1 49
-1 49
-1 49
-1 49
-1 49
-1 49
-1 49
-1 49
-1 49
-1 49
-1 49
-1 49
-1 49
-1 49
-1 49
-1 49
-1 49
-1 49
-1 49
-1 49
-1 49
-1 49
-1 49
-1 49
-1 49
-1 49
-1 49
-1 49
-1 49
-1 49
-1 49
-1 49
-1 49
-1 49
-1 49
-1 49
-1 49
-1 49
-1 49
-1 49
-1 49
-1 49
-1 49
-1 49
-1 49
-1 49
-1 49
-1 49
-1 49
-1 49
-1 49
-1 49
-1 49
-1 49
-1 49
-1 49
-1 49
-1 49
-1 49
-1 49
-1 49
-1 49
-1 49
-1 49
-1 49
-1 49
-1 49
-1 49
-1 49
-1 49
-1 49
-1 49
-1 49
-1 49
-1 49
-1 49
-1 49
-1 49
-1 49
-1 49
-1 49
-1 49
-1 49
-1 49
-1 49
-1 49
-1 49
-1 49
-1 49
-1 49
-1 49
-1 49
-1 49
-1 49
-1 49
-1 49
-1 49
-1 49
-1 49
-1 49
-1 49
-1 49
-1 49
-1 49
-1 49
-1 49
-1 49
-1 49
-1 49
-1 49
-1 49
-1 49
-1 49
-1 49
-1 49
-1 49
-1 49
-1 49
-1 49
-1 49
-1 49
-1 49
-1 49
-1 49
-1 49
-1 49
-1 49
-1 49
-1 49
-1 49
-1 49
-1 49
-1 49
-1 49
-1 49
-1 49
-1 49
-1 49
-1 49
-1 49
-1 49
-1 49
-1 49
-1 49
-1 49
-1 49
-1 49
-1 49
-1 49
-1 49
-1 49
-1 49
-1 49
-1 49
-1 49
-1 49
-1 49
-1 49
-1 49
-1 49
-1 49
-1 49
-1 49
-1 49
-1 49
-1 49
-1 49
-1 49
-1 49
-1 49
-1 49
-1 49
-1 49
-1 49
-1 49
-1 49
-1 49
-1 49
-1 49
-1 49
-1 49
-1 49
-1 49
-1 49
-1 49
-1 49
-1 49
-1 49
-1 49
-1 49
-1 49
-1 49
-1 49
-1 49
-1 49
-1 49
49 145
49 145
49 145
7 53
7 53
-1 145
-1 145
-1 145
-1 145
-1 145
-1 145
-1 145
-1 145
-1 145
-1 145
-1 145
-1 145
-1 145
-1 145
-1 145
-1 145
-1 145
-1 145
-1 145
-1 145
-1 145
-1 145
-1 145
-1 145
-1 145
-1 145
-1 145
-1 145
-1 145
-1 145
-1 145
-1 145
-1 145
-1 145
-1 143
-1 143
-1 143
-1 143
-1 143
-1 143
-1 143
-1 143
-1 143
-1 143
-1 143
-1 143
-1 143
-1 143
-1 143
-1 143
-1 143
-1 143
-1 143
-1 143
-1 143
-1 143
-1 143
-1 143
-1 143
-1 143
-1 143
-1 143
-1 143
-1 143
-1 143
-1 143
-1 143
-1 143
-1 143
-1 143
-1 143
-1 143
-1 143
-1 143
-1 143
-1 143
-1 143
-1 143
-1 143
-1 143
-1 143
-1 143
-1 143
-1 143
-1 143
-1 143
-1 143
-1 143
-1 143
-1 143
-1 143
-1 143
-1 143
-1 143
-1 143
-1 143
-1 143
-1 143
-1 143
-1 143
-1 143
-1 143
-1 143
-1 143
-1 143
-1 143
-1 143
-1 143
-1 143
-1 143
-1 143
-1 143
-1 143
-1 143
-1 143
-1 143
-1 143
-1 143
-1 143
-1 143
-1 143
-1 143
-1 143
-1 143
-1 143
-1 143
-1 143
-1 143
-1 143
-1 143
-1 143
-1 143
-1 143
-1 143
-1 143
-1 143
-1 143
-1 143
-1 143
-1 143
-1 143
-1 143
-1 143
-1 143
-1 143
-1 143
-1 143
-1 143
-1 143
-1 143
-1 143
-1 143
-1 143
-1 143
-1 143
-1 143
-1 143
-1 143
-1 143
-1 143
-1 143
-1 143
-1 143
-1 143
-1 143
-1 143
-1 143
-1 143
-1 143
-1 143
-1 143
-1 143
-1 143
-1 143
-1 143
-1 143
-1 143
-1 143
-1 143
-1 143
-1 143
-1 143
-1 143
-1 143
-1 143
-1 143
-1 143
-1 143
-1 143
-1 143
-1 143
-1 143
-1 143
-1 143
-1 143
-1 143
-1 143
-1 143
-1 143
-1 143
-1 143
-1 143
-1 143
-1 143
-1 143
-1 143
-1 143
-1 143
-1 143
-1 143
-1 143
-1 143
-1 143
-1 143
-1 143
-1 143
-1 143
-1 143
-1 143
-1 143
-1 143
-1 143
-1 143
-1 143
-1 143
-1 143
-1 143
-1 143
-1 143
-1 143
-1 143
-1 143
-1 143
-1 143
-1 143
-1 143
-1 143
-1 143
-1 143
-1 143
-1 143
-1 143
-1 143
-1 143
-1 143
-1 143
-1 143
-1 143
-1 143
-1 143
-1 143
-1 143
-1 143
-1 143
-1 143
-1 143
-1 143
-1 143
-1 143
-1 143
-1 143
-1 143
-1 143
-1 143
-1 143
-1 143
-1 143
-1 143
-1 143
-1 143
-1 143
-1 143
-1 143
-1 143
-1 143
-1 143
-1 143
-1 143
-1 143
-1 143
-1 143
-1 143
-1 143
-1 143
-1 143
-1 143
-1 143
-1 143
-1 143
-1 143
-1 143
-1 143
-1 143
-1 143
-1 143
-1 143
-1 143
-1 143
-1 143
-1 143
-1 143
-1 143
-1 143
-1 143
-1 143
-1 143
-1 143
-1 143
-1 143
-1 143
-1 143
-1 143
-1 143
-1 143
-1 143
-1 143
-1 143
-1 143
-1 143
-1 143
-1 143
-1 143
-1 143
-1 143
-1 143
-1 186
-1 186
-1 186
-1 186
-1 186
-1 186
-1 186
-1 186
-1 186
-1 186
-1 186
-1 186
-1 186
-1 186
-1 186
-1 186
-1 186
-1 186
-1 186
-1 186
-1 186
-1 186
-1 186
-1 186
-1 186
-1 186
-1 186
-1 186
-1 186
-1 186
-1 186
-1 186
-1 186
-1 186
-1 186
-1 186
-1 186
-1 186
-1 186
-1 186
-1 186
-1 186
-1 186
-1 186
-1 186
-1 186
-1 186
-1 186
-1 186
-1 186
-1 186
-1 186
-1 186
-1 186
-1 186
-1 186
-1 186
-1 186
-1 186
-1 186
-1 186
-1 186
-1 186
-1 186
-1 186
-1 186
-1 186
-1 186
-1 186
-1 186
-1 186
-1 186
-1 186
-1 186
-1 186
-1 186
-1 186
-1 186
-1 186
-1 186
-1 186
-1 186
-1 186
-1 186
-1 186
-1 186
-1 186
-1 186
-1 186
-1 186
-1 186
-1 186
-1 186
-1 186
-1 186
-1 186
-1 186
-1 186
-1 186
-1 186
-1 186
-1 186
-1 186
-1 186
-1 186
-1 186
-1 186
-1 186
-1 186
-1 186
-1 186
-1 186
-1 186
-1 186
-1 186
-1 186
-1 186
-1 186
-1 186
-1 186
-1 186
-1 186
-1 186
-1 186
-1 186
-1 186
-1 186
-1 186
-1 186
-1 186
-1 186
-1 186
-1 186
-1 186
-1 186
-1 186
-1 186
-1 186
-1 186
-1 186
-1 186
-1 186
-1 186
-1 186
-1 186
-1 186
-1 186
-1 186
-1 186
-1 186
-1 186
-1 186
-1 186
-1 186
-1 186
-1 186
-1 186
-1 186
-1 186
-1 186
-1 186
-1 186
-1 186
-1 186
-1 186
-1 186
-1 186
-1 186
-1 186
-1 186
-1 186
-1 186
-1 186
-1 186
-1 186
-1 186
-1 186
-1 186
-1 186
-1 186
-1 186
-1 186
-1 186
-1 186
-1 186
-1 186
-1 186
-1 186
-1 186
-1 186
-1 186
-1 186
-1 186
-1 186
-1 186
-1 186
-1 186
-1 186
-1 186
-1 186
-1 186
-1 186
-1 186
-1 186
-1 186
-1 186
-1 186
-1 186
-1 186
-1 186
-1 186
-1 186
-1 186
-1 186
-1 186
-1 186
-1 186
-1 186
-1 186
-1 186
-1 186
-1 186
-1 186
-1 186
-1 186
-1 186
-1 186
-1 186
-1 186
-1 186
-1 186
-1 186
-1 186
-1 186
-1 186
-1 186
-1 186
-1 186
-1 186
-1 186
-1 186
-1 186
-1 186
-1 186
-1 186
-1 186
-1 186
-1 186
-1 186
-1 186
-1 186
-1 186
-1 186
-1 186
-1 186
-1 186
-1 186
-1 186
-1 186
-1 186
-1 186
-1 186
-1 186
-1 186
-1 186
-1 186
-1 186
-1 186
-1 186
-1 186
-1 186
-1 186
-1 186
-1 186
-1 186
-1 186
-1 186
-1 186
-1 186
-1 186
-1 186
-1 186
-1 186
-1 186
-1 186
-1 186
-1 186
-1 186
-1 186
-1 186
-1 186
-1 21
-1 21
-1 21
-1 21
-1 21
-1 21
-1 21
-1 21
-1 21
-1 21
-1 21
-1 21
-1 21
-1 21
-1 21
-1 21
-1 21
-1 21
-1 21
-1 21
-1 21
-1 21
-1 21
-1 21
-1 21
-1 21
-1 21
-1 21
-1 21
-1 21
-1 21
-1 21
-1 21
-1 21
-1 21
-1 21
-1 21
-1 21
-1 21
-1 21
-1 21
-1 21
-1 21
-1 21
-1 21
-1 21
-1 21
-1 21
-1 21
-1 21
-1 21
-1 21
-1 21
-1 21
-1 21
-1 21
-1 21
-1 21
-1 21
-1 21
-1 21
-1 21
-1 21
-1 21
-1 21
-1 21
-1 21
-1 21
-1 21
-1 21
-1 21
-1 21
-1 21
-1 21
-1 21
-1 21
-1 21
-1 21
-1 21
-1 21
-1 21
-1 21
-1 21
-1 21
-1 21
-1 21
-1 21
-1 21
-1 21
-1 21
-1 21
-1 21
-1 21
-1 21
-1 21
-1 21
-1 21
-1 21
-1 21
-1 21
-1 21
-1 21
-1 21
-1 21
-1 21
-1 21
-1 21
-1 21
-1 21
-1 21
-1 21
-1 21
-1 21
-1 21
-1 21
-1 21
-1 21
-1 21
-1 21
-1 21
-1 21
-1 21
-1 21
-1 21
-1 21
-1 21
-1 21
-1 21
-1 21
-1 21
-1 21
-1 21
-1 21
-1 21
-1 21
-1 21
-1 21
-1 21
-1 21
-1 21
-1 21
-1 21
-1 21
-1 21
-1 21
-1 21
-1 21
-1 21
-1 21
-1 21
-1 21
-1 21
-1 21
-1 21
-1 21
-1 21
-1 21
-1 21
-1 21
-1 21
-1 21
-1 21
-1 21
-1 21
-1 21
-1 21
-1 21
-1 21
-1 21
-1 21
-1 21
-1 21
-1 21
-1 21
-1 21
-1 21
-1 21
-1 21
-1 21
-1 21
-1 21
-1 21
-1 21
-1 21
-1 21
-1 21
-1 21
-1 21
-1 21
-1 21
-1 21
-1 21
-1 21
-1 21
-1 21
-1 21
-1 21
-1 21
-1 21
-1 21
-1 21
-1 21
-1 21
-1 21
-1 21
-1 21
-1 21
-1 21
-1 21
-1 21
-1 21
-1 21
-1 21
-1 21
-1 21
-1 21
-1 21
-1 21
-1 21
-1 21
-1 21
-1 21
-1 21
-1 21
-1 21
-1 21
-1 21
-1 21
-1 21
-1 21
-1 21
-1 21
-1 21
-1 21
-1 21
-1 21
-1 21
-1 21
-1 21
-1 21
-1 21
-1 21
-1 21
-1 21
-1 21
-1 21
-1 21
-1 21
-1 21
-1 21
-1 21
-1 21
-1 21
-1 21
-1 21
-1 21
-1 21
-1 21
-1 21
-1 21
-1 21
-1 21
-1 21
-1 21
-1 21
-1 21
-1 21
-1 21
-1 21
-1 21
-1 21
-1 21
-1 21
-1 21
-1 21
-1 21
-1 21
-1 21
-1 21
-1 21
-1 21
-1 21
-1 21
-1 21
-1 21
-1 21
-1 21
-1 21
-1 21
-1 21
-1 21
-1 21
-1 21
-1 90
-1 90
-1 90
-1 90
-1 90
-1 90
-1 90
-1 90
-1 90
-1 90
-1 90
-1 90
-1 90
-1 90
-1 90
-1 90
-1 90
-1 90
-1 90
-1 90
-1 90
-1 90
-1 90
-1 90
-1 90
-1 90
-1 90
-1 90
-1 90
-1 90
-1 90
-1 90
-1 90
-1 90
-1 90
-1 90
-1 90
-1 90
-1 90
-1 90
-1 90
-1 90
-1 90
-1 90
-1 90
-1 90
-1 90
-1 90
-1 90
-1 90
-1 90
-1 90
-1 90
-1 90
-1 90
-1 90
-1 90
-1 90
-1 90
-1 90
-1 90
-1 90
-1 90
-1 90
-1 90
-1 90
-1 90
-1 90
-1 90
-1 90
-1 90
-1 90
-1 90
-1 90
-1 90
-1 90
-1 90
-1 90
-1 90
-1 90
-1 90
-1 90
-1 90
-1 90
-1 90
-1 90
-1 90
-1 90
-1 90
-1 90
-1 90
-1 90
-1 90
-1 90
-1 90
-1 90
-1 90
-1 90
-1 90
-1 90
-1 90
-1 90
-1 90
-1 90
-1 90
-1 90
-1 90
-1 90
-1 90
-1 90
-1 90
-1 90
-1 90
-1 90
-1 90
-1 90
-1 90
-1 90
-1 90
-1 90
-1 90
-1 90
-1 90
-1 90
-1 90
-1 90
-1 90
-1 90
-1 90
-1 90
-1 90
-1 90
-1 90
-1 90
-1 90
-1 90
-1 90
-1 90
-1 90
-1 90
-1 90
-1 90
-1 90
-1 90
-1 90
-1 90
-1 90
-1 90
-1 90
-1 90
-1 90
-1 90
-1 90
-1 90
-1 90
-1 90
-1 90
-1 90
-1 90
-1 90
-1 90
-1 90
-1 90
-1 90
-1 90
-1 90
-1 90
-1 90
-1 90
-1 90
-1 90
-1 90
-1 90
-1 90
-1 90
-1 90
-1 90
-1 90
-1 90
-1 90
-1 90
-1 90
-1 90
-1 90
-1 90
-1 90
-1 90
-1 90
-1 90
-1 90
-1 90
-1 90
-1 90
-1 90
-1 90
-1 90
-1 90
-1 90
-1 90
-1 90
-1 90
-1 90
-1 90
-1 90
-1 90
-1 90
-1 90
-1 90
-1 90
-1 90
-1 90
-1 90
-1 90
-1 90
-1 90
-1 90
-1 90
-1 90
-1 90
-1 90
-1 90
-1 90
-1 90
-1 90
-1 90
-1 90
-1 90
-1 90
-1 90
-1 90
-1 90
-1 90
-1 90
-1 90
-1 90
-1 90
-1 90
-1 90
-1 90
-1 90
-1 90
-1 90
-1 90
-1 90
-1 90
-1 90
-1 90
-1 90
-1 90
-1 90
-1 90
-1 90
-1 90
-1 90
-1 90
-1 90
-1 90
-1 90
-1 90
-1 90
-1 90
-1 90
-1 90
-1 90
-1 90
-1 90
-1 90
-1 90
-1 90
-1 90
-1 90
-1 90
-1 90
-1 90
-1 90
-1 90
-1 90
-1 90
-1 90
-1 90
-1 90
-1 90
-1 90
-1 90
-1 90
-1 90
-1 90
-1 90
-1 90
-1 90
-1 90
-1 90
-1 90
-1 90
-1 90
-1 90
-1 90
-1 90
-1 90
-1 90
-1 90
-1 90
-1 90
-1 90
-1 90
-1 90
-1 90
-1 90
-1 90
-1 90
-1 90
-1 90
-1 90
-1 90
-1 90
-1 114
-1 114
-1 114
-1 114
-1 114
-1 114
-1 114
-1 114
-1 114
-1 114
-1 114
-1 114
-1 114
-1 114
-1 114
-1 114
-1 114
-1 114
-1 114
-1 114
-1 114
-1 114
-1 114
-1 114
-1 114
-1 114
-1 114
-1 114
-1 114
-1 114
-1 114
-1 114
-1 114
-1 114
-1 114
-1 114
-1 114
-1 114
-1 114
-1 114
-1 114
-1 114
-1 114
-1 114
-1 114
-1 114
-1 114
-1 114
-1 114
-1 114
-1 114
-1 114
-1 114
-1 114
-1 114
-1 114
-1 114
-1 114
-1 114
-1 114
-1 114
-1 114
-1 114
-1 114
-1 114
-1 114
-1 114
-1 114
-1 114
-1 114
-1 114
-1 114
-1 114
-1 114
-1 114
-1 114
-1 114
-1 114
-1 114
-1 114
-1 114
-1 114
-1 114
-1 114
-1 114
-1 114
-1 114
-1 114
-1 114
-1 114
-1 114
-1 114
-1 114
-1 114
-1 114
-1 114
-1 114
-1 114
-1 114
-1 114
-1 114
-1 114
-1 114
-1 114
-1 114
-1 114
-1 114
-1 114
-1 114
-1 114
-1 114
-1 114
-1 114
-1 114
-1 114
-1 114
-1 114
-1 114
-1 114
-1 114
-1 114
-1 114
-1 114
-1 114
-1 114
-1 114
-1 114
-1 114
-1 114
-1 114
-1 114
-1 114
-1 114
-1 114
-1 114
-1 114
-1 114
-1 114
-1 114
-1 114
-1 114
-1 114
-1 114
-1 114
-1 114
-1 114
-1 114
-1 114
-1 114
-1 114
-1 114
-1 114
-1 114
-1 114
-1 114
-1 114
-1 114
-1 114
-1 114
-1 114
-1 114
-1 114
-1 114
-1 114
-1 114
-1 114
-1 114
-1 114
-1 114
-1 114
-1 114
-1 114
-1 114
-1 114
-1 114
-1 114
-1 114
-1 114
-1 114
-1 114
-1 114
-1 114
-1 114
-1 114
-1 114
-1 114
-1 114
-1 114
-1 114
-1 114
-1 114
-1 114
-1 114
-1 114
-1 114
-1 114
-1 114
-1 114
-1 114
-1 114
-1 114
-1 114
-1 114
-1 114
-1 114
-1 114
-1 114
-1 114
-1 114
-1 114
-1 114
-1 114
-1 114
-1 114
-1 114
-1 114
-1 114
-1 114
-1 114
-1 114
-1 114
-1 114
-1 114
-1 114
-1 114
-1 114
-1 114
-1 114
-1 114
-1 114
-1 114
-1 114
-1 114
-1 114
-1 114
-1 114
-1 114
-1 114
-1 114
-1 114
-1 114
-1 114
-1 114
-1 114
-1 114
-1 114
-1 114
-1 114
-1 114
-1 114
-1 114
-1 114
-1 114
-1 114
-1 114
-1 114
-1 114
-1 114
-1 114
-1 114
-1 114
-1 114
-1 114
-1 114
-1 114
-1 114
-1 114
-1 114
-1 114
-1 114
-1 114
-1 114
-1 114
-1 114
-1 114
-1 114
-1 114
-1 114
-1 114
-1 114
-1 114
-1 114
-1 114
-1 114
-1 114
-1 114
-1 114
-1 114
-1 114
-1 114
-1 114
-1 114
-1 114
-1 114
-1 114
-1 114
-1 114
-1 114
-1 114
-1 114
-1 114
-1 114
-1 114
-1 114
-1 114
-1 114
-1 114
-1 114
-1 114
-1 114
-1 114
-1 114
-1 114
-1 114
-1 114
-1 114
-1 114
-1 114
-1 114
-1 114
-1 114
-1 114
-1 114
-1 114
-1 114
-1 114
-1 114
-1 114
-1 114
-1 114
-1 114
-1 114
-1 114
-1 114
-1 114
-1 114
-1 114
-1 114
-1 114
-1 114
-1 114
-1 114
-1 114
-1 114
-1 114
-1 114
-1 114
-1 114
-1 114
-1 114
-1 114
-1 114
-1 114
-1 114
-1 114
-1 114
-1 114
-1 114
-1 114
-1 161
-1 161
-1 161
-1 161
-1 161
-1 161
-1 161
-1 161
-1 161
-1 161
-1 161
-1 161
-1 161
-1 161
-1 161
-1 161
-1 161
-1 161
-1 161
-1 161
-1 161
-1 161
-1 161
-1 161
-1 161
-1 161
-1 161
-1 161
-1 161
-1 161
-1 161
-1 161
-1 161
-1 161
-1 161
-1 161
-1 161
-1 161
-1 161
-1 161
-1 161
-1 161
-1 161
-1 161
-1 161
-1 161
-1 161
-1 161
-1 161
-1 161
-1 161
-1 161
-1 161
-1 161
-1 161
-1 161
-1 161
-1 161
-1 161
-1 161
-1 161
-1 161
-1 161
-1 161
-1 161
-1 161
-1 161
-1 161
-1 161
-1 161
-1 161
-1 161
-1 161
-1 161
-1 161
-1 161
-1 161
-1 161
-1 161
-1 161
-1 161
-1 161
-1 161
-1 161
-1 161
-1 161
-1 161
-1 161
-1 161
-1 161
-1 161
-1 161
-1 161
-1 161
-1 161
-1 161
-1 161
-1 161
-1 161
-1 161
-1 161
-1 161
-1 161
-1 161
-1 161
-1 161
-1 161
-1 161
-1 161
-1 161
-1 161
-1 161
-1 161
-1 161
-1 161
-1 161
-1 161
-1 161
-1 161
-1 161
-1 161
-1 161
-1 161
-1 161
-1 161
-1 161
-1 161
-1 161
-1 161
-1 161
-1 161
-1 161
-1 161
-1 161
-1 161
-1 161
-1 161
-1 161
-1 161
-1 161
-1 161
-1 161
-1 161
-1 161
-1 161
-1 161
-1 161
-1 161
-1 161
-1 161
-1 161
-1 161
-1 161
-1 161
-1 161
-1 161
-1 161
-1 161
-1 161
-1 161
-1 161
-1 161
-1 161
-1 161
-1 161
-1 161
-1 161
-1 161
-1 161
-1 161
-1 161
-1 161
-1 161
-1 161
-1 161
-1 161
-1 161
-1 161
-1 161
-1 161
-1 161
-1 161
-1 161
-1 161
-1 161
-1 161
-1 161
-1 161
-1 161
-1 161
-1 161
-1 161
-1 161
-1 161
-1 161
-1 161
-1 161
-1 161
-1 161
-1 161
-1 161
-1 161
-1 161
-1 161
-1 161
-1 161
-1 161
-1 161
-1 161
-1 161
-1 161
-1 161
-1 161
-1 161
-1 161
-1 161
-1 161
-1 161
-1 161
-1 161
-1 161
-1 161
-1 161
-1 161
-1 161
-1 161
-1 161
-1 161
-1 161
-1 161
-1 161
-1 161
-1 161
-1 161
-1 161
-1 161
-1 161
-1 161
-1 161
-1 161
-1 161
-1 161
-1 161
-1 161
-1 161
-1 161
-1 161
-1 161
-1 161
-1 161
-1 161
-1 161
-1 161
-1 161
-1 161
-1 161
-1 161
-1 161
-1 161
-1 161
-1 161
-1 161
-1 161
-1 161
-1 161
-1 161
-1 161
-1 161
-1 161
-1 161
-1 161
-1 161
-1 161
-1 161
-1 161
-1 161
-1 161
-1 161
-1 161
-1 161
-1 161
-1 161
-1 161
-1 161
-1 161
-1 161
-1 161
-1 161
-1 161
-1 161
-1 161
-1 161
-1 161
-1 161
-1 161
-1 161
-1 161
-1 161
-1 161
-1 161
-1 161
-1 161
-1 161
-1 161
-1 161
-1 161
-1 161
-1 161
-1 161
-1 161
-1 161
-1 161
-1 161
-1 161
-1 161
-1 161
-1 161
-1 161
-1 161
-1 161
-1 161
-1 161
-1 161
-1 161
-1 161
-1 161
-1 161
-1 161
-1 161
-1 161
-1 161
-1 161
-1 161
-1 161
-1 161
-1 161
-1 161
-1 161
-1 161
-1 161
-1 161
-1 161
-1 161
-1 161
-1 161
-1 161
-1 161
-1 161
-1 161
-1 161
-1 161
-1 161
-1 161
-1 161
-1 161
-1 161
-1 161
-1 161
-1 161
-1 161
-1 161
-1 161
-1 161
-1 161
-1 161
-1 161
-1 161
-1 161
-1 161
-1 161
-1 161
-1 161
-1 161
-1 161
-1 161
-1 37
-1 37
-1 37
-1 37
-1 37
-1 37
-1 37
-1 37
-1 37
-1 37
-1 37
-1 37
-1 37
-1 37
-1 37
-1 37
-1 37
-1 37
-1 37
-1 37
-1 37
-1 37
-1 37
-1 37
-1 37
-1 37
-1 37
-1 37
-1 37
-1 37
-1 37
-1 37
-1 37
-1 37
-1 37
-1 37
-1 37
-1 37
-1 37
-1 37
-1 37
-1 37
-1 37
-1 37
-1 37
-1 37
-1 37
-1 37
-1 37
-1 37
-1 37
-1 37
-1 37
-1 37
-1 37
-1 37
-1 37
-1 37
-1 37
-1 37
-1 37
-1 37
-1 37
-1 37
-1 37
-1 37
-1 37
-1 37
-1 37
-1 37
-1 37
-1 37
-1 37
-1 37
-1 37
-1 37
-1 37
-1 37
-1 37
-1 37
-1 37
-1 37
-1 37
-1 37
-1 37
-1 37
-1 37
-1 37
-1 37
-1 37
-1 37
-1 37
-1 37
-1 37
-1 37
-1 37
-1 37
-1 37
-1 37
-1 37
-1 37
-1 37
-1 37
-1 37
-1 37
-1 37
-1 37
-1 37
-1 37
-1 37
-1 37
-1 37
-1 37
-1 37
-1 37
-1 37
-1 37
-1 37
-1 37
-1 37
-1 37
-1 37
-1 37
-1 37
-1 37
-1 37
-1 37
-1 37
-1 37
-1 37
-1 37
-1 37
-1 37
-1 37
-1 37
-1 37
-1 37
-1 37
-1 37
-1 37
-1 37
-1 37
-1 37
-1 37
-1 37
-1 37
-1 37
-1 37
-1 37
-1 37
-1 37
-1 37
-1 37
-1 37
-1 37
-1 37
-1 37
-1 37
-1 37
-1 37
-1 37
-1 37
-1 37
-1 37
-1 37
-1 37
-1 37
-1 37
-1 37
-1 37
-1 37
-1 37
-1 37
-1 37
-1 37
-1 37
-1 37
-1 37
-1 37
-1 37
-1 37
-1 37
-1 37
-1 37
-1 37
-1 37
-1 37
-1 37
-1 37
-1 37
-1 37
-1 37
-1 37
-1 37
-1 37
-1 37
-1 37
-1 37
-1 37
-1 37
-1 37
-1 37
-1 37
-1 37
-1 37
-1 37
-1 37
-1 37
-1 37
-1 37
-1 37
-1 37
-1 37
-1 37
-1 37
-1 37
-1 37
-1 37
-1 37
-1 37
-1 37
-1 37
-1 37
-1 37
-1 37
-1 37
-1 37
-1 37
-1 37
-1 37
-1 37
-1 37
-1 37
-1 37
-1 37
-1 37
-1 37
-1 37
-1 37
-1 37
-1 37
-1 37
-1 37
-1 37
-1 37
-1 37
-1 37
-1 37
-1 37
-1 37
-1 37
-1 37
-1 37
-1 37
-1 37
-1 37
-1 37
-1 37
-1 37
-1 37
-1 37
-1 37
-1 37
-1 37
-1 37
-1 37
-1 37
-1 37
-1 37
-1 37
-1 37
-1 37
-1 37
-1 37
-1 37
-1 37
-1 37
-1 37
-1 37
-1 37
-1 37
-1 37
-1 37
-1 37
-1 37
-1 37
-1 37
-1 37
-1 37
-1 37
-1 37
-1 37
-1 37
-1 37
-1 37
-1 37
-1 37
-1 37
-1 37
-1 37
-1 37
-1 37
-1 37
-1 37
-1 37
-1 37
-1 37
-1 37
-1 37
-1 37
-1 37
-1 37
-1 37
-1 37
-1 37
-1 37
-1 37
-1 37
-1 37
-1 37
-1 37
-1 37
-1 37
-1 37
-1 37
-1 37
-1 37
-1 37
-1 37
-1 37
-1 37
-1 37
-1 37
-1 37
-1 37
-1 37
-1 37
-1 37
-1 37
-1 37
-1 37
-1 37
-1 37
-1 37
-1 37
-1 37
-1 37
-1 37
-1 37
-1 37
-1 37
-1 37
-1 37
-1 37
-1 37
-1 37
-1 37
-1 37
-1 37
-1 37
-1 37
-1 37
-1 37
-1 37
-1 37
-1 37
-1 37
-1 37
-1 37
-1 37
-1 37
-1 37
-1 37
-1 37
-1 37
-1 37
-1 37
-1 37
-1 37
-1 37
-1 37
37 67
37 67
37 67
37 67
161 128
161 128
161 128
161 128
-1 128
-1 128
-1 128
-1 128
-1 128
-1 128
-1 128
-1 128
-1 128
-1 128
-1 128
-1 128
-1 128
-1 128
-1 128
-1 128
-1 128
-1 128
-1 128
-1 128
-1 128
-1 128
-1 128
-1 128
-1 128
-1 128
-1 128
-1 128
-1 128
-1 128
-1 128
-1 128
-1 128
-1 128
-1 128
-1 128
-1 128
-1 128
-1 128
-1 128
-1 128
-1 128
-1 128
-1 128
-1 128
-1 128
-1 128
-1 128
-1 128
-1 128
-1 128
-1 128
-1 128
-1 128
-1 128
-1 128
-1 128
-1 128
-1 128
-1 128
-1 128
-1 128
-1 128
-1 128
-1 128
-1 128
-1 128
-1 128
-1 128
-1 128
-1 128
-1 128
-1 128
-1 128
-1 128
-1 128
-1 128
-1 128
-1 128
-1 128
-1 128
-1 128
-1 128
-1 128
-1 128
-1 128
-1 128
-1 128
-1 128
-1 128
-1 128
-1 128
-1 128
-1 128
-1 128
-1 128
-1 128
-1 128
-1 128
-1 128
-1 128
-1 128
-1 128
-1 128
-1 128
-1 128
-1 128
-1 128
-1 128
-1 128
-1 128
-1 128
-1 128
-1 128
-1 128
-1 128
-1 128
-1 128
-1 128
-1 128
-1 128
-1 128
-1 128
-1 128
-1 128
-1 128
-1 128
-1 128
-1 128
-1 128
-1 128
-1 128
-1 128
-1 128
-1 128
-1 128
-1 128
-1 128
-1 128
-1 128
-1 128
-1 128
-1 128
-1 128
-1 128
-1 128
-1 128
-1 128
-1 128
-1 128
-1 128
-1 128
-1 128
-1 128
-1 128
-1 128
-1 128
-1 128
-1 128
-1 128
-1 128
-1 128
-1 128
-1 128
-1 128
-1 128
-1 128
-1 128
-1 128
-1 128
-1 128
-1 128
-1 128
-1 128
-1 128
-1 128
-1 128
-1 128
-1 128
-1 128
-1 128
-1 128
-1 128
-1 128
-1 128
-1 128
-1 128
-1 128
-1 128
-1 128
-1 128
-1 128
-1 128
-1 128
-1 128
-1 128
-1 128
-1 128
-1 128
-1 128
-1 128
-1 128
-1 128
-1 128
-1 128
-1 128
-1 128
-1 128
-1 128
-1 128
-1 128
-1 128
-1 128
-1 128
-1 128
-1 128
-1 128
-1 128
-1 128
-1 128
-1 128
-1 128
-1 128
-1 128
-1 128
-1 128
-1 128
-1 128
-1 128
-1 128
-1 128
-1 128
-1 128
-1 128
-1 128
-1 128
-1 128
-1 128
-1 128
-1 128
-1 128
-1 128
-1 128
-1 128
-1 128
-1 128
-1 128
-1 128
-1 128
-1 128
-1 128
-1 128
-1 128
-1 128
-1 128
-1 128
-1 128
-1 128
-1 128
-1 128
-1 128
-1 128
-1 128
-1 128
-1 128
-1 128
-1 128
-1 128
-1 128
-1 128
-1 128
-1 128
-1 128
-1 128
-1 128
-1 128
-1 128
-1 128
-1 128
-1 128
-1 128
-1 128
-1 128
-1 128
-1 128
-1 128
-1 128
-1 128
-1 128
-1 128
-1 128
-1 128
-1 128
-1 128
-1 128
-1 128
-1 128
-1 128
-1 128
-1 128
-1 128
-1 128
-1 128
-1 128
-1 128
-1 128
-1 128
-1 128
-1 128
-1 128
-1 128
-1 128
-1 128
-1 128
-1 128
-1 128
-1 128
-1 128
-1 128
-1 128
-1 128
-1 128
-1 128
-1 128
-1 128
-1 128
-1 128
-1 128
-1 128
-1 128
-1 128
-1 128
-1 128
-1 128
-1 128
-1 128
-1 128
-1 128
-1 128
-1 128
-1 128
-1 128
-1 128
-1 128
-1 128
-1 128
-1 128
-1 128
-1 128
-1 128
-1 128
-1 128
-1 128
-1 128
-1 128
-1 128
-1 128
-1 128
-1 128
-1 128
-1 128
-1 128
-1 128
-1 128
-1 128
-1 128
-1 128
-1 128
-1 184
-1 184
-1 184
-1 184
-1 184
-1 184
-1 184
-1 184
-1 184
-1 184
-1 184
-1 184
-1 184
-1 184
-1 184
-1 184
-1 184
-1 184
-1 184
-1 184
-1 184
-1 184
-1 184
-1 184
-1 184
-1 184
-1 184
-1 184
-1 184
-1 184
-1 184
-1 184
-1 184
-1 184
-1 184
-1 184
-1 184
-1 184
-1 184
-1 184
-1 184
-1 184
-1 184
-1 184
-1 184
-1 184
-1 184
-1 184
-1 184
-1 184
-1 184
-1 184
-1 184
-1 184
-1 184
-1 184
-1 184
-1 184
-1 184
-1 184
-1 184
-1 184
-1 184
-1 184
-1 184
-1 184
-1 184
-1 184
-1 184
-1 184
-1 184
-1 184
-1 184
-1 184
-1 184
-1 184
-1 184
-1 184
-1 184
-1 184
-1 184
-1 184
-1 184
-1 184
-1 184
-1 184
-1 184
-1 184
-1 184
-1 184
-1 184
-1 184
-1 184
-1 184
-1 184
-1 184
-1 184
-1 184
-1 184
-1 184
-1 184
-1 184
-1 184
-1 184
-1 184
-1 184
-1 184
-1 184
-1 184
-1 184
-1 184
-1 184
-1 184
-1 184
-1 184
-1 184
-1 184
-1 184
-1 184
-1 184
-1 184
-1 184
-1 184
-1 184
-1 184
-1 184
-1 184
-1 184
-1 184
-1 184
-1 184
-1 184
-1 184
-1 184
-1 184
-1 184
-1 184
-1 184
-1 184
-1 184
-1 184
-1 184
-1 184
-1 184
-1 184
-1 184
-1 184
-1 184
-1 184
-1 184
-1 184
-1 184
-1 184
-1 184
-1 184
-1 184
-1 184
-1 184
-1 184
-1 184
-1 184
-1 184
-1 184
-1 184
-1 184
-1 184
-1 184
-1 184
-1 184
-1 184
-1 184
-1 184
-1 184
-1 184
-1 184
-1 184
-1 184
-1 184
-1 184
-1 184
-1 184
-1 184
-1 184
-1 184
-1 184
-1 184
-1 184
-1 184
-1 184
-1 184
-1 184
-1 184
-1 184
-1 184
-1 184
-1 184
-1 184
-1 184
-1 184
-1 184
-1 184
-1 184
-1 184
-1 184
-1 184
-1 184
-1 184
-1 184
-1 184
-1 184
-1 184
-1 184
-1 184
-1 184
-1 184
-1 184
-1 184
-1 184
-1 184
-1 184
-1 184
-1 184
-1 184
-1 184
-1 184
-1 184
-1 184
-1 184
-1 184
-1 184
-1 184
-1 184
-1 184
-1 184
-1 184
-1 184
-1 184
-1 184
-1 184
-1 184
-1 184
-1 184
-1 184
-1 184
-1 184
-1 184
-1 184
-1 184
-1 184
-1 184
-1 184
-1 184
-1 184
-1 184
-1 184
-1 184
-1 184
-1 184
-1 184
-1 184
-1 184
-1 184
-1 184
-1 184
-1 184
-1 184
-1 184
-1 184
-1 184
-1 184
-1 184
-1 184
-1 184
-1 184
-1 184
-1 184
-1 184
-1 184
-1 184
-1 184
-1 184
-1 184
-1 184
-1 184
-1 184
-1 184
-1 184
-1 184
-1 184
-1 184
-1 184
-1 184
-1 184
-1 184
-1 184
-1 184
-1 184
-1 184
-1 184
-1 184
-1 184
-1 184
-1 184
-1 184
-1 184
-1 184
-1 184
-1 184
-1 184
-1 184
-1 184
-1 184
-1 184
-1 184
-1 184
-1 184
-1 184
-1 184
-1 184
-1 184
-1 184
-1 184
-1 184
-1 184
-1 184
-1 184
-1 184
-1 184
-1 184
-1 184
-1 184
-1 184
-1 184
-1 184
-1 184
-1 184
-1 184
-1 184
-1 184
-1 184
-1 184
-1 184
-1 184
-1 184
-1 184
-1 184
-1 184
-1 184
-1 184
-1 184
-1 184
-1 184
-1 184
-1 184
-1 184
-1 184
-1 184
-1 184
-1 184
-1 184
-1 184
-1 184
-1 184
-1 184
-1 184
-1 184
-1 184
-1 184
-1 184
-1 184
-1 184
-1 184
-1 184
-1 184
-1 184
-1 184
-1 184
-1 184
-1 184
-1 184
-1 184
-1 184
-1 184
-1 184
-1 184
-1 184
-1 184
-1 184
-1 184
-1 184
-1 184
-1 184
-1 184
-1 184
-1 184
-1 184
-1 184
-1 184
-1 184
-1 184
-1 184
-1 184
-1 184
-1 184
-1 184
-1 184
-1 184
-1 184
-1 184
-1 184
-1 184
-1 184
-1 184
-1 184
-1 184
-1 184
-1 184
-1 34
-1 34
-1 34
-1 34
-1 34
-1 34
-1 34
-1 34
-1 34
-1 34
-1 34
-1 34
-1 34
-1 34
-1 34
-1 34
-1 34
-1 34
-1 34
-1 34
-1 34
-1 34
-1 34
-1 34
-1 34
-1 34
-1 34
-1 34
-1 34
-1 34
-1 34
-1 34
-1 34
-1 34
-1 34
-1 34
-1 34
-1 34
-1 34
-1 34
-1 34
-1 34
-1 34
-1 34
-1 34
-1 34
-1 34
-1 34
-1 34
-1 34
-1 34
-1 34
-1 34
-1 34
-1 34
-1 34
-1 34
-1 34
-1 34
-1 34
-1 34
-1 34
-1 34
-1 34
-1 34
-1 34
-1 34
-1 34
-1 34
-1 34
-1 34
-1 34
-1 34
-1 34
-1 34
-1 34
-1 34
-1 34
-1 34
-1 34
-1 34
-1 34
-1 34
-1 34
-1 34
-1 34
-1 34
-1 34
-1 34
-1 34
-1 34
-1 34
-1 34
-1 34
-1 34
-1 34
-1 34
-1 34
-1 34
-1 34
-1 34
-1 34
-1 34
-1 34
-1 34
-1 34
-1 34
-1 34
-1 34
-1 34
-1 34
-1 34
-1 34
-1 34
-1 34
-1 34
-1 34
-1 34
-1 34
-1 34
-1 34
-1 34
-1 34
-1 34
-1 34
-1 34
-1 34
-1 34
-1 34
-1 34
-1 34
-1 34
-1 34
-1 34
-1 34
-1 34
-1 34
-1 34
-1 34
-1 34
-1 34
-1 34
-1 34
-1 34
-1 34
-1 34
-1 34
-1 34
-1 34
-1 34
-1 34
-1 34
-1 34
-1 34
-1 34
-1 34
-1 34
-1 34
-1 34
-1 34
-1 34
-1 34
-1 34
-1 34
-1 34
-1 34
-1 34
-1 34
-1 34
-1 34
-1 34
-1 34
-1 34
-1 34
-1 34
-1 34
-1 34
-1 34
-1 34
-1 34
-1 34
-1 34
-1 34
-1 34
-1 34
-1 34
-1 34
-1 34
-1 34
-1 34
-1 34
-1 34
-1 34
-1 34
-1 34
-1 34
-1 34
-1 34
-1 34
-1 34
-1 34
-1 34
-1 34
-1 34
-1 34
-1 34
-1 34
-1 34
-1 34
-1 34
-1 34
-1 34
-1 34
-1 34
-1 34
-1 34
-1 34
-1 34
-1 34
-1 34
-1 34
-1 34
-1 34
-1 34
-1 34
-1 34
-1 34
-1 34
-1 34
-1 34
-1 34
-1 34
-1 34
-1 34
-1 34
-1 34
-1 34
-1 34
-1 34
-1 34
-1 34
-1 34
-1 34
-1 34
-1 34
-1 34
-1 34
-1 34
-1 34
-1 34
-1 34
-1 34
-1 34
-1 34
-1 34
-1 34
-1 34
-1 34
-1 34
-1 34
-1 34
-1 34
-1 34
-1 34
-1 34
-1 34
-1 34
-1 34
-1 34
-1 34
-1 34
-1 34
-1 34
-1 34
-1 34
-1 34
-1 34
-1 34
-1 34
-1 34
-1 34
-1 34
-1 34
-1 34
-1 34
-1 34
-1 34
-1 34
-1 34
-1 34
-1 34
-1 34
-1 34
-1 34
-1 34
-1 34
-1 34
-1 34
-1 34
-1 34
-1 34
-1 34
-1 34
-1 34
-1 34
-1 34
-1 34
-1 34
-1 34
-1 34
-1 34
-1 34
-1 34
-1 34
-1 34
-1 34
-1 34
-1 34
-1 34
-1 34
-1 34
-1 34
-1 34
-1 34
-1 34
-1 34
-1 34
-1 34
-1 34
-1 34
-1 34
-1 34
-1 34
-1 34
-1 34
-1 34
-1 34
-1 34
-1 34
-1 34
-1 34
-1 34
-1 34
-1 34
-1 34
-1 34
-1 34
-1 34
-1 34
-1 34
-1 34
-1 34
-1 34
-1 34
-1 34
-1 34
-1 34
-1 34
-1 34
-1 34
-1 34
-1 34
-1 34
-1 34
-1 34
-1 34
-1 34
-1 34
-1 34
-1 34
-1 34
-1 34
-1 34
-1 34
-1 34
-1 34
-1 34
-1 34
-1 34
-1 34
-1 34
-1 34
-1 34
-1 34
-1 34
-1 34
-1 34
-1 34
-1 34
-1 34
-1 34
-1 34
-1 34
-1 34
-1 34
-1 34
-1 34
-1 34
-1 34
-1 34
-1 34
-1 34
-1 34
-1 34
-1 34
-1 34
-1 34
-1 34
-1 34
-1 34
-1 34
-1 34
-1 34
-1 34
-1 34
-1 34
-1 34
-1 34
-1 34
-1 53
-1 53
-1 53
-1 53
-1 53
-1 53
-1 53
-1 53
-1 53
-1 53
-1 53
-1 53
-1 53
-1 53
-1 53
-1 53
-1 53
-1 53
-1 53
-1 53
-1 53
-1 53
-1 53
-1 53
-1 53
-1 53
-1 53
-1 53
-1 53
-1 53
-1 53
-1 53
-1 53
-1 53
-1 53
-1 53
-1 53
-1 53
-1 53
-1 53
-1 53
-1 53
-1 53
-1 53
-1 53
-1 53
-1 53
-1 53
-1 53
-1 53
-1 53
-1 53
-1 53
-1 53
-1 53
-1 53
-1 53
-1 53
-1 53
-1 53
-1 53
-1 53
-1 53
-1 53
-1 53
-1 53
-1 53
-1 53
-1 53
-1 53
-1 53
-1 53
-1 53
-1 53
-1 53
-1 53
-1 53
-1 53
-1 53
-1 53
-1 53
-1 53
-1 53
-1 53
-1 53
-1 53
-1 53
-1 53
-1 53
-1 53
-1 53
-1 53
-1 53
-1 53
-1 53
-1 53
-1 53
-1 53
-1 53
-1 53
-1 53
-1 53
-1 53
-1 53
-1 53
-1 53
-1 53
-1 53
-1 53
-1 53
-1 53
-1 53
-1 53
-1 53
-1 53
-1 53
-1 53
-1 53
-1 53
-1 53
-1 53
-1 53
-1 53
-1 53
-1 53
-1 53
-1 53
-1 53
-1 53
-1 53
-1 53
-1 53
-1 53
-1 53
-1 53
-1 53
-1 53
-1 53
-1 53
-1 53
-1 53
-1 53
-1 53
-1 53
-1 53
-1 53
-1 53
-1 53
-1 53
-1 53
-1 53
-1 53
-1 53
-1 53
-1 53
-1 53
-1 53
-1 53
-1 53
-1 53
-1 53
-1 53
-1 53
-1 53
-1 53
-1 53
-1 53
-1 53
-1 53
-1 53
-1 53
-1 53
-1 53
-1 53
-1 53
-1 53
-1 53
-1 53
-1 53
-1 53
-1 53
-1 53
-1 53
-1 53
-1 53
-1 53
-1 53
-1 53
-1 53
-1 53
-1 53
-1 53
-1 53
-1 53
-1 53
-1 53
-1 53
-1 53
-1 53
-1 53
-1 53
-1 53
-1 53
-1 53
-1 53
-1 53
-1 53
-1 53
-1 53
-1 53
-1 53
-1 53
-1 53
-1 53
-1 53
-1 53
-1 53
-1 53
-1 53
-1 53
-1 53
-1 53
-1 53
-1 53
-1 53
-1 53
-1 53
-1 53
-1 53
-1 53
-1 53
-1 53
-1 53
-1 53
-1 53
-1 53
-1 53
-1 53
-1 53
-1 53
-1 53
-1 53
-1 53
-1 53
-1 53
-1 53
-1 53
-1 53
-1 53
-1 53
-1 53
-1 53
-1 53
-1 53
-1 53
-1 53
-1 53
-1 53
-1 53
-1 53
-1 53
-1 53
-1 53
-1 53
-1 53
-1 53
-1 53
-1 53
-1 53
-1 53
-1 53
-1 53
-1 53
-1 53
-1 53
-1 53
-1 53
-1 53
-1 53
-1 53
-1 53
-1 53
-1 53
-1 53
-1 53
-1 53
-1 53
-1 53
-1 53
-1 53
-1 53
-1 53
-1 53
-1 53
-1 53
-1 53
-1 53
-1 53
-1 53
-1 53
-1 53
-1 53
-1 53
-1 53
-1 53
-1 53
-1 53
-1 53
-1 53
-1 53
-1 53
-1 53
-1 53
-1 53
-1 53
-1 53
-1 53
-1 53
-1 53
-1 53
-1 53
-1 53
-1 53
-1 53
-1 53
-1 53
-1 53
-1 53
-1 53
-1 53
-1 53
-1 53
-1 53
-1 53
-1 53
-1 53
-1 53
-1 53
-1 53
-1 53
-1 53
-1 53
-1 53
-1 53
-1 53
-1 53
-1 53
-1 53
-1 53
-1 53
-1 53
-1 53
-1 53
-1 53
-1 53
-1 53
-1 53
-1 53
-1 53
-1 53
-1 53
-1 53
-1 53
-1 53
-1 53
-1 53
-1 53
-1 53
-1 53
-1 53
-1 53
-1 53
-1 53
-1 53
-1 53
-1 53
-1 53
-1 53
-1 53
-1 53
-1 53
-1 53
-1 53
-1 53
-1 53
-1 53
-1 53
-1 53
-1 53
-1 53
-1 53
-1 53
-1 53
-1 53
-1 53
-1 53
-1 53
-1 53
-1 53
-1 53
-1 53
-1 53
-1 53
-1 53
-1 53
-1 53
-1 53
-1 53
-1 53
-1 53
-1 53
-1 53
-1 53
-1 53
-1 53
-1 53
-1 53
-1 53
-1 53
-1 53
-1 53
-1 53
-1 53
-1 53
-1 53
-1 53
-1 53
-1 53
-1 53
-1 53
-1 53
-1 53
-1 53
-1 53
-1 53
-1 53
-1 53
-1 53
-1 53
-1 53
-1 53
-1 53
-1 53
-1 55
-1 55
-1 55
-1 55
-1 55
-1 55
-1 55
-1 55
-1 55
-1 55
-1 55
-1 55
-1 55
-1 55
-1 55
-1 55
-1 55
-1 55
-1 55
-1 55
-1 55
-1 55
-1 55
-1 55
-1 55
-1 55
-1 55
-1 55
-1 55
-1 55
-1 55
-1 55
-1 55
-1 55
-1 55
-1 55
-1 55
-1 55
-1 55
-1 55
-1 55
-1 55
-1 55
-1 55
-1 55
-1 55
-1 55
-1 55
-1 55
-1 55
-1 55
-1 55
-1 55
-1 55
-1 55
-1 55
-1 55
-1 55
-1 55
-1 55
-1 55
-1 55
-1 55
-1 55
-1 55
-1 55
-1 55
-1 55
-1 55
-1 55
-1 55
-1 55
-1 55
-1 55
-1 55
-1 55
-1 55
-1 55
-1 55
-1 55
-1 55
-1 55
-1 55
-1 55
-1 55
-1 55
-1 55
-1 55
-1 55
-1 55
-1 55
-1 55
-1 55
-1 55
-1 55
-1 55
-1 55
-1 55
-1 55
-1 55
-1 55
-1 55
-1 55
-1 55
-1 55
-1 55
-1 55
-1 55
-1 55
-1 55
-1 55
-1 55
-1 55
-1 55
-1 55
-1 55
-1 55
-1 55
-1 55
-1 55
-1 55
-1 55
-1 55
-1 55
-1 55
-1 55
-1 55
-1 55
-1 55
-1 55
-1 55
-1 55
-1 55
-1 55
-1 55
-1 55
-1 55
-1 55
-1 55
-1 55
-1 55
-1 55
-1 55
-1 55
-1 55
-1 55
-1 55
-1 55
-1 55
-1 55
-1 55
-1 55
-1 55
-1 55
-1 55
-1 55
-1 55
-1 55
-1 55
-1 55
-1 55
-1 55
-1 55
-1 55
-1 55
-1 55
-1 55
-1 55
-1 55
-1 55
-1 55
-1 55
-1 55
-1 55
-1 55
-1 55
-1 55
-1 55
-1 55
-1 55
-1 55
-1 55
-1 55
-1 55
-1 55
-1 55
-1 55
-1 55
-1 55
-1 55
-1 55
-1 55
-1 55
-1 55
-1 55
-1 55
-1 55
-1 55
-1 55
-1 55
-1 55
-1 55
-1 55
-1 55
-1 55
-1 55
-1 55
-1 55
-1 55
-1 55
-1 55
-1 55
-1 55
-1 55
-1 55
-1 55
-1 55
-1 55
-1 55
-1 55
-1 55
-1 55
-1 55
-1 55
-1 55
-1 55
-1 55
-1 55
-1 55
-1 55
-1 55
-1 55
-1 55
-1 55
-1 55
-1 55
-1 55
-1 55
-1 55
-1 55
-1 55
-1 55
-1 55
-1 55
-1 55
-1 55
-1 55
-1 55
-1 55
-1 55
-1 55
-1 55
-1 55
-1 55
-1 55
-1 55
-1 55
-1 55
-1 55
-1 55
-1 55
-1 55
-1 55
-1 55
-1 55
-1 55
-1 55
-1 55
-1 55
-1 55
-1 55
-1 55
-1 55
-1 55
-1 55
-1 55
-1 55
-1 55
-1 55
-1 55
-1 55
-1 55
-1 55
-1 55
-1 55
-1 55
-1 55
-1 55
-1 55
-1 55
-1 55
-1 55
-1 55
-1 55
-1 55
-1 55
-1 55
-1 55
-1 55
-1 55
-1 55
-1 55
-1 55
-1 55
-1 55
-1 55
-1 55
-1 55
-1 55
-1 55
-1 55
-1 55
-1 55
-1 55
-1 55
-1 55
-1 55
-1 55
-1 55
-1 55
-1 55
-1 55
-1 55
-1 55
-1 55
-1 55
-1 55
-1 55
-1 55
-1 55
-1 55
-1 55
-1 55
-1 55
-1 55
-1 55
-1 55
-1 55
-1 55
-1 55
-1 55
-1 55
-1 55
-1 55
-1 55
-1 55
-1 55
-1 55
-1 55
-1 55
-1 55
-1 55
-1 55
-1 55
-1 55
-1 55
-1 55
-1 55
-1 55
-1 55
-1 55
-1 55
-1 55
-1 55
-1 55
-1 55
-1 55
-1 55
-1 55
-1 55
-1 55
-1 55
-1 55
-1 55
-1 55
-1 55
-1 55
-1 55
-1 55
-1 55
-1 55
-1 55
-1 55
-1 55
-1 55
-1 55
-1 55
-1 55
-1 55
-1 55
-1 55
-1 55
-1 55
-1 55
-1 55
-1 55
-1 55
-1 55
-1 55
-1 55
-1 55
-1 55
-1 55
-1 55
-1 55
-1 55
-1 55
-1 55
-1 55
-1 55
-1 55
-1 55
-1 55
-1 55
-1 55
-1 55
-1 55
-1 55
-1 55
-1 55
-1 55
-1 55
-1 55
-1 55
-1 55
-1 55
-1 55
-1 55
-1 55
-1 55
-1 55
-1 55
-1 55
-1 55
-1 55
-1 55
-1 55
-1 55
-1 55
-1 55
-1 55
-1 55
-1 55
-1 55
184 46
184 46
184 46
184 46
184 46
184 46
-1 46
-1 46
-1 46
-1 46
-1 46
-1 46
-1 46
-1 46
-1 46
-1 46
-1 46
-1 46
-1 46
-1 46
-1 46
-1 46
-1 46
-1 46
-1 46
-1 46
-1 46
-1 46
-1 46
-1 46
-1 46
-1 46
-1 46
-1 46
-1 46
-1 46
-1 46
-1 46
-1 46
-1 46
-1 46
-1 46
-1 46
-1 46
-1 46
-1 46
-1 46
-1 46
-1 46
-1 46
-1 46
-1 46
-1 46
-1 46
-1 46
-1 46
-1 46
-1 46
-1 46
-1 46
-1 46
-1 46
-1 46
-1 46
-1 46
-1 46
-1 46
-1 46
-1 46
-1 46
-1 46
-1 46
-1 46
-1 46
-1 46
-1 46
-1 46
-1 46
-1 46
-1 46
-1 46
-1 46
-1 46
-1 46
-1 46
-1 46
-1 46
-1 46
-1 46
-1 46
-1 46
-1 46
-1 46
-1 46
-1 46
-1 46
-1 46
-1 46
-1 46
-1 46
-1 46
-1 46
-1 46
-1 46
-1 46
-1 46
-1 46
-1 46
-1 46
-1 46
-1 46
-1 46
-1 46
-1 46
-1 46
-1 46
-1 46
-1 46
-1 46
-1 46
-1 46
-1 46
-1 46
-1 46
-1 46
-1 46
-1 46
-1 46
-1 46
-1 46
-1 46
-1 46
-1 46
-1 46
-1 46
-1 46
-1 46
-1 46
-1 46
-1 46
-1 46
-1 46
-1 46
-1 46
-1 46
-1 46
-1 46
-1 46
-1 46
-1 46
-1 46
-1 46
-1 46
-1 46
-1 46
-1 46
-1 46
-1 46
-1 46
-1 46
-1 46
-1 46
-1 46
-1 46
-1 46
-1 46
-1 46
-1 46
-1 46
-1 46
-1 46
-1 46
-1 46
-1 46
-1 46
-1 46
-1 46
-1 46
-1 46
-1 46
-1 46
-1 46
-1 46
-1 46
-1 46
-1 46
-1 46
-1 46
-1 46
-1 46
-1 46
-1 46
-1 46
-1 46
-1 46
-1 46
-1 46
-1 46
-1 46
-1 46
-1 46
-1 46
-1 46
-1 46
-1 46
-1 46
-1 46
-1 46
-1 46
-1 46
-1 46
-1 46
-1 46
-1 46
-1 46
-1 46
-1 46
-1 46
-1 46
-1 46
-1 46
-1 46
-1 46
-1 46
-1 46
-1 46
-1 46
-1 46
-1 46
-1 46
-1 46
-1 46
-1 46
-1 46
-1 46
-1 46
-1 46
-1 46
-1 46
-1 46
-1 46
-1 46
-1 46
-1 46
-1 46
-1 46
-1 46
-1 46
-1 46
-1 46
-1 46
-1 46
-1 46
-1 46
-1 46
-1 46
-1 46
-1 46
-1 46
-1 46
-1 46
-1 46
-1 46
-1 46
-1 46
-1 46
-1 46
-1 46
-1 46
-1 46
-1 46
-1 46
-1 46
-1 46
-1 46
-1 46
-1 46
-1 46
-1 46
-1 46
-1 46
-1 46
-1 46
-1 46
-1 46
-1 46
-1 46
-1 46
-1 46
-1 46
-1 46
-1 46
-1 46
-1 46
-1 46
-1 46
-1 46
-1 46
-1 46
-1 46
-1 46
-1 46
-1 46
-1 46
-1 46
-1 46
-1 46
-1 46
-1 46
-1 46
-1 46
-1 46
-1 46
-1 46
-1 46
-1 46
-1 46
-1 46
-1 46
-1 46
-1 46
-1 46
-1 46
-1 46
-1 46
-1 46
-1 46
-1 46
-1 46
-1 46
-1 46
-1 46
-1 46
-1 46
-1 46
-1 46
-1 46
-1 46
-1 46
-1 46
-1 46
-1 46
55 70
55 70
55 70
-1 70
-1 70
-1 70
-1 70
-1 70
-1 70
-1 70
-1 70
-1 70
-1 70
-1 70
-1 70
-1 70
-1 70
-1 70
-1 70
-1 70
-1 70
-1 70
-1 70
-1 70
-1 70
-1 70
-1 70
-1 70
-1 70
-1 70
-1 70
-1 70
-1 70
-1 70
-1 70
-1 70
-1 70
-1 70
-1 70
-1 70
-1 70
-1 70
-1 70
-1 70
-1 70
-1 70
-1 70
-1 70
-1 70
-1 70
-1 70
-1 70
-1 70
-1 70
-1 70
-1 70
-1 70
-1 70
-1 70
-1 70
-1 70
-1 70
-1 70
-1 70
-1 70
-1 70
-1 70
-1 70
-1 70
-1 70
-1 70
-1 70
-1 70
-1 70
-1 70
-1 70
-1 70
-1 70
-1 70
-1 70
-1 70
-1 70
-1 70
-1 70
-1 70
-1 70
-1 70
-1 70
-1 70
-1 70
-1 70
-1 70
-1 70
-1 70
-1 70
-1 70
-1 70
-1 70
-1 70
-1 70
-1 70
-1 70
-1 70
-1 70
-1 70
-1 70
-1 70
-1 70
-1 70
-1 70
-1 70
-1 70
-1 70
-1 70
-1 70
-1 70
-1 70
-1 70
-1 70
-1 70
-1 70
-1 70
-1 70
-1 70
-1 70
-1 70
-1 70
-1 70
-1 70
-1 70
-1 70
-1 70
-1 70
-1 70
-1 70
-1 70
-1 70
-1 70
-1 70
-1 70
-1 70
-1 70
-1 70
-1 70
-1 70
-1 70
-1 70
-1 70
-1 70
-1 70
-1 70
-1 70
-1 70
-1 70
-1 70
-1 70
-1 70
-1 70
-1 70
-1 70
-1 70
-1 70
-1 70
-1 70
-1 70
-1 70
-1 70
-1 70
-1 70
-1 70
-1 70
-1 70
-1 70
-1 70
-1 70
-1 70
-1 70
-1 70
-1 70
-1 70
-1 70
-1 70
-1 70
-1 70
-1 70
-1 70
-1 70
-1 70
-1 70
-1 70
-1 70
-1 70
-1 70
-1 70
-1 70
-1 70
-1 70
-1 70
-1 70
-1 70
-1 70
-1 70
-1 70
-1 70
-1 70
-1 70
-1 70
-1 70
-1 70
-1 70
-1 70
-1 70
-1 70
-1 70
-1 70
-1 70
-1 70
-1 70
-1 70
-1 70
-1 70
-1 70
-1 70
-1 70
-1 70
-1 70
-1 70
-1 70
-1 70
-1 70
-1 70
-1 70
-1 70
-1 70
-1 70
-1 70
-1 70
-1 70
-1 70
-1 70
-1 70
-1 70
-1 70
-1 70
-1 70
-1 70
-1 70
-1 70
-1 70
-1 70
-1 70
-1 70
-1 70
-1 70
-1 70
-1 70
-1 70
-1 70
-1 70
-1 70
-1 70
-1 70
-1 70
-1 70
-1 70
-1 70
-1 70
-1 70
-1 70
-1 70
-1 70
-1 70
-1 70
-1 70
-1 70
-1 70
-1 70
-1 70
-1 70
-1 70
-1 70
-1 70
-1 70
-1 70
-1 70
-1 70
-1 70
-1 70
-1 70
-1 70
-1 70
-1 70
-1 70
-1 70
-1 70
-1 70
-1 70
-1 70
-1 70
-1 70
-1 70
-1 70
-1 70
-1 70
-1 70
-1 70
-1 70
-1 70
-1 70
-1 70
-1 70
-1 70
-1 70
-1 70
-1 70
-1 70
-1 70
-1 70
-1 70
-1 70
-1 70
-1 70
-1 70
-1 70
-1 70
-1 70
-1 70
-1 70
-1 70
-1 70
-1 70
-1 70
-1 70
-1 70
-1 70
-1 70
-1 70
-1 70
-1 70
-1 70
-1 70
-1 70
-1 70
-1 70
-1 70
-1 70
-1 70
-1 70
-1 70
-1 70
-1 70
-1 70
-1 70
-1 70
-1 70
-1 70
-1 70
-1 70
-1 70
-1 70
-1 70
-1 70
-1 70
-1 70
-1 70
-1 70
-1 70
-1 70
-1 70
-1 70
-1 70
-1 70
-1 70
-1 70
-1 70
-1 70
-1 70
-1 70
-1 70
-1 70
70 199
70 199
-1 199
-1 199
-1 199
-1 199
-1 199
-1 199
-1 199
-1 199
-1 199
-1 199
-1 199
-1 199
-1 199
-1 199
-1 199
-1 199
-1 199
-1 199
-1 199
-1 199
-1 199
-1 199
-1 199
-1 199
-1 199
-1 199
-1 199
-1 199
-1 199
-1 199
-1 199
-1 199
-1 199
-1 199
-1 199
-1 199
-1 199
-1 199
-1 199
-1 199
-1 199
-1 199
-1 199
-1 199
-1 199
-1 199
-1 199
-1 199
-1 199
-1 199
-1 199
-1 199
-1 199
-1 199
-1 199
-1 199
-1 199
-1 199
-1 199
-1 199
-1 199
-1 199
-1 199
-1 199
-1 199
-1 199
-1 199
-1 199
-1 199
-1 199
-1 199
-1 199
-1 199
-1 199
-1 199
-1 199
-1 199
-1 199
-1 199
-1 199
-1 199
-1 199
-1 199
-1 199
-1 199
-1 199
-1 199
-1 199
-1 199
-1 199
-1 199
-1 199
-1 199
-1 199
-1 199
-1 199
-1 199
-1 199
-1 199
-1 199
-1 199
-1 199
-1 199
-1 199
-1 199
-1 199
-1 199
-1 199
-1 199
-1 199
-1 199
-1 199
-1 199
-1 199
-1 199
-1 199
-1 199
-1 199
-1 199
-1 199
-1 199
-1 199
-1 199
-1 199
-1 199
-1 199
-1 199
-1 199
-1 199
-1 199
-1 199
-1 199
-1 199
-1 199
-1 199
-1 199
-1 199
-1 199
-1 199
-1 199
-1 199
-1 199
-1 199
-1 199
-1 199
-1 199
-1 199
-1 199
-1 199
-1 199
-1 199
-1 199
-1 199
-1 199
-1 199
-1 199
-1 199
-1 199
-1 199
-1 199
-1 199
-1 199
-1 199
-1 199
-1 199
-1 199
-1 199
-1 199
-1 199
-1 199
-1 199
-1 199
-1 199
-1 199
-1 199
-1 199
-1 199
-1 199
-1 199
-1 199
-1 199
-1 199
-1 199
-1 199
-1 199
-1 199
-1 199
-1 199
-1 199
-1 199
-1 199
-1 199
-1 199
-1 199
-1 199
-1 199
-1 199
-1 199
-1 199
-1 199
-1 199
-1 199
-1 199
-1 199
-1 199
-1 199
-1 199
-1 199
-1 199
-1 199
-1 199
-1 199
-1 199
-1 199
-1 199
-1 199
-1 199
-1 199
-1 199
-1 199
-1 199
-1 199
-1 199
-1 199
-1 199
-1 199
-1 199
-1 199
-1 199
-1 199
-1 199
-1 199
-1 199
-1 199
-1 199
-1 199
-1 199
-1 199
-1 199
-1 199
-1 199
-1 199
-1 199
-1 199
-1 199
-1 199
-1 199
-1 199
-1 199
-1 199
-1 199
-1 199
-1 199
-1 199
-1 199
-1 199
-1 199
-1 199
-1 199
-1 199
-1 199
-1 199
-1 199
-1 199
-1 199
-1 199
-1 199
-1 199
-1 199
-1 199
-1 199
-1 199
-1 199
-1 199
-1 199
-1 199
-1 199
-1 199
-1 199
-1 199
-1 199
-1 199
-1 199
-1 199
-1 199
-1 199
-1 199
-1 199
-1 199
-1 199
-1 199
-1 199
-1 199
-1 199
-1 199
-1 199
-1 199
-1 199
-1 199
-1 199
-1 199
-1 199
-1 199
-1 199
-1 199
-1 199
-1 199
-1 199
-1 199
-1 199
-1 199
-1 199
-1 199
-1 199
-1 199
-1 199
-1 199
-1 199
-1 199
-1 199
-1 199
-1 199
-1 199
-1 199
-1 199
-1 199
-1 199
-1 199
-1 199
-1 199
-1 199
-1 199
-1 199
-1 199
-1 199
-1 199
-1 199
-1 199
-1 199
-1 199
-1 199
-1 199
-1 199
-1 199
-1 199
-1 199
-1 199
-1 199
-1 199
-1 199
-1 199
-1 199
-1 199
-1 199
-1 199
-1 199
-1 199
-1 199
-1 199
-1 199
-1 199
-1 199
-1 199
-1 199
-1 199
-1 199
-1 199
-1 199
-1 199
-1 199
-1 199
-1 199
-1 199
-1 199
-1 199
-1 199
-1 199
-1 199
-1 199
-1 199
-1 199
-1 199
-1 199
-1 199
-1 199
-1 199
-1 199
-1 199
-1 199
-1 199
-1 199
-1 199
-1 199
-1 199
-1 199
-1 199
-1 199
-1 199
-1 199
-1 199
-1 199
-1 199
-1 199
-1 199
-1 199
-1 199
-1 199
-1 199
-1 199
-1 167
-1 167
-1 167
-1 167
-1 167
-1 167
-1 167
-1 167
-1 167
-1 167
-1 167
-1 167
-1 167
-1 167
-1 167
-1 167
-1 167
-1 167
-1 167
-1 167
-1 167
-1 167
-1 167
-1 167
-1 167
-1 167
-1 167
-1 167
-1 167
-1 167
-1 167
-1 167
-1 167
-1 167
-1 167
-1 167
-1 167
-1 167
-1 167
-1 167
-1 167
-1 167
-1 167
-1 167
-1 167
-1 167
-1 167
-1 167
-1 167
-1 167
-1 167
-1 167
-1 167
-1 167
-1 167
-1 167
-1 167
-1 167
-1 167
-1 167
-1 167
-1 167
-1 167
-1 167
-1 167
-1 167
-1 167
-1 167
-1 167
-1 167
-1 167
-1 167
-1 167
-1 167
-1 167
-1 167
-1 167
-1 167
-1 167
-1 167
-1 167
-1 167
-1 167
-1 167
-1 167
-1 167
-1 167
-1 167
-1 167
-1 167
-1 167
-1 167
-1 167
-1 167
-1 167
-1 167
-1 167
-1 167
-1 167
-1 167
-1 167
-1 167
-1 167
-1 167
-1 167
-1 167
-1 167
-1 167
-1 167
-1 167
-1 167
-1 167
-1 167
-1 167
-1 167
-1 167
-1 167
-1 167
-1 167
-1 167
-1 167
-1 167
-1 167
-1 167
-1 167
-1 167
-1 167
-1 167
-1 167
-1 167
-1 167
-1 167
-1 167
-1 167
-1 167
-1 167
-1 167
-1 167
-1 167
-1 167
-1 167
-1 167
-1 167
-1 167
-1 167
-1 167
-1 167
-1 167
-1 167
-1 167
-1 167
-1 167
-1 167
-1 167
-1 167
-1 167
-1 167
-1 167
-1 167
-1 167
-1 167
-1 167
-1 167
-1 167
-1 167
-1 167
-1 167
-1 167
-1 167
-1 167
-1 167
-1 167
-1 167
-1 167
-1 167
-1 167
-1 167
-1 167
-1 167
-1 167
-1 167
-1 167
-1 167
-1 167
-1 167
-1 167
-1 167
-1 167
-1 167
-1 167
-1 167
-1 167
-1 167
-1 167
-1 167
-1 167
-1 167
-1 167
-1 167
-1 167
-1 167
-1 167
-1 167
-1 167
-1 167
-1 167
-1 167
-1 167
-1 167
-1 167
-1 167
-1 167
-1 167
-1 167
-1 167
-1 167
-1 167
-1 167
-1 167
-1 167
-1 167
-1 167
-1 167
-1 167
-1 167
-1 167
-1 167
-1 167
-1 167
-1 167
-1 167
-1 167
-1 167
-1 167
-1 167
-1 167
-1 167
-1 167
-1 167
-1 167
-1 167
-1 167
-1 167
-1 167
-1 167
-1 167
-1 167
-1 167
-1 167
-1 167
-1 167
-1 167
-1 167
-1 167
-1 167
-1 167
-1 167
-1 167
-1 167
-1 167
-1 167
-1 167
-1 167
-1 167
-1 167
-1 167
-1 167
-1 167
-1 167
-1 167
-1 167
-1 167
-1 167
-1 167
-1 167
-1 167
-1 167
-1 167
-1 167
-1 167
-1 167
-1 167
-1 167
-1 167
-1 167
-1 167
-1 167
-1 167
-1 167
-1 167
-1 167
-1 167
-1 167
-1 167
-1 167
-1 167
-1 167
-1 167
-1 167
-1 167
-1 167
-1 167
-1 167
-1 167
-1 167
-1 167
-1 167
-1 167
-1 167
-1 167
-1 167
-1 167
-1 167
-1 167
-1 167
-1 167
-1 167
-1 167
-1 167
-1 167
-1 167
-1 167
-1 167
-1 167
-1 167
-1 167
-1 167
-1 167
-1 167
-1 167
-1 167
-1 167
-1 167
-1 167
-1 167
-1 167
-1 167
-1 167
-1 167
-1 167
-1 167
-1 167
-1 167
-1 167
-1 167
-1 167
-1 167
-1 167
-1 167
-1 167
-1 167
-1 167
-1 167
-1 167
-1 167
-1 167
-1 167
-1 167
-1 167
-1 167
-1 167
-1 167
-1 167
-1 167
-1 167
-1 167
-1 167
-1 167
-1 167
-1 167
-1 167
-1 167
-1 167
-1 167
-1 167
-1 167
-1 167
-1 167
-1 167
-1 167
-1 167
-1 167
-1 167
-1 167
-1 167
-1 167
-1 167
-1 167
-1 167
-1 167
-1 167
-1 167
-1 167
-1 167
-1 167
-1 167
-1 167
-1 167
-1 167
-1 167
-1 167
-1 167
-1 167
-1 167
-1 167
-1 167
-1 167
-1 167
-1 167
-1 167
-1 167
-1 167
-1 167
-1 167
-1 167
-1 167
-1 167
-1 167
-1 167
-1 167
-1 167
-1 167
-1 167
-1 167
-1 167
-1 167
-1 167
-1 167
-1 167
-1 167
-1 167
-1 167
-1 167
-1 167
-1 167
-1 167
-1 167
-1 167
-1 167
-1 167
-1 167
-1 167
-1 167
-1 167
-1 167
