-1 162
-1 162
-1 162
-1 162
-1 162
-1 162
-1 162
-1 162
-1 162
-1 162
-1 162
-1 162
-1 162
-1 162
-1 162
-1 162
-1 162
-1 162
-1 162
-1 162
-1 162
-1 162
-1 162
-1 162
-1 162
-1 162
-1 162
-1 162
-1 162
-1 162
-1 162
-1 162
-1 162
-1 162
-1 162
-1 162
-1 162
-1 162
-1 162
-1 162
-1 162
-1 162
-1 162
-1 162
-1 162
-1 162
-1 162
-1 162
-1 162
-1 162
-1 162
-1 162
-1 162
-1 162
-1 162
-1 162
-1 162
-1 162
-1 162
-1 162
-1 162
-1 162
-1 162
-1 162
-1 162
-1 162
-1 162
-1 162
-1 162
-1 162
-1 162
-1 162
-1 162
-1 162
-1 162
-1 162
-1 162
-1 162
-1 162
-1 162
-1 162
-1 162
-1 162
-1 162
-1 162
-1 162
-1 162
-1 162
-1 162
-1 162
-1 162
-1 162
-1 162
-1 162
-1 162
-1 162
-1 162
-1 162
-1 162
-1 162
-1 162
-1 162
-1 162
-1 162
-1 162
-1 19
-1 19
-1 19
-1 19
-1 19
-1 19
-1 19
-1 19
-1 19
-1 19
-1 19
-1 19
-1 19
-1 19
-1 19
-1 19
-1 19
-1 19
-1 19
-1 19
-1 19
-1 19
-1 19
-1 19
-1 19
-1 19
-1 19
-1 19
-1 19
-1 19
-1 19
-1 19
-1 19
-1 19
-1 19
-1 19
-1 19
-1 19
-1 19
-1 19
-1 19
-1 19
-1 19
-1 19
-1 19
-1 19
-1 19
-1 19
-1 19
-1 19
-1 19
-1 19
-1 19
-1 19
-1 19
-1 19
-1 19
-1 19
-1 19
-1 19
-1 19
-1 19
-1 19
-1 19
-1 19
-1 19
-1 19
-1 19
-1 19
-1 19
-1 19
-1 19
-1 19
-1 19
-1 19
-1 19
-1 19
-1 19
-1 19
-1 19
-1 19
-1 19
-1 19
-1 19
-1 19
-1 19
-1 19
-1 19
-1 19
-1 19
-1 19
-1 19
-1 19
-1 19
-1 19
-1 19
-1 19
-1 19
-1 19
-1 19
-1 19
-1 19
-1 19
-1 19
-1 19
-1 19
-1 36
-1 36
-1 36
-1 36
-1 36
-1 36
-1 36
-1 36
-1 36
-1 36
-1 36
-1 36
-1 36
-1 36
-1 36
-1 36
-1 36
-1 36
-1 36
-1 36
-1 36
-1 36
-1 36
-1 36
-1 36
-1 36
-1 36
-1 36
-1 36
-1 36
-1 36
-1 36
-1 36
-1 36
-1 36
-1 36
-1 36
-1 36
-1 36
-1 36
-1 36
-1 36
-1 36
-1 36
-1 36
-1 36
-1 36
-1 36
-1 36
-1 36
-1 36
-1 36
-1 36
-1 36
-1 36
-1 36
-1 36
-1 36
-1 36
-1 36
-1 36
-1 36
-1 36
-1 36
-1 36
-1 36
-1 36
-1 36
-1 36
-1 36
-1 36
-1 36
-1 36
-1 36
-1 36
-1 36
-1 36
-1 36
-1 36
-1 36
-1 36
-1 36
-1 36
-1 36
-1 36
-1 36
-1 36
-1 36
-1 36
-1 36
-1 36
-1 36
-1 36
-1 36
-1 36
-1 36
-1 36
-1 36
-1 36
-1 36
-1 36
-1 36
-1 36
-1 36
-1 36
-1 36
-1 36
-1 36
162 95
162 95
36 189
36 189
189 111
189 111
111 9
111 9
111 9
9 126
9 126
9 126
126 107
189 194
189 194
162 136
162 136
95 78
95 78
95 78
136 27
136 27
27 129
27 129
27 129
27 129
27 129
27 129
78 4
78 4
78 4
4 33
4 83
4 83
4 83
83 159
83 159
159 24
159 24
159 24
159 24
33 101
33 101
24 2
24 2
101 13
101 13
13 176
13 176
13 176
176 30
176 30
176 30
13 130
130 122
130 122
130 122
122 94
122 94
122 94
2 84
2 84
2 84
2 84
126 34
126 34
126 34
-1 34
-1 34
-1 34
-1 34
-1 34
-1 34
-1 34
-1 34
-1 34
-1 34
-1 34
-1 34
-1 34
-1 34
-1 34
34 142
142 47
142 47
47 16
16 128
16 128
47 193
47 193
47 193
47 193
47 193
34 193
111 156
111 156
111 156
176 156
156 32
156 32
32 160
83 104
83 104
162 104
189 148
189 148
107 150
107 150
107 150
4 150
150 104
150 43
150 43
43 175
43 175
104 52
104 52
175 67
175 67
43 28
43 28
43 28
28 173
28 173
28 173
173 148
67 98
67 98
98 110
98 110
98 110
110 35
35 191
35 191
110 75
110 75
191 8
191 8
8 41
8 120
8 120
75 91
75 91
75 91
75 91
91 87
91 87
87 85
120 71
120 71
120 71
71 51
51 164
51 164
164 81
164 81
81 82
81 82
82 117
117 29
117 29
29 196
117 166
117 166
166 55
166 55
55 90
166 116
166 116
116 109
116 109
116 109
116 109
91 132
91 132
132 146
132 146
132 146
132 146
87 58
87 58
85 181
85 181
-1 50
-1 50
-1 50
-1 50
-1 50
-1 50
-1 50
-1 50
-1 50
-1 50
-1 50
-1 50
-1 50
-1 50
-1 50
-1 50
-1 50
-1 50
-1 50
-1 50
-1 50
-1 50
-1 50
-1 50
-1 50
-1 50
-1 50
-1 50
-1 50
-1 50
-1 50
-1 50
-1 50
-1 50
-1 50
-1 50
-1 50
-1 50
-1 50
-1 50
-1 50
-1 50
-1 50
-1 50
-1 50
-1 50
-1 50
-1 50
-1 50
-1 50
-1 50
-1 50
-1 50
-1 50
-1 50
-1 50
-1 50
-1 50
-1 50
-1 50
-1 50
-1 50
-1 50
-1 50
-1 50
-1 50
-1 50
-1 50
-1 50
-1 50
-1 50
-1 50
-1 50
-1 50
-1 50
-1 50
-1 50
-1 50
-1 50
-1 50
-1 50
-1 50
-1 50
-1 50
-1 50
-1 50
-1 50
-1 50
-1 50
-1 50
-1 50
-1 50
-1 50
-1 50
-1 50
-1 50
-1 50
-1 50
-1 50
-1 50
-1 50
-1 50
-1 50
-1 50
-1 50
-1 50
-1 50
-1 50
-1 50
-1 50
-1 50
-1 50
-1 50
-1 50
-1 50
-1 50
-1 50
181 77
181 77
29 74
29 74
29 74
29 74
74 96
74 96
96 155
96 155
96 155
155 185
196 25
196 25
196 25
196 25
196 25
196 25
25 15
25 118
25 118
118 38
118 38
118 38
181 140
181 140
181 140
50 21
50 21
21 68
21 68
74 40
74 40
74 40
74 40
40 133
40 133
133 99
133 152
152 163
152 163
152 163
152 163
152 163
155 48
155 48
155 48
155 48
133 17
133 17
17 89
35 72
35 72
35 72
35 72
-1 72
-1 72
-1 72
-1 72
72 178
72 178
72 178
72 178
72 178
72 178
109 178
178 64
178 64
64 3
64 3
64 3
64 3
173 79
-1 79
-1 79
-1 79
-1 79
-1 79
-1 79
-1 79
-1 79
-1 79
-1 79
3 187
3 187
3 187
48 187
71 123
71 123
71 123
71 123
71 123
148 123
148 123
123 93
123 93
58 42
-1 42
-1 42
-1 42
-1 42
-1 42
-1 42
-1 42
-1 42
-1 42
-1 42
-1 42
-1 42
-1 42
-1 42
-1 42
-1 42
-1 42
-1 42
-1 42
-1 42
-1 42
-1 42
-1 42
-1 42
-1 42
-1 42
-1 42
-1 42
-1 42
-1 42
-1 42
-1 42
-1 42
-1 42
-1 42
-1 42
-1 42
-1 42
-1 42
42 184
42 184
19 26
19 26
-1 26
-1 26
-1 26
-1 26
-1 26
-1 26
-1 26
-1 26
-1 26
-1 26
-1 26
-1 26
-1 26
-1 26
-1 26
-1 26
-1 26
-1 26
-1 26
-1 26
-1 26
-1 26
-1 26
-1 26
-1 26
-1 26
-1 26
-1 26
-1 26
-1 26
-1 26
-1 26
-1 26
-1 26
-1 26
-1 26
-1 26
-1 26
-1 26
-1 26
-1 26
-1 26
-1 26
-1 26
-1 26
-1 26
-1 26
-1 26
26 121
-1 45
-1 45
-1 45
-1 45
-1 45
-1 45
-1 45
-1 45
-1 45
-1 45
-1 45
-1 45
-1 45
-1 45
-1 45
-1 45
-1 45
-1 45
-1 45
-1 45
-1 45
-1 45
-1 45
-1 45
-1 45
-1 45
-1 45
-1 45
-1 45
-1 45
-1 45
-1 45
-1 45
-1 45
-1 45
-1 45
-1 45
-1 45
-1 45
-1 45
-1 45
-1 45
-1 45
-1 45
-1 45
-1 45
-1 45
-1 45
-1 45
-1 45
-1 45
-1 45
-1 45
-1 45
-1 45
-1 45
-1 45
-1 45
-1 45
-1 45
-1 45
-1 45
-1 45
-1 45
-1 45
-1 45
-1 45
-1 45
-1 45
-1 45
-1 45
-1 45
-1 45
-1 45
-1 45
-1 45
-1 45
-1 45
-1 45
-1 45
-1 45
-1 45
-1 45
-1 45
-1 45
-1 45
-1 45
-1 45
-1 45
-1 45
-1 45
-1 45
-1 45
-1 45
-1 45
-1 45
-1 45
-1 45
-1 45
-1 45
-1 45
-1 45
-1 45
-1 45
-1 45
-1 45
-1 45
-1 45
-1 45
-1 45
-1 45
-1 45
-1 45
-1 45
-1 45
-1 45
-1 45
-1 45
-1 45
-1 45
-1 45
-1 45
-1 45
-1 45
-1 45
-1 45
-1 45
-1 45
-1 45
-1 45
-1 45
-1 45
-1 45
-1 45
-1 45
-1 45
-1 45
-1 45
-1 45
-1 45
-1 45
-1 45
-1 45
-1 45
-1 45
-1 45
-1 45
-1 45
-1 45
-1 45
-1 45
-1 45
45 171
171 135
171 135
135 14
135 14
14 86
14 86
14 86
26 11
26 11
26 11
11 88
11 88
88 174
88 174
88 174
79 147
79 147
79 147
38 147
38 147
147 195
147 195
195 92
195 92
-1 92
-1 92
-1 92
-1 92
-1 92
-1 92
-1 92
-1 92
-1 92
-1 92
-1 92
-1 92
-1 92
-1 92
-1 92
-1 92
-1 92
-1 92
-1 92
-1 92
-1 92
-1 92
-1 92
-1 92
-1 92
-1 92
-1 92
-1 92
-1 92
-1 92
-1 92
-1 92
-1 92
-1 92
-1 92
-1 92
-1 92
-1 92
-1 92
-1 92
-1 92
-1 92
-1 92
-1 92
-1 92
-1 92
-1 92
92 113
92 113
113 73
113 73
73 124
124 53
124 53
124 53
135 97
135 97
135 97
-1 97
-1 97
-1 97
-1 97
-1 97
-1 97
-1 97
-1 97
-1 97
-1 97
-1 97
-1 97
-1 97
-1 97
-1 97
-1 97
-1 97
-1 97
-1 97
-1 97
-1 97
-1 97
-1 97
-1 97
-1 97
-1 97
-1 97
-1 97
-1 97
-1 97
-1 97
-1 97
-1 97
-1 97
-1 97
-1 97
-1 97
-1 97
-1 97
-1 97
-1 97
-1 97
-1 97
-1 97
-1 97
-1 97
-1 97
-1 97
-1 97
-1 97
-1 97
-1 97
97 39
97 39
52 5
52 5
52 5
52 5
-1 5
-1 5
-1 5
-1 5
-1 5
-1 5
-1 5
-1 5
-1 5
-1 5
-1 5
-1 5
-1 5
-1 5
-1 5
-1 5
-1 5
-1 5
-1 5
-1 5
-1 5
-1 5
-1 5
-1 5
-1 5
-1 5
-1 5
-1 5
-1 5
-1 5
-1 5
-1 5
-1 5
-1 5
-1 5
-1 5
-1 5
-1 5
-1 5
-1 5
-1 5
-1 5
-1 5
-1 5
-1 5
-1 5
-1 5
-1 5
-1 5
-1 5
-1 5
-1 5
-1 5
-1 5
5 37
5 37
5 37
37 197
37 197
37 197
194 197
197 22
197 22
197 22
197 22
146 179
146 179
146 179
146 179
146 179
39 179
39 179
179 108
179 108
179 108
179 108
124 108
124 108
108 0
108 0
108 0
108 0
-1 0
-1 0
-1 0
-1 0
-1 0
-1 0
-1 0
-1 0
-1 0
-1 0
-1 0
-1 0
-1 0
-1 0
-1 0
-1 0
-1 0
-1 0
-1 0
-1 0
-1 0
-1 0
-1 0
-1 0
-1 0
-1 0
-1 0
-1 0
-1 0
-1 0
-1 0
-1 0
-1 0
-1 0
-1 0
-1 0
-1 0
-1 0
-1 0
-1 0
-1 0
-1 0
-1 0
-1 0
-1 0
-1 0
-1 0
-1 0
-1 0
-1 0
-1 0
-1 0
-1 0
-1 0
-1 0
-1 0
-1 0
-1 0
-1 0
-1 0
-1 0
-1 0
-1 0
-1 0
-1 0
-1 0
-1 0
-1 0
-1 0
-1 0
-1 0
-1 0
-1 0
-1 0
0 158
0 158
0 158
42 105
42 105
42 105
55 105
55 105
41 105
22 141
22 141
22 141
22 141
22 141
22 141
166 141
141 7
141 7
53 59
53 59
53 59
130 59
152 59
7 106
7 106
160 106
113 106
113 106
187 103
187 103
187 103
187 103
187 103
123 103
123 103
123 103
14 143
86 143
86 143
178 143
73 125
73 125
73 125
73 125
25 138
25 138
98 138
138 105
-1 59
-1 59
-1 59
-1 59
-1 59
-1 59
-1 59
-1 59
-1 59
-1 59
-1 59
-1 59
-1 59
-1 59
-1 59
-1 59
-1 59
105 44
105 44
105 44
105 44
105 44
44 186
44 186
44 186
44 186
45 186
184 49
184 49
184 49
184 49
184 49
88 49
141 49
150 154
150 154
122 154
122 154
154 63
154 63
154 63
63 103
103 62
103 62
103 62
62 165
62 165
62 165
165 61
165 61
165 61
165 61
165 61
68 188
68 188
68 188
121 188
40 188
40 188
129 188
188 125
61 192
61 192
118 192
174 192
15 57
15 57
36 57
36 57
117 23
117 23
163 23
163 23
156 66
156 66
156 66
156 66
94 66
62 69
62 69
62 69
81 69
30 69
164 69
164 69
84 69
140 127
140 127
99 127
51 127
132 127
59 198
59 198
59 198
59 198
90 198
98 198
159 20
159 20
63 20
104 20
104 20
39 145
39 145
154 145
4 145
89 167
89 167
185 131
28 169
28 169
28 169
21 169
116 102
158 1
158 1
158 1
34 1
34 1
34 1
77 1
8 149
8 149
8 149
193 149
193 149
96 149
32 114
9 114
9 114
9 114
64 114
64 114
109 157
109 157
109 157
109 157
13 157
186 170
186 170
128 65
17 76
48 31
197 137
93 12
93 12
93 12
93 12
45 172
45 172
171 46
-1 143
-1 143
-1 143
-1 143
-1 143
-1 143
-1 143
-1 143
-1 143
-1 143
-1 143
-1 143
-1 143
-1 143
-1 143
-1 143
-1 143
-1 143
-1 143
-1 143
-1 143
-1 143
-1 143
-1 143
-1 143
-1 49
-1 49
-1 49
-1 49
-1 49
-1 49
-1 49
-1 49
-1 49
-1 49
-1 49
-1 49
-1 49
-1 49
-1 49
-1 49
-1 49
-1 49
-1 49
-1 49
-1 49
-1 49
-1 49
-1 49
-1 49
-1 49
-1 49
-1 49
-1 49
-1 49
-1 49
-1 49
-1 49
-1 49
-1 49
-1 49
-1 69
-1 69
-1 69
-1 69
-1 69
-1 69
-1 69
-1 69
-1 69
-1 69
-1 69
-1 69
-1 69
-1 69
-1 69
-1 69
-1 69
-1 69
-1 69
-1 69
-1 69
-1 69
-1 69
-1 69
-1 69
-1 69
-1 69
-1 69
-1 69
-1 69
-1 69
-1 69
-1 69
-1 69
-1 69
-1 69
-1 69
-1 69
-1 69
-1 69
-1 69
-1 69
-1 69
-1 69
-1 69
-1 69
-1 69
143 198
198 180
198 180
198 127
198 127
198 127
69 1
69 1
69 1
69 1
69 1
143 54
143 54
143 54
49 131
49 131
49 131
49 131
180 112
180 112
180 112
-1 127
-1 127
-1 127
-1 127
-1 127
-1 127
-1 127
-1 127
-1 127
-1 127
-1 127
-1 127
-1 127
-1 127
-1 127
-1 127
-1 127
-1 127
-1 127
-1 127
-1 127
-1 127
-1 127
-1 127
-1 127
-1 127
-1 127
-1 127
-1 127
-1 127
-1 127
-1 127
-1 1
-1 1
-1 1
-1 1
-1 1
-1 1
-1 1
-1 1
-1 1
-1 1
-1 1
-1 1
-1 1
-1 1
-1 1
-1 1
-1 1
-1 1
-1 1
-1 1
-1 1
-1 1
-1 1
-1 1
-1 1
-1 1
-1 1
-1 1
-1 1
-1 1
-1 1
-1 1
-1 1
-1 1
1 192
-1 20
-1 20
-1 20
-1 20
-1 20
-1 20
-1 20
-1 20
-1 20
-1 20
-1 20
-1 20
-1 20
-1 20
-1 20
-1 20
-1 20
-1 20
-1 20
-1 20
-1 20
-1 20
-1 20
-1 20
-1 20
-1 20
-1 20
-1 20
-1 20
-1 20
-1 20
-1 20
-1 20
-1 20
-1 20
-1 20
-1 20
-1 20
-1 20
-1 20
-1 20
-1 20
-1 20
-1 20
-1 20
-1 20
-1 20
-1 20
-1 20
-1 20
-1 20
-1 20
-1 20
-1 20
-1 20
-1 20
-1 20
-1 20
-1 20
-1 20
-1 20
-1 20
-1 20
-1 20
-1 20
-1 20
-1 20
-1 20
-1 20
-1 20
-1 20
-1 20
-1 20
-1 20
-1 20
-1 20
-1 20
-1 20
-1 20
-1 20
-1 20
-1 20
-1 20
-1 20
-1 20
-1 20
-1 20
-1 20
-1 20
-1 20
-1 20
-1 20
-1 20
127 149
127 149
127 149
1 145
1 145
1 145
1 145
20 66
20 66
20 66
149 102
149 102
149 102
149 102
192 112
192 112
192 112
192 112
-1 145
-1 145
-1 145
-1 145
-1 145
-1 145
-1 145
-1 145
-1 145
-1 145
-1 145
-1 145
-1 145
-1 145
-1 145
-1 145
-1 145
-1 145
-1 145
-1 145
-1 145
-1 145
-1 145
-1 145
-1 145
-1 145
-1 145
-1 145
-1 145
-1 145
-1 145
-1 66
-1 66
-1 66
-1 66
-1 66
-1 66
-1 66
-1 66
-1 66
-1 66
-1 66
-1 66
-1 66
-1 66
-1 66
-1 66
-1 66
-1 66
-1 66
-1 66
-1 66
-1 66
-1 66
-1 66
-1 66
-1 66
-1 66
-1 66
-1 66
-1 66
-1 66
-1 66
-1 66
-1 66
-1 66
-1 66
-1 66
-1 66
-1 66
-1 66
-1 66
-1 66
-1 66
-1 66
-1 66
-1 66
-1 66
-1 66
-1 66
-1 66
-1 66
-1 66
-1 66
-1 66
-1 66
-1 66
-1 66
-1 66
-1 66
-1 66
-1 66
-1 66
-1 66
-1 66
-1 66
-1 66
-1 66
-1 66
-1 66
-1 66
-1 66
-1 66
-1 66
-1 66
-1 66
-1 66
66 10
66 10
66 10
66 10
66 10
145 153
-1 125
-1 125
-1 125
-1 125
-1 125
-1 125
-1 125
-1 125
-1 125
-1 125
-1 125
-1 125
-1 125
-1 125
-1 125
-1 125
-1 125
-1 125
-1 125
-1 125
-1 125
-1 125
-1 125
-1 125
-1 125
-1 125
-1 125
-1 125
-1 125
-1 125
-1 125
-1 125
-1 125
-1 125
-1 125
-1 125
-1 125
-1 125
-1 125
-1 125
-1 125
-1 125
-1 125
-1 125
-1 125
-1 125
-1 125
-1 125
-1 125
-1 125
-1 125
-1 125
-1 125
-1 125
-1 125
-1 125
-1 125
-1 125
-1 125
-1 125
-1 125
-1 125
-1 125
-1 125
-1 125
-1 125
-1 125
-1 125
-1 125
-1 125
-1 125
-1 125
-1 125
-1 125
-1 125
-1 125
-1 125
-1 125
-1 125
-1 125
-1 125
-1 125
-1 125
-1 125
-1 125
-1 125
-1 125
-1 125
-1 125
-1 125
-1 125
-1 125
-1 125
-1 125
-1 125
-1 125
-1 125
-1 125
-1 125
-1 125
-1 125
-1 125
-1 125
-1 54
-1 54
-1 54
-1 54
-1 54
-1 54
-1 54
-1 54
-1 54
-1 54
-1 54
-1 54
-1 54
-1 54
-1 54
-1 54
-1 54
-1 54
-1 54
-1 54
-1 54
-1 54
-1 54
-1 54
-1 54
-1 54
-1 54
-1 54
-1 54
-1 54
-1 54
-1 54
-1 54
-1 54
-1 54
-1 54
-1 54
-1 54
-1 54
-1 54
-1 54
-1 54
-1 54
-1 54
-1 54
-1 54
-1 54
-1 54
-1 54
-1 54
-1 54
-1 54
-1 54
-1 54
-1 54
-1 54
-1 54
-1 54
-1 54
-1 54
-1 54
-1 54
-1 54
-1 54
-1 54
-1 54
-1 54
-1 54
-1 54
-1 54
-1 54
-1 54
-1 54
-1 54
-1 54
-1 54
-1 54
-1 54
-1 54
-1 54
-1 54
-1 54
-1 54
-1 54
-1 54
-1 54
-1 54
-1 54
-1 54
-1 54
-1 54
-1 54
-1 54
-1 54
-1 54
-1 54
-1 54
-1 54
-1 54
-1 54
-1 54
-1 54
-1 54
-1 54
-1 54
-1 54
-1 54
-1 54
-1 54
-1 54
125 161
125 161
125 161
125 161
161 10
161 10
161 10
-1 10
-1 10
-1 10
-1 10
-1 10
-1 10
-1 10
-1 10
-1 10
-1 10
-1 10
-1 10
-1 10
-1 10
-1 10
-1 10
-1 10
-1 10
-1 10
-1 10
-1 10
-1 10
-1 10
-1 10
-1 10
-1 10
-1 10
-1 10
-1 10
54 144
54 144
54 144
54 144
54 144
10 168
10 168
125 6
125 6
-1 131
-1 131
-1 131
-1 131
-1 131
-1 131
-1 131
-1 131
-1 131
-1 131
-1 131
-1 131
-1 131
-1 131
-1 131
-1 131
-1 131
-1 131
-1 131
-1 131
-1 131
-1 131
-1 131
-1 131
-1 131
-1 131
-1 131
-1 131
-1 131
-1 131
-1 131
-1 131
-1 131
-1 131
-1 131
-1 131
-1 131
-1 131
-1 131
-1 131
-1 131
-1 131
-1 131
-1 131
-1 131
-1 131
-1 131
-1 131
-1 131
-1 131
-1 131
-1 131
-1 131
-1 131
-1 131
-1 131
-1 131
-1 131
-1 131
-1 131
-1 131
-1 131
-1 131
-1 131
-1 131
-1 131
-1 131
-1 131
-1 131
-1 131
-1 131
-1 131
-1 131
-1 131
-1 131
-1 131
-1 131
-1 131
-1 131
-1 131
-1 131
-1 131
-1 131
-1 131
-1 131
-1 131
-1 131
-1 131
-1 131
-1 131
-1 131
-1 131
-1 131
-1 131
-1 131
-1 131
-1 131
-1 131
-1 131
-1 131
-1 131
-1 131
-1 131
-1 131
-1 131
-1 131
-1 131
-1 131
-1 131
-1 131
-1 131
-1 131
-1 131
-1 131
-1 131
-1 23
-1 23
-1 23
-1 23
-1 23
-1 23
-1 23
-1 23
-1 23
-1 23
-1 23
-1 23
-1 23
-1 23
-1 23
-1 23
-1 23
-1 23
-1 23
-1 23
-1 23
-1 23
-1 23
-1 23
-1 23
-1 23
-1 23
-1 23
-1 23
-1 23
-1 23
-1 23
-1 23
-1 23
-1 23
-1 23
-1 23
-1 23
-1 23
-1 23
-1 23
-1 23
-1 23
-1 23
-1 23
-1 23
-1 23
-1 23
-1 23
-1 23
-1 23
-1 23
-1 23
-1 23
-1 23
-1 23
-1 23
-1 23
-1 23
-1 23
-1 23
-1 23
-1 23
-1 23
-1 23
-1 23
-1 23
-1 23
-1 23
-1 23
-1 23
-1 23
-1 23
-1 23
-1 23
-1 23
-1 23
-1 23
-1 23
-1 23
-1 23
-1 23
-1 23
-1 23
-1 23
-1 23
-1 23
-1 23
-1 23
-1 23
-1 23
-1 23
-1 23
-1 23
-1 23
-1 23
-1 23
-1 23
-1 23
-1 23
-1 23
-1 23
-1 23
-1 23
-1 23
-1 23
-1 23
-1 23
-1 23
-1 23
-1 23
-1 23
-1 23
-1 23
-1 23
-1 23
-1 23
-1 23
-1 23
-1 23
-1 23
-1 23
-1 23
-1 23
131 153
131 153
131 153
131 153
131 153
-1 102
-1 102
-1 102
-1 102
-1 102
-1 102
-1 102
-1 102
-1 102
-1 102
-1 102
-1 102
-1 102
-1 102
-1 102
-1 102
-1 102
-1 102
-1 102
-1 102
-1 102
-1 102
-1 102
-1 102
-1 102
-1 102
-1 102
-1 102
-1 102
-1 102
-1 102
-1 102
-1 102
-1 102
-1 102
-1 102
-1 102
-1 102
-1 102
-1 102
-1 102
-1 102
-1 102
-1 102
-1 102
-1 102
-1 102
-1 102
-1 102
-1 102
-1 102
-1 102
-1 102
-1 102
-1 102
-1 102
-1 102
-1 102
-1 102
-1 102
-1 102
-1 102
-1 102
-1 102
-1 102
-1 102
-1 102
-1 102
-1 102
-1 102
-1 102
-1 102
-1 102
-1 102
-1 102
-1 102
-1 102
-1 102
-1 102
-1 102
-1 102
-1 102
-1 102
-1 102
-1 102
-1 102
-1 102
-1 102
-1 102
-1 102
-1 102
-1 102
-1 102
-1 102
-1 102
-1 102
-1 102
-1 102
-1 102
-1 102
-1 102
-1 102
-1 102
-1 102
-1 102
-1 102
-1 102
-1 102
-1 102
-1 102
-1 102
-1 102
-1 102
-1 102
-1 102
-1 102
-1 102
-1 102
-1 102
-1 102
-1 102
-1 102
-1 102
-1 102
-1 102
-1 102
-1 102
-1 102
-1 102
-1 102
-1 102
-1 102
-1 57
-1 57
-1 57
-1 57
-1 57
-1 57
-1 57
-1 57
-1 57
-1 57
-1 57
-1 57
-1 57
-1 57
-1 57
-1 57
-1 57
-1 57
-1 57
-1 57
-1 57
-1 57
-1 57
-1 57
-1 57
-1 57
-1 57
-1 57
-1 57
-1 57
-1 57
-1 57
-1 57
-1 57
-1 57
-1 57
-1 57
-1 57
-1 57
-1 57
-1 57
-1 57
-1 57
-1 57
-1 57
-1 57
-1 57
-1 57
-1 57
-1 57
-1 57
-1 57
-1 57
-1 57
-1 57
-1 57
-1 57
-1 57
-1 57
-1 57
-1 57
-1 57
-1 57
-1 57
-1 57
-1 57
-1 57
-1 57
-1 57
-1 57
-1 57
-1 57
-1 57
-1 57
-1 57
-1 57
-1 57
-1 57
-1 57
-1 57
-1 57
-1 57
-1 57
-1 57
-1 57
-1 57
-1 57
-1 57
-1 57
-1 57
-1 57
-1 57
-1 57
-1 57
-1 57
-1 57
-1 57
-1 57
-1 57
-1 57
-1 57
-1 57
-1 57
-1 57
-1 57
-1 57
-1 57
-1 57
-1 57
-1 57
-1 57
-1 57
-1 57
-1 57
-1 57
-1 57
-1 57
-1 57
-1 57
-1 57
-1 57
-1 57
-1 57
-1 57
-1 57
-1 57
-1 57
-1 57
-1 57
-1 57
-1 57
-1 57
-1 57
-1 57
-1 57
-1 57
-1 57
-1 57
-1 57
-1 57
-1 57
-1 57
57 157
57 157
57 157
57 112
57 112
57 112
102 6
102 6
102 6
102 6
102 6
157 182
157 182
157 182
-1 112
-1 112
-1 112
-1 112
-1 112
-1 112
-1 112
-1 112
-1 112
-1 112
-1 112
-1 112
-1 112
-1 112
-1 112
-1 112
-1 112
-1 112
-1 112
-1 112
-1 112
-1 112
-1 112
-1 112
-1 112
-1 112
-1 112
-1 112
-1 112
-1 112
-1 112
112 168
-1 153
-1 153
-1 153
-1 153
-1 153
-1 153
-1 153
-1 153
-1 153
-1 153
-1 153
-1 153
-1 153
-1 153
-1 153
-1 153
-1 153
-1 153
-1 153
-1 153
-1 153
-1 153
-1 153
-1 153
-1 153
-1 153
-1 153
-1 153
-1 153
-1 153
-1 153
-1 153
-1 153
-1 153
-1 153
-1 153
-1 153
-1 153
-1 153
-1 153
-1 153
-1 153
-1 153
-1 153
-1 153
-1 153
-1 153
-1 153
-1 153
-1 153
-1 153
-1 153
-1 153
-1 153
-1 153
-1 153
-1 153
-1 153
-1 153
-1 153
-1 153
-1 153
-1 153
-1 153
-1 153
-1 153
-1 153
-1 153
-1 153
-1 153
-1 153
-1 153
-1 153
-1 153
-1 153
-1 153
-1 153
-1 153
-1 153
-1 153
-1 153
-1 153
-1 153
-1 153
-1 153
-1 153
-1 153
-1 153
-1 153
-1 153
-1 153
-1 153
-1 153
-1 153
-1 153
-1 153
-1 153
-1 153
-1 153
-1 153
-1 153
-1 153
-1 153
-1 153
-1 153
-1 153
-1 153
-1 153
-1 153
-1 153
-1 153
-1 153
-1 153
-1 153
-1 153
-1 153
-1 153
-1 153
-1 153
-1 153
-1 153
-1 153
-1 153
-1 153
-1 153
-1 153
-1 153
-1 153
-1 153
-1 153
-1 153
-1 153
-1 153
-1 153
-1 153
-1 153
-1 153
-1 153
-1 153
-1 153
-1 153
-1 153
-1 153
-1 153
-1 153
-1 153
-1 153
153 183
153 183
153 183
-1 169
-1 169
-1 169
-1 169
-1 169
-1 169
-1 169
-1 169
-1 169
-1 169
-1 169
-1 169
-1 169
-1 169
-1 169
-1 169
-1 169
-1 169
-1 169
-1 169
-1 169
-1 169
-1 169
-1 169
-1 169
-1 169
-1 169
-1 169
-1 169
-1 169
-1 169
-1 169
-1 169
-1 169
-1 169
-1 169
-1 169
-1 169
-1 169
-1 169
-1 169
-1 169
-1 169
-1 169
-1 169
-1 169
-1 169
-1 169
-1 169
-1 169
-1 169
-1 169
-1 169
-1 169
-1 169
-1 169
-1 169
-1 169
-1 169
-1 169
-1 169
-1 169
-1 169
-1 169
-1 169
-1 169
-1 169
-1 169
-1 169
-1 169
-1 169
-1 169
-1 169
-1 169
-1 169
-1 169
-1 169
-1 169
-1 169
-1 169
-1 169
-1 169
-1 169
-1 169
-1 169
-1 169
-1 169
-1 169
-1 169
-1 169
-1 169
-1 169
-1 169
-1 169
-1 169
-1 169
-1 169
-1 169
-1 169
-1 169
-1 169
-1 169
-1 169
-1 169
-1 169
-1 169
-1 169
-1 169
-1 169
-1 169
-1 169
-1 169
-1 169
-1 169
-1 169
-1 169
-1 169
-1 169
-1 169
-1 169
-1 169
-1 169
-1 169
-1 169
-1 169
-1 169
-1 169
-1 169
-1 169
-1 169
-1 169
-1 169
-1 169
-1 169
-1 169
-1 169
-1 169
-1 169
-1 169
-1 169
-1 169
-1 169
-1 169
-1 169
-1 169
-1 169
-1 169
-1 169
-1 169
-1 169
-1 169
-1 169
-1 169
-1 169
-1 169
-1 169
-1 169
-1 169
-1 169
-1 169
-1 169
-1 169
-1 169
-1 169
-1 169
-1 169
-1 169
-1 169
-1 169
-1 169
-1 169
-1 169
-1 6
-1 6
-1 6
-1 6
-1 6
-1 6
-1 6
-1 6
-1 6
-1 6
-1 6
-1 6
-1 6
-1 6
-1 6
-1 6
-1 6
-1 6
-1 6
-1 6
-1 6
-1 6
-1 6
-1 6
-1 6
-1 6
-1 6
-1 6
-1 6
-1 6
-1 6
-1 6
-1 6
-1 6
-1 6
-1 6
-1 6
-1 6
-1 6
-1 6
-1 6
-1 6
-1 6
-1 6
-1 6
-1 6
-1 6
-1 6
-1 6
-1 6
-1 6
-1 6
-1 6
-1 6
-1 6
-1 6
-1 6
-1 6
-1 6
-1 6
-1 6
-1 6
-1 6
-1 6
-1 6
-1 6
-1 6
-1 6
-1 6
-1 6
-1 6
-1 6
-1 6
-1 6
-1 6
-1 6
-1 6
-1 6
-1 6
-1 6
-1 6
-1 6
-1 6
-1 6
-1 6
-1 6
-1 6
-1 6
-1 6
-1 6
-1 6
-1 6
-1 6
-1 6
-1 6
-1 6
-1 6
-1 6
-1 6
-1 6
-1 6
-1 6
-1 6
-1 6
-1 6
-1 6
-1 6
-1 6
-1 6
-1 6
-1 6
-1 6
-1 6
-1 6
-1 6
-1 6
-1 6
-1 6
-1 6
-1 6
-1 6
-1 6
-1 6
-1 6
-1 6
-1 6
-1 6
-1 6
-1 6
-1 6
-1 6
-1 6
-1 6
-1 6
-1 6
-1 6
-1 6
-1 6
-1 6
-1 6
-1 6
-1 6
-1 6
-1 6
-1 6
-1 6
-1 6
-1 6
-1 6
-1 6
-1 6
-1 6
-1 6
-1 6
-1 6
-1 6
-1 6
-1 6
-1 6
-1 6
-1 6
-1 6
-1 6
-1 6
-1 6
-1 6
-1 6
-1 6
-1 6
-1 6
-1 6
-1 6
-1 6
-1 6
-1 6
-1 6
-1 6
-1 6
-1 6
-1 6
-1 6
-1 6
-1 6
-1 6
-1 6
-1 6
-1 6
-1 6
-1 6
-1 6
-1 6
-1 6
-1 6
-1 6
-1 6
-1 6
-1 6
-1 6
-1 6
-1 6
-1 6
-1 6
-1 6
-1 6
-1 6
-1 6
-1 6
-1 6
-1 6
-1 6
-1 6
-1 6
6 172
6 172
169 177
-1 114
-1 114
-1 114
-1 114
-1 114
-1 114
-1 114
-1 114
-1 114
-1 114
-1 114
-1 114
-1 114
-1 114
-1 114
-1 114
-1 114
-1 114
-1 114
-1 114
-1 114
-1 114
-1 114
-1 114
-1 114
-1 114
-1 114
-1 114
-1 114
-1 114
-1 114
-1 114
-1 114
-1 114
-1 114
-1 114
-1 114
-1 114
-1 114
-1 114
-1 114
-1 114
-1 114
-1 114
-1 114
-1 114
-1 114
-1 114
-1 114
-1 114
-1 114
-1 114
-1 114
-1 114
-1 114
-1 114
-1 114
-1 114
-1 114
-1 114
-1 114
-1 114
-1 114
-1 114
-1 114
-1 114
-1 114
-1 114
-1 114
-1 114
-1 114
-1 114
-1 114
-1 114
-1 114
-1 114
-1 114
-1 114
-1 114
-1 114
-1 114
-1 114
-1 114
-1 114
-1 114
-1 114
-1 114
-1 114
-1 114
-1 114
-1 114
-1 114
-1 114
-1 114
-1 114
-1 114
-1 114
-1 114
-1 114
-1 114
-1 114
-1 114
-1 114
-1 114
-1 114
-1 114
-1 114
-1 114
-1 114
-1 114
-1 114
-1 114
-1 114
-1 114
-1 114
-1 114
-1 114
-1 114
-1 114
-1 114
-1 114
-1 114
-1 114
-1 114
-1 114
-1 114
-1 114
-1 114
-1 114
-1 114
-1 114
-1 114
-1 114
-1 114
-1 114
-1 114
-1 114
-1 114
-1 114
-1 114
-1 114
-1 114
-1 114
-1 114
-1 114
-1 114
-1 114
-1 114
-1 114
-1 114
-1 114
-1 114
-1 114
-1 114
-1 114
-1 114
-1 114
-1 114
-1 114
-1 114
-1 114
-1 114
-1 114
-1 114
-1 114
-1 114
-1 114
-1 114
-1 114
-1 114
-1 114
-1 114
-1 114
-1 114
-1 114
-1 114
-1 114
-1 114
-1 114
-1 114
-1 114
-1 114
-1 114
-1 114
-1 114
-1 114
-1 114
-1 114
-1 114
-1 114
-1 114
-1 114
-1 114
-1 114
-1 114
-1 114
-1 114
-1 114
-1 114
-1 114
-1 114
-1 114
-1 114
-1 114
-1 114
-1 114
-1 114
-1 114
-1 114
-1 114
-1 114
-1 114
-1 114
-1 114
-1 114
-1 114
-1 114
-1 114
114 199
114 199
114 199
114 199
114 199
-1 199
-1 199
-1 199
-1 199
-1 199
-1 199
-1 199
-1 199
-1 199
-1 199
-1 199
-1 199
-1 199
-1 199
-1 199
-1 199
-1 199
-1 199
-1 199
-1 199
-1 199
-1 199
-1 199
-1 199
-1 199
-1 199
-1 199
-1 199
-1 199
-1 199
-1 199
-1 199
-1 199
-1 199
-1 199
-1 199
-1 199
-1 199
-1 199
-1 199
-1 199
-1 199
-1 199
-1 199
-1 199
-1 199
-1 199
-1 199
-1 199
-1 199
-1 199
-1 199
-1 199
-1 199
-1 199
-1 199
-1 199
-1 199
-1 199
-1 199
-1 199
-1 199
-1 199
-1 199
-1 199
-1 199
-1 199
-1 199
-1 199
-1 199
-1 199
-1 199
-1 199
-1 199
-1 199
-1 199
-1 199
-1 199
-1 199
-1 199
-1 199
-1 199
-1 199
-1 199
-1 199
-1 199
-1 199
-1 199
-1 199
-1 199
-1 199
-1 199
-1 199
-1 199
-1 199
-1 199
-1 199
-1 199
-1 199
-1 199
-1 199
-1 199
-1 199
-1 199
-1 199
-1 199
-1 199
-1 199
-1 199
-1 199
-1 199
-1 199
-1 199
-1 199
-1 199
-1 199
-1 199
-1 199
-1 199
-1 199
-1 199
-1 199
-1 199
-1 199
-1 199
-1 199
-1 199
-1 199
-1 199
-1 199
-1 199
-1 199
-1 199
-1 199
-1 199
-1 199
-1 199
-1 167
-1 167
-1 167
-1 167
-1 167
-1 167
-1 167
-1 167
-1 167
-1 167
-1 167
-1 167
-1 167
-1 167
-1 167
-1 167
-1 167
-1 167
-1 167
-1 167
-1 167
-1 167
-1 167
-1 167
-1 167
-1 167
-1 167
-1 167
-1 167
-1 167
-1 167
-1 167
-1 167
-1 167
-1 167
-1 167
-1 167
-1 167
-1 167
-1 167
-1 167
-1 167
-1 167
-1 167
-1 167
-1 167
-1 167
-1 167
-1 167
-1 167
-1 167
-1 167
-1 167
-1 167
-1 167
-1 167
-1 167
-1 167
-1 167
-1 167
-1 167
-1 167
-1 167
-1 167
-1 167
-1 167
-1 167
-1 167
-1 167
-1 167
-1 167
-1 167
-1 167
-1 167
-1 167
-1 167
-1 167
-1 167
-1 167
-1 167
-1 167
-1 167
-1 167
-1 167
-1 167
-1 167
-1 167
-1 167
-1 167
-1 167
-1 167
-1 167
-1 167
-1 167
-1 167
-1 167
-1 167
-1 167
-1 167
-1 167
-1 167
-1 167
-1 167
-1 167
-1 167
-1 167
-1 167
-1 167
-1 167
-1 167
-1 167
-1 167
-1 167
-1 167
-1 167
-1 167
-1 167
-1 167
-1 167
-1 167
-1 167
-1 167
-1 167
-1 167
-1 167
-1 167
-1 167
-1 167
-1 167
-1 167
-1 167
-1 167
-1 167
-1 167
-1 167
-1 167
-1 167
-1 167
-1 167
-1 167
-1 167
-1 167
-1 167
-1 167
-1 167
-1 167
-1 167
-1 167
-1 167
-1 167
-1 167
-1 167
-1 167
-1 167
-1 167
-1 167
-1 167
-1 167
-1 167
-1 167
-1 167
-1 167
-1 167
-1 167
-1 167
-1 167
-1 167
-1 167
-1 167
-1 167
-1 167
-1 167
-1 167
-1 167
-1 167
-1 167
-1 167
-1 167
-1 167
-1 167
-1 167
-1 167
-1 167
-1 167
-1 167
-1 167
-1 167
-1 167
-1 167
-1 167
-1 167
-1 167
-1 167
-1 167
-1 167
-1 167
-1 167
-1 167
-1 167
-1 167
-1 167
-1 167
-1 167
-1 167
-1 167
-1 167
-1 167
-1 167
-1 167
-1 167
-1 167
-1 167
-1 167
-1 167
-1 167
-1 167
-1 167
-1 167
-1 167
-1 167
-1 167
-1 167
-1 167
-1 167
-1 167
-1 167
-1 167
167 172
167 172
-1 172
-1 172
-1 172
-1 172
-1 172
-1 172
-1 172
-1 172
-1 172
-1 172
-1 172
-1 172
-1 172
-1 172
-1 172
-1 172
-1 172
-1 172
-1 172
-1 172
-1 172
-1 172
-1 172
-1 172
-1 172
-1 172
-1 172
-1 172
-1 172
-1 172
-1 172
-1 172
-1 172
-1 172
-1 172
-1 172
-1 172
-1 172
-1 172
-1 172
-1 172
-1 172
-1 172
-1 172
-1 172
-1 172
-1 172
-1 172
-1 172
-1 172
-1 172
-1 172
-1 172
-1 172
-1 172
-1 172
-1 172
-1 172
-1 172
-1 172
-1 172
-1 172
-1 172
-1 172
-1 172
-1 172
-1 172
-1 172
-1 172
-1 172
-1 172
-1 172
-1 172
-1 172
-1 172
-1 172
-1 172
-1 172
-1 172
-1 172
-1 172
-1 172
-1 172
-1 172
-1 172
-1 172
-1 172
-1 172
-1 172
-1 172
-1 172
-1 172
-1 172
-1 172
-1 172
-1 172
-1 172
-1 172
-1 172
-1 172
-1 172
-1 172
-1 172
-1 172
-1 172
-1 172
-1 172
-1 172
-1 172
-1 172
-1 172
-1 172
-1 172
-1 172
-1 172
-1 172
-1 172
-1 172
-1 172
-1 172
-1 172
-1 172
-1 172
-1 172
-1 172
-1 172
-1 172
-1 172
-1 172
-1 172
-1 172
-1 172
-1 172
-1 172
-1 172
-1 172
-1 172
-1 172
-1 172
-1 172
-1 172
-1 172
-1 172
-1 172
-1 172
-1 172
-1 172
-1 172
-1 172
-1 172
-1 172
-1 172
-1 172
-1 172
-1 172
172 80
172 80
172 18
172 18
-1 183
-1 183
-1 183
-1 183
-1 183
-1 183
-1 183
-1 183
-1 183
-1 183
-1 183
-1 183
-1 183
-1 183
-1 183
-1 183
-1 183
-1 183
-1 183
-1 183
-1 183
-1 183
-1 183
-1 183
-1 183
-1 183
-1 183
-1 183
-1 183
-1 183
-1 183
-1 183
-1 183
-1 183
-1 183
-1 183
-1 183
-1 183
-1 183
-1 183
-1 183
-1 183
-1 183
-1 183
-1 183
-1 183
-1 183
-1 183
-1 183
-1 183
-1 183
-1 183
-1 183
-1 183
-1 183
-1 183
-1 183
-1 183
-1 183
-1 183
-1 183
-1 183
-1 183
-1 183
-1 183
-1 183
-1 183
-1 183
-1 183
-1 183
-1 183
-1 183
-1 183
-1 183
-1 183
-1 183
-1 183
-1 183
-1 183
-1 183
-1 183
-1 183
-1 183
-1 183
-1 183
-1 183
-1 183
-1 183
-1 183
-1 183
-1 183
-1 183
-1 183
-1 183
-1 183
-1 183
-1 183
-1 183
-1 183
-1 183
-1 183
-1 183
-1 183
-1 183
-1 183
-1 183
-1 183
-1 183
-1 183
-1 183
-1 183
-1 183
-1 183
-1 183
-1 183
-1 183
-1 183
-1 183
-1 183
-1 183
-1 183
-1 183
-1 183
-1 183
-1 183
-1 183
-1 183
-1 183
-1 183
-1 183
-1 183
-1 183
-1 183
-1 183
-1 183
-1 183
-1 183
-1 183
-1 183
-1 183
-1 183
-1 183
-1 183
-1 183
-1 183
-1 183
-1 183
-1 183
-1 183
-1 183
-1 183
-1 183
-1 183
-1 183
-1 183
-1 183
-1 183
-1 183
-1 183
-1 183
-1 183
-1 183
-1 183
-1 183
-1 183
-1 183
-1 183
-1 183
-1 183
-1 183
-1 183
-1 183
-1 183
-1 183
-1 183
-1 183
-1 183
-1 183
-1 183
-1 183
-1 183
-1 183
-1 183
-1 183
-1 183
-1 183
-1 183
-1 183
-1 183
-1 183
-1 183
-1 183
-1 183
-1 183
-1 183
-1 183
-1 183
-1 183
-1 183
-1 183
-1 183
-1 183
-1 183
-1 183
-1 183
-1 183
-1 183
-1 183
-1 183
-1 183
-1 183
-1 183
-1 183
-1 183
-1 183
-1 183
-1 183
-1 183
-1 183
-1 183
-1 183
-1 183
-1 183
-1 183
-1 183
-1 183
-1 183
-1 183
-1 183
-1 183
-1 183
-1 183
-1 183
-1 183
-1 183
-1 183
-1 183
-1 183
-1 183
-1 183
-1 177
-1 177
-1 177
-1 177
-1 177
-1 177
-1 177
-1 177
-1 177
-1 177
-1 177
-1 177
-1 177
-1 177
-1 177
-1 177
-1 177
-1 177
-1 177
-1 177
-1 177
-1 177
-1 177
-1 177
-1 177
-1 177
-1 177
-1 177
-1 177
-1 177
-1 177
-1 177
-1 177
-1 177
-1 177
-1 177
-1 177
-1 177
-1 177
-1 177
-1 177
-1 177
-1 177
-1 177
-1 177
-1 177
-1 177
-1 177
-1 177
-1 177
-1 177
-1 177
-1 177
-1 177
-1 177
-1 177
-1 177
-1 177
-1 177
-1 177
-1 177
-1 177
-1 177
-1 177
-1 177
-1 177
-1 177
-1 177
-1 177
-1 177
-1 177
-1 177
-1 177
-1 177
-1 177
-1 177
-1 177
-1 177
-1 177
-1 177
-1 177
-1 177
-1 177
-1 177
-1 177
-1 177
-1 177
-1 177
-1 177
-1 177
-1 177
-1 177
-1 177
-1 177
-1 177
-1 177
-1 177
-1 177
-1 177
-1 177
-1 177
-1 177
-1 177
-1 177
-1 177
-1 177
-1 177
-1 177
-1 177
-1 177
-1 177
-1 177
-1 177
-1 177
-1 177
-1 177
-1 177
-1 177
-1 177
-1 177
-1 177
-1 177
-1 177
-1 177
-1 177
-1 177
-1 177
-1 177
-1 177
-1 177
-1 177
-1 177
-1 177
-1 177
-1 177
-1 177
-1 177
-1 177
-1 177
-1 177
-1 177
-1 177
-1 177
-1 177
-1 177
-1 177
-1 177
-1 177
-1 177
-1 177
-1 177
-1 177
-1 177
-1 177
-1 177
-1 177
-1 177
-1 177
-1 177
-1 177
-1 177
-1 177
-1 177
-1 177
-1 177
-1 177
-1 177
-1 177
-1 177
-1 177
-1 177
-1 177
-1 177
-1 177
-1 177
-1 177
-1 177
-1 177
-1 177
-1 177
-1 177
-1 177
-1 177
-1 177
-1 177
-1 177
-1 177
-1 177
-1 177
-1 177
-1 177
-1 177
-1 177
-1 177
-1 177
-1 177
-1 177
-1 177
-1 177
-1 177
-1 177
-1 177
-1 177
-1 177
-1 177
-1 177
-1 177
-1 177
-1 177
-1 177
-1 177
-1 177
-1 177
-1 177
-1 177
-1 177
-1 177
-1 177
-1 177
-1 177
-1 177
-1 177
-1 177
-1 177
-1 177
-1 177
-1 177
-1 177
-1 177
-1 177
-1 177
-1 177
-1 177
-1 177
-1 177
-1 177
-1 177
-1 177
-1 177
-1 177
-1 177
-1 177
-1 177
-1 177
-1 177
-1 177
-1 177
-1 177
-1 177
-1 177
-1 177
-1 177
-1 177
-1 177
-1 177
-1 177
-1 177
-1 177
-1 177
-1 177
-1 177
-1 177
-1 177
-1 177
-1 177
-1 177
-1 177
-1 177
-1 177
-1 177
-1 177
177 31
177 31
177 31
-1 31
-1 31
-1 31
-1 31
-1 31
-1 31
-1 31
-1 31
-1 31
-1 31
-1 31
-1 31
-1 31
-1 31
-1 31
-1 31
-1 31
-1 31
-1 31
-1 31
-1 31
-1 31
-1 31
-1 31
-1 31
-1 31
-1 31
-1 31
-1 31
-1 31
-1 31
-1 31
-1 31
-1 31
-1 31
-1 31
-1 31
-1 31
-1 31
-1 31
-1 31
-1 31
-1 31
-1 31
-1 31
-1 31
-1 31
-1 31
-1 31
-1 31
-1 31
-1 31
-1 31
-1 31
-1 31
-1 31
-1 31
-1 31
-1 31
-1 31
-1 31
-1 31
-1 31
-1 31
-1 31
-1 31
-1 31
-1 31
-1 31
-1 31
-1 31
-1 31
-1 31
-1 31
-1 31
-1 31
-1 31
-1 31
-1 31
-1 31
-1 31
-1 31
-1 31
-1 31
-1 31
-1 31
-1 31
-1 31
-1 31
-1 31
-1 31
-1 31
-1 31
-1 31
-1 31
-1 31
-1 31
-1 31
-1 31
-1 31
-1 31
-1 31
-1 31
-1 31
-1 31
-1 31
-1 31
-1 31
-1 31
-1 31
-1 31
-1 31
-1 31
-1 31
-1 31
-1 31
-1 31
-1 31
-1 31
-1 31
-1 31
-1 31
-1 31
-1 31
-1 31
-1 31
-1 31
-1 31
-1 31
-1 31
-1 31
-1 31
-1 31
-1 31
-1 31
-1 31
-1 31
-1 31
-1 31
-1 31
-1 31
-1 31
-1 31
-1 31
-1 31
-1 31
-1 31
-1 31
-1 31
-1 31
-1 31
-1 31
-1 31
-1 31
-1 31
-1 31
-1 31
-1 31
-1 31
-1 31
-1 31
-1 31
-1 31
-1 31
-1 31
-1 31
-1 31
-1 31
-1 31
-1 31
-1 31
-1 31
-1 31
-1 31
-1 31
-1 31
-1 31
-1 31
-1 31
-1 31
-1 31
-1 31
-1 144
-1 144
-1 144
-1 144
-1 144
-1 144
-1 144
-1 144
-1 144
-1 144
-1 144
-1 144
-1 144
-1 144
-1 144
-1 144
-1 144
-1 144
-1 144
-1 144
-1 144
-1 144
-1 144
-1 144
-1 144
-1 144
-1 144
-1 144
-1 144
-1 144
-1 144
-1 144
-1 144
-1 144
-1 144
-1 144
-1 144
-1 144
-1 144
-1 144
-1 144
-1 144
-1 144
-1 144
-1 144
-1 144
-1 144
-1 144
-1 144
-1 144
-1 144
-1 144
-1 144
-1 144
-1 144
-1 144
-1 144
-1 144
-1 144
-1 144
-1 144
-1 144
-1 144
-1 144
-1 144
-1 144
-1 144
-1 144
-1 144
-1 144
-1 144
-1 144
-1 144
-1 144
-1 144
-1 144
-1 144
-1 144
-1 144
-1 144
-1 144
-1 144
-1 144
-1 144
-1 144
-1 144
-1 144
-1 144
-1 144
-1 144
-1 144
-1 144
-1 144
-1 144
-1 144
-1 144
-1 144
-1 144
-1 144
-1 144
-1 144
-1 144
-1 144
-1 144
-1 144
-1 144
-1 144
-1 144
-1 144
-1 144
-1 144
-1 144
-1 144
-1 144
-1 144
-1 144
-1 144
-1 144
-1 144
-1 144
-1 144
-1 144
-1 144
-1 144
-1 144
-1 144
-1 144
-1 144
-1 144
-1 144
-1 144
-1 144
-1 144
-1 144
-1 144
-1 144
-1 144
-1 144
-1 144
-1 144
-1 144
-1 144
-1 144
-1 144
-1 144
-1 144
-1 144
-1 144
-1 144
-1 144
-1 144
-1 144
-1 144
-1 144
-1 144
-1 144
-1 144
-1 144
-1 144
-1 144
-1 144
-1 144
-1 144
-1 144
-1 144
-1 144
-1 144
-1 144
-1 144
-1 144
-1 144
-1 144
-1 144
-1 144
-1 144
-1 144
-1 144
-1 144
-1 144
-1 144
-1 144
-1 144
-1 144
-1 144
-1 144
-1 144
-1 144
-1 144
-1 144
-1 144
-1 144
-1 144
-1 144
-1 144
-1 144
-1 144
-1 144
-1 144
-1 144
-1 144
-1 144
-1 144
-1 144
-1 144
-1 144
-1 144
-1 144
-1 144
-1 144
-1 144
-1 144
-1 144
-1 144
-1 144
-1 144
-1 144
-1 144
-1 144
-1 144
-1 144
-1 144
-1 144
-1 144
-1 144
-1 144
-1 144
-1 144
-1 144
-1 144
-1 144
-1 144
-1 144
-1 144
-1 144
-1 144
-1 144
-1 144
-1 144
-1 144
-1 144
-1 144
-1 144
-1 144
-1 144
-1 144
-1 144
-1 144
-1 144
-1 144
-1 144
-1 144
-1 144
-1 144
-1 144
-1 144
-1 144
-1 144
-1 144
-1 144
-1 144
-1 144
-1 144
-1 144
-1 144
-1 144
-1 144
-1 144
-1 144
-1 144
-1 144
-1 144
-1 144
-1 144
-1 144
-1 144
-1 144
-1 144
-1 144
-1 144
-1 18
-1 18
-1 18
-1 18
-1 18
-1 18
-1 18
-1 18
-1 18
-1 18
-1 18
-1 18
-1 18
-1 18
-1 18
-1 18
-1 18
-1 18
-1 18
-1 18
-1 18
-1 18
-1 18
-1 18
-1 18
-1 18
-1 18
-1 18
-1 18
-1 18
-1 18
-1 18
-1 18
-1 18
-1 18
-1 18
-1 18
-1 18
-1 18
-1 18
-1 18
-1 18
-1 18
-1 18
-1 18
-1 18
-1 18
-1 18
-1 18
-1 18
-1 18
-1 18
-1 18
-1 18
-1 18
-1 18
-1 18
-1 18
-1 18
-1 18
-1 18
-1 18
-1 18
-1 18
-1 18
-1 18
-1 18
-1 18
-1 18
-1 18
-1 18
-1 18
-1 18
-1 18
-1 18
-1 18
-1 18
-1 18
-1 18
-1 18
-1 18
-1 18
-1 18
-1 18
-1 18
-1 18
-1 18
-1 18
-1 18
-1 18
-1 18
-1 18
-1 18
-1 18
-1 18
-1 18
-1 18
-1 18
-1 18
-1 18
-1 18
-1 18
-1 18
-1 18
-1 18
-1 18
-1 18
-1 18
-1 18
-1 18
-1 18
-1 18
-1 18
-1 18
-1 18
-1 18
-1 18
-1 18
-1 18
-1 18
-1 18
-1 18
-1 18
-1 18
-1 18
-1 18
-1 18
-1 18
-1 18
-1 18
-1 18
-1 18
-1 18
-1 18
-1 18
-1 18
-1 18
-1 18
-1 18
-1 18
-1 18
-1 18
-1 18
-1 18
-1 18
-1 18
-1 18
-1 18
-1 18
-1 18
-1 18
-1 18
-1 18
-1 18
-1 18
-1 18
-1 18
-1 18
-1 18
-1 18
-1 18
-1 18
-1 18
-1 18
-1 18
-1 18
-1 18
-1 18
-1 18
-1 18
-1 18
-1 18
-1 18
-1 18
-1 18
-1 18
-1 18
-1 18
-1 18
-1 18
-1 18
-1 18
-1 18
-1 18
-1 18
-1 18
-1 18
-1 18
-1 18
-1 18
-1 18
-1 18
-1 18
-1 18
-1 18
-1 18
-1 18
-1 18
-1 18
-1 18
-1 18
-1 18
-1 18
-1 18
-1 18
-1 18
-1 18
-1 18
-1 18
-1 18
-1 18
-1 18
-1 18
-1 18
-1 18
-1 18
-1 18
-1 18
-1 18
-1 18
-1 18
-1 18
-1 18
-1 18
-1 18
-1 18
-1 18
-1 18
-1 18
-1 18
-1 18
-1 18
-1 18
-1 18
-1 18
-1 18
-1 18
-1 18
-1 18
-1 18
-1 18
-1 18
-1 18
-1 18
-1 18
-1 18
-1 18
-1 18
-1 18
-1 18
-1 18
-1 18
-1 18
-1 18
-1 18
-1 18
-1 18
-1 18
-1 18
-1 18
-1 18
-1 18
-1 18
-1 18
-1 18
-1 18
-1 18
-1 18
-1 18
-1 18
-1 18
-1 18
-1 18
-1 18
-1 18
-1 18
-1 18
-1 18
-1 18
-1 18
-1 18
-1 18
-1 18
-1 18
-1 18
-1 18
-1 18
-1 18
-1 18
-1 18
-1 18
-1 18
-1 18
-1 18
-1 18
-1 18
-1 18
-1 18
-1 18
-1 18
144 12
144 12
144 12
144 12
-1 12
-1 12
-1 12
-1 12
-1 12
-1 12
-1 12
-1 12
-1 12
-1 12
-1 12
-1 12
-1 12
-1 12
-1 12
-1 12
-1 12
-1 12
-1 12
-1 12
-1 12
-1 12
-1 12
-1 12
-1 12
-1 12
-1 12
-1 12
-1 12
-1 12
-1 12
-1 12
-1 12
-1 12
-1 12
-1 12
-1 12
-1 12
-1 12
-1 12
-1 12
-1 12
-1 12
-1 12
-1 12
-1 12
-1 12
-1 12
-1 12
-1 12
-1 12
-1 12
-1 12
-1 12
-1 12
-1 12
-1 12
-1 12
-1 12
-1 12
-1 12
-1 12
-1 12
-1 12
-1 12
-1 12
-1 12
-1 12
-1 12
-1 12
-1 12
-1 12
-1 12
-1 12
-1 12
-1 12
-1 12
-1 12
-1 12
-1 12
-1 12
-1 12
-1 12
-1 12
-1 12
-1 12
-1 12
-1 12
-1 12
-1 12
-1 12
-1 12
-1 12
-1 12
-1 12
-1 12
-1 12
-1 12
-1 12
-1 12
-1 12
-1 12
-1 12
-1 12
-1 12
-1 12
-1 12
-1 12
-1 12
-1 12
-1 12
-1 12
-1 12
-1 12
-1 12
-1 12
-1 12
-1 12
-1 12
-1 12
-1 12
-1 12
-1 12
-1 12
-1 12
-1 12
-1 12
-1 12
-1 12
-1 12
-1 12
-1 12
-1 12
-1 12
-1 12
-1 12
-1 12
-1 12
-1 12
-1 12
-1 12
-1 12
-1 12
-1 12
-1 12
-1 12
-1 12
-1 12
-1 12
-1 12
-1 12
-1 12
-1 12
-1 12
-1 12
-1 12
-1 12
-1 12
-1 12
-1 12
-1 12
-1 12
-1 12
-1 12
-1 12
-1 12
-1 12
-1 12
-1 12
-1 12
-1 12
-1 12
-1 12
-1 12
-1 12
-1 12
-1 12
-1 12
-1 12
-1 12
-1 12
-1 12
-1 12
-1 12
-1 12
-1 12
-1 12
-1 12
-1 12
-1 12
-1 12
-1 12
-1 12
-1 12
-1 12
-1 12
-1 12
-1 12
-1 12
-1 12
-1 12
-1 12
-1 12
-1 12
-1 12
-1 12
-1 12
-1 12
-1 12
-1 12
-1 170
-1 170
-1 170
-1 170
-1 170
-1 170
-1 170
-1 170
-1 170
-1 170
-1 170
-1 170
-1 170
-1 170
-1 170
-1 170
-1 170
-1 170
-1 170
-1 170
-1 170
-1 170
-1 170
-1 170
-1 170
-1 170
-1 170
-1 170
-1 170
-1 170
-1 170
-1 170
-1 170
-1 170
-1 170
-1 170
-1 170
-1 170
-1 170
-1 170
-1 170
-1 170
-1 170
-1 170
-1 170
-1 170
-1 170
-1 170
-1 170
-1 170
-1 170
-1 170
-1 170
-1 170
-1 170
-1 170
-1 170
-1 170
-1 170
-1 170
-1 170
-1 170
-1 170
-1 170
-1 170
-1 170
-1 170
-1 170
-1 170
-1 170
-1 170
-1 170
-1 170
-1 170
-1 170
-1 170
-1 170
-1 170
-1 170
-1 170
-1 170
-1 170
-1 170
-1 170
-1 170
-1 170
-1 170
-1 170
-1 170
-1 170
-1 170
-1 170
-1 170
-1 170
-1 170
-1 170
-1 170
-1 170
-1 170
-1 170
-1 170
-1 170
-1 170
-1 170
-1 170
-1 170
-1 170
-1 170
-1 170
-1 170
-1 170
-1 170
-1 170
-1 170
-1 170
-1 170
-1 170
-1 170
-1 170
-1 170
-1 170
-1 170
-1 170
-1 170
-1 170
-1 170
-1 170
-1 170
-1 170
-1 170
-1 170
-1 170
-1 170
-1 170
-1 170
-1 170
-1 170
-1 170
-1 170
-1 170
-1 170
-1 170
-1 170
-1 170
-1 170
-1 170
-1 170
-1 170
-1 170
-1 170
-1 170
-1 170
-1 170
-1 170
-1 170
-1 170
-1 170
-1 170
-1 170
-1 170
-1 170
-1 170
-1 170
-1 170
-1 170
-1 170
-1 170
-1 170
-1 170
-1 170
-1 170
-1 170
-1 170
-1 170
-1 170
-1 170
-1 170
-1 170
-1 170
-1 170
-1 170
-1 170
-1 170
-1 170
-1 170
-1 170
-1 170
-1 170
-1 170
-1 170
-1 170
-1 170
-1 170
-1 170
-1 170
-1 170
-1 170
-1 170
-1 170
-1 170
-1 170
-1 170
-1 170
-1 170
-1 170
-1 170
-1 170
-1 170
-1 170
-1 170
-1 170
-1 170
-1 170
-1 170
-1 170
-1 170
-1 170
-1 170
-1 170
-1 170
-1 170
-1 170
-1 170
-1 170
-1 170
-1 170
-1 170
-1 170
-1 170
-1 170
-1 170
-1 170
-1 170
-1 170
-1 170
-1 170
-1 170
-1 170
-1 170
-1 170
-1 170
-1 170
-1 170
-1 170
-1 170
-1 170
-1 170
-1 170
-1 170
-1 170
-1 170
-1 170
-1 170
-1 170
-1 170
-1 170
-1 170
-1 170
-1 170
-1 170
-1 170
-1 170
-1 170
-1 170
-1 170
-1 170
-1 170
-1 170
-1 170
-1 170
-1 170
-1 170
-1 170
-1 170
-1 170
-1 170
-1 170
-1 170
-1 170
-1 170
-1 170
-1 170
-1 170
-1 170
-1 170
-1 170
-1 170
-1 170
-1 170
-1 170
-1 170
-1 170
-1 170
-1 170
-1 170
-1 170
-1 170
-1 170
-1 170
-1 170
-1 170
-1 170
-1 170
-1 170
-1 170
-1 170
-1 170
-1 170
-1 170
-1 170
-1 170
-1 170
-1 170
-1 170
-1 170
-1 170
-1 170
-1 170
-1 170
-1 170
-1 170
-1 170
-1 170
-1 170
-1 170
-1 170
-1 170
-1 170
-1 170
-1 65
-1 65
-1 65
-1 65
-1 65
-1 65
-1 65
-1 65
-1 65
-1 65
-1 65
-1 65
-1 65
-1 65
-1 65
-1 65
-1 65
-1 65
-1 65
-1 65
-1 65
-1 65
-1 65
-1 65
-1 65
-1 65
-1 65
-1 65
-1 65
-1 65
-1 65
-1 65
-1 65
-1 65
-1 65
-1 65
-1 65
-1 65
-1 65
-1 65
-1 65
-1 65
-1 65
-1 65
-1 65
-1 65
-1 65
-1 65
-1 65
-1 65
-1 65
-1 65
-1 65
-1 65
-1 65
-1 65
-1 65
-1 65
-1 65
-1 65
-1 65
-1 65
-1 65
-1 65
-1 65
-1 65
-1 65
-1 65
-1 65
-1 65
-1 65
-1 65
-1 65
-1 65
-1 65
-1 65
-1 65
-1 65
-1 65
-1 65
-1 65
-1 65
-1 65
-1 65
-1 65
-1 65
-1 65
-1 65
-1 65
-1 65
-1 65
-1 65
-1 65
-1 65
-1 65
-1 65
-1 65
-1 65
-1 65
-1 65
-1 65
-1 65
-1 65
-1 65
-1 65
-1 65
-1 65
-1 65
-1 65
-1 65
-1 65
-1 65
-1 65
-1 65
-1 65
-1 65
-1 65
-1 65
-1 65
-1 65
-1 65
-1 65
-1 65
-1 65
-1 65
-1 65
-1 65
-1 65
-1 65
-1 65
-1 65
-1 65
-1 65
-1 65
-1 65
-1 65
-1 65
-1 65
-1 65
-1 65
-1 65
-1 65
-1 65
-1 65
-1 65
-1 65
-1 65
-1 65
-1 65
-1 65
-1 65
-1 65
-1 65
-1 65
-1 65
-1 65
-1 65
-1 65
-1 65
-1 65
-1 65
-1 65
-1 65
-1 65
-1 65
-1 65
-1 65
-1 65
-1 65
-1 65
-1 65
-1 65
-1 65
-1 65
-1 65
-1 65
-1 65
-1 65
-1 65
-1 65
-1 65
-1 65
-1 65
-1 65
-1 65
-1 65
-1 65
-1 65
-1 65
-1 65
-1 65
-1 65
-1 65
-1 65
-1 65
-1 65
-1 65
-1 65
-1 65
-1 65
-1 65
-1 65
-1 65
-1 65
-1 65
-1 65
-1 65
-1 65
-1 65
-1 65
-1 65
-1 65
-1 65
-1 65
-1 65
-1 65
-1 65
-1 65
-1 65
-1 65
-1 65
-1 65
-1 65
-1 65
-1 65
-1 65
-1 65
-1 65
-1 65
-1 65
-1 65
-1 65
-1 65
-1 65
-1 65
-1 65
-1 65
-1 65
-1 65
-1 65
-1 65
-1 65
-1 65
-1 65
-1 65
-1 65
-1 65
-1 65
-1 65
-1 65
-1 65
-1 65
-1 65
-1 65
-1 65
-1 65
-1 65
-1 65
-1 65
-1 65
-1 65
-1 65
-1 65
-1 65
-1 65
-1 65
-1 65
-1 65
-1 65
-1 65
-1 65
-1 65
-1 65
-1 65
-1 65
-1 65
-1 65
-1 65
-1 65
-1 65
-1 65
-1 65
-1 65
-1 65
-1 65
-1 65
-1 65
-1 65
-1 65
-1 65
-1 65
-1 65
-1 65
-1 65
-1 65
-1 65
-1 65
-1 65
-1 65
-1 65
-1 65
-1 65
-1 65
-1 65
-1 65
-1 65
-1 65
-1 65
-1 65
-1 65
-1 65
-1 65
-1 65
-1 65
-1 65
-1 65
-1 65
-1 65
-1 65
-1 65
-1 65
-1 65
-1 65
-1 65
-1 65
-1 65
-1 65
-1 65
-1 65
-1 65
-1 65
-1 65
-1 65
-1 76
-1 76
-1 76
-1 76
-1 76
-1 76
-1 76
-1 76
-1 76
-1 76
-1 76
-1 76
-1 76
-1 76
-1 76
-1 76
-1 76
-1 76
-1 76
-1 76
-1 76
-1 76
-1 76
-1 76
-1 76
-1 76
-1 76
-1 76
-1 76
-1 76
-1 76
-1 76
-1 76
-1 76
-1 76
-1 76
-1 76
-1 76
-1 76
-1 76
-1 76
-1 76
-1 76
-1 76
-1 76
-1 76
-1 76
-1 76
-1 76
-1 76
-1 76
-1 76
-1 76
-1 76
-1 76
-1 76
-1 76
-1 76
-1 76
-1 76
-1 76
-1 76
-1 76
-1 76
-1 76
-1 76
-1 76
-1 76
-1 76
-1 76
-1 76
-1 76
-1 76
-1 76
-1 76
-1 76
-1 76
-1 76
-1 76
-1 76
-1 76
-1 76
-1 76
-1 76
-1 76
-1 76
-1 76
-1 76
-1 76
-1 76
-1 76
-1 76
-1 76
-1 76
-1 76
-1 76
-1 76
-1 76
-1 76
-1 76
-1 76
-1 76
-1 76
-1 76
-1 76
-1 76
-1 76
-1 76
-1 76
-1 76
-1 76
-1 76
-1 76
-1 76
-1 76
-1 76
-1 76
-1 76
-1 76
-1 76
-1 76
-1 76
-1 76
-1 76
-1 76
-1 76
-1 76
-1 76
-1 76
-1 76
-1 76
-1 76
-1 76
-1 76
-1 76
-1 76
-1 76
-1 76
-1 76
-1 76
-1 76
-1 76
-1 76
-1 76
-1 76
-1 76
-1 76
-1 76
-1 76
-1 76
-1 76
-1 76
-1 76
-1 76
-1 76
-1 76
-1 76
-1 76
-1 76
-1 76
-1 76
-1 76
-1 76
-1 76
-1 76
-1 76
-1 76
-1 76
-1 76
-1 76
-1 76
-1 76
-1 76
-1 76
-1 76
-1 76
-1 76
-1 76
-1 76
-1 76
-1 76
-1 76
-1 76
-1 76
-1 76
-1 76
-1 76
-1 76
-1 76
-1 76
-1 76
-1 76
-1 76
-1 76
-1 76
-1 76
-1 76
-1 76
-1 76
-1 76
-1 76
-1 76
-1 76
-1 76
-1 76
-1 76
-1 76
-1 76
-1 76
-1 76
-1 76
-1 76
-1 76
-1 76
-1 76
-1 76
-1 76
-1 76
-1 76
-1 76
-1 76
-1 76
-1 76
-1 76
-1 76
-1 76
-1 76
-1 76
-1 76
-1 76
-1 76
-1 76
-1 76
-1 76
-1 76
-1 76
-1 76
-1 76
-1 76
-1 76
-1 76
-1 76
-1 76
-1 76
-1 76
-1 76
-1 76
-1 76
-1 76
-1 76
-1 76
-1 76
-1 76
-1 76
-1 76
-1 76
-1 76
-1 76
-1 76
-1 76
-1 76
-1 76
-1 76
-1 76
-1 76
-1 76
-1 76
-1 76
-1 76
-1 76
-1 76
-1 76
-1 76
-1 76
-1 76
-1 76
-1 76
-1 76
-1 76
-1 76
-1 76
-1 76
-1 76
-1 76
-1 76
-1 76
-1 76
-1 76
-1 76
-1 76
-1 76
-1 76
-1 76
-1 76
-1 76
-1 76
-1 76
-1 76
-1 76
-1 76
-1 76
-1 76
-1 76
-1 76
-1 76
-1 76
-1 76
-1 76
-1 76
-1 76
-1 76
-1 76
-1 76
-1 76
-1 76
-1 76
-1 76
-1 76
-1 76
-1 76
-1 76
-1 76
-1 76
-1 76
-1 76
-1 76
-1 76
-1 76
-1 76
-1 76
-1 76
-1 76
-1 76
-1 76
-1 76
-1 76
-1 76
-1 76
-1 76
-1 76
-1 76
-1 76
-1 76
170 60
170 60
170 60
170 60
-1 60
-1 60
-1 60
-1 60
-1 60
-1 60
-1 60
-1 60
-1 60
-1 60
-1 60
-1 60
-1 60
-1 60
-1 60
-1 60
-1 60
-1 60
-1 60
-1 60
-1 60
-1 60
-1 60
-1 60
-1 60
-1 60
-1 60
-1 60
-1 60
-1 60
-1 60
-1 60
-1 60
-1 60
-1 60
-1 60
-1 60
-1 60
-1 60
-1 60
-1 60
-1 60
-1 60
-1 60
-1 60
-1 60
-1 60
-1 60
-1 60
-1 60
-1 60
-1 60
-1 60
-1 60
-1 60
-1 60
-1 60
-1 60
-1 60
-1 60
-1 60
-1 60
-1 60
-1 60
-1 60
-1 60
-1 60
-1 60
-1 60
-1 60
-1 60
-1 60
-1 60
-1 60
-1 60
-1 60
-1 60
-1 60
-1 60
-1 60
-1 60
-1 60
-1 60
-1 60
-1 60
-1 60
-1 60
-1 60
-1 60
-1 60
-1 60
-1 60
-1 60
-1 60
-1 60
-1 60
-1 60
-1 60
-1 60
-1 60
-1 60
-1 60
-1 60
-1 60
-1 60
-1 60
-1 60
-1 60
-1 60
-1 60
-1 60
-1 60
-1 60
-1 60
-1 60
-1 60
-1 60
-1 60
-1 60
-1 60
-1 60
-1 60
-1 60
-1 60
-1 60
-1 60
-1 60
-1 60
-1 60
-1 60
-1 60
-1 60
-1 60
-1 60
-1 60
-1 60
-1 60
-1 60
-1 60
-1 60
-1 60
-1 60
-1 60
-1 60
-1 60
-1 60
-1 60
-1 60
-1 60
-1 60
-1 60
-1 60
-1 60
-1 60
-1 60
-1 60
-1 60
-1 60
-1 60
-1 60
-1 60
-1 60
-1 60
-1 60
-1 60
-1 60
-1 60
-1 60
-1 60
-1 60
-1 60
-1 60
-1 60
-1 60
-1 60
-1 60
-1 60
-1 60
-1 60
-1 60
-1 60
-1 60
-1 60
-1 60
-1 60
-1 60
-1 60
-1 60
-1 60
-1 60
-1 60
-1 60
-1 60
-1 60
-1 60
-1 60
-1 60
-1 60
-1 60
-1 60
-1 60
-1 60
-1 60
-1 60
-1 60
-1 60
-1 60
-1 60
-1 60
-1 60
-1 60
60 115
60 115
115 190
76 56
76 56
76 56
76 56
76 56
60 139
-1 190
-1 190
-1 190
-1 190
-1 190
-1 190
-1 190
-1 190
-1 190
-1 190
-1 190
-1 190
-1 190
-1 190
-1 190
-1 190
-1 190
-1 190
-1 190
-1 190
-1 190
-1 190
-1 190
-1 190
-1 190
-1 190
-1 190
-1 190
-1 190
-1 190
-1 190
-1 190
-1 190
-1 190
-1 190
-1 190
-1 190
-1 190
-1 190
-1 190
-1 190
-1 190
-1 190
-1 190
-1 190
-1 190
-1 190
-1 190
-1 190
-1 190
-1 190
-1 190
-1 190
-1 190
-1 190
-1 190
-1 190
-1 190
-1 190
-1 190
-1 190
-1 190
-1 190
-1 190
-1 190
-1 190
-1 190
-1 190
-1 190
-1 190
-1 190
-1 190
-1 190
-1 190
-1 190
-1 190
-1 190
-1 190
-1 190
-1 190
-1 190
-1 190
-1 190
-1 190
-1 190
-1 190
-1 190
-1 190
-1 190
-1 190
-1 190
-1 190
-1 190
-1 190
-1 190
-1 190
-1 190
-1 190
-1 190
-1 190
-1 190
-1 190
-1 190
-1 190
-1 190
-1 190
-1 190
-1 190
-1 190
-1 190
-1 190
-1 190
-1 190
-1 190
-1 190
-1 190
-1 190
-1 190
-1 190
-1 190
-1 190
-1 190
-1 190
-1 190
-1 190
-1 190
-1 190
-1 190
-1 190
-1 190
-1 190
-1 190
-1 190
-1 190
-1 190
-1 190
-1 190
-1 190
-1 190
-1 190
-1 190
-1 190
-1 190
-1 190
-1 190
-1 190
-1 190
-1 190
-1 190
-1 190
-1 190
-1 190
-1 190
-1 190
-1 190
-1 190
-1 190
-1 190
-1 190
-1 190
-1 190
-1 190
-1 190
-1 190
-1 190
-1 190
-1 190
-1 190
-1 190
-1 190
-1 190
-1 190
-1 190
-1 190
-1 190
-1 190
-1 190
-1 190
-1 190
-1 190
-1 190
-1 190
-1 190
-1 190
-1 190
-1 190
-1 190
-1 190
-1 190
-1 190
-1 190
-1 190
-1 190
-1 190
-1 190
-1 190
-1 190
-1 190
-1 190
-1 190
-1 190
-1 190
-1 190
-1 190
-1 190
-1 190
-1 190
-1 190
-1 190
-1 190
-1 190
-1 190
-1 190
-1 190
-1 190
-1 190
-1 190
-1 190
-1 190
-1 190
-1 190
-1 190
-1 190
-1 190
-1 190
-1 190
-1 190
-1 190
-1 190
-1 190
-1 190
-1 190
-1 190
-1 190
-1 190
-1 190
-1 190
-1 190
-1 190
-1 190
-1 190
-1 190
-1 190
-1 190
-1 190
-1 190
-1 190
-1 190
-1 190
-1 190
-1 190
-1 190
-1 190
-1 190
-1 190
-1 190
-1 190
-1 190
-1 190
-1 190
-1 190
-1 190
-1 190
-1 190
-1 190
-1 190
-1 190
-1 190
-1 190
-1 190
-1 190
-1 190
-1 190
-1 190
-1 190
-1 190
190 56
190 56
190 56
190 56
190 56
190 56
-1 56
-1 56
-1 56
-1 56
-1 56
-1 56
-1 56
-1 56
-1 56
-1 56
-1 56
-1 56
-1 56
-1 56
-1 56
-1 56
-1 56
-1 56
-1 56
-1 56
-1 56
-1 56
-1 56
-1 56
-1 56
-1 56
-1 56
-1 56
-1 56
-1 56
-1 56
-1 56
-1 56
-1 56
-1 56
-1 56
-1 56
-1 56
-1 56
-1 56
-1 56
-1 56
-1 56
-1 56
-1 56
-1 56
-1 56
-1 56
-1 56
-1 56
-1 56
-1 56
-1 56
-1 56
-1 56
-1 56
-1 56
-1 56
-1 56
-1 56
-1 56
-1 56
-1 56
-1 56
-1 56
-1 56
-1 56
-1 56
-1 56
-1 56
-1 56
-1 56
-1 56
-1 56
-1 56
-1 56
-1 56
-1 56
-1 56
-1 56
-1 56
-1 56
-1 56
-1 56
-1 56
-1 56
-1 56
-1 56
-1 56
-1 56
-1 56
-1 56
-1 56
-1 56
-1 56
-1 56
-1 56
-1 56
-1 56
-1 56
-1 56
-1 56
-1 56
-1 56
-1 56
-1 56
-1 56
-1 56
-1 56
-1 56
-1 56
-1 56
-1 56
-1 56
-1 56
-1 56
-1 56
-1 56
-1 56
-1 56
-1 56
-1 56
-1 56
-1 56
-1 56
-1 56
-1 56
-1 56
-1 56
-1 56
-1 56
-1 56
-1 56
-1 56
-1 56
-1 56
-1 56
-1 56
-1 56
-1 56
-1 56
-1 56
-1 56
-1 56
-1 56
-1 56
-1 56
-1 56
-1 56
-1 56
-1 56
-1 56
-1 56
-1 56
-1 56
-1 56
-1 56
-1 56
-1 56
-1 56
-1 56
-1 56
-1 56
-1 56
-1 56
-1 56
-1 56
-1 56
-1 56
-1 56
-1 56
-1 56
-1 56
-1 56
-1 56
-1 56
-1 56
-1 56
-1 56
-1 56
-1 56
-1 56
-1 56
-1 56
-1 56
-1 56
-1 56
-1 56
-1 56
-1 56
-1 56
-1 56
-1 56
-1 56
-1 56
-1 56
-1 56
-1 56
-1 56
-1 56
-1 56
-1 56
-1 56
-1 56
-1 56
-1 56
-1 56
-1 56
-1 56
-1 56
-1 56
-1 56
-1 56
-1 56
-1 56
-1 56
-1 56
-1 56
-1 56
-1 56
-1 56
-1 56
-1 56
-1 56
-1 56
-1 56
-1 56
-1 56
-1 56
-1 56
-1 56
-1 56
-1 56
-1 56
-1 137
-1 137
-1 137
-1 137
-1 137
-1 137
-1 137
-1 137
-1 137
-1 137
-1 137
-1 137
-1 137
-1 137
-1 137
-1 137
-1 137
-1 137
-1 137
-1 137
-1 137
-1 137
-1 137
-1 137
-1 137
-1 137
-1 137
-1 137
-1 137
-1 137
-1 137
-1 137
-1 137
-1 137
-1 137
-1 137
-1 137
-1 137
-1 137
-1 137
-1 137
-1 137
-1 137
-1 137
-1 137
-1 137
-1 137
-1 137
-1 137
-1 137
-1 137
-1 137
-1 137
-1 137
-1 137
-1 137
-1 137
-1 137
-1 137
-1 137
-1 137
-1 137
-1 137
-1 137
-1 137
-1 137
-1 137
-1 137
-1 137
-1 137
-1 137
-1 137
-1 137
-1 137
-1 137
-1 137
-1 137
-1 137
-1 137
-1 137
-1 137
-1 137
-1 137
-1 137
-1 137
-1 137
-1 137
-1 137
-1 137
-1 137
-1 137
-1 137
-1 137
-1 137
-1 137
-1 137
-1 137
-1 137
-1 137
-1 137
-1 137
-1 137
-1 137
-1 137
-1 137
-1 137
-1 137
-1 137
-1 137
-1 137
-1 137
-1 137
-1 137
-1 137
-1 137
-1 137
-1 137
-1 137
-1 137
-1 137
-1 137
-1 137
-1 137
-1 137
-1 137
-1 137
-1 137
-1 137
-1 137
-1 137
-1 137
-1 137
-1 137
-1 137
-1 137
-1 137
-1 137
-1 137
-1 137
-1 137
-1 137
-1 137
-1 137
-1 137
-1 137
-1 137
-1 137
-1 137
-1 137
-1 137
-1 137
-1 137
-1 137
-1 137
-1 137
-1 137
-1 137
-1 137
-1 137
-1 137
-1 137
-1 137
-1 137
-1 137
-1 137
-1 137
-1 137
-1 137
-1 137
-1 137
-1 137
-1 137
-1 137
-1 137
-1 137
-1 137
-1 137
-1 137
-1 137
-1 137
-1 137
-1 137
-1 137
-1 137
-1 137
-1 137
-1 137
-1 137
-1 137
-1 137
-1 137
-1 137
-1 137
-1 137
-1 137
-1 137
-1 137
-1 137
-1 137
-1 137
-1 137
-1 137
-1 137
-1 137
-1 137
-1 137
-1 137
-1 137
-1 137
-1 137
-1 137
-1 137
-1 137
-1 137
-1 137
-1 137
-1 137
-1 137
-1 137
-1 137
-1 137
-1 137
-1 137
-1 137
-1 137
-1 137
-1 137
-1 137
-1 137
-1 137
-1 137
-1 137
-1 137
-1 137
-1 137
-1 137
-1 137
-1 137
-1 137
-1 137
-1 137
-1 137
-1 137
-1 137
-1 137
-1 137
-1 137
-1 137
-1 137
-1 137
-1 137
-1 137
-1 137
-1 137
-1 137
-1 137
-1 137
-1 137
-1 137
-1 137
-1 137
-1 137
-1 137
-1 137
-1 137
-1 137
-1 137
-1 137
-1 137
-1 137
-1 137
-1 137
-1 137
-1 137
-1 137
-1 137
-1 137
-1 137
-1 137
-1 137
-1 137
-1 137
-1 137
-1 137
-1 137
-1 137
-1 137
-1 137
-1 137
-1 137
-1 137
-1 137
-1 137
-1 137
-1 137
-1 137
-1 137
-1 137
-1 137
-1 137
-1 137
-1 137
-1 137
-1 137
-1 137
-1 137
-1 137
-1 137
-1 137
-1 137
-1 137
-1 137
-1 137
-1 137
-1 137
-1 137
-1 137
-1 137
-1 137
-1 137
-1 137
-1 137
-1 137
-1 137
-1 137
-1 137
-1 137
-1 137
-1 137
-1 137
-1 137
-1 137
-1 137
-1 137
-1 137
-1 137
-1 137
-1 137
-1 137
-1 137
-1 137
-1 137
-1 137
-1 137
-1 137
-1 137
-1 137
-1 137
-1 137
-1 137
-1 137
-1 137
137 182
137 182
137 182
137 182
137 182
-1 182
-1 182
-1 182
-1 182
-1 182
-1 182
-1 182
-1 182
-1 182
-1 182
-1 182
-1 182
-1 182
-1 182
-1 182
-1 182
-1 182
-1 182
-1 182
-1 182
-1 182
-1 182
-1 182
-1 182
-1 182
-1 182
-1 182
-1 182
-1 182
-1 182
-1 182
-1 182
-1 182
-1 182
-1 182
-1 182
-1 182
-1 182
-1 182
-1 182
-1 182
-1 182
-1 182
-1 182
-1 182
-1 182
-1 182
-1 182
-1 182
-1 182
-1 182
-1 182
-1 182
-1 182
-1 182
-1 182
-1 182
-1 182
-1 182
-1 182
-1 182
-1 182
-1 182
-1 182
-1 182
-1 182
-1 182
-1 182
-1 182
-1 182
-1 182
-1 182
-1 182
-1 182
-1 182
-1 182
-1 182
-1 182
-1 182
-1 182
-1 182
-1 182
-1 182
-1 182
-1 182
-1 182
-1 182
-1 182
-1 182
-1 182
-1 182
-1 182
-1 182
-1 182
-1 182
-1 182
-1 182
-1 182
-1 182
-1 182
-1 182
-1 182
-1 182
-1 182
-1 182
-1 182
-1 182
-1 182
-1 182
-1 182
-1 182
-1 182
-1 182
-1 182
-1 182
-1 182
-1 182
-1 182
-1 182
-1 182
-1 182
-1 182
-1 182
-1 182
-1 182
-1 182
-1 182
-1 182
-1 182
-1 182
-1 182
-1 182
-1 182
-1 182
-1 182
-1 182
-1 182
-1 182
-1 182
-1 182
-1 182
-1 182
-1 182
-1 182
-1 182
-1 182
-1 182
-1 182
-1 182
-1 182
-1 182
-1 182
-1 182
-1 182
-1 182
-1 182
-1 182
-1 182
-1 182
-1 182
-1 182
-1 182
-1 182
-1 182
-1 182
-1 182
-1 182
-1 182
-1 182
-1 182
-1 182
-1 182
-1 182
-1 182
-1 182
-1 182
-1 182
-1 182
-1 182
-1 182
-1 182
-1 182
-1 182
-1 182
-1 182
-1 182
-1 182
-1 182
-1 182
-1 182
-1 182
-1 182
-1 182
-1 182
-1 182
-1 182
-1 182
-1 182
-1 182
-1 182
-1 182
-1 182
-1 182
-1 182
-1 182
-1 182
-1 182
-1 182
-1 182
-1 182
-1 182
-1 182
-1 182
-1 182
-1 182
-1 182
-1 182
-1 182
-1 182
-1 182
-1 182
-1 182
-1 182
-1 182
-1 182
-1 182
-1 182
-1 182
-1 182
-1 182
-1 182
-1 182
-1 182
-1 182
-1 182
-1 182
-1 182
-1 182
-1 182
-1 182
-1 182
-1 182
-1 182
-1 182
-1 182
-1 182
-1 182
-1 182
-1 182
-1 182
-1 182
-1 168
-1 168
-1 168
-1 168
-1 168
-1 168
-1 168
-1 168
-1 168
-1 168
-1 168
-1 168
-1 168
-1 168
-1 168
-1 168
-1 168
-1 168
-1 168
-1 168
-1 168
-1 168
-1 168
-1 168
-1 168
-1 168
-1 168
-1 168
-1 168
-1 168
-1 168
-1 168
-1 168
-1 168
-1 168
-1 168
-1 168
-1 168
-1 168
-1 168
-1 168
-1 168
-1 168
-1 168
-1 168
-1 168
-1 168
-1 168
-1 168
-1 168
-1 168
-1 168
-1 168
-1 168
-1 168
-1 168
-1 168
-1 168
-1 168
-1 168
-1 168
-1 168
-1 168
-1 168
-1 168
-1 168
-1 168
-1 168
-1 168
-1 168
-1 168
-1 168
-1 168
-1 168
-1 168
-1 168
-1 168
-1 168
-1 168
-1 168
-1 168
-1 168
-1 168
-1 168
-1 168
-1 168
-1 168
-1 168
-1 168
-1 168
-1 168
-1 168
-1 168
-1 168
-1 168
-1 168
-1 168
-1 168
-1 168
-1 168
-1 168
-1 168
-1 168
-1 168
-1 168
-1 168
-1 168
-1 168
-1 168
-1 168
-1 168
-1 168
-1 168
-1 168
-1 168
-1 168
-1 168
-1 168
-1 168
-1 168
-1 168
-1 168
-1 168
-1 168
-1 168
-1 168
-1 168
-1 168
-1 168
-1 168
-1 168
-1 168
-1 168
-1 168
-1 168
-1 168
-1 168
-1 168
-1 168
-1 168
-1 168
-1 168
-1 168
-1 168
-1 168
-1 168
-1 168
-1 168
-1 168
-1 168
-1 168
-1 168
-1 168
-1 168
-1 168
-1 168
-1 168
-1 168
-1 168
-1 168
-1 168
-1 168
-1 168
-1 168
-1 168
-1 168
-1 168
-1 168
-1 168
-1 168
-1 168
-1 168
-1 168
-1 168
-1 168
-1 168
-1 168
-1 168
-1 168
-1 168
-1 168
-1 168
-1 168
-1 168
-1 168
-1 168
-1 168
-1 168
-1 168
-1 168
-1 168
-1 168
-1 168
-1 168
-1 168
-1 168
-1 168
-1 168
-1 168
-1 168
-1 168
-1 168
-1 168
-1 168
-1 168
-1 168
-1 168
-1 168
-1 168
-1 168
-1 168
-1 168
-1 168
-1 168
-1 168
-1 168
-1 168
-1 168
-1 168
-1 168
-1 168
-1 168
-1 168
-1 168
-1 168
-1 168
-1 168
-1 168
-1 168
-1 168
-1 168
-1 168
-1 168
-1 168
-1 168
-1 168
-1 168
-1 168
-1 168
-1 168
-1 168
-1 168
-1 168
-1 168
-1 168
-1 168
-1 168
-1 168
-1 168
-1 168
-1 168
-1 168
-1 168
-1 168
-1 168
-1 168
-1 168
-1 168
-1 168
-1 168
-1 168
-1 168
-1 168
-1 168
-1 168
-1 168
-1 168
-1 168
-1 168
-1 168
-1 168
-1 168
-1 168
-1 168
-1 168
-1 168
-1 168
-1 168
-1 168
-1 168
-1 168
-1 168
-1 168
-1 168
-1 168
-1 168
-1 168
-1 168
-1 168
-1 168
-1 168
-1 168
-1 168
-1 168
-1 168
-1 168
-1 168
-1 168
-1 168
-1 168
-1 168
-1 168
-1 168
-1 168
-1 168
-1 168
-1 168
-1 168
-1 168
-1 168
-1 168
-1 168
-1 168
-1 168
-1 168
-1 168
-1 168
-1 168
-1 168
-1 168
-1 168
-1 168
-1 168
-1 168
-1 168
-1 168
-1 168
-1 168
-1 168
-1 168
-1 168
-1 168
-1 168
-1 168
-1 168
-1 168
-1 168
-1 168
-1 168
-1 168
-1 168
-1 168
-1 168
-1 168
-1 168
-1 168
-1 168
-1 168
-1 168
-1 168
-1 168
-1 168
-1 168
-1 168
-1 168
-1 168
-1 168
-1 168
-1 168
-1 168
-1 168
-1 168
-1 168
-1 168
-1 168
-1 168
-1 168
-1 168
-1 168
-1 168
-1 168
-1 168
-1 168
-1 168
-1 168
-1 168
-1 168
-1 168
-1 168
-1 168
-1 168
-1 168
-1 168
-1 168
-1 139
-1 139
-1 139
-1 139
-1 139
-1 139
-1 139
-1 139
-1 139
-1 139
-1 139
-1 139
-1 139
-1 139
-1 139
-1 139
-1 139
-1 139
-1 139
-1 139
-1 139
-1 139
-1 139
-1 139
-1 139
-1 139
-1 139
-1 139
-1 139
-1 139
-1 139
-1 139
-1 139
-1 139
-1 139
-1 139
-1 139
-1 139
-1 139
-1 139
-1 139
-1 139
-1 139
-1 139
-1 139
-1 139
-1 139
-1 139
-1 139
-1 139
-1 139
-1 139
-1 139
-1 139
-1 139
-1 139
-1 139
-1 139
-1 139
-1 139
-1 139
-1 139
-1 139
-1 139
-1 139
-1 139
-1 139
-1 139
-1 139
-1 139
-1 139
-1 139
-1 139
-1 139
-1 139
-1 139
-1 139
-1 139
-1 139
-1 139
-1 139
-1 139
-1 139
-1 139
-1 139
-1 139
-1 139
-1 139
-1 139
-1 139
-1 139
-1 139
-1 139
-1 139
-1 139
-1 139
-1 139
-1 139
-1 139
-1 139
-1 139
-1 139
-1 139
-1 139
-1 139
-1 139
-1 139
-1 139
-1 139
-1 139
-1 139
-1 139
-1 139
-1 139
-1 139
-1 139
-1 139
-1 139
-1 139
-1 139
-1 139
-1 139
-1 139
-1 139
-1 139
-1 139
-1 139
-1 139
-1 139
-1 139
-1 139
-1 139
-1 139
-1 139
-1 139
-1 139
-1 139
-1 139
-1 139
-1 139
-1 139
-1 139
-1 139
-1 139
-1 139
-1 139
-1 139
-1 139
-1 139
-1 139
-1 139
-1 139
-1 139
-1 139
-1 139
-1 139
-1 139
-1 139
-1 139
-1 139
-1 139
-1 139
-1 139
-1 139
-1 139
-1 139
-1 139
-1 139
-1 139
-1 139
-1 139
-1 139
-1 139
-1 139
-1 139
-1 139
-1 139
-1 139
-1 139
-1 139
-1 139
-1 139
-1 139
-1 139
-1 139
-1 139
-1 139
-1 139
-1 139
-1 139
-1 139
-1 139
-1 139
-1 139
-1 139
-1 139
-1 139
-1 139
-1 139
-1 139
-1 139
-1 139
-1 139
-1 139
-1 139
-1 139
-1 139
-1 139
-1 139
-1 139
-1 139
-1 139
-1 139
-1 139
-1 139
-1 139
-1 139
-1 139
-1 139
-1 139
-1 139
-1 139
-1 139
-1 139
-1 139
-1 139
-1 139
-1 139
-1 139
-1 139
-1 139
-1 139
-1 139
-1 139
-1 139
-1 139
-1 139
-1 139
-1 139
-1 139
-1 139
-1 139
-1 139
-1 139
-1 139
-1 139
-1 139
-1 139
-1 139
-1 139
-1 139
-1 139
-1 139
-1 139
-1 139
-1 139
-1 139
-1 139
-1 139
-1 139
-1 139
-1 139
-1 139
-1 139
-1 139
-1 139
-1 139
-1 139
-1 139
-1 139
-1 139
-1 139
-1 139
-1 139
-1 139
-1 139
-1 139
-1 139
-1 139
-1 139
-1 139
-1 139
-1 139
-1 139
-1 139
-1 139
-1 139
-1 139
-1 139
-1 139
-1 139
-1 139
-1 139
-1 139
-1 139
-1 139
-1 139
-1 139
-1 139
-1 139
-1 139
-1 139
-1 139
-1 139
-1 139
-1 139
-1 139
-1 139
-1 139
-1 139
-1 139
-1 139
-1 139
-1 139
-1 139
-1 139
-1 139
-1 139
-1 139
-1 139
-1 139
-1 139
-1 139
-1 139
-1 139
-1 139
-1 139
-1 139
-1 139
-1 139
-1 139
-1 139
-1 139
-1 139
-1 139
-1 139
-1 139
-1 139
-1 139
-1 139
-1 139
-1 139
-1 139
-1 139
-1 139
-1 139
-1 139
-1 139
-1 139
-1 139
-1 139
-1 139
-1 139
-1 139
-1 139
-1 139
-1 139
-1 139
-1 139
-1 139
-1 139
-1 139
-1 139
-1 139
-1 139
-1 139
-1 139
-1 139
-1 139
-1 139
-1 139
-1 139
-1 139
-1 139
-1 139
-1 139
-1 139
-1 139
-1 139
-1 139
-1 139
-1 139
-1 139
-1 139
-1 139
-1 139
-1 139
-1 139
-1 139
-1 139
-1 139
-1 139
-1 139
-1 139
-1 139
-1 139
-1 139
-1 139
-1 139
-1 139
-1 139
-1 139
-1 139
-1 139
-1 139
-1 139
-1 139
-1 139
-1 139
-1 139
-1 139
-1 139
-1 139
-1 139
-1 139
-1 139
-1 139
-1 139
-1 70
-1 70
-1 70
-1 70
-1 70
-1 70
-1 70
-1 70
-1 70
-1 70
-1 70
-1 70
-1 70
-1 70
-1 70
-1 70
-1 70
-1 70
-1 70
-1 70
-1 70
-1 70
-1 70
-1 70
-1 70
-1 70
-1 70
-1 70
-1 70
-1 70
-1 70
-1 70
-1 70
-1 70
-1 70
-1 70
-1 70
-1 70
-1 70
-1 70
-1 70
-1 70
-1 70
-1 70
-1 70
-1 70
-1 70
-1 70
-1 70
-1 70
-1 70
-1 70
-1 70
-1 70
-1 70
-1 70
-1 70
-1 70
-1 70
-1 70
-1 70
-1 70
-1 70
-1 70
-1 70
-1 70
-1 70
-1 70
-1 70
-1 70
-1 70
-1 70
-1 70
-1 70
-1 70
-1 70
-1 70
-1 70
-1 70
-1 70
-1 70
-1 70
-1 70
-1 70
-1 70
-1 70
-1 70
-1 70
-1 70
-1 70
-1 70
-1 70
-1 70
-1 70
-1 70
-1 70
-1 70
-1 70
-1 70
-1 70
-1 70
-1 70
-1 70
-1 70
-1 70
-1 70
-1 70
-1 70
-1 70
-1 70
-1 70
-1 70
-1 70
-1 70
-1 70
-1 70
-1 70
-1 70
-1 70
-1 70
-1 70
-1 70
-1 70
-1 70
-1 70
-1 70
-1 70
-1 70
-1 70
-1 70
-1 70
-1 70
-1 70
-1 70
-1 70
-1 70
-1 70
-1 70
-1 70
-1 70
-1 70
-1 70
-1 70
-1 70
-1 70
-1 70
-1 70
-1 70
-1 70
-1 70
-1 70
-1 70
-1 70
-1 70
-1 70
-1 70
-1 70
-1 70
-1 70
-1 70
-1 70
-1 70
-1 70
-1 70
-1 70
-1 70
-1 70
-1 70
-1 70
-1 70
-1 70
-1 70
-1 70
-1 70
-1 70
-1 70
-1 70
-1 70
-1 70
-1 70
-1 70
-1 70
-1 70
-1 70
-1 70
-1 70
-1 70
-1 70
-1 70
-1 70
-1 70
-1 70
-1 70
-1 70
-1 70
-1 70
-1 70
-1 70
-1 70
-1 70
-1 70
-1 70
-1 70
-1 70
-1 70
-1 70
-1 70
-1 70
-1 70
-1 70
-1 70
-1 70
-1 70
-1 70
-1 70
-1 70
-1 70
-1 70
-1 70
-1 70
-1 70
-1 70
-1 70
-1 70
-1 70
-1 70
-1 70
-1 70
-1 70
-1 70
-1 70
-1 70
-1 70
-1 70
-1 70
-1 70
-1 70
-1 70
-1 70
-1 70
-1 70
-1 70
-1 70
-1 70
-1 70
-1 70
-1 70
-1 70
-1 70
-1 70
-1 70
-1 70
-1 70
-1 70
-1 70
-1 70
-1 70
-1 70
-1 70
-1 70
-1 70
-1 70
-1 70
-1 70
-1 70
-1 70
-1 70
-1 70
-1 70
-1 70
-1 70
-1 70
-1 70
-1 70
-1 70
-1 70
-1 70
-1 70
-1 70
-1 70
-1 70
-1 70
-1 70
-1 70
-1 70
-1 70
-1 70
-1 70
-1 70
-1 70
-1 70
-1 70
-1 70
-1 70
-1 70
-1 70
-1 70
-1 70
-1 70
-1 70
-1 70
-1 70
-1 70
-1 70
-1 70
-1 70
-1 70
-1 70
-1 70
-1 70
-1 70
-1 70
-1 70
-1 70
-1 70
-1 70
-1 70
-1 70
-1 70
-1 70
-1 70
-1 70
-1 70
-1 70
-1 70
-1 70
-1 70
-1 70
-1 70
-1 70
-1 70
-1 70
-1 70
-1 70
-1 70
-1 70
-1 70
-1 70
-1 70
-1 70
-1 70
-1 70
-1 70
-1 70
-1 70
-1 70
-1 70
-1 70
-1 70
-1 70
-1 70
-1 70
-1 70
-1 70
-1 70
-1 70
-1 70
-1 70
-1 70
-1 70
-1 70
-1 70
-1 70
-1 70
-1 70
-1 70
-1 70
-1 70
-1 70
-1 70
-1 70
-1 70
-1 70
-1 70
-1 70
-1 70
-1 70
-1 70
-1 70
-1 70
-1 70
-1 70
-1 70
-1 70
-1 70
-1 70
-1 70
-1 70
-1 70
-1 70
-1 70
-1 70
-1 70
-1 70
-1 70
-1 70
-1 70
-1 70
-1 70
-1 70
-1 70
-1 70
-1 70
-1 70
-1 70
-1 70
-1 70
-1 70
-1 70
-1 70
-1 70
-1 70
-1 70
-1 70
-1 70
-1 70
-1 70
-1 70
-1 70
-1 70
-1 70
-1 70
-1 70
-1 70
-1 70
-1 70
-1 70
-1 70
-1 70
-1 70
-1 70
-1 70
-1 70
-1 70
-1 70
-1 70
-1 70
70 119
70 119
70 119
-1 119
-1 119
-1 119
-1 119
-1 119
-1 119
-1 119
-1 119
-1 119
-1 119
-1 119
-1 119
-1 119
-1 119
-1 119
-1 119
-1 119
-1 119
-1 119
-1 119
-1 119
-1 119
-1 119
-1 119
-1 119
-1 119
-1 119
-1 119
-1 119
-1 119
-1 119
-1 119
-1 119
-1 119
-1 119
-1 119
-1 119
-1 119
-1 119
-1 119
-1 119
-1 119
-1 119
-1 119
-1 119
-1 119
-1 119
-1 119
-1 119
-1 119
-1 119
-1 119
-1 119
-1 119
-1 119
-1 119
-1 119
-1 119
-1 119
-1 119
-1 119
-1 119
-1 119
-1 119
-1 119
-1 119
-1 119
-1 119
-1 119
-1 119
-1 119
-1 119
-1 119
-1 119
-1 119
-1 119
-1 119
-1 119
-1 119
-1 119
-1 119
-1 119
-1 119
-1 119
-1 119
-1 119
-1 119
-1 119
-1 119
-1 119
-1 119
-1 119
-1 119
-1 119
-1 119
-1 119
-1 119
-1 119
-1 119
-1 119
-1 119
-1 119
-1 119
-1 119
-1 119
-1 119
-1 119
-1 119
-1 119
-1 119
-1 119
-1 119
-1 119
-1 119
-1 119
-1 119
-1 119
-1 119
-1 119
-1 119
-1 119
-1 119
-1 119
-1 119
-1 119
-1 119
-1 119
-1 119
-1 119
-1 119
-1 119
-1 119
-1 119
-1 119
-1 119
-1 119
-1 119
-1 119
-1 119
-1 119
-1 119
-1 119
-1 119
-1 119
-1 119
-1 119
-1 119
-1 119
-1 119
-1 119
-1 119
-1 119
-1 119
-1 119
-1 119
-1 119
-1 119
-1 119
-1 119
-1 119
-1 119
-1 119
-1 119
-1 119
-1 119
-1 119
-1 119
-1 119
-1 119
-1 119
-1 119
-1 119
-1 119
-1 119
-1 119
-1 119
-1 119
-1 119
-1 119
-1 119
-1 119
-1 119
-1 119
-1 119
-1 119
-1 119
-1 119
-1 119
-1 119
-1 119
-1 119
-1 119
-1 119
-1 119
-1 119
-1 119
-1 119
-1 119
-1 119
-1 119
-1 119
-1 119
-1 119
-1 119
-1 119
-1 119
-1 119
-1 119
-1 119
-1 119
-1 119
-1 119
-1 119
-1 119
-1 119
-1 119
-1 119
-1 119
-1 119
-1 119
-1 119
-1 119
-1 119
-1 119
-1 119
-1 119
-1 119
-1 119
-1 119
-1 119
-1 119
-1 119
-1 119
-1 119
-1 119
-1 119
-1 119
-1 119
-1 119
-1 119
-1 119
-1 119
-1 119
-1 119
-1 119
-1 119
-1 119
-1 119
-1 119
-1 119
-1 119
-1 119
-1 119
-1 119
-1 119
-1 119
-1 119
-1 119
-1 119
-1 119
-1 119
-1 119
-1 119
-1 119
-1 119
-1 119
-1 119
-1 119
-1 119
-1 119
-1 119
-1 119
-1 119
-1 119
-1 119
-1 119
-1 119
-1 119
-1 119
-1 119
-1 119
-1 119
-1 119
-1 119
-1 119
-1 119
-1 119
-1 119
-1 119
-1 119
-1 119
-1 119
-1 119
-1 119
-1 119
-1 119
-1 119
-1 119
-1 119
-1 119
-1 119
-1 119
-1 119
-1 119
-1 119
-1 119
-1 119
-1 119
-1 119
-1 119
-1 119
-1 119
-1 119
-1 46
-1 46
-1 46
-1 46
-1 46
-1 46
-1 46
-1 46
-1 46
-1 46
-1 46
-1 46
-1 46
-1 46
-1 46
-1 46
-1 46
-1 46
-1 46
-1 46
-1 46
-1 46
-1 46
-1 46
-1 46
-1 46
-1 46
-1 46
-1 46
-1 46
-1 46
-1 46
-1 46
-1 46
-1 46
-1 46
-1 46
-1 46
-1 46
-1 46
-1 46
-1 46
-1 46
-1 46
-1 46
-1 46
-1 46
-1 46
-1 46
-1 46
-1 46
-1 46
-1 46
-1 46
-1 46
-1 46
-1 46
-1 46
-1 46
-1 46
-1 46
-1 46
-1 46
-1 46
-1 46
-1 46
-1 46
-1 46
-1 46
-1 46
-1 46
-1 46
-1 46
-1 46
-1 46
-1 46
-1 46
-1 46
-1 46
-1 46
-1 46
-1 46
-1 46
-1 46
-1 46
-1 46
-1 46
-1 46
-1 46
-1 46
-1 46
-1 46
-1 46
-1 46
-1 46
-1 46
-1 46
-1 46
-1 46
-1 46
-1 46
-1 46
-1 46
-1 46
-1 46
-1 46
-1 46
-1 46
-1 46
-1 46
-1 46
-1 46
-1 46
-1 46
-1 46
-1 46
-1 46
-1 46
-1 46
-1 46
-1 46
-1 46
-1 46
-1 46
-1 46
-1 46
-1 46
-1 46
-1 46
-1 46
-1 46
-1 46
-1 46
-1 46
-1 46
-1 46
-1 46
-1 46
-1 46
-1 46
-1 46
-1 46
-1 46
-1 46
-1 46
-1 46
-1 46
-1 46
-1 46
-1 46
-1 46
-1 46
-1 46
-1 46
-1 46
-1 46
-1 46
-1 46
-1 46
-1 46
-1 46
-1 46
-1 46
-1 46
-1 46
-1 46
-1 46
-1 46
-1 46
-1 46
-1 46
-1 46
-1 46
-1 46
-1 46
-1 46
-1 46
-1 46
-1 46
-1 46
-1 46
-1 46
-1 46
-1 46
-1 46
-1 46
-1 46
-1 46
-1 46
-1 46
-1 46
-1 46
-1 46
-1 46
-1 46
-1 46
-1 46
-1 46
-1 46
-1 46
-1 46
-1 46
-1 46
-1 46
-1 46
-1 46
-1 46
-1 46
-1 46
-1 46
-1 46
-1 46
-1 46
-1 46
-1 46
-1 46
-1 46
-1 46
-1 46
-1 46
-1 46
-1 46
-1 46
-1 46
-1 46
-1 46
-1 46
-1 46
-1 46
-1 46
-1 46
-1 46
-1 46
-1 46
-1 46
-1 46
-1 46
-1 46
-1 46
-1 46
-1 46
-1 46
-1 46
-1 46
-1 46
-1 46
-1 46
-1 46
-1 46
-1 46
-1 46
-1 46
-1 46
-1 46
-1 46
-1 46
-1 46
-1 46
-1 46
-1 46
-1 46
-1 46
-1 46
-1 46
-1 46
-1 46
-1 46
-1 46
-1 46
-1 46
-1 46
-1 46
-1 46
-1 46
-1 46
-1 46
-1 46
-1 46
-1 46
-1 46
-1 46
-1 46
-1 46
-1 46
-1 46
-1 46
-1 46
-1 46
-1 46
-1 46
-1 46
-1 46
-1 46
-1 46
-1 46
-1 46
-1 46
-1 46
-1 46
-1 46
-1 46
-1 46
-1 46
-1 46
-1 46
-1 46
-1 46
-1 46
-1 46
-1 46
-1 46
-1 46
-1 46
-1 46
-1 46
-1 46
-1 46
-1 46
-1 46
-1 46
-1 46
-1 46
-1 46
-1 46
-1 46
-1 46
-1 46
-1 46
-1 46
-1 46
-1 46
-1 46
-1 46
-1 46
-1 46
-1 46
-1 46
-1 46
-1 46
-1 46
-1 46
-1 46
-1 46
-1 46
-1 46
-1 46
-1 46
-1 46
-1 46
-1 46
-1 46
-1 46
-1 46
-1 46
-1 46
-1 46
-1 46
-1 46
-1 46
-1 46
-1 46
-1 46
-1 46
-1 46
-1 46
-1 46
-1 46
-1 46
-1 46
-1 46
-1 46
-1 46
-1 46
-1 46
-1 46
-1 46
-1 46
-1 46
-1 46
-1 46
-1 46
-1 46
-1 46
-1 46
-1 46
-1 46
-1 46
-1 46
-1 46
-1 46
-1 46
-1 46
-1 46
-1 46
-1 46
-1 46
-1 46
-1 46
-1 46
-1 46
-1 46
-1 46
-1 46
-1 46
-1 46
-1 46
-1 46
-1 46
-1 46
-1 46
-1 46
-1 46
-1 46
-1 46
-1 46
-1 46
-1 46
-1 46
-1 46
-1 46
-1 46
-1 46
-1 46
-1 46
-1 46
-1 46
-1 46
-1 46
-1 46
-1 46
-1 46
-1 46
-1 46
-1 46
-1 46
-1 46
-1 46
-1 46
-1 46
-1 46
-1 46
-1 46
-1 46
-1 46
-1 46
-1 46
-1 46
-1 46
-1 46
-1 46
-1 46
-1 46
-1 46
-1 46
-1 46
-1 46
-1 46
-1 46
-1 46
-1 100
-1 100
-1 100
-1 100
-1 100
-1 100
-1 100
-1 100
-1 100
-1 100
-1 100
-1 100
-1 100
-1 100
-1 100
-1 100
-1 100
-1 100
-1 100
-1 100
-1 100
-1 100
-1 100
-1 100
-1 100
-1 100
-1 100
-1 100
-1 100
-1 100
-1 100
-1 100
-1 100
-1 100
-1 100
-1 100
-1 100
-1 100
-1 100
-1 100
-1 100
-1 100
-1 100
-1 100
-1 100
-1 100
-1 100
-1 100
-1 100
-1 100
-1 100
-1 100
-1 100
-1 100
-1 100
-1 100
-1 100
-1 100
-1 100
-1 100
-1 100
-1 100
-1 100
-1 100
-1 100
-1 100
-1 100
-1 100
-1 100
-1 100
-1 100
-1 100
-1 100
-1 100
-1 100
-1 100
-1 100
-1 100
-1 100
-1 100
-1 100
-1 100
-1 100
-1 100
-1 100
-1 100
-1 100
-1 100
-1 100
-1 100
-1 100
-1 100
-1 100
-1 100
-1 100
-1 100
-1 100
-1 100
-1 100
-1 100
-1 100
-1 100
-1 100
-1 100
-1 100
-1 100
-1 100
-1 100
-1 100
-1 100
-1 100
-1 100
-1 100
-1 100
-1 100
-1 100
-1 100
-1 100
-1 100
-1 100
-1 100
-1 100
-1 100
-1 100
-1 100
-1 100
-1 100
-1 100
-1 100
-1 100
-1 100
-1 100
-1 100
-1 100
-1 100
-1 100
-1 100
-1 100
-1 100
-1 100
-1 100
-1 100
-1 100
-1 100
-1 100
-1 100
-1 100
-1 100
-1 100
-1 100
-1 100
-1 100
-1 100
-1 100
-1 100
-1 100
-1 100
-1 100
-1 100
-1 100
-1 100
-1 100
-1 100
-1 100
-1 100
-1 100
-1 100
-1 100
-1 100
-1 100
-1 100
-1 100
-1 100
-1 100
-1 100
-1 100
-1 100
-1 100
-1 100
-1 100
-1 100
-1 100
-1 100
-1 100
-1 100
-1 100
-1 100
-1 100
-1 100
-1 100
-1 100
-1 100
-1 100
-1 100
-1 100
-1 100
-1 100
-1 100
-1 100
-1 100
-1 100
-1 100
-1 100
-1 100
-1 100
-1 100
-1 100
-1 100
-1 100
-1 100
-1 100
-1 100
-1 100
-1 100
-1 100
-1 100
-1 100
-1 100
-1 100
-1 100
-1 100
-1 100
-1 100
-1 100
-1 100
-1 100
-1 100
-1 100
-1 100
-1 100
-1 100
-1 100
-1 100
-1 100
-1 100
-1 100
-1 100
-1 100
-1 100
-1 100
-1 100
-1 100
-1 100
-1 100
-1 100
-1 100
-1 100
-1 100
-1 100
-1 100
-1 100
-1 100
-1 100
-1 100
-1 100
-1 100
-1 100
-1 100
-1 100
-1 100
-1 100
-1 100
-1 100
-1 100
-1 100
-1 100
-1 100
-1 100
-1 100
-1 100
-1 100
-1 100
-1 100
-1 100
-1 100
-1 100
-1 100
-1 100
-1 100
-1 100
-1 100
-1 100
-1 100
-1 100
-1 100
-1 100
-1 100
-1 100
-1 100
-1 100
-1 100
-1 100
-1 100
-1 100
-1 100
-1 100
-1 100
-1 100
-1 100
-1 100
-1 100
-1 100
-1 100
-1 100
-1 100
-1 100
-1 100
-1 100
-1 100
-1 100
-1 100
-1 100
-1 100
-1 100
-1 100
-1 100
-1 100
-1 100
-1 100
-1 100
-1 100
-1 100
-1 100
-1 100
-1 100
-1 100
-1 100
-1 100
-1 100
-1 100
-1 100
-1 100
-1 100
-1 100
-1 100
-1 100
-1 100
-1 100
-1 100
-1 100
-1 100
-1 100
-1 100
-1 100
-1 100
-1 100
-1 100
-1 100
-1 100
-1 100
-1 100
-1 100
-1 100
-1 100
-1 100
-1 100
-1 100
-1 100
-1 100
-1 100
-1 100
-1 100
-1 100
-1 100
-1 100
-1 100
-1 100
-1 100
-1 100
-1 100
-1 100
-1 100
-1 100
-1 100
-1 100
-1 100
-1 100
-1 100
-1 100
-1 100
-1 100
-1 100
-1 100
-1 100
-1 100
-1 100
-1 100
-1 100
-1 100
-1 100
-1 100
-1 100
-1 100
-1 100
-1 100
-1 100
-1 100
-1 100
-1 100
-1 100
-1 100
-1 100
-1 100
-1 100
-1 100
-1 100
-1 100
-1 100
-1 100
-1 100
-1 100
-1 100
-1 100
-1 100
-1 100
-1 100
-1 100
-1 100
-1 100
-1 100
-1 100
-1 100
-1 100
-1 100
-1 100
-1 100
-1 100
-1 100
-1 100
-1 100
-1 100
-1 100
-1 100
-1 100
-1 100
-1 100
-1 100
-1 100
-1 100
-1 100
-1 100
-1 100
-1 100
-1 100
-1 100
-1 100
-1 100
-1 100
-1 100
-1 100
-1 100
-1 100
-1 100
-1 100
-1 100
-1 100
-1 100
-1 100
-1 100
-1 100
-1 100
-1 100
-1 100
-1 100
119 134
119 134
-1 134
-1 134
-1 134
-1 134
-1 134
-1 134
-1 134
-1 134
-1 134
-1 134
-1 134
-1 134
-1 134
-1 134
-1 134
-1 134
-1 134
-1 134
-1 134
-1 134
-1 134
-1 134
-1 134
-1 134
-1 134
-1 134
-1 134
-1 134
-1 134
-1 134
-1 134
-1 134
-1 134
-1 134
-1 134
-1 134
-1 134
-1 134
-1 134
-1 134
-1 134
-1 134
-1 134
-1 134
-1 134
-1 134
-1 134
-1 134
-1 134
-1 134
-1 134
-1 134
-1 134
-1 134
-1 134
-1 134
-1 134
-1 134
-1 134
-1 134
-1 134
-1 134
-1 134
-1 134
-1 134
-1 134
-1 134
-1 134
-1 134
-1 134
-1 134
-1 134
-1 134
-1 134
-1 134
-1 134
-1 134
-1 134
-1 134
-1 134
-1 134
-1 134
-1 134
-1 134
-1 134
-1 134
-1 134
-1 134
-1 134
-1 134
-1 134
-1 134
-1 134
-1 134
-1 134
-1 134
-1 134
-1 134
-1 134
-1 134
-1 134
-1 134
-1 134
-1 134
-1 134
-1 134
-1 134
-1 134
-1 134
-1 134
-1 134
-1 134
-1 134
-1 134
-1 134
-1 134
-1 134
-1 134
-1 134
-1 134
-1 134
-1 134
-1 134
-1 134
-1 134
-1 134
-1 134
-1 134
-1 134
-1 134
-1 134
-1 134
-1 134
-1 134
-1 134
-1 134
-1 134
-1 134
-1 134
-1 134
-1 134
-1 134
-1 134
-1 134
-1 134
-1 134
-1 134
-1 134
-1 134
-1 134
-1 134
-1 134
-1 134
-1 134
-1 134
-1 134
-1 134
-1 134
-1 134
-1 134
-1 134
-1 134
-1 134
-1 134
-1 134
-1 134
-1 134
-1 134
-1 134
-1 134
-1 134
-1 134
-1 134
-1 134
-1 134
-1 134
-1 134
-1 134
-1 134
-1 134
-1 134
-1 134
-1 134
-1 134
-1 134
-1 134
-1 134
-1 134
-1 134
-1 134
-1 134
-1 134
-1 134
-1 134
-1 134
-1 134
-1 134
-1 134
-1 134
-1 134
-1 134
-1 134
-1 134
-1 134
-1 134
-1 134
-1 134
-1 134
-1 134
-1 134
-1 134
-1 134
-1 134
-1 134
-1 134
-1 134
-1 134
-1 134
-1 134
-1 134
-1 134
-1 134
-1 134
-1 134
-1 134
-1 134
-1 134
-1 134
-1 134
-1 134
-1 134
-1 134
-1 134
-1 134
-1 134
-1 134
-1 134
-1 134
-1 134
-1 134
-1 134
-1 134
-1 134
-1 134
-1 134
-1 134
-1 134
-1 134
-1 134
-1 134
-1 134
-1 134
-1 134
-1 134
-1 134
-1 134
-1 134
-1 134
-1 134
-1 134
-1 134
-1 134
-1 134
-1 134
-1 134
-1 134
-1 134
-1 134
-1 134
-1 134
-1 134
-1 134
-1 134
-1 134
-1 134
-1 134
-1 134
-1 134
-1 134
-1 134
-1 134
-1 134
-1 134
-1 134
-1 134
-1 134
-1 134
-1 134
-1 134
-1 134
-1 134
-1 134
-1 134
-1 134
-1 134
-1 134
-1 134
-1 134
-1 134
-1 134
-1 134
-1 134
-1 134
-1 134
-1 134
-1 134
-1 134
-1 134
-1 134
-1 134
-1 134
-1 134
-1 134
-1 134
-1 134
-1 134
-1 134
-1 134
-1 134
-1 134
-1 134
-1 134
-1 134
-1 134
-1 134
-1 134
-1 134
-1 134
-1 134
-1 134
-1 134
-1 134
-1 134
-1 134
-1 134
-1 134
-1 134
-1 134
-1 134
-1 134
-1 134
-1 134
-1 134
-1 134
-1 134
-1 134
-1 134
-1 134
-1 134
-1 134
-1 134
-1 134
-1 134
-1 134
-1 134
-1 134
-1 134
-1 134
-1 134
-1 134
-1 134
-1 134
-1 134
-1 134
-1 134
-1 134
-1 134
-1 134
-1 134
-1 134
-1 134
-1 134
-1 134
-1 151
-1 151
-1 151
-1 151
-1 151
-1 151
-1 151
-1 151
-1 151
-1 151
-1 151
-1 151
-1 151
-1 151
-1 151
-1 151
-1 151
-1 151
-1 151
-1 151
-1 151
-1 151
-1 151
-1 151
-1 151
-1 151
-1 151
-1 151
-1 151
-1 151
-1 151
-1 151
-1 151
-1 151
-1 151
-1 151
-1 151
-1 151
-1 151
-1 151
-1 151
-1 151
-1 151
-1 151
-1 151
-1 151
-1 151
-1 151
-1 151
-1 151
-1 151
-1 151
-1 151
-1 151
-1 151
-1 151
-1 151
-1 151
-1 151
-1 151
-1 151
-1 151
-1 151
-1 151
-1 151
-1 151
-1 151
-1 151
-1 151
-1 151
-1 151
-1 151
-1 151
-1 151
-1 151
-1 151
-1 151
-1 151
-1 151
-1 151
-1 151
-1 151
-1 151
-1 151
-1 151
-1 151
-1 151
-1 151
-1 151
-1 151
-1 151
-1 151
-1 151
-1 151
-1 151
-1 151
-1 151
-1 151
-1 151
-1 151
-1 151
-1 151
-1 151
-1 151
-1 151
-1 151
-1 151
-1 151
-1 151
-1 151
-1 151
-1 151
-1 151
-1 151
-1 151
-1 151
-1 151
-1 151
-1 151
-1 151
-1 151
-1 151
-1 151
-1 151
-1 151
-1 151
-1 151
-1 151
-1 151
-1 151
-1 151
-1 151
-1 151
-1 151
-1 151
-1 151
-1 151
-1 151
-1 151
-1 151
-1 151
-1 151
-1 151
-1 151
-1 151
-1 151
-1 151
-1 151
-1 151
-1 151
-1 151
-1 151
-1 151
-1 151
-1 151
-1 151
-1 151
-1 151
-1 151
-1 151
-1 151
-1 151
-1 151
-1 151
-1 151
-1 151
-1 151
-1 151
-1 151
-1 151
-1 151
-1 151
-1 151
-1 151
-1 151
-1 151
-1 151
-1 151
-1 151
-1 151
-1 151
-1 151
-1 151
-1 151
-1 151
-1 151
-1 151
-1 151
-1 151
-1 151
-1 151
-1 151
-1 151
-1 151
-1 151
-1 151
-1 151
-1 151
-1 151
-1 151
-1 151
-1 151
-1 151
-1 151
-1 151
-1 151
-1 151
-1 151
-1 151
-1 151
-1 151
-1 151
-1 151
-1 151
-1 151
-1 151
-1 151
-1 151
-1 151
-1 151
-1 151
-1 151
-1 151
-1 151
-1 151
-1 151
-1 151
-1 151
-1 151
-1 151
-1 151
-1 151
-1 151
-1 151
-1 151
-1 151
-1 151
-1 151
-1 151
-1 151
-1 151
-1 151
-1 151
-1 151
-1 151
-1 151
-1 151
-1 151
-1 151
-1 151
-1 151
-1 151
-1 151
-1 151
-1 151
-1 151
-1 151
-1 151
-1 151
-1 151
-1 151
-1 151
-1 151
-1 151
-1 151
-1 151
-1 151
-1 151
-1 151
-1 151
-1 151
-1 151
-1 151
-1 151
-1 151
-1 151
-1 151
-1 151
-1 151
-1 151
-1 151
-1 151
-1 151
-1 151
-1 151
-1 151
-1 151
-1 151
-1 151
-1 151
-1 151
-1 151
-1 151
-1 151
-1 151
-1 151
-1 151
-1 151
-1 151
-1 151
-1 151
-1 151
-1 151
-1 151
-1 151
-1 151
-1 151
-1 151
-1 151
-1 151
-1 151
-1 151
-1 151
-1 151
-1 151
-1 151
-1 151
-1 151
-1 151
-1 151
-1 151
-1 151
-1 151
-1 151
-1 151
-1 151
-1 151
-1 151
-1 151
-1 151
-1 151
-1 151
-1 151
-1 151
-1 151
-1 151
-1 151
-1 151
-1 151
-1 151
-1 151
-1 151
-1 151
-1 151
-1 151
-1 151
-1 151
-1 151
-1 151
-1 151
-1 151
-1 151
-1 151
-1 151
-1 151
-1 151
-1 151
-1 151
-1 151
-1 151
-1 151
-1 151
-1 151
-1 151
-1 151
-1 151
-1 151
-1 151
-1 151
-1 151
-1 151
-1 151
-1 151
-1 151
-1 151
-1 151
-1 151
-1 151
-1 151
-1 151
-1 151
-1 151
-1 151
-1 151
-1 151
-1 151
-1 151
-1 151
-1 151
-1 151
-1 151
-1 151
-1 151
-1 151
-1 151
-1 151
-1 151
-1 151
-1 151
-1 151
-1 151
-1 151
-1 151
-1 151
-1 151
-1 151
-1 151
-1 151
-1 151
-1 151
-1 151
-1 151
-1 151
-1 151
-1 151
-1 151
-1 151
-1 151
-1 151
-1 151
-1 151
-1 151
-1 151
-1 151
-1 151
-1 151
-1 151
-1 151
-1 151
-1 151
-1 151
-1 151
-1 151
-1 151
-1 151
-1 151
-1 151
-1 151
-1 151
-1 151
-1 151
-1 151
-1 151
-1 151
-1 151
-1 151
-1 151
-1 151
-1 151
-1 151
-1 151
-1 151
-1 151
-1 151
-1 151
-1 151
-1 151
-1 151
-1 151
-1 151
-1 151
-1 151
-1 151
-1 151
-1 151
-1 151
-1 151
-1 151
-1 151
-1 151
-1 151
-1 151
-1 151
-1 151
-1 151
-1 151
-1 151
-1 151
-1 151
-1 151
-1 151
-1 151
-1 151
-1 151
-1 151
-1 151
-1 151
-1 151
-1 151
-1 151
-1 151
-1 151
-1 151
-1 151
-1 151
-1 151
-1 151
