-1 4
-1 4
-1 4
-1 4
-1 4
-1 4
-1 4
-1 4
-1 4
-1 4
-1 4
-1 4
-1 4
-1 4
-1 4
-1 4
-1 4
-1 4
-1 4
-1 4
-1 4
-1 4
-1 4
-1 4
-1 4
-1 4
-1 4
-1 4
-1 4
-1 4
-1 4
-1 4
-1 4
-1 4
-1 4
-1 4
-1 4
-1 4
-1 4
-1 4
-1 4
-1 4
-1 4
-1 4
-1 4
-1 4
-1 4
-1 4
-1 4
-1 4
-1 4
-1 4
-1 4
-1 4
-1 4
-1 4
-1 4
-1 4
-1 4
-1 4
-1 4
-1 4
-1 4
-1 4
-1 4
-1 4
-1 4
-1 4
-1 4
-1 4
-1 4
-1 4
-1 4
-1 4
-1 4
-1 4
-1 4
-1 4
-1 4
-1 4
-1 4
-1 4
-1 4
-1 4
-1 4
-1 4
-1 4
-1 4
-1 4
-1 4
-1 4
-1 4
-1 4
-1 4
-1 4
-1 4
-1 4
-1 4
-1 4
-1 4
4 93
4 93
93 29
93 29
29 71
29 71
29 71
71 117
71 125
71 125
125 150
125 157
125 157
157 176
150 193
176 156
156 92
71 194
71 194
71 194
125 129
125 129
125 129
157 166
157 166
166 132
166 132
132 21
21 34
34 139
34 139
139 46
46 3
46 3
139 47
139 47
46 171
46 171
3 74
3 74
74 100
47 63
47 63
47 63
47 63
47 63
166 154
166 154
154 119
154 119
119 195
119 195
119 195
195 64
195 64
195 134
195 134
-1 1
-1 1
-1 1
-1 1
-1 1
-1 1
-1 1
-1 1
-1 1
-1 1
-1 1
-1 1
-1 1
-1 1
-1 1
-1 1
-1 1
-1 1
-1 1
-1 1
-1 1
-1 1
-1 1
-1 1
-1 1
-1 1
-1 1
-1 1
-1 1
-1 1
-1 1
-1 1
-1 1
-1 1
-1 1
-1 1
-1 1
-1 1
-1 1
-1 1
-1 1
-1 1
-1 1
-1 1
-1 1
-1 1
-1 1
-1 1
-1 1
-1 1
-1 1
-1 1
-1 1
-1 1
-1 1
-1 1
-1 1
-1 1
-1 1
-1 1
-1 1
-1 1
-1 1
-1 1
-1 1
-1 1
-1 1
-1 1
-1 1
-1 1
-1 1
-1 1
-1 1
-1 1
-1 1
-1 1
-1 1
-1 1
-1 1
-1 1
-1 1
-1 1
-1 1
-1 1
-1 1
-1 1
-1 1
-1 1
-1 1
-1 1
-1 1
-1 1
-1 1
-1 1
-1 1
-1 1
-1 1
-1 1
-1 1
-1 1
-1 1
-1 1
-1 1
-1 1
-1 36
-1 36
-1 36
-1 36
-1 36
-1 36
-1 36
-1 36
-1 36
-1 36
-1 36
-1 36
-1 36
-1 36
-1 36
-1 36
-1 36
-1 36
-1 36
-1 36
-1 36
-1 36
-1 36
-1 36
-1 36
-1 36
-1 36
-1 36
-1 36
-1 36
-1 36
-1 36
-1 36
-1 36
-1 36
-1 36
-1 36
-1 36
-1 36
-1 36
-1 36
-1 36
-1 36
-1 36
-1 36
-1 36
-1 36
-1 36
-1 36
-1 36
-1 36
-1 36
-1 36
-1 36
-1 36
-1 36
-1 36
-1 36
-1 36
-1 36
-1 36
-1 36
-1 36
-1 36
-1 36
-1 36
-1 36
-1 36
-1 36
-1 36
-1 36
-1 36
-1 36
-1 36
-1 36
-1 36
-1 36
-1 36
-1 36
-1 36
-1 36
-1 36
-1 36
-1 36
-1 36
-1 36
-1 36
-1 36
-1 36
-1 36
-1 36
-1 36
-1 36
-1 36
-1 36
-1 36
-1 36
-1 36
-1 36
-1 36
-1 36
-1 36
-1 36
-1 36
-1 36
-1 36
-1 36
-1 36
-1 36
-1 36
-1 36
134 25
134 25
134 25
134 25
25 118
118 83
118 113
118 113
171 24
171 24
171 24
171 24
74 162
74 162
100 30
63 148
63 148
63 148
63 148
148 79
148 79
79 75
79 75
79 75
79 75
64 102
24 9
24 9
30 173
30 173
30 173
193 149
193 149
119 149
149 33
149 33
149 15
149 15
149 15
15 58
15 58
58 18
18 175
18 175
18 167
18 167
18 167
15 54
15 54
15 54
15 54
54 81
54 81
81 27
81 27
27 84
27 84
167 160
167 160
84 23
23 103
23 103
23 103
23 103
103 124
103 124
124 53
103 137
103 137
103 137
53 151
53 151
53 151
151 59
151 59
151 59
160 8
160 8
160 8
160 8
8 88
8 88
124 116
124 116
124 116
116 89
116 89
116 89
89 39
89 39
89 13
89 13
89 13
13 20
13 20
13 20
13 20
13 20
20 19
20 19
19 170
170 126
126 105
126 105
105 189
105 189
105 189
105 189
189 161
189 95
189 95
161 106
161 106
161 106
161 106
106 107
106 107
106 107
106 107
173 107
107 37
107 37
37 41
37 41
37 41
4 45
4 45
-1 45
-1 45
-1 45
-1 45
-1 45
-1 45
-1 45
-1 45
-1 45
-1 45
-1 45
-1 45
-1 45
-1 45
-1 45
-1 45
-1 45
45 57
45 57
57 179
57 179
57 179
57 179
57 179
57 179
59 108
59 108
59 108
59 108
59 108
59 108
102 82
102 82
102 82
195 82
82 112
82 112
82 112
82 112
112 153
112 153
153 185
153 185
137 185
118 101
118 101
189 145
81 145
145 98
145 98
145 98
185 110
185 110
185 110
185 110
129 110
110 32
110 32
110 69
110 69
110 69
110 69
41 50
41 50
41 50
117 50
-1 50
-1 50
-1 50
-1 50
-1 50
-1 50
-1 50
-1 50
-1 50
-1 50
-1 50
113 121
113 121
116 121
121 101
121 101
101 198
101 198
156 198
198 52
198 169
198 169
198 169
52 91
52 91
91 140
91 140
91 140
91 140
91 140
91 140
92 140
92 140
140 136
140 136
140 136
140 136
140 136
136 16
16 109
16 109
16 109
16 109
16 109
88 163
88 163
88 163
88 163
88 163
79 163
79 163
163 44
163 143
44 55
44 55
44 55
163 96
163 96
44 146
44 146
44 146
146 183
146 183
146 183
146 183
146 183
183 7
183 7
7 2
2 127
2 127
2 127
2 177
2 177
2 177
177 187
177 187
187 108
-1 69
-1 69
-1 69
-1 69
-1 69
-1 69
-1 69
-1 69
-1 69
-1 69
-1 69
-1 69
-1 69
-1 69
-1 69
-1 69
-1 69
-1 69
-1 69
-1 69
-1 69
-1 69
-1 69
-1 69
-1 69
127 99
99 43
99 43
99 43
43 90
43 90
90 60
90 60
143 48
143 48
143 48
-1 48
-1 48
-1 48
-1 48
-1 48
-1 48
-1 48
-1 48
-1 48
-1 48
-1 48
-1 48
-1 48
-1 48
-1 48
-1 48
-1 48
-1 48
-1 48
-1 48
-1 48
-1 48
-1 48
-1 48
-1 48
-1 48
96 191
96 191
96 191
96 191
96 191
96 191
169 191
169 191
54 191
145 131
145 131
145 131
45 131
45 131
131 196
131 196
131 196
196 122
196 122
196 122
196 122
132 10
-1 10
-1 10
-1 10
-1 10
-1 10
-1 10
-1 10
-1 10
-1 10
-1 10
-1 10
-1 10
-1 10
-1 10
-1 10
-1 10
-1 10
-1 10
-1 10
-1 10
-1 10
-1 10
-1 10
-1 10
-1 10
-1 10
-1 10
-1 10
-1 10
-1 10
-1 10
-1 10
-1 10
-1 10
-1 10
-1 10
-1 10
-1 10
-1 10
-1 10
-1 10
-1 10
-1 10
-1 10
-1 10
-1 10
-1 10
-1 10
-1 10
-1 10
-1 10
-1 10
-1 10
-1 10
-1 10
-1 10
-1 10
-1 10
-1 10
-1 10
55 11
55 11
55 11
-1 11
-1 11
-1 11
-1 11
-1 11
-1 11
-1 11
-1 11
-1 11
-1 11
-1 11
-1 11
-1 11
-1 11
-1 11
-1 11
-1 11
-1 11
-1 11
-1 11
-1 11
-1 11
-1 11
-1 11
-1 11
-1 11
-1 11
-1 11
-1 11
-1 11
-1 11
-1 11
-1 11
-1 11
-1 11
-1 11
-1 11
-1 11
-1 11
-1 11
-1 11
-1 11
-1 11
-1 11
-1 11
-1 11
-1 11
-1 11
-1 11
-1 11
-1 11
-1 11
-1 11
-1 11
-1 11
-1 11
-1 11
-1 11
-1 11
-1 11
-1 11
-1 11
-1 11
-1 11
-1 11
-1 11
-1 11
-1 11
-1 11
-1 11
-1 11
-1 11
-1 11
-1 11
-1 11
-1 11
-1 11
-1 11
-1 11
-1 11
-1 11
-1 11
-1 11
-1 11
36 165
18 165
48 38
48 38
48 38
1 38
1 38
1 38
1 38
109 62
109 62
95 62
95 62
62 120
62 120
34 144
34 144
27 144
27 144
27 144
27 144
108 144
144 17
144 17
144 17
8 17
10 70
10 70
10 70
9 70
39 76
139 76
139 76
-1 76
-1 76
-1 76
-1 76
-1 76
-1 76
-1 76
-1 76
-1 76
-1 76
-1 76
-1 76
-1 76
-1 76
-1 76
-1 76
-1 76
-1 76
-1 76
-1 76
-1 76
-1 76
-1 76
-1 76
-1 76
-1 76
-1 76
-1 76
-1 76
-1 76
-1 76
-1 76
-1 76
187 40
187 40
187 40
194 40
121 104
122 104
105 123
105 123
20 123
21 123
21 123
40 114
40 114
40 114
40 114
40 114
40 114
3 114
134 114
114 123
123 31
123 31
183 141
154 133
154 133
191 147
191 147
33 182
32 182
32 182
76 49
76 49
76 49
76 49
76 49
163 49
103 49
25 97
25 97
75 22
75 22
75 22
69 22
148 22
151 197
151 197
151 197
114 197
177 85
37 85
149 0
195 5
38 42
38 42
38 42
176 42
11 42
31 172
31 172
31 172
31 172
53 172
46 94
131 180
131 180
60 73
60 73
60 73
60 73
60 73
60 73
29 73
29 73
29 73
50 26
50 26
179 87
45 192
45 192
119 115
119 115
58 115
83 66
120 66
120 66
116 181
162 111
162 111
162 111
162 111
162 111
1 14
175 61
52 155
23 155
173 142
173 142
7 184
7 184
150 135
47 6
198 35
198 35
-1 165
-1 165
-1 165
-1 165
-1 165
-1 165
-1 165
-1 165
-1 165
-1 165
-1 165
-1 165
-1 165
-1 165
-1 165
-1 165
-1 165
-1 165
-1 165
-1 165
-1 165
-1 165
-1 165
-1 165
-1 165
-1 165
-1 165
-1 165
-1 165
-1 165
-1 165
-1 165
-1 165
-1 165
-1 165
-1 165
-1 165
-1 165
-1 17
-1 17
-1 17
-1 17
-1 17
-1 17
-1 17
-1 17
-1 17
-1 17
-1 17
-1 17
-1 17
-1 17
-1 17
-1 17
-1 17
-1 17
-1 17
-1 17
-1 17
-1 17
-1 17
-1 17
-1 17
-1 17
-1 17
-1 17
-1 17
-1 17
-1 17
-1 17
-1 17
-1 17
-1 17
-1 17
-1 17
-1 17
-1 17
-1 17
-1 17
-1 17
-1 17
165 70
165 70
165 70
70 5
70 5
5 147
5 147
5 147
17 172
165 181
165 181
165 181
172 86
172 86
86 66
86 115
86 115
181 49
5 97
5 97
5 97
115 141
115 141
147 22
70 94
70 94
70 94
70 94
86 158
86 158
66 159
66 159
66 159
66 159
17 6
17 6
-1 104
-1 104
-1 104
-1 104
-1 104
-1 104
-1 104
-1 104
-1 104
-1 104
-1 104
-1 104
-1 104
-1 104
-1 104
-1 104
-1 104
-1 104
-1 104
-1 104
-1 104
-1 104
-1 104
-1 104
-1 104
-1 104
-1 104
-1 104
-1 104
-1 104
-1 104
-1 104
-1 104
-1 104
-1 104
-1 104
-1 104
-1 104
-1 104
-1 104
-1 104
-1 104
-1 104
-1 49
-1 49
-1 49
-1 49
-1 49
-1 49
-1 49
-1 49
-1 49
-1 49
-1 49
-1 49
-1 49
-1 49
-1 49
-1 49
-1 49
-1 49
-1 49
-1 49
-1 49
-1 49
-1 49
-1 49
-1 49
-1 49
-1 49
-1 49
-1 49
-1 49
-1 49
-1 49
-1 49
-1 49
-1 49
-1 49
-1 49
-1 49
-1 49
-1 49
-1 49
-1 49
-1 49
-1 49
-1 49
-1 49
-1 49
-1 49
-1 49
-1 49
-1 49
-1 49
-1 49
-1 49
-1 49
-1 49
-1 49
-1 49
-1 49
-1 85
-1 85
-1 85
-1 85
-1 85
-1 85
-1 85
-1 85
-1 85
-1 85
-1 85
-1 85
-1 85
-1 85
-1 85
-1 85
-1 85
-1 85
-1 85
-1 85
-1 85
-1 85
-1 85
-1 85
-1 85
-1 85
-1 85
-1 85
-1 85
-1 85
-1 85
-1 85
-1 85
-1 85
-1 85
-1 85
-1 85
-1 85
-1 85
-1 85
-1 85
-1 85
-1 85
-1 85
-1 85
-1 85
-1 85
-1 85
-1 85
-1 85
-1 85
-1 85
-1 85
-1 85
-1 85
-1 85
-1 85
-1 85
-1 85
-1 85
-1 85
-1 85
-1 85
-1 85
-1 85
-1 85
-1 85
-1 85
-1 97
-1 97
-1 97
-1 97
-1 97
-1 97
-1 97
-1 97
-1 97
-1 97
-1 97
-1 97
-1 97
-1 97
-1 97
-1 97
-1 97
-1 97
-1 97
-1 97
-1 97
-1 97
-1 97
-1 97
-1 97
-1 97
-1 97
-1 97
-1 97
-1 97
-1 97
-1 97
-1 97
-1 97
-1 97
-1 97
-1 97
-1 97
-1 97
-1 97
-1 97
-1 97
-1 97
-1 97
-1 97
-1 97
-1 97
-1 97
-1 97
-1 97
-1 97
-1 97
-1 97
-1 97
-1 97
-1 97
-1 97
-1 97
-1 97
-1 97
-1 97
-1 97
-1 97
-1 97
-1 97
-1 97
-1 97
-1 97
-1 97
-1 97
-1 97
-1 97
97 22
97 35
97 35
22 133
104 182
104 182
104 182
49 174
49 174
49 174
22 174
85 138
85 138
85 138
85 138
85 138
85 138
97 73
97 73
97 73
174 0
174 0
133 87
35 130
35 130
35 130
35 130
-1 182
-1 182
-1 182
-1 182
-1 182
-1 182
-1 182
-1 182
182 186
182 186
182 186
182 186
182 186
182 186
186 190
186 190
-1 141
-1 141
-1 141
-1 141
-1 141
-1 141
-1 141
-1 141
-1 141
-1 141
-1 141
-1 141
-1 141
-1 141
-1 141
-1 141
-1 141
-1 141
-1 141
-1 141
-1 141
-1 141
-1 141
-1 141
-1 141
-1 141
-1 141
-1 141
-1 141
-1 141
-1 141
-1 141
-1 141
-1 141
-1 141
-1 141
-1 141
-1 141
-1 141
-1 141
-1 141
-1 141
-1 141
-1 141
-1 141
-1 141
-1 141
-1 141
-1 141
-1 141
-1 141
-1 141
-1 141
-1 141
-1 141
-1 141
-1 141
-1 141
-1 141
-1 141
-1 141
-1 141
-1 141
-1 141
-1 141
-1 141
-1 141
-1 141
-1 141
-1 141
-1 141
-1 141
-1 141
-1 141
-1 141
-1 141
-1 141
-1 141
-1 141
-1 141
-1 141
-1 141
-1 141
-1 141
-1 141
-1 141
-1 141
-1 141
-1 141
141 159
141 159
141 159
141 159
-1 159
-1 159
-1 159
-1 159
-1 159
-1 159
-1 159
-1 159
-1 159
-1 159
-1 159
-1 159
-1 159
-1 159
-1 159
-1 159
-1 159
-1 159
-1 159
-1 159
-1 159
-1 159
-1 159
-1 159
-1 159
-1 159
-1 159
-1 159
-1 159
-1 159
-1 159
-1 159
-1 159
-1 159
-1 159
-1 159
-1 159
-1 159
-1 159
-1 159
-1 159
-1 159
-1 159
-1 159
-1 159
-1 159
-1 159
-1 159
-1 159
-1 159
-1 159
-1 159
-1 159
-1 159
-1 159
-1 159
-1 159
-1 159
-1 159
-1 159
-1 159
-1 159
-1 159
159 197
159 197
-1 138
-1 138
-1 138
-1 138
-1 138
-1 138
-1 138
-1 138
-1 138
-1 138
-1 138
-1 138
-1 138
-1 138
-1 138
-1 138
-1 138
-1 138
-1 138
-1 138
-1 138
-1 138
-1 138
-1 138
-1 138
-1 138
-1 138
-1 138
-1 138
-1 138
-1 138
-1 138
-1 138
-1 138
-1 138
-1 138
-1 138
-1 138
-1 138
-1 138
-1 138
-1 138
-1 138
-1 138
-1 138
-1 138
-1 138
-1 138
-1 138
-1 138
-1 138
-1 138
-1 138
-1 138
-1 138
-1 138
-1 138
-1 138
-1 138
-1 138
-1 138
-1 138
-1 138
-1 138
-1 138
-1 138
-1 138
-1 138
-1 138
-1 138
-1 138
-1 138
-1 138
-1 138
-1 138
-1 138
-1 138
-1 138
-1 138
-1 138
-1 138
-1 138
-1 138
-1 138
-1 138
-1 138
-1 138
-1 138
-1 138
-1 138
-1 138
-1 138
-1 138
-1 138
-1 138
-1 138
-1 138
-1 138
-1 138
-1 138
-1 138
-1 138
-1 138
-1 138
138 178
-1 197
-1 197
-1 197
-1 197
-1 197
-1 197
-1 197
-1 197
-1 197
-1 197
-1 197
-1 197
-1 197
-1 197
-1 197
-1 197
-1 197
-1 197
-1 197
-1 197
-1 197
-1 197
-1 197
-1 197
-1 197
-1 197
-1 197
-1 197
-1 197
-1 197
-1 197
-1 197
-1 197
-1 197
-1 197
-1 197
-1 197
-1 197
-1 197
-1 197
-1 197
-1 197
-1 197
-1 197
-1 197
-1 197
-1 197
-1 197
-1 197
-1 197
-1 197
-1 197
-1 197
-1 197
-1 197
-1 197
-1 197
-1 197
-1 197
-1 197
-1 197
-1 197
-1 197
-1 197
-1 197
-1 197
-1 197
-1 197
-1 197
-1 197
-1 197
-1 197
-1 197
-1 197
-1 197
-1 197
-1 197
-1 197
-1 197
-1 197
-1 197
-1 197
-1 197
-1 197
-1 197
-1 197
-1 197
-1 197
-1 197
-1 197
-1 197
-1 197
-1 197
-1 197
-1 197
-1 197
-1 197
-1 197
-1 197
-1 197
-1 197
-1 197
-1 197
-1 197
-1 197
-1 197
-1 197
-1 197
-1 197
-1 197
-1 197
-1 197
-1 197
-1 197
-1 197
-1 197
-1 197
-1 197
-1 197
-1 197
-1 197
-1 197
-1 197
-1 197
-1 197
-1 197
-1 197
-1 197
-1 197
-1 197
-1 197
-1 197
-1 197
-1 197
-1 73
-1 73
-1 73
-1 73
-1 73
-1 73
-1 73
-1 73
-1 73
-1 73
-1 73
-1 73
-1 73
-1 73
-1 73
-1 73
-1 73
-1 73
-1 73
-1 73
-1 73
-1 73
-1 73
-1 73
-1 73
-1 73
-1 73
-1 73
-1 73
-1 73
-1 73
-1 73
-1 73
-1 73
-1 73
-1 73
-1 73
-1 73
-1 73
-1 73
-1 73
-1 73
-1 73
-1 73
-1 73
-1 73
-1 73
-1 73
-1 73
-1 73
-1 73
-1 73
-1 73
-1 73
-1 73
-1 73
-1 73
-1 73
-1 73
-1 73
-1 73
-1 73
-1 73
-1 73
-1 73
-1 73
-1 73
-1 73
-1 73
-1 73
-1 73
-1 73
-1 73
-1 73
-1 73
-1 73
-1 73
-1 73
-1 73
-1 73
-1 73
-1 73
-1 73
-1 73
-1 73
-1 73
-1 73
-1 73
-1 73
-1 73
-1 73
-1 73
-1 73
-1 73
-1 73
-1 73
-1 73
-1 73
-1 73
-1 73
-1 73
-1 73
-1 73
-1 73
-1 73
-1 73
-1 73
-1 73
-1 73
-1 73
-1 73
-1 73
-1 73
-1 73
-1 73
-1 73
-1 73
-1 73
-1 73
-1 73
-1 73
-1 73
-1 73
-1 73
-1 73
-1 73
-1 73
-1 73
-1 73
-1 73
-1 73
-1 73
-1 73
-1 73
-1 73
-1 73
-1 73
-1 73
-1 73
-1 73
-1 73
-1 73
-1 73
-1 73
-1 73
-1 73
-1 73
-1 73
-1 73
-1 73
-1 73
-1 42
-1 42
-1 42
-1 42
-1 42
-1 42
-1 42
-1 42
-1 42
-1 42
-1 42
-1 42
-1 42
-1 42
-1 42
-1 42
-1 42
-1 42
-1 42
-1 42
-1 42
-1 42
-1 42
-1 42
-1 42
-1 42
-1 42
-1 42
-1 42
-1 42
-1 42
-1 42
-1 42
-1 42
-1 42
-1 42
-1 42
-1 42
-1 42
-1 42
-1 42
-1 42
-1 42
-1 42
-1 42
-1 42
-1 42
-1 42
-1 42
-1 42
-1 42
-1 42
-1 42
-1 42
-1 42
-1 42
-1 42
-1 42
-1 42
-1 42
-1 42
-1 42
-1 42
-1 42
-1 42
-1 42
-1 42
-1 42
-1 42
-1 42
-1 42
-1 42
-1 42
-1 42
-1 42
-1 42
-1 42
-1 42
-1 42
-1 42
-1 42
-1 42
-1 42
-1 42
-1 42
-1 42
-1 42
-1 42
-1 42
-1 42
-1 42
-1 42
-1 42
-1 42
-1 42
-1 42
-1 42
-1 42
-1 42
-1 42
-1 42
-1 42
-1 42
-1 42
-1 42
-1 42
-1 42
-1 42
-1 42
-1 42
-1 42
-1 42
-1 42
-1 42
-1 42
-1 42
-1 42
-1 42
-1 42
-1 42
-1 42
-1 42
-1 42
-1 42
-1 42
-1 42
-1 42
-1 42
-1 42
-1 42
-1 42
-1 42
-1 42
-1 42
-1 42
-1 42
-1 42
-1 42
-1 42
-1 42
-1 42
-1 42
-1 42
-1 42
-1 42
-1 42
-1 42
-1 42
-1 42
-1 42
-1 42
-1 42
-1 42
-1 42
-1 42
-1 42
-1 42
-1 42
-1 42
-1 42
-1 42
-1 42
-1 42
-1 94
-1 94
-1 94
-1 94
-1 94
-1 94
-1 94
-1 94
-1 94
-1 94
-1 94
-1 94
-1 94
-1 94
-1 94
-1 94
-1 94
-1 94
-1 94
-1 94
-1 94
-1 94
-1 94
-1 94
-1 94
-1 94
-1 94
-1 94
-1 94
-1 94
-1 94
-1 94
-1 94
-1 94
-1 94
-1 94
-1 94
-1 94
-1 94
-1 94
-1 94
-1 94
-1 94
-1 94
-1 94
-1 94
-1 94
-1 94
-1 94
-1 94
-1 94
-1 94
-1 94
-1 94
-1 94
-1 94
-1 94
-1 94
-1 94
-1 94
-1 94
-1 94
-1 94
-1 94
-1 94
-1 94
-1 94
-1 94
-1 94
-1 94
-1 94
-1 94
-1 94
-1 94
-1 94
-1 94
-1 94
-1 94
-1 94
-1 94
-1 94
-1 94
-1 94
-1 94
-1 94
-1 94
-1 94
-1 94
-1 94
-1 94
-1 94
-1 94
-1 94
-1 94
-1 94
-1 94
-1 94
-1 94
-1 94
-1 94
-1 94
-1 94
-1 94
-1 94
-1 94
-1 94
-1 94
-1 94
-1 94
-1 94
-1 94
-1 94
-1 94
-1 94
-1 94
-1 94
-1 94
-1 94
-1 94
-1 94
-1 94
-1 94
-1 94
-1 94
-1 94
-1 94
-1 94
-1 94
-1 94
-1 94
-1 94
-1 94
-1 94
-1 94
-1 94
-1 94
-1 94
-1 94
-1 94
-1 94
-1 94
-1 94
-1 94
-1 94
-1 94
-1 94
-1 94
-1 94
-1 94
-1 94
-1 94
-1 94
-1 94
-1 94
-1 94
-1 94
-1 94
-1 94
-1 94
-1 94
-1 94
-1 94
-1 94
-1 94
-1 94
-1 94
-1 94
-1 94
-1 94
-1 94
-1 94
-1 94
-1 94
-1 94
-1 94
-1 94
-1 94
-1 0
-1 0
-1 0
-1 0
-1 0
-1 0
-1 0
-1 0
-1 0
-1 0
-1 0
-1 0
-1 0
-1 0
-1 0
-1 0
-1 0
-1 0
-1 0
-1 0
-1 0
-1 0
-1 0
-1 0
-1 0
-1 0
-1 0
-1 0
-1 0
-1 0
-1 0
-1 0
-1 0
-1 0
-1 0
-1 0
-1 0
-1 0
-1 0
-1 0
-1 0
-1 0
-1 0
-1 0
-1 0
-1 0
-1 0
-1 0
-1 0
-1 0
-1 0
-1 0
-1 0
-1 0
-1 0
-1 0
-1 0
-1 0
-1 0
-1 0
-1 0
-1 0
-1 0
-1 0
-1 0
-1 0
-1 0
-1 0
-1 0
-1 0
-1 0
-1 0
-1 0
-1 0
-1 0
-1 0
-1 0
-1 0
-1 0
-1 0
-1 0
-1 0
-1 0
-1 0
-1 0
-1 0
-1 0
-1 0
-1 0
-1 0
-1 0
-1 0
-1 0
-1 0
-1 0
-1 0
-1 0
-1 0
-1 0
-1 0
-1 0
-1 0
-1 0
-1 0
-1 0
-1 0
-1 0
-1 0
-1 0
-1 0
-1 0
-1 0
-1 0
-1 0
-1 0
-1 0
-1 0
-1 0
-1 0
-1 0
-1 0
-1 0
-1 0
-1 0
-1 0
-1 0
-1 0
-1 0
-1 0
-1 0
-1 0
-1 0
-1 0
-1 0
-1 0
-1 0
-1 0
-1 0
-1 0
-1 0
-1 0
-1 0
-1 0
-1 0
-1 0
-1 0
-1 0
-1 0
-1 0
-1 0
-1 0
-1 0
-1 0
-1 0
-1 0
-1 0
-1 0
-1 0
-1 0
-1 0
-1 0
-1 0
-1 0
-1 0
-1 0
-1 0
-1 0
-1 0
-1 0
-1 0
-1 0
-1 0
-1 0
-1 0
-1 0
-1 0
-1 0
-1 0
197 188
197 188
197 188
197 188
0 178
0 178
0 178
0 178
73 26
73 26
73 26
42 26
42 26
94 192
94 192
-1 188
-1 188
-1 188
-1 188
-1 188
-1 188
-1 188
-1 188
-1 188
-1 188
-1 188
-1 188
-1 188
-1 188
-1 188
-1 188
-1 188
-1 188
-1 188
-1 188
-1 188
-1 188
-1 188
-1 188
-1 188
-1 188
-1 188
-1 188
-1 188
-1 188
-1 188
-1 188
-1 188
-1 188
-1 188
-1 188
-1 188
-1 188
-1 188
-1 188
-1 188
-1 188
-1 188
-1 188
-1 188
-1 188
-1 188
-1 188
-1 188
-1 188
-1 188
-1 188
-1 188
-1 188
-1 188
-1 188
-1 188
-1 188
-1 188
-1 188
-1 188
-1 188
-1 188
-1 188
-1 188
-1 188
-1 188
-1 188
-1 188
-1 188
-1 188
-1 188
-1 188
-1 188
-1 188
-1 188
-1 188
-1 188
-1 188
-1 188
-1 188
-1 188
-1 188
-1 188
-1 188
-1 188
-1 188
-1 188
-1 188
-1 188
-1 188
-1 188
-1 188
-1 188
-1 26
-1 26
-1 26
-1 26
-1 26
-1 26
-1 26
-1 26
-1 26
-1 26
-1 26
-1 26
-1 26
-1 26
-1 26
-1 26
-1 26
-1 26
-1 26
-1 26
-1 26
-1 26
-1 26
-1 26
-1 26
-1 26
-1 26
-1 26
-1 26
-1 26
-1 26
-1 26
-1 26
-1 26
-1 26
-1 26
-1 26
-1 26
-1 26
-1 26
-1 26
-1 26
-1 26
-1 26
-1 26
-1 26
-1 26
-1 26
-1 26
-1 26
-1 26
-1 26
-1 26
-1 26
-1 26
-1 26
-1 26
-1 26
-1 26
-1 26
-1 26
-1 26
-1 26
-1 26
-1 26
-1 26
-1 26
-1 26
-1 26
-1 26
-1 26
-1 26
-1 26
-1 26
-1 26
-1 26
-1 26
-1 26
-1 26
-1 26
-1 26
-1 26
-1 26
-1 26
-1 26
-1 26
-1 26
-1 26
-1 26
-1 26
-1 26
-1 26
-1 26
-1 26
-1 26
-1 26
-1 26
-1 26
-1 26
-1 26
-1 26
-1 26
-1 26
-1 26
-1 26
-1 26
-1 26
-1 26
-1 26
-1 26
-1 26
-1 26
-1 26
-1 26
-1 26
-1 26
-1 26
-1 26
-1 26
-1 26
188 135
188 135
-1 178
-1 178
-1 178
-1 178
-1 178
-1 178
-1 178
-1 178
-1 178
-1 178
-1 178
-1 178
-1 178
-1 178
-1 178
-1 178
-1 178
-1 178
-1 178
-1 178
-1 178
-1 178
-1 178
-1 178
-1 178
-1 178
-1 178
-1 178
-1 178
-1 178
-1 178
-1 178
-1 178
-1 178
-1 178
-1 178
-1 178
-1 178
-1 178
-1 178
-1 178
-1 178
-1 178
-1 178
-1 178
-1 178
-1 178
-1 178
-1 178
-1 178
-1 178
-1 178
-1 178
-1 178
-1 178
-1 178
-1 178
-1 178
-1 178
-1 178
-1 178
-1 178
-1 178
-1 178
-1 178
-1 178
-1 178
-1 178
-1 178
-1 178
-1 178
-1 178
-1 178
-1 178
-1 178
-1 178
-1 178
-1 178
-1 178
-1 178
-1 178
-1 178
-1 178
-1 178
-1 178
-1 178
-1 178
-1 178
-1 178
-1 178
-1 178
-1 178
-1 178
-1 178
-1 178
-1 178
-1 178
-1 178
-1 178
-1 178
-1 178
-1 178
-1 178
-1 178
-1 178
-1 178
-1 178
-1 178
-1 178
-1 178
-1 178
-1 178
-1 178
-1 178
-1 178
-1 178
-1 178
-1 178
-1 178
-1 178
-1 178
-1 178
-1 178
-1 178
-1 178
-1 178
-1 178
-1 178
-1 178
-1 178
-1 178
-1 178
-1 178
-1 178
-1 178
-1 178
-1 178
-1 178
178 180
178 180
180 28
180 28
180 28
180 28
-1 135
-1 135
-1 135
-1 135
-1 135
-1 135
-1 135
-1 135
-1 135
-1 135
-1 135
-1 135
-1 135
-1 135
-1 135
-1 135
-1 135
-1 135
-1 135
-1 135
-1 135
-1 135
-1 135
-1 135
-1 135
-1 135
-1 135
-1 135
-1 135
-1 135
-1 135
-1 135
-1 135
-1 135
-1 135
-1 135
-1 135
-1 135
-1 135
-1 135
-1 135
-1 135
-1 135
-1 135
-1 135
-1 135
-1 135
-1 135
-1 135
-1 135
-1 135
-1 135
-1 135
-1 135
-1 135
-1 135
-1 135
-1 135
-1 135
-1 135
-1 135
-1 135
-1 135
-1 135
-1 135
-1 135
-1 135
-1 135
-1 135
-1 135
-1 135
-1 135
-1 135
-1 135
-1 135
-1 135
-1 135
-1 135
-1 135
-1 135
-1 135
-1 135
-1 135
-1 135
-1 135
-1 135
-1 135
-1 135
-1 135
-1 135
-1 135
-1 135
-1 135
-1 135
-1 135
-1 135
-1 135
-1 135
-1 135
-1 135
-1 135
-1 135
-1 135
-1 135
-1 135
-1 135
-1 135
-1 135
-1 135
-1 135
-1 135
-1 135
-1 135
-1 135
-1 135
-1 135
-1 135
-1 135
-1 135
-1 135
-1 135
-1 135
-1 135
-1 135
-1 135
-1 135
-1 135
-1 135
-1 135
-1 135
-1 135
-1 135
-1 135
-1 135
-1 135
-1 135
-1 135
-1 135
-1 135
-1 135
-1 135
-1 135
-1 135
-1 135
-1 135
-1 135
-1 135
-1 135
-1 135
-1 135
-1 135
-1 135
-1 135
-1 135
-1 135
-1 135
-1 135
-1 135
-1 135
-1 135
-1 135
-1 135
-1 135
-1 135
-1 135
-1 135
-1 135
-1 135
-1 135
-1 135
-1 135
-1 135
-1 135
-1 135
-1 135
-1 135
-1 135
-1 135
-1 135
-1 135
-1 135
-1 135
-1 135
-1 135
-1 135
-1 135
-1 135
-1 135
-1 135
-1 135
-1 135
-1 135
-1 135
-1 135
-1 135
-1 135
-1 135
-1 135
-1 135
-1 135
-1 135
-1 135
-1 135
-1 135
-1 135
-1 135
-1 135
-1 135
-1 135
-1 135
-1 135
-1 135
-1 135
-1 135
-1 135
-1 135
-1 135
-1 135
-1 135
135 14
135 14
135 14
135 14
135 14
14 87
14 87
-1 87
-1 87
-1 87
-1 87
-1 87
-1 87
-1 87
-1 87
-1 87
-1 87
-1 87
-1 87
-1 87
-1 87
-1 87
-1 87
-1 87
-1 87
-1 87
-1 87
-1 87
-1 87
-1 87
-1 87
-1 87
-1 87
-1 87
-1 87
-1 87
-1 87
-1 87
-1 87
-1 87
-1 87
-1 87
-1 87
-1 87
-1 87
-1 87
-1 87
-1 87
-1 87
-1 87
-1 87
-1 87
-1 87
-1 87
-1 87
-1 87
-1 87
-1 87
-1 87
-1 87
-1 87
-1 87
-1 87
-1 87
-1 87
-1 87
-1 87
-1 87
-1 87
-1 87
-1 87
-1 87
-1 87
-1 87
-1 87
-1 87
-1 87
-1 87
-1 87
-1 87
-1 87
-1 87
-1 87
-1 87
-1 87
-1 87
-1 87
-1 87
-1 87
-1 87
-1 87
-1 87
-1 87
-1 87
-1 87
-1 87
-1 87
-1 87
-1 87
-1 87
-1 87
-1 87
-1 87
-1 87
-1 87
-1 87
-1 87
-1 87
-1 87
-1 87
-1 87
-1 87
-1 87
-1 87
-1 87
-1 87
-1 87
-1 87
-1 87
-1 87
-1 87
-1 87
-1 87
-1 87
-1 87
-1 87
-1 87
-1 87
-1 87
-1 87
-1 87
-1 87
-1 87
-1 87
-1 87
-1 87
-1 87
-1 87
-1 87
-1 87
-1 87
-1 87
-1 87
-1 87
-1 87
-1 87
-1 87
-1 87
-1 87
-1 87
-1 87
-1 87
-1 87
-1 87
-1 87
-1 87
-1 87
-1 87
-1 87
-1 87
87 158
-1 158
-1 158
-1 158
-1 158
-1 158
-1 158
-1 158
-1 158
-1 158
-1 158
-1 158
-1 158
-1 158
-1 158
-1 158
-1 158
-1 158
-1 158
-1 158
-1 158
-1 158
-1 158
-1 158
-1 158
-1 158
-1 158
-1 158
-1 158
-1 158
-1 158
-1 158
-1 158
-1 158
-1 158
-1 158
-1 158
-1 158
-1 158
-1 158
-1 158
-1 158
-1 158
-1 158
-1 158
-1 158
-1 158
-1 158
-1 158
-1 158
-1 158
-1 158
-1 158
-1 158
-1 158
-1 158
-1 158
-1 158
-1 158
-1 158
-1 158
-1 158
-1 158
-1 158
-1 158
-1 158
-1 158
-1 158
-1 158
-1 158
-1 158
-1 158
-1 158
-1 158
-1 158
-1 158
-1 158
-1 158
-1 158
-1 158
-1 158
-1 158
-1 158
-1 158
-1 158
-1 158
-1 158
-1 158
-1 158
-1 158
-1 158
-1 158
-1 158
-1 158
-1 158
-1 158
-1 158
-1 158
-1 158
-1 158
-1 158
-1 158
-1 158
-1 158
-1 158
-1 158
-1 158
-1 158
-1 158
-1 158
-1 158
-1 158
-1 158
-1 158
-1 158
-1 158
-1 158
-1 158
-1 158
-1 158
-1 158
-1 158
-1 158
-1 158
-1 158
-1 158
-1 158
-1 158
-1 158
-1 158
-1 158
-1 158
-1 158
-1 158
-1 158
-1 158
-1 158
-1 158
-1 158
-1 158
-1 158
-1 158
-1 158
-1 158
-1 158
-1 158
-1 158
-1 158
-1 158
-1 158
-1 158
-1 158
-1 158
-1 158
-1 158
-1 158
-1 158
-1 158
-1 158
-1 158
-1 158
-1 158
-1 158
-1 158
-1 158
-1 158
-1 158
-1 158
-1 158
-1 158
-1 158
-1 158
-1 158
-1 158
-1 158
-1 158
-1 158
-1 158
-1 158
-1 158
-1 158
-1 158
-1 158
-1 158
-1 158
-1 158
-1 158
-1 158
-1 158
-1 158
-1 158
-1 158
-1 158
-1 158
-1 158
-1 158
-1 158
-1 158
-1 158
-1 158
-1 158
-1 158
-1 158
-1 158
-1 158
-1 158
-1 158
-1 158
-1 158
-1 158
-1 158
-1 158
-1 158
-1 158
-1 158
-1 158
-1 158
-1 158
158 65
158 65
158 65
158 65
158 65
-1 65
-1 65
-1 65
-1 65
-1 65
-1 65
-1 65
-1 65
-1 65
-1 65
-1 65
-1 65
-1 65
-1 65
-1 65
-1 65
-1 65
-1 65
-1 65
-1 65
-1 65
-1 65
-1 65
-1 65
-1 65
-1 65
-1 65
-1 65
-1 65
-1 65
-1 65
-1 65
-1 65
-1 65
-1 65
-1 65
-1 65
-1 65
-1 65
-1 65
-1 65
-1 65
-1 65
-1 65
-1 65
-1 65
-1 65
-1 65
-1 65
-1 65
-1 65
-1 65
-1 65
-1 65
-1 65
-1 65
-1 65
-1 65
-1 65
-1 65
-1 65
-1 65
-1 65
-1 65
-1 65
-1 65
-1 65
-1 65
-1 65
-1 65
-1 65
-1 65
-1 65
-1 65
-1 65
-1 65
-1 65
-1 65
-1 65
-1 65
-1 65
-1 65
-1 65
-1 65
-1 65
-1 65
-1 65
-1 65
-1 65
-1 65
-1 65
-1 65
-1 65
-1 65
-1 65
-1 65
-1 65
-1 65
-1 65
-1 65
-1 65
-1 65
-1 65
-1 65
-1 65
-1 65
-1 65
-1 65
-1 65
-1 65
-1 65
-1 65
-1 65
-1 65
-1 65
-1 65
-1 65
-1 65
-1 65
-1 65
-1 65
-1 65
-1 65
-1 65
-1 65
-1 65
-1 65
-1 65
-1 65
-1 65
-1 65
-1 65
-1 65
-1 65
-1 65
-1 65
-1 65
-1 65
-1 65
-1 65
-1 65
-1 65
-1 65
-1 65
-1 65
-1 65
-1 65
-1 65
-1 65
-1 65
-1 65
-1 65
-1 65
-1 65
-1 65
-1 65
-1 65
-1 65
-1 65
-1 65
-1 65
-1 65
-1 65
-1 65
-1 65
-1 65
-1 65
-1 65
-1 65
-1 65
-1 65
-1 65
-1 65
-1 65
-1 65
-1 65
-1 65
-1 65
-1 65
-1 65
-1 65
-1 65
-1 65
-1 65
-1 65
-1 65
-1 65
-1 65
-1 65
-1 65
-1 65
-1 65
-1 65
-1 65
-1 65
-1 65
-1 65
-1 65
-1 65
-1 65
-1 65
-1 65
-1 65
-1 65
-1 65
-1 65
-1 65
65 68
65 68
65 68
-1 68
-1 68
-1 68
-1 68
-1 68
-1 68
-1 68
-1 68
-1 68
-1 68
-1 68
-1 68
-1 68
-1 68
-1 68
-1 68
-1 68
-1 68
-1 68
-1 68
-1 68
-1 68
-1 68
-1 68
-1 68
-1 68
-1 68
-1 68
-1 68
-1 68
-1 68
-1 68
-1 68
-1 68
-1 68
-1 68
-1 68
-1 68
-1 68
-1 68
-1 68
-1 68
-1 68
-1 68
-1 68
-1 68
-1 68
-1 68
-1 68
-1 68
-1 68
-1 68
-1 68
-1 68
-1 68
-1 68
-1 68
-1 68
-1 68
-1 68
-1 68
-1 68
-1 68
-1 68
-1 68
-1 68
-1 68
-1 68
-1 68
-1 68
-1 68
-1 68
-1 68
-1 68
-1 68
-1 68
-1 68
-1 68
-1 68
-1 68
-1 68
-1 68
-1 68
-1 68
-1 68
-1 68
-1 68
-1 68
-1 68
-1 68
-1 68
-1 68
-1 68
-1 68
-1 68
-1 68
-1 68
-1 68
-1 68
-1 68
68 168
68 168
168 142
-1 192
-1 192
-1 192
-1 192
-1 192
-1 192
-1 192
-1 192
-1 192
-1 192
-1 192
-1 192
-1 192
-1 192
-1 192
-1 192
-1 192
-1 192
-1 192
-1 192
-1 192
-1 192
-1 192
-1 192
-1 192
-1 192
-1 192
-1 192
-1 192
-1 192
-1 192
-1 192
-1 192
-1 192
-1 192
-1 192
-1 192
-1 192
-1 192
-1 192
-1 192
-1 192
-1 192
-1 192
-1 192
-1 192
-1 192
-1 192
-1 192
-1 192
-1 192
-1 192
-1 192
-1 192
-1 192
-1 192
-1 192
-1 192
-1 192
-1 192
-1 192
-1 192
-1 192
-1 192
-1 192
-1 192
-1 192
-1 192
-1 192
-1 192
-1 192
-1 192
-1 192
-1 192
-1 192
-1 192
-1 192
-1 192
-1 192
-1 192
-1 192
-1 192
-1 192
-1 192
-1 192
-1 192
-1 192
-1 192
-1 192
-1 192
-1 192
-1 192
-1 192
-1 192
-1 192
-1 192
-1 192
-1 192
-1 192
-1 192
-1 192
-1 192
-1 192
-1 192
-1 192
-1 192
-1 192
-1 192
-1 192
-1 192
-1 192
-1 192
-1 192
-1 192
-1 192
-1 192
-1 192
-1 192
-1 192
-1 192
-1 192
-1 192
-1 192
-1 192
-1 192
-1 192
-1 192
-1 192
-1 192
-1 192
-1 192
-1 192
-1 192
-1 192
-1 192
-1 192
-1 192
-1 192
-1 192
-1 192
-1 192
-1 192
-1 192
-1 192
-1 192
-1 192
-1 192
-1 192
-1 192
-1 192
-1 192
-1 192
-1 192
-1 192
-1 192
-1 192
-1 192
-1 192
-1 192
-1 192
-1 192
-1 192
-1 192
-1 192
-1 192
-1 192
-1 192
-1 192
-1 192
-1 192
-1 192
-1 192
-1 192
-1 192
-1 192
-1 192
-1 192
-1 192
-1 192
-1 192
-1 192
-1 192
-1 192
-1 192
-1 192
-1 192
-1 192
-1 192
-1 192
-1 192
-1 192
-1 192
-1 192
-1 192
-1 192
-1 192
-1 192
-1 192
-1 192
-1 192
-1 192
-1 192
-1 192
-1 192
-1 192
-1 192
-1 192
-1 192
-1 192
-1 192
-1 192
-1 192
-1 192
-1 192
-1 192
-1 192
-1 192
-1 192
-1 192
-1 192
-1 192
-1 192
-1 192
-1 192
-1 192
-1 192
-1 192
-1 192
-1 192
-1 192
-1 192
-1 192
-1 155
-1 155
-1 155
-1 155
-1 155
-1 155
-1 155
-1 155
-1 155
-1 155
-1 155
-1 155
-1 155
-1 155
-1 155
-1 155
-1 155
-1 155
-1 155
-1 155
-1 155
-1 155
-1 155
-1 155
-1 155
-1 155
-1 155
-1 155
-1 155
-1 155
-1 155
-1 155
-1 155
-1 155
-1 155
-1 155
-1 155
-1 155
-1 155
-1 155
-1 155
-1 155
-1 155
-1 155
-1 155
-1 155
-1 155
-1 155
-1 155
-1 155
-1 155
-1 155
-1 155
-1 155
-1 155
-1 155
-1 155
-1 155
-1 155
-1 155
-1 155
-1 155
-1 155
-1 155
-1 155
-1 155
-1 155
-1 155
-1 155
-1 155
-1 155
-1 155
-1 155
-1 155
-1 155
-1 155
-1 155
-1 155
-1 155
-1 155
-1 155
-1 155
-1 155
-1 155
-1 155
-1 155
-1 155
-1 155
-1 155
-1 155
-1 155
-1 155
-1 155
-1 155
-1 155
-1 155
-1 155
-1 155
-1 155
-1 155
-1 155
-1 155
-1 155
-1 155
-1 155
-1 155
-1 155
-1 155
-1 155
-1 155
-1 155
-1 155
-1 155
-1 155
-1 155
-1 155
-1 155
-1 155
-1 155
-1 155
-1 155
-1 155
-1 155
-1 155
-1 155
-1 155
-1 155
-1 155
-1 155
-1 155
-1 155
-1 155
-1 155
-1 155
-1 155
-1 155
-1 155
-1 155
-1 155
-1 155
-1 155
-1 155
-1 155
-1 155
-1 155
-1 155
-1 155
-1 155
-1 155
-1 155
-1 155
-1 155
-1 155
-1 155
-1 155
-1 155
-1 155
-1 155
-1 155
-1 155
-1 155
-1 155
-1 155
-1 155
-1 155
-1 155
-1 155
-1 155
-1 155
-1 155
-1 155
-1 155
-1 155
-1 155
-1 155
-1 155
-1 155
-1 155
-1 155
-1 155
-1 155
-1 155
-1 155
-1 155
-1 155
-1 155
-1 155
-1 155
-1 155
-1 155
-1 155
-1 155
-1 155
-1 155
-1 155
-1 155
-1 155
-1 155
-1 155
-1 155
-1 155
-1 155
-1 155
-1 155
-1 155
-1 155
-1 155
-1 155
-1 155
-1 155
-1 155
-1 155
-1 155
-1 155
-1 155
-1 155
-1 155
-1 155
-1 155
-1 155
-1 155
-1 155
-1 155
-1 155
-1 155
-1 155
-1 155
-1 155
-1 155
-1 155
-1 155
-1 155
-1 155
-1 155
-1 155
-1 155
-1 155
-1 155
-1 155
-1 155
-1 155
-1 155
-1 155
-1 155
-1 155
-1 155
-1 155
-1 155
-1 155
-1 155
-1 155
-1 155
-1 155
-1 155
-1 155
155 190
155 190
155 190
155 190
155 190
155 190
-1 190
-1 190
-1 190
-1 190
-1 190
-1 190
-1 190
-1 190
-1 190
-1 190
-1 190
-1 190
-1 190
-1 190
-1 190
-1 190
-1 190
-1 190
-1 190
-1 190
-1 190
-1 190
-1 190
-1 190
-1 190
-1 190
-1 190
-1 190
-1 190
-1 190
-1 190
-1 190
-1 190
-1 190
-1 190
-1 190
-1 190
-1 190
-1 190
-1 190
-1 190
-1 190
-1 190
-1 190
-1 190
-1 190
-1 190
-1 190
-1 190
-1 190
-1 190
-1 190
-1 190
-1 190
-1 190
-1 190
-1 190
-1 190
-1 190
-1 190
-1 190
-1 190
-1 190
-1 190
-1 190
-1 190
-1 190
-1 190
-1 190
-1 190
-1 190
-1 190
-1 190
-1 190
-1 190
-1 190
-1 190
-1 190
-1 190
-1 190
-1 190
-1 190
-1 190
-1 190
-1 190
-1 190
-1 190
-1 190
-1 190
-1 190
-1 190
-1 190
-1 190
-1 190
-1 190
-1 190
-1 190
-1 190
-1 190
-1 190
-1 190
-1 190
-1 190
-1 190
-1 190
-1 190
-1 190
-1 190
-1 190
-1 190
-1 190
-1 190
-1 190
-1 190
-1 190
-1 190
-1 190
-1 190
-1 190
-1 190
-1 190
-1 190
-1 190
-1 190
-1 190
-1 190
-1 190
-1 190
-1 190
-1 190
-1 190
-1 190
-1 190
-1 190
-1 190
-1 190
-1 190
-1 190
-1 190
-1 190
-1 190
-1 190
-1 190
-1 190
-1 190
-1 190
-1 190
-1 190
-1 190
-1 190
-1 190
-1 190
-1 190
-1 190
-1 190
-1 190
-1 190
-1 190
-1 190
-1 190
-1 190
-1 190
-1 190
-1 190
-1 190
-1 190
-1 190
-1 190
-1 190
-1 190
-1 190
-1 190
-1 190
-1 190
-1 190
-1 190
-1 190
-1 190
-1 190
-1 190
-1 190
-1 190
-1 190
-1 190
-1 190
-1 190
-1 190
-1 190
-1 190
-1 190
-1 190
-1 190
-1 190
-1 190
-1 190
-1 190
-1 190
-1 190
-1 190
-1 190
-1 190
-1 190
-1 190
-1 190
-1 190
-1 190
-1 190
-1 130
-1 130
-1 130
-1 130
-1 130
-1 130
-1 130
-1 130
-1 130
-1 130
-1 130
-1 130
-1 130
-1 130
-1 130
-1 130
-1 130
-1 130
-1 130
-1 130
-1 130
-1 130
-1 130
-1 130
-1 130
-1 130
-1 130
-1 130
-1 130
-1 130
-1 130
-1 130
-1 130
-1 130
-1 130
-1 130
-1 130
-1 130
-1 130
-1 130
-1 130
-1 130
-1 130
-1 130
-1 130
-1 130
-1 130
-1 130
-1 130
-1 130
-1 130
-1 130
-1 130
-1 130
-1 130
-1 130
-1 130
-1 130
-1 130
-1 130
-1 130
-1 130
-1 130
-1 130
-1 130
-1 130
-1 130
-1 130
-1 130
-1 130
-1 130
-1 130
-1 130
-1 130
-1 130
-1 130
-1 130
-1 130
-1 130
-1 130
-1 130
-1 130
-1 130
-1 130
-1 130
-1 130
-1 130
-1 130
-1 130
-1 130
-1 130
-1 130
-1 130
-1 130
-1 130
-1 130
-1 130
-1 130
-1 130
-1 130
-1 130
-1 130
-1 130
-1 130
-1 130
-1 130
-1 130
-1 130
-1 130
-1 130
-1 130
-1 130
-1 130
-1 130
-1 130
-1 130
-1 130
-1 130
-1 130
-1 130
-1 130
-1 130
-1 130
-1 130
-1 130
-1 130
-1 130
-1 130
-1 130
-1 130
-1 130
-1 130
-1 130
-1 130
-1 130
-1 130
-1 130
-1 130
-1 130
-1 130
-1 130
-1 130
-1 130
-1 130
-1 130
-1 130
-1 130
-1 130
-1 130
-1 130
-1 130
-1 130
-1 130
-1 130
-1 130
-1 130
-1 130
-1 130
-1 130
-1 130
-1 130
-1 130
-1 130
-1 130
-1 130
-1 130
-1 130
-1 130
-1 130
-1 130
-1 130
-1 130
-1 130
-1 130
-1 130
-1 130
-1 130
-1 130
-1 130
-1 130
-1 130
-1 130
-1 130
-1 130
-1 130
-1 130
-1 130
-1 130
-1 130
-1 130
-1 130
-1 130
-1 130
-1 130
-1 130
-1 130
-1 130
-1 130
-1 130
-1 130
-1 130
-1 130
-1 130
-1 130
-1 130
-1 130
-1 130
-1 130
-1 130
-1 130
-1 130
-1 130
-1 130
-1 130
-1 130
-1 130
-1 130
-1 130
-1 130
-1 130
-1 130
-1 130
-1 130
-1 130
-1 130
-1 130
-1 130
-1 130
-1 130
-1 130
-1 130
-1 130
-1 130
-1 130
-1 130
-1 130
-1 130
-1 130
-1 130
-1 130
-1 130
-1 130
-1 130
-1 130
-1 130
-1 130
-1 130
-1 130
-1 130
-1 130
-1 130
-1 130
-1 130
-1 130
-1 130
-1 130
-1 130
-1 130
-1 130
-1 142
-1 142
-1 142
-1 142
-1 142
-1 142
-1 142
-1 142
-1 142
-1 142
-1 142
-1 142
-1 142
-1 142
-1 142
-1 142
-1 142
-1 142
-1 142
-1 142
-1 142
-1 142
-1 142
-1 142
-1 142
-1 142
-1 142
-1 142
-1 142
-1 142
-1 142
-1 142
-1 142
-1 142
-1 142
-1 142
-1 142
-1 142
-1 142
-1 142
-1 142
-1 142
-1 142
-1 142
-1 142
-1 142
-1 142
-1 142
-1 142
-1 142
-1 142
-1 142
-1 142
-1 142
-1 142
-1 142
-1 142
-1 142
-1 142
-1 142
-1 142
-1 142
-1 142
-1 142
-1 142
-1 142
-1 142
-1 142
-1 142
-1 142
-1 142
-1 142
-1 142
-1 142
-1 142
-1 142
-1 142
-1 142
-1 142
-1 142
-1 142
-1 142
-1 142
-1 142
-1 142
-1 142
-1 142
-1 142
-1 142
-1 142
-1 142
-1 142
-1 142
-1 142
-1 142
-1 142
-1 142
-1 142
-1 142
-1 142
-1 142
-1 142
-1 142
-1 142
-1 142
-1 142
-1 142
-1 142
-1 142
-1 142
-1 142
-1 142
-1 142
-1 142
-1 142
-1 142
-1 142
-1 142
-1 142
-1 142
-1 142
-1 142
-1 142
-1 142
-1 142
-1 142
-1 142
-1 142
-1 142
-1 142
-1 142
-1 142
-1 142
-1 142
-1 142
-1 142
-1 142
-1 142
-1 142
-1 142
-1 142
-1 142
-1 142
-1 142
-1 142
-1 142
-1 142
-1 142
-1 142
-1 142
-1 142
-1 142
-1 142
-1 142
-1 142
-1 142
-1 142
-1 142
-1 142
-1 142
-1 142
-1 142
-1 142
-1 142
-1 142
-1 142
-1 142
-1 142
-1 142
-1 142
-1 142
-1 142
-1 142
-1 142
-1 142
-1 142
-1 142
-1 142
-1 142
-1 142
-1 142
-1 142
-1 142
-1 142
-1 142
-1 142
-1 142
-1 142
-1 142
-1 142
-1 142
-1 142
-1 142
-1 142
-1 142
-1 142
-1 142
-1 142
-1 142
-1 142
-1 142
-1 142
-1 142
-1 142
-1 142
-1 142
-1 142
-1 142
-1 142
-1 142
-1 142
-1 142
-1 142
-1 142
-1 142
-1 142
-1 142
-1 142
-1 142
-1 142
-1 142
-1 142
-1 142
-1 142
-1 142
-1 142
-1 142
-1 142
-1 142
-1 142
-1 142
-1 142
-1 142
-1 142
-1 142
-1 142
-1 142
-1 142
-1 142
-1 142
-1 142
-1 142
-1 142
-1 142
-1 142
-1 142
-1 142
-1 142
-1 142
-1 142
-1 142
-1 142
-1 142
-1 142
-1 142
-1 142
-1 142
-1 142
-1 142
-1 142
-1 142
-1 142
-1 142
-1 142
-1 67
-1 67
-1 67
-1 67
-1 67
-1 67
-1 67
-1 67
-1 67
-1 67
-1 67
-1 67
-1 67
-1 67
-1 67
-1 67
-1 67
-1 67
-1 67
-1 67
-1 67
-1 67
-1 67
-1 67
-1 67
-1 67
-1 67
-1 67
-1 67
-1 67
-1 67
-1 67
-1 67
-1 67
-1 67
-1 67
-1 67
-1 67
-1 67
-1 67
-1 67
-1 67
-1 67
-1 67
-1 67
-1 67
-1 67
-1 67
-1 67
-1 67
-1 67
-1 67
-1 67
-1 67
-1 67
-1 67
-1 67
-1 67
-1 67
-1 67
-1 67
-1 67
-1 67
-1 67
-1 67
-1 67
-1 67
-1 67
-1 67
-1 67
-1 67
-1 67
-1 67
-1 67
-1 67
-1 67
-1 67
-1 67
-1 67
-1 67
-1 67
-1 67
-1 67
-1 67
-1 67
-1 67
-1 67
-1 67
-1 67
-1 67
-1 67
-1 67
-1 67
-1 67
-1 67
-1 67
-1 67
-1 67
-1 67
-1 67
-1 67
-1 67
-1 67
-1 67
-1 67
-1 67
-1 67
-1 67
-1 67
-1 67
-1 67
-1 67
-1 67
-1 67
-1 67
-1 67
-1 67
-1 67
-1 67
-1 67
-1 67
-1 67
-1 67
-1 67
-1 67
-1 67
-1 67
-1 67
-1 67
-1 67
-1 67
-1 67
-1 67
-1 67
-1 67
-1 67
-1 67
-1 67
-1 67
-1 67
-1 67
-1 67
-1 67
-1 67
-1 67
-1 67
-1 67
-1 67
-1 67
-1 67
-1 67
-1 67
-1 67
-1 67
-1 67
-1 67
-1 67
-1 67
-1 67
-1 67
-1 67
-1 67
-1 67
-1 67
-1 67
-1 67
-1 67
-1 67
-1 67
-1 67
-1 67
-1 67
-1 67
-1 67
-1 67
-1 67
-1 67
-1 67
-1 67
-1 67
-1 67
-1 67
-1 67
-1 67
-1 67
-1 67
-1 67
-1 67
-1 67
-1 67
-1 67
-1 67
-1 67
-1 67
-1 67
-1 67
-1 67
-1 67
-1 67
-1 67
-1 67
-1 67
-1 67
-1 67
-1 67
-1 67
-1 67
-1 67
-1 67
-1 67
-1 67
-1 67
-1 67
-1 67
-1 67
-1 67
-1 67
-1 67
-1 67
-1 67
-1 67
-1 67
-1 67
-1 67
-1 67
-1 67
-1 67
-1 67
-1 67
-1 67
-1 67
-1 67
-1 67
-1 67
-1 67
-1 67
-1 67
-1 67
-1 67
-1 67
-1 67
-1 67
-1 67
-1 67
-1 67
-1 67
-1 67
-1 67
-1 67
-1 67
-1 67
-1 67
-1 67
-1 67
-1 67
-1 67
-1 67
-1 67
-1 67
-1 67
-1 67
-1 67
-1 67
-1 67
-1 67
-1 67
-1 67
-1 67
-1 67
-1 67
-1 67
-1 67
-1 67
-1 67
-1 67
-1 67
-1 67
-1 67
-1 67
-1 67
-1 67
-1 67
-1 67
-1 67
-1 67
-1 67
-1 67
-1 67
-1 67
-1 67
-1 67
-1 67
-1 67
-1 67
-1 67
-1 67
-1 67
-1 67
-1 67
-1 67
-1 67
-1 67
-1 67
-1 67
-1 67
-1 67
-1 67
-1 67
-1 67
-1 67
-1 67
-1 67
-1 67
-1 67
-1 67
-1 28
-1 28
-1 28
-1 28
-1 28
-1 28
-1 28
-1 28
-1 28
-1 28
-1 28
-1 28
-1 28
-1 28
-1 28
-1 28
-1 28
-1 28
-1 28
-1 28
-1 28
-1 28
-1 28
-1 28
-1 28
-1 28
-1 28
-1 28
-1 28
-1 28
-1 28
-1 28
-1 28
-1 28
-1 28
-1 28
-1 28
-1 28
-1 28
-1 28
-1 28
-1 28
-1 28
-1 28
-1 28
-1 28
-1 28
-1 28
-1 28
-1 28
-1 28
-1 28
-1 28
-1 28
-1 28
-1 28
-1 28
-1 28
-1 28
-1 28
-1 28
-1 28
-1 28
-1 28
-1 28
-1 28
-1 28
-1 28
-1 28
-1 28
-1 28
-1 28
-1 28
-1 28
-1 28
-1 28
-1 28
-1 28
-1 28
-1 28
-1 28
-1 28
-1 28
-1 28
-1 28
-1 28
-1 28
-1 28
-1 28
-1 28
-1 28
-1 28
-1 28
-1 28
-1 28
-1 28
-1 28
-1 28
-1 28
-1 28
-1 28
-1 28
-1 28
-1 28
-1 28
-1 28
-1 28
-1 28
-1 28
-1 28
-1 28
-1 28
-1 28
-1 28
-1 28
-1 28
-1 28
-1 28
-1 28
-1 28
-1 28
-1 28
-1 28
-1 28
-1 28
-1 28
-1 28
-1 28
-1 28
-1 28
-1 28
-1 28
-1 28
-1 28
-1 28
-1 28
-1 28
-1 28
-1 28
-1 28
-1 28
-1 28
-1 28
-1 28
-1 28
-1 28
-1 28
-1 28
-1 28
-1 28
-1 28
-1 28
-1 28
-1 28
-1 28
-1 28
-1 28
-1 28
-1 28
-1 28
-1 28
-1 28
-1 28
-1 28
-1 28
-1 28
-1 28
-1 28
-1 28
-1 28
-1 28
-1 28
-1 28
-1 28
-1 28
-1 28
-1 28
-1 28
-1 28
-1 28
-1 28
-1 28
-1 28
-1 28
-1 28
-1 28
-1 28
-1 28
-1 28
-1 28
-1 28
-1 28
-1 28
-1 28
-1 28
-1 28
-1 28
-1 28
-1 28
-1 28
-1 28
-1 28
-1 28
-1 28
-1 28
-1 28
-1 28
-1 28
-1 28
-1 28
-1 28
-1 28
-1 28
-1 28
-1 28
-1 28
-1 28
-1 28
-1 28
-1 28
-1 28
-1 28
-1 28
-1 28
-1 28
-1 28
-1 28
-1 28
-1 28
-1 28
-1 28
-1 28
-1 28
-1 28
-1 28
-1 28
-1 28
-1 28
-1 28
-1 28
-1 28
-1 28
-1 28
-1 28
-1 28
-1 28
-1 28
-1 28
-1 28
-1 28
-1 28
-1 28
-1 28
-1 28
-1 28
-1 28
-1 28
-1 28
-1 28
-1 28
-1 28
-1 28
-1 28
-1 28
-1 28
-1 28
-1 28
-1 28
-1 28
-1 28
-1 28
-1 28
-1 28
-1 28
-1 28
-1 28
-1 28
-1 28
-1 28
-1 28
-1 28
-1 28
-1 28
-1 28
-1 28
-1 28
-1 28
-1 28
-1 28
-1 28
-1 28
-1 28
-1 28
-1 28
-1 28
-1 28
-1 28
-1 28
-1 28
-1 28
-1 28
-1 28
-1 28
-1 28
-1 28
-1 28
-1 28
-1 28
-1 28
-1 28
-1 28
-1 28
-1 28
-1 28
-1 28
-1 28
-1 28
-1 28
-1 28
-1 28
28 56
56 78
56 78
56 78
78 184
78 184
78 184
67 128
67 128
56 77
56 77
56 77
-1 184
-1 184
-1 184
-1 184
-1 184
-1 184
-1 184
-1 184
-1 184
-1 184
-1 184
-1 184
-1 184
-1 184
-1 184
-1 184
-1 184
-1 184
-1 184
-1 184
-1 184
-1 184
-1 184
-1 184
-1 184
-1 184
-1 184
-1 184
-1 184
-1 184
-1 184
-1 184
-1 184
-1 184
-1 184
-1 184
-1 184
-1 184
-1 184
-1 184
-1 184
-1 184
-1 184
-1 184
-1 184
-1 184
-1 184
-1 184
-1 184
-1 184
-1 184
-1 184
-1 184
-1 184
-1 184
-1 184
-1 184
-1 184
-1 184
-1 184
-1 184
-1 184
-1 184
-1 184
-1 184
-1 184
-1 184
-1 184
-1 184
-1 184
-1 184
-1 184
-1 184
-1 184
-1 184
-1 184
-1 184
-1 184
-1 184
-1 184
-1 184
-1 184
-1 184
-1 184
-1 184
-1 184
-1 184
-1 184
-1 184
-1 184
-1 184
-1 184
-1 184
-1 184
-1 184
-1 184
-1 184
-1 184
-1 184
-1 184
-1 184
-1 184
-1 184
-1 184
-1 184
-1 184
-1 184
-1 184
-1 184
-1 184
-1 184
-1 184
-1 184
-1 184
-1 184
-1 184
-1 184
-1 184
-1 184
-1 184
-1 184
-1 184
-1 184
-1 184
-1 184
-1 184
-1 184
-1 184
-1 184
-1 184
-1 184
-1 184
-1 184
-1 184
-1 184
-1 184
-1 184
-1 184
-1 184
-1 184
-1 184
-1 184
-1 184
-1 184
-1 184
-1 184
-1 184
-1 184
-1 184
-1 184
-1 184
-1 184
-1 184
-1 184
-1 184
-1 184
-1 184
-1 184
-1 184
-1 184
-1 184
-1 184
-1 184
-1 184
-1 184
-1 184
-1 184
-1 184
-1 184
-1 184
-1 184
-1 184
-1 184
-1 184
-1 184
-1 184
-1 184
-1 184
-1 184
-1 184
-1 184
-1 184
-1 184
-1 184
-1 184
-1 184
-1 184
-1 184
-1 184
-1 184
-1 184
-1 184
-1 184
-1 184
-1 184
-1 184
-1 184
-1 184
-1 184
-1 184
-1 184
-1 184
-1 184
-1 184
-1 184
-1 184
-1 184
-1 184
-1 184
-1 184
-1 184
-1 184
-1 184
-1 184
-1 184
-1 184
-1 184
-1 184
-1 184
-1 184
-1 184
-1 184
-1 184
-1 184
-1 184
-1 184
-1 184
-1 184
-1 184
-1 184
-1 184
-1 184
-1 184
-1 184
-1 184
-1 184
-1 184
-1 184
-1 184
-1 184
-1 184
-1 184
-1 184
-1 184
-1 184
-1 184
-1 184
-1 184
-1 184
-1 184
-1 184
-1 184
-1 184
-1 184
-1 184
-1 184
-1 184
-1 184
-1 184
-1 184
-1 184
-1 184
-1 184
-1 184
-1 184
-1 184
-1 184
-1 184
-1 184
-1 184
-1 184
-1 184
-1 184
-1 184
-1 184
-1 184
-1 184
-1 184
-1 184
-1 184
-1 184
-1 184
-1 184
-1 184
-1 184
-1 184
-1 184
-1 184
-1 184
-1 184
-1 184
-1 184
-1 184
-1 184
-1 184
-1 184
-1 184
-1 184
-1 184
-1 184
-1 184
-1 184
-1 184
-1 184
-1 184
-1 184
-1 184
-1 184
-1 184
-1 184
-1 184
-1 184
-1 184
-1 184
-1 111
-1 111
-1 111
-1 111
-1 111
-1 111
-1 111
-1 111
-1 111
-1 111
-1 111
-1 111
-1 111
-1 111
-1 111
-1 111
-1 111
-1 111
-1 111
-1 111
-1 111
-1 111
-1 111
-1 111
-1 111
-1 111
-1 111
-1 111
-1 111
-1 111
-1 111
-1 111
-1 111
-1 111
-1 111
-1 111
-1 111
-1 111
-1 111
-1 111
-1 111
-1 111
-1 111
-1 111
-1 111
-1 111
-1 111
-1 111
-1 111
-1 111
-1 111
-1 111
-1 111
-1 111
-1 111
-1 111
-1 111
-1 111
-1 111
-1 111
-1 111
-1 111
-1 111
-1 111
-1 111
-1 111
-1 111
-1 111
-1 111
-1 111
-1 111
-1 111
-1 111
-1 111
-1 111
-1 111
-1 111
-1 111
-1 111
-1 111
-1 111
-1 111
-1 111
-1 111
-1 111
-1 111
-1 111
-1 111
-1 111
-1 111
-1 111
-1 111
-1 111
-1 111
-1 111
-1 111
-1 111
-1 111
-1 111
-1 111
-1 111
-1 111
-1 111
-1 111
-1 111
-1 111
-1 111
-1 111
-1 111
-1 111
-1 111
-1 111
-1 111
-1 111
-1 111
-1 111
-1 111
-1 111
-1 111
-1 111
-1 111
-1 111
-1 111
-1 111
-1 111
-1 111
-1 111
-1 111
-1 111
-1 111
-1 111
-1 111
-1 111
-1 111
-1 111
-1 111
-1 111
-1 111
-1 111
-1 111
-1 111
-1 111
-1 111
-1 111
-1 111
-1 111
-1 111
-1 111
-1 111
-1 111
-1 111
-1 111
-1 111
-1 111
-1 111
-1 111
-1 111
-1 111
-1 111
-1 111
-1 111
-1 111
-1 111
-1 111
-1 111
-1 111
-1 111
-1 111
-1 111
-1 111
-1 111
-1 111
-1 111
-1 111
-1 111
-1 111
-1 111
-1 111
-1 111
-1 111
-1 111
-1 111
-1 111
-1 111
-1 111
-1 111
-1 111
-1 111
-1 111
-1 111
-1 111
-1 111
-1 111
-1 111
-1 111
-1 111
-1 111
-1 111
-1 111
-1 111
-1 111
-1 111
-1 111
-1 111
-1 111
-1 111
-1 111
-1 111
-1 111
-1 111
-1 111
-1 111
-1 111
-1 111
-1 111
-1 111
-1 111
-1 111
-1 111
-1 111
-1 111
-1 111
-1 111
-1 111
-1 111
-1 111
-1 111
-1 111
-1 111
-1 111
-1 111
-1 111
-1 111
-1 111
-1 111
-1 111
-1 111
-1 111
-1 111
-1 111
-1 111
-1 111
-1 111
-1 111
-1 111
-1 111
-1 111
-1 111
-1 111
-1 111
-1 111
-1 111
-1 111
-1 111
-1 111
-1 111
-1 111
-1 111
-1 111
-1 111
-1 111
-1 111
-1 111
-1 111
-1 111
-1 111
-1 111
-1 111
-1 111
-1 111
-1 111
-1 111
-1 111
-1 111
-1 111
-1 111
-1 111
-1 111
-1 111
-1 111
-1 111
-1 111
-1 111
-1 111
-1 111
-1 111
-1 111
-1 111
-1 111
-1 111
-1 111
-1 111
-1 111
-1 111
-1 111
-1 111
-1 111
-1 111
-1 111
-1 111
-1 111
-1 111
-1 111
-1 111
-1 111
-1 111
-1 111
-1 111
-1 111
-1 111
-1 111
-1 111
-1 111
-1 111
-1 111
-1 111
-1 111
-1 111
-1 111
-1 111
-1 111
-1 111
-1 61
-1 61
-1 61
-1 61
-1 61
-1 61
-1 61
-1 61
-1 61
-1 61
-1 61
-1 61
-1 61
-1 61
-1 61
-1 61
-1 61
-1 61
-1 61
-1 61
-1 61
-1 61
-1 61
-1 61
-1 61
-1 61
-1 61
-1 61
-1 61
-1 61
-1 61
-1 61
-1 61
-1 61
-1 61
-1 61
-1 61
-1 61
-1 61
-1 61
-1 61
-1 61
-1 61
-1 61
-1 61
-1 61
-1 61
-1 61
-1 61
-1 61
-1 61
-1 61
-1 61
-1 61
-1 61
-1 61
-1 61
-1 61
-1 61
-1 61
-1 61
-1 61
-1 61
-1 61
-1 61
-1 61
-1 61
-1 61
-1 61
-1 61
-1 61
-1 61
-1 61
-1 61
-1 61
-1 61
-1 61
-1 61
-1 61
-1 61
-1 61
-1 61
-1 61
-1 61
-1 61
-1 61
-1 61
-1 61
-1 61
-1 61
-1 61
-1 61
-1 61
-1 61
-1 61
-1 61
-1 61
-1 61
-1 61
-1 61
-1 61
-1 61
-1 61
-1 61
-1 61
-1 61
-1 61
-1 61
-1 61
-1 61
-1 61
-1 61
-1 61
-1 61
-1 61
-1 61
-1 61
-1 61
-1 61
-1 61
-1 61
-1 61
-1 61
-1 61
-1 61
-1 61
-1 61
-1 61
-1 61
-1 61
-1 61
-1 61
-1 61
-1 61
-1 61
-1 61
-1 61
-1 61
-1 61
-1 61
-1 61
-1 61
-1 61
-1 61
-1 61
-1 61
-1 61
-1 61
-1 61
-1 61
-1 61
-1 61
-1 61
-1 61
-1 61
-1 61
-1 61
-1 61
-1 61
-1 61
-1 61
-1 61
-1 61
-1 61
-1 61
-1 61
-1 61
-1 61
-1 61
-1 61
-1 61
-1 61
-1 61
-1 61
-1 61
-1 61
-1 61
-1 61
-1 61
-1 61
-1 61
-1 61
-1 61
-1 61
-1 61
-1 61
-1 61
-1 61
-1 61
-1 61
-1 61
-1 61
-1 61
-1 61
-1 61
-1 61
-1 61
-1 61
-1 61
-1 61
-1 61
-1 61
-1 61
-1 61
-1 61
-1 61
-1 61
-1 61
-1 61
-1 61
-1 61
-1 61
-1 61
-1 61
-1 61
-1 61
-1 61
-1 61
-1 61
-1 61
-1 61
-1 61
-1 61
-1 61
-1 61
-1 61
-1 61
-1 61
-1 61
-1 61
-1 61
-1 61
-1 61
-1 61
-1 61
-1 61
-1 61
-1 61
-1 61
-1 61
-1 61
-1 61
-1 61
-1 61
-1 61
-1 61
-1 61
-1 61
-1 61
-1 61
-1 61
-1 61
-1 61
-1 61
-1 61
-1 61
-1 61
-1 61
-1 61
-1 61
-1 61
-1 61
-1 61
-1 61
-1 61
-1 61
-1 61
-1 61
-1 61
-1 61
-1 61
-1 61
-1 61
-1 61
-1 61
-1 61
-1 61
-1 61
-1 61
-1 61
-1 61
-1 61
-1 61
-1 61
-1 61
-1 61
-1 61
-1 61
-1 61
-1 61
-1 61
-1 61
-1 61
-1 61
-1 61
-1 61
-1 61
-1 61
-1 61
-1 61
-1 61
-1 61
-1 61
-1 61
-1 61
-1 61
-1 61
-1 61
-1 61
-1 61
-1 61
-1 61
-1 61
-1 61
-1 61
-1 61
-1 61
-1 61
-1 61
-1 61
-1 61
-1 61
-1 61
-1 61
-1 61
-1 61
-1 61
-1 61
61 199
61 199
61 199
111 164
111 164
111 164
111 164
111 164
-1 199
-1 199
-1 199
-1 199
-1 199
-1 199
-1 199
-1 199
-1 199
-1 199
-1 199
-1 199
-1 199
-1 199
-1 199
-1 199
-1 199
-1 199
-1 199
-1 199
-1 199
-1 199
-1 199
-1 199
-1 199
-1 199
-1 199
-1 199
-1 199
-1 199
-1 199
-1 199
-1 199
-1 199
-1 199
-1 199
-1 199
-1 199
-1 199
-1 199
-1 199
-1 199
-1 199
-1 199
-1 199
-1 199
-1 199
-1 199
-1 199
-1 199
-1 199
-1 199
-1 199
-1 199
-1 199
-1 199
-1 199
-1 199
-1 199
-1 199
-1 199
-1 199
-1 199
-1 199
-1 199
-1 199
-1 199
-1 199
-1 199
-1 199
-1 199
-1 199
-1 199
-1 199
-1 199
-1 199
-1 199
-1 199
-1 199
-1 199
-1 199
-1 199
-1 199
-1 199
-1 199
-1 199
-1 199
-1 199
-1 199
-1 199
-1 199
-1 199
-1 199
-1 199
-1 199
-1 199
-1 199
-1 199
-1 199
-1 199
-1 199
-1 199
-1 199
-1 199
-1 199
-1 199
-1 199
-1 199
-1 199
-1 199
-1 199
-1 199
-1 199
-1 199
-1 199
-1 199
-1 199
-1 199
-1 199
-1 199
-1 199
-1 199
-1 199
-1 199
-1 199
-1 199
-1 199
-1 199
-1 199
-1 199
-1 199
-1 199
-1 199
-1 199
-1 199
-1 199
-1 199
-1 199
-1 199
-1 199
-1 199
-1 199
-1 199
-1 199
-1 199
-1 199
-1 199
-1 199
-1 199
-1 199
-1 199
-1 199
-1 199
-1 199
-1 199
-1 199
-1 199
-1 199
-1 199
-1 199
-1 199
-1 199
-1 199
-1 199
-1 199
-1 199
-1 199
-1 199
-1 199
-1 199
-1 199
-1 199
-1 199
-1 199
-1 199
-1 199
-1 199
-1 199
-1 199
-1 199
-1 199
-1 199
-1 199
-1 199
-1 199
-1 199
-1 199
-1 199
-1 199
-1 199
-1 199
-1 199
-1 199
-1 199
-1 199
-1 199
-1 199
-1 199
-1 199
-1 199
-1 199
-1 199
-1 199
-1 199
-1 199
-1 199
-1 199
-1 199
-1 199
-1 199
-1 199
-1 199
-1 199
-1 199
-1 199
-1 199
-1 199
-1 199
-1 199
-1 199
-1 199
-1 199
-1 199
-1 199
-1 199
-1 199
-1 199
-1 199
-1 199
-1 199
-1 199
-1 199
-1 199
-1 199
-1 199
-1 199
-1 199
-1 199
-1 199
-1 199
-1 199
-1 199
-1 199
-1 199
-1 199
-1 199
-1 199
-1 199
-1 199
-1 199
-1 199
-1 199
-1 199
-1 199
-1 199
-1 199
199 6
199 6
199 6
199 6
-1 6
-1 6
-1 6
-1 6
-1 6
-1 6
-1 6
-1 6
-1 6
-1 6
-1 6
-1 6
-1 6
-1 6
-1 6
-1 6
-1 6
-1 6
-1 6
-1 6
-1 6
-1 6
-1 6
-1 6
-1 6
-1 6
-1 6
-1 6
-1 6
-1 6
-1 6
-1 6
-1 6
-1 6
-1 6
-1 6
-1 6
-1 6
-1 6
-1 6
-1 6
-1 6
-1 6
-1 6
-1 6
-1 6
-1 6
-1 6
-1 6
-1 6
-1 6
-1 6
-1 6
-1 6
-1 6
-1 6
-1 6
-1 6
-1 6
-1 6
-1 6
-1 6
-1 6
-1 6
-1 6
-1 6
-1 6
-1 6
-1 6
-1 6
-1 6
-1 6
-1 6
-1 6
-1 6
-1 6
-1 6
-1 6
-1 6
-1 6
-1 6
-1 6
-1 6
-1 6
-1 6
-1 6
-1 6
-1 6
-1 6
-1 6
-1 6
-1 6
-1 6
-1 6
-1 6
-1 6
-1 6
-1 6
-1 6
-1 6
-1 6
-1 6
-1 6
-1 6
-1 6
-1 6
-1 6
-1 6
-1 6
-1 6
-1 6
-1 6
-1 6
-1 6
-1 6
-1 6
-1 6
-1 6
-1 6
-1 6
-1 6
-1 6
-1 6
-1 6
-1 6
-1 6
-1 6
-1 6
-1 6
-1 6
-1 6
-1 6
-1 6
-1 6
-1 6
-1 6
-1 6
-1 6
-1 6
-1 6
-1 6
-1 6
-1 6
-1 6
-1 6
-1 6
-1 6
-1 6
-1 6
-1 6
-1 6
-1 6
-1 6
-1 6
-1 6
-1 6
-1 6
-1 6
-1 6
-1 6
-1 6
-1 6
-1 6
-1 6
-1 6
-1 6
-1 6
-1 6
-1 6
-1 6
-1 6
-1 6
-1 6
-1 6
-1 6
-1 6
-1 6
-1 6
-1 6
-1 6
-1 6
-1 6
-1 6
-1 6
-1 6
-1 6
-1 6
-1 6
-1 6
-1 6
-1 6
-1 6
-1 6
-1 6
-1 6
-1 6
-1 6
-1 6
-1 6
-1 6
-1 6
-1 6
-1 6
-1 6
-1 164
-1 164
-1 164
-1 164
-1 164
-1 164
-1 164
-1 164
-1 164
-1 164
-1 164
-1 164
-1 164
-1 164
-1 164
-1 164
-1 164
-1 164
-1 164
-1 164
-1 164
-1 164
-1 164
-1 164
-1 164
-1 164
-1 164
-1 164
-1 164
-1 164
-1 164
-1 164
-1 164
-1 164
-1 164
-1 164
-1 164
-1 164
-1 164
-1 164
-1 164
-1 164
-1 164
-1 164
-1 164
-1 164
-1 164
-1 164
-1 164
-1 164
-1 164
-1 164
-1 164
-1 164
-1 164
-1 164
-1 164
-1 164
-1 164
-1 164
-1 164
-1 164
-1 164
-1 164
-1 164
-1 164
-1 164
-1 164
-1 164
-1 164
-1 164
-1 164
-1 164
-1 164
-1 164
-1 164
-1 164
-1 164
-1 164
-1 164
-1 164
-1 164
-1 164
-1 164
-1 164
-1 164
-1 164
-1 164
-1 164
-1 164
-1 164
-1 164
-1 164
-1 164
-1 164
-1 164
-1 164
-1 164
-1 164
-1 164
-1 164
-1 164
-1 164
-1 164
-1 164
-1 164
-1 164
-1 164
-1 164
-1 164
-1 164
-1 164
-1 164
-1 164
-1 164
-1 164
-1 164
-1 164
-1 164
-1 164
-1 164
-1 164
-1 164
-1 164
-1 164
-1 164
-1 164
-1 164
-1 164
-1 164
-1 164
-1 164
-1 164
-1 164
-1 164
-1 164
-1 164
-1 164
-1 164
-1 164
-1 164
-1 164
-1 164
-1 164
-1 164
-1 164
-1 164
-1 164
-1 164
-1 164
-1 164
-1 164
-1 164
-1 164
-1 164
-1 164
-1 164
-1 164
-1 164
-1 164
-1 164
-1 164
-1 164
-1 164
-1 164
-1 164
-1 164
-1 164
-1 164
-1 164
-1 164
-1 164
-1 164
-1 164
-1 164
-1 164
-1 164
-1 164
-1 164
-1 164
-1 164
-1 164
-1 164
-1 164
-1 164
-1 164
-1 164
-1 164
-1 164
-1 164
-1 164
-1 164
-1 164
-1 164
-1 164
-1 164
-1 164
-1 164
-1 164
-1 164
-1 164
-1 164
-1 164
-1 164
-1 164
-1 164
-1 164
-1 164
-1 164
-1 164
-1 164
-1 164
-1 164
-1 164
-1 164
-1 164
-1 164
-1 164
-1 164
-1 164
-1 164
-1 164
-1 164
-1 164
-1 164
-1 164
-1 164
-1 164
-1 164
-1 164
-1 164
-1 164
-1 164
-1 164
-1 164
-1 164
-1 164
-1 164
-1 164
-1 164
-1 164
-1 164
-1 164
-1 164
-1 164
-1 164
-1 164
-1 164
-1 164
-1 164
-1 164
-1 164
-1 164
-1 164
-1 164
-1 164
-1 164
-1 164
-1 164
-1 164
-1 164
-1 164
-1 164
-1 164
-1 164
-1 164
-1 164
-1 164
-1 128
-1 128
-1 128
-1 128
-1 128
-1 128
-1 128
-1 128
-1 128
-1 128
-1 128
-1 128
-1 128
-1 128
-1 128
-1 128
-1 128
-1 128
-1 128
-1 128
-1 128
-1 128
-1 128
-1 128
-1 128
-1 128
-1 128
-1 128
-1 128
-1 128
-1 128
-1 128
-1 128
-1 128
-1 128
-1 128
-1 128
-1 128
-1 128
-1 128
-1 128
-1 128
-1 128
-1 128
-1 128
-1 128
-1 128
-1 128
-1 128
-1 128
-1 128
-1 128
-1 128
-1 128
-1 128
-1 128
-1 128
-1 128
-1 128
-1 128
-1 128
-1 128
-1 128
-1 128
-1 128
-1 128
-1 128
-1 128
-1 128
-1 128
-1 128
-1 128
-1 128
-1 128
-1 128
-1 128
-1 128
-1 128
-1 128
-1 128
-1 128
-1 128
-1 128
-1 128
-1 128
-1 128
-1 128
-1 128
-1 128
-1 128
-1 128
-1 128
-1 128
-1 128
-1 128
-1 128
-1 128
-1 128
-1 128
-1 128
-1 128
-1 128
-1 128
-1 128
-1 128
-1 128
-1 128
-1 128
-1 128
-1 128
-1 128
-1 128
-1 128
-1 128
-1 128
-1 128
-1 128
-1 128
-1 128
-1 128
-1 128
-1 128
-1 128
-1 128
-1 128
-1 128
-1 128
-1 128
-1 128
-1 128
-1 128
-1 128
-1 128
-1 128
-1 128
-1 128
-1 128
-1 128
-1 128
-1 128
-1 128
-1 128
-1 128
-1 128
-1 128
-1 128
-1 128
-1 128
-1 128
-1 128
-1 128
-1 128
-1 128
-1 128
-1 128
-1 128
-1 128
-1 128
-1 128
-1 128
-1 128
-1 128
-1 128
-1 128
-1 128
-1 128
-1 128
-1 128
-1 128
-1 128
-1 128
-1 128
-1 128
-1 128
-1 128
-1 128
-1 128
-1 128
-1 128
-1 128
-1 128
-1 128
-1 128
-1 128
-1 128
-1 128
-1 128
-1 128
-1 128
-1 128
-1 128
-1 128
-1 128
-1 128
-1 128
-1 128
-1 128
-1 128
-1 128
-1 128
-1 128
-1 128
-1 128
-1 128
-1 128
-1 128
-1 128
-1 128
-1 128
-1 128
-1 128
-1 128
-1 128
-1 128
-1 128
-1 128
-1 128
-1 128
-1 128
-1 128
-1 128
-1 128
-1 128
-1 128
-1 128
-1 128
-1 128
-1 128
-1 128
-1 128
-1 128
-1 128
-1 128
-1 128
-1 128
-1 128
-1 128
-1 128
-1 128
-1 128
-1 128
-1 128
-1 128
-1 128
-1 128
-1 128
-1 128
-1 128
-1 128
-1 128
-1 128
-1 128
-1 128
-1 128
-1 128
-1 128
-1 128
-1 128
-1 128
-1 128
-1 128
-1 128
-1 128
-1 128
-1 128
-1 128
-1 128
-1 128
-1 128
-1 128
-1 128
-1 128
-1 128
-1 128
-1 128
-1 128
-1 128
-1 128
-1 128
-1 128
-1 128
-1 128
-1 128
-1 128
-1 128
-1 128
-1 128
-1 128
-1 128
-1 128
-1 128
-1 128
-1 128
-1 128
-1 128
-1 128
-1 128
-1 128
-1 128
-1 128
-1 128
-1 128
-1 128
-1 128
-1 128
-1 128
-1 128
-1 128
-1 128
-1 128
-1 128
-1 128
-1 128
-1 128
-1 128
-1 128
-1 128
-1 128
-1 128
-1 128
-1 128
-1 128
-1 128
-1 128
-1 128
-1 128
-1 128
-1 128
-1 128
-1 128
-1 128
-1 80
-1 80
-1 80
-1 80
-1 80
-1 80
-1 80
-1 80
-1 80
-1 80
-1 80
-1 80
-1 80
-1 80
-1 80
-1 80
-1 80
-1 80
-1 80
-1 80
-1 80
-1 80
-1 80
-1 80
-1 80
-1 80
-1 80
-1 80
-1 80
-1 80
-1 80
-1 80
-1 80
-1 80
-1 80
-1 80
-1 80
-1 80
-1 80
-1 80
-1 80
-1 80
-1 80
-1 80
-1 80
-1 80
-1 80
-1 80
-1 80
-1 80
-1 80
-1 80
-1 80
-1 80
-1 80
-1 80
-1 80
-1 80
-1 80
-1 80
-1 80
-1 80
-1 80
-1 80
-1 80
-1 80
-1 80
-1 80
-1 80
-1 80
-1 80
-1 80
-1 80
-1 80
-1 80
-1 80
-1 80
-1 80
-1 80
-1 80
-1 80
-1 80
-1 80
-1 80
-1 80
-1 80
-1 80
-1 80
-1 80
-1 80
-1 80
-1 80
-1 80
-1 80
-1 80
-1 80
-1 80
-1 80
-1 80
-1 80
-1 80
-1 80
-1 80
-1 80
-1 80
-1 80
-1 80
-1 80
-1 80
-1 80
-1 80
-1 80
-1 80
-1 80
-1 80
-1 80
-1 80
-1 80
-1 80
-1 80
-1 80
-1 80
-1 80
-1 80
-1 80
-1 80
-1 80
-1 80
-1 80
-1 80
-1 80
-1 80
-1 80
-1 80
-1 80
-1 80
-1 80
-1 80
-1 80
-1 80
-1 80
-1 80
-1 80
-1 80
-1 80
-1 80
-1 80
-1 80
-1 80
-1 80
-1 80
-1 80
-1 80
-1 80
-1 80
-1 80
-1 80
-1 80
-1 80
-1 80
-1 80
-1 80
-1 80
-1 80
-1 80
-1 80
-1 80
-1 80
-1 80
-1 80
-1 80
-1 80
-1 80
-1 80
-1 80
-1 80
-1 80
-1 80
-1 80
-1 80
-1 80
-1 80
-1 80
-1 80
-1 80
-1 80
-1 80
-1 80
-1 80
-1 80
-1 80
-1 80
-1 80
-1 80
-1 80
-1 80
-1 80
-1 80
-1 80
-1 80
-1 80
-1 80
-1 80
-1 80
-1 80
-1 80
-1 80
-1 80
-1 80
-1 80
-1 80
-1 80
-1 80
-1 80
-1 80
-1 80
-1 80
-1 80
-1 80
-1 80
-1 80
-1 80
-1 80
-1 80
-1 80
-1 80
-1 80
-1 80
-1 80
-1 80
-1 80
-1 80
-1 80
-1 80
-1 80
-1 80
-1 80
-1 80
-1 80
-1 80
-1 80
-1 80
-1 80
-1 80
-1 80
-1 80
-1 80
-1 80
-1 80
-1 80
-1 80
-1 80
-1 80
-1 80
-1 80
-1 80
-1 80
-1 80
-1 80
-1 80
-1 80
-1 80
-1 80
-1 80
-1 80
-1 80
-1 80
-1 80
-1 80
-1 80
-1 80
-1 80
-1 80
-1 80
-1 80
-1 80
-1 80
-1 80
-1 80
-1 80
-1 80
-1 80
-1 80
-1 80
-1 80
-1 80
-1 80
-1 80
-1 80
-1 80
-1 80
-1 80
-1 80
-1 80
-1 80
-1 80
-1 80
-1 80
-1 80
-1 80
-1 80
-1 80
-1 80
-1 80
-1 80
-1 80
-1 80
-1 80
-1 80
-1 80
-1 80
-1 80
-1 80
-1 80
-1 80
-1 80
-1 80
-1 80
-1 80
-1 80
-1 80
-1 80
-1 80
-1 80
-1 80
-1 80
-1 80
-1 80
-1 80
-1 80
-1 80
-1 80
-1 80
-1 80
-1 80
-1 80
-1 80
-1 80
-1 80
-1 80
-1 80
-1 80
-1 80
-1 80
-1 80
-1 80
-1 80
-1 80
-1 80
-1 80
-1 80
-1 80
-1 80
-1 80
-1 80
-1 80
-1 80
-1 80
-1 80
-1 80
-1 80
-1 80
-1 80
-1 80
-1 80
-1 80
-1 80
-1 80
-1 80
-1 80
-1 80
-1 80
-1 80
-1 80
-1 80
-1 80
-1 80
-1 80
-1 80
-1 80
-1 77
-1 77
-1 77
-1 77
-1 77
-1 77
-1 77
-1 77
-1 77
-1 77
-1 77
-1 77
-1 77
-1 77
-1 77
-1 77
-1 77
-1 77
-1 77
-1 77
-1 77
-1 77
-1 77
-1 77
-1 77
-1 77
-1 77
-1 77
-1 77
-1 77
-1 77
-1 77
-1 77
-1 77
-1 77
-1 77
-1 77
-1 77
-1 77
-1 77
-1 77
-1 77
-1 77
-1 77
-1 77
-1 77
-1 77
-1 77
-1 77
-1 77
-1 77
-1 77
-1 77
-1 77
-1 77
-1 77
-1 77
-1 77
-1 77
-1 77
-1 77
-1 77
-1 77
-1 77
-1 77
-1 77
-1 77
-1 77
-1 77
-1 77
-1 77
-1 77
-1 77
-1 77
-1 77
-1 77
-1 77
-1 77
-1 77
-1 77
-1 77
-1 77
-1 77
-1 77
-1 77
-1 77
-1 77
-1 77
-1 77
-1 77
-1 77
-1 77
-1 77
-1 77
-1 77
-1 77
-1 77
-1 77
-1 77
-1 77
-1 77
-1 77
-1 77
-1 77
-1 77
-1 77
-1 77
-1 77
-1 77
-1 77
-1 77
-1 77
-1 77
-1 77
-1 77
-1 77
-1 77
-1 77
-1 77
-1 77
-1 77
-1 77
-1 77
-1 77
-1 77
-1 77
-1 77
-1 77
-1 77
-1 77
-1 77
-1 77
-1 77
-1 77
-1 77
-1 77
-1 77
-1 77
-1 77
-1 77
-1 77
-1 77
-1 77
-1 77
-1 77
-1 77
-1 77
-1 77
-1 77
-1 77
-1 77
-1 77
-1 77
-1 77
-1 77
-1 77
-1 77
-1 77
-1 77
-1 77
-1 77
-1 77
-1 77
-1 77
-1 77
-1 77
-1 77
-1 77
-1 77
-1 77
-1 77
-1 77
-1 77
-1 77
-1 77
-1 77
-1 77
-1 77
-1 77
-1 77
-1 77
-1 77
-1 77
-1 77
-1 77
-1 77
-1 77
-1 77
-1 77
-1 77
-1 77
-1 77
-1 77
-1 77
-1 77
-1 77
-1 77
-1 77
-1 77
-1 77
-1 77
-1 77
-1 77
-1 77
-1 77
-1 77
-1 77
-1 77
-1 77
-1 77
-1 77
-1 77
-1 77
-1 77
-1 77
-1 77
-1 77
-1 77
-1 77
-1 77
-1 77
-1 77
-1 77
-1 77
-1 77
-1 77
-1 77
-1 77
-1 77
-1 77
-1 77
-1 77
-1 77
-1 77
-1 77
-1 77
-1 77
-1 77
-1 77
-1 77
-1 77
-1 77
-1 77
-1 77
-1 77
-1 77
-1 77
-1 77
-1 77
-1 77
-1 77
-1 77
-1 77
-1 77
-1 77
-1 77
-1 77
-1 77
-1 77
-1 77
-1 77
-1 77
-1 77
-1 77
-1 77
-1 77
-1 77
-1 77
-1 77
-1 77
-1 77
-1 77
-1 77
-1 77
-1 77
-1 77
-1 77
-1 77
-1 77
-1 77
-1 77
-1 77
-1 77
-1 77
-1 77
-1 77
-1 77
-1 77
-1 77
-1 77
-1 77
-1 77
-1 77
-1 77
-1 77
-1 77
-1 77
-1 77
-1 77
-1 77
-1 77
-1 77
-1 77
-1 77
-1 77
-1 77
-1 77
-1 77
-1 77
-1 77
-1 77
-1 77
-1 77
-1 77
-1 77
-1 77
-1 77
-1 77
-1 77
-1 77
-1 77
-1 77
-1 77
-1 77
-1 77
-1 77
-1 77
-1 77
-1 77
-1 77
-1 77
-1 77
-1 77
-1 77
-1 77
-1 77
-1 77
-1 77
-1 77
-1 77
-1 77
-1 77
-1 77
-1 77
-1 77
-1 77
-1 77
-1 77
-1 77
-1 77
-1 77
-1 77
-1 77
-1 77
-1 77
-1 77
-1 77
-1 77
-1 77
-1 77
-1 77
-1 77
-1 77
-1 77
-1 77
-1 77
-1 77
-1 77
-1 77
-1 77
-1 77
-1 77
-1 77
-1 77
-1 77
-1 77
-1 77
-1 77
-1 77
-1 77
-1 77
-1 77
-1 77
-1 77
-1 77
-1 77
-1 77
-1 77
-1 77
-1 77
-1 77
-1 77
-1 77
-1 77
-1 77
-1 77
-1 77
128 51
128 51
128 51
-1 51
-1 51
-1 51
-1 51
-1 51
-1 51
-1 51
-1 51
-1 51
-1 51
-1 51
-1 51
-1 51
-1 51
-1 51
-1 51
-1 51
-1 51
-1 51
-1 51
-1 51
-1 51
-1 51
-1 51
-1 51
-1 51
-1 51
-1 51
-1 51
-1 51
-1 51
-1 51
-1 51
-1 51
-1 51
-1 51
-1 51
-1 51
-1 51
-1 51
-1 51
-1 51
-1 51
-1 51
-1 51
-1 51
-1 51
-1 51
-1 51
-1 51
-1 51
-1 51
-1 51
-1 51
-1 51
-1 51
-1 51
-1 51
-1 51
-1 51
-1 51
-1 51
-1 51
-1 51
-1 51
-1 51
-1 51
-1 51
-1 51
-1 51
-1 51
-1 51
-1 51
-1 51
-1 51
-1 51
-1 51
-1 51
-1 51
-1 51
-1 51
-1 51
-1 51
-1 51
-1 51
-1 51
-1 51
-1 51
-1 51
-1 51
-1 51
-1 51
-1 51
-1 51
-1 51
-1 51
-1 51
-1 51
-1 51
-1 51
-1 51
-1 51
-1 51
-1 51
-1 51
-1 51
-1 51
-1 51
-1 51
-1 51
-1 51
-1 51
-1 51
-1 51
-1 51
-1 51
-1 51
-1 51
-1 51
-1 51
-1 51
-1 51
-1 51
-1 51
-1 51
-1 51
-1 51
-1 51
-1 51
-1 51
-1 51
-1 51
-1 51
-1 51
-1 51
-1 51
-1 51
-1 51
-1 51
-1 51
-1 51
-1 51
-1 51
-1 51
-1 51
-1 51
-1 51
-1 51
-1 51
-1 51
-1 51
-1 51
-1 51
-1 51
-1 51
-1 51
-1 51
-1 51
-1 51
-1 51
-1 51
-1 51
-1 51
-1 51
-1 51
-1 51
-1 51
-1 51
-1 51
-1 51
-1 51
-1 51
-1 51
-1 51
-1 51
-1 51
-1 51
-1 51
-1 51
-1 51
-1 51
-1 51
-1 51
-1 51
-1 51
-1 51
-1 51
-1 51
-1 51
-1 51
-1 51
-1 51
-1 51
-1 51
-1 51
-1 51
-1 51
-1 51
-1 51
-1 51
-1 51
-1 51
-1 51
-1 51
-1 51
-1 51
-1 51
-1 51
-1 51
-1 51
-1 51
-1 51
-1 51
-1 51
-1 51
-1 51
-1 51
-1 51
-1 51
-1 51
-1 51
-1 51
-1 51
-1 51
-1 51
-1 51
-1 51
-1 51
-1 51
-1 51
-1 51
-1 51
-1 51
-1 51
-1 51
-1 51
-1 51
-1 51
-1 51
-1 51
-1 51
-1 51
-1 51
-1 51
-1 51
-1 51
-1 51
-1 51
-1 51
-1 51
-1 51
-1 51
-1 51
-1 51
-1 51
-1 51
-1 51
-1 51
-1 51
-1 51
-1 51
-1 51
-1 51
-1 51
-1 51
-1 51
-1 51
-1 51
-1 51
-1 51
-1 51
-1 51
-1 51
-1 51
-1 51
-1 51
-1 51
-1 51
-1 51
-1 51
-1 51
-1 51
-1 51
-1 51
-1 51
-1 51
-1 51
-1 51
-1 51
-1 51
-1 51
-1 51
-1 51
-1 51
-1 51
-1 51
-1 51
-1 51
-1 51
-1 51
-1 51
-1 51
-1 51
-1 51
-1 51
-1 51
-1 51
-1 51
-1 51
-1 51
-1 51
-1 51
-1 51
-1 51
-1 51
-1 51
-1 51
-1 51
-1 51
-1 51
-1 51
-1 51
-1 51
-1 51
-1 51
-1 51
-1 51
-1 51
-1 51
-1 51
-1 51
-1 51
-1 51
-1 51
-1 51
-1 51
-1 51
-1 51
-1 51
-1 51
-1 51
-1 51
-1 51
-1 51
-1 51
-1 51
-1 51
-1 51
-1 51
-1 51
-1 51
-1 51
-1 51
-1 51
-1 51
-1 51
-1 51
-1 51
-1 51
-1 51
-1 51
-1 51
-1 51
-1 51
-1 51
-1 51
-1 51
-1 51
-1 51
-1 51
-1 51
-1 51
-1 51
-1 51
-1 51
-1 51
-1 51
-1 51
-1 51
-1 51
-1 51
-1 51
-1 51
-1 51
-1 51
-1 51
-1 51
-1 51
-1 51
-1 51
-1 51
-1 152
-1 152
-1 152
-1 152
-1 152
-1 152
-1 152
-1 152
-1 152
-1 152
-1 152
-1 152
-1 152
-1 152
-1 152
-1 152
-1 152
-1 152
-1 152
-1 152
-1 152
-1 152
-1 152
-1 152
-1 152
-1 152
-1 152
-1 152
-1 152
-1 152
-1 152
-1 152
-1 152
-1 152
-1 152
-1 152
-1 152
-1 152
-1 152
-1 152
-1 152
-1 152
-1 152
-1 152
-1 152
-1 152
-1 152
-1 152
-1 152
-1 152
-1 152
-1 152
-1 152
-1 152
-1 152
-1 152
-1 152
-1 152
-1 152
-1 152
-1 152
-1 152
-1 152
-1 152
-1 152
-1 152
-1 152
-1 152
-1 152
-1 152
-1 152
-1 152
-1 152
-1 152
-1 152
-1 152
-1 152
-1 152
-1 152
-1 152
-1 152
-1 152
-1 152
-1 152
-1 152
-1 152
-1 152
-1 152
-1 152
-1 152
-1 152
-1 152
-1 152
-1 152
-1 152
-1 152
-1 152
-1 152
-1 152
-1 152
-1 152
-1 152
-1 152
-1 152
-1 152
-1 152
-1 152
-1 152
-1 152
-1 152
-1 152
-1 152
-1 152
-1 152
-1 152
-1 152
-1 152
-1 152
-1 152
-1 152
-1 152
-1 152
-1 152
-1 152
-1 152
-1 152
-1 152
-1 152
-1 152
-1 152
-1 152
-1 152
-1 152
-1 152
-1 152
-1 152
-1 152
-1 152
-1 152
-1 152
-1 152
-1 152
-1 152
-1 152
-1 152
-1 152
-1 152
-1 152
-1 152
-1 152
-1 152
-1 152
-1 152
-1 152
-1 152
-1 152
-1 152
-1 152
-1 152
-1 152
-1 152
-1 152
-1 152
-1 152
-1 152
-1 152
-1 152
-1 152
-1 152
-1 152
-1 152
-1 152
-1 152
-1 152
-1 152
-1 152
-1 152
-1 152
-1 152
-1 152
-1 152
-1 152
-1 152
-1 152
-1 152
-1 152
-1 152
-1 152
-1 152
-1 152
-1 152
-1 152
-1 152
-1 152
-1 152
-1 152
-1 152
-1 152
-1 152
-1 152
-1 152
-1 152
-1 152
-1 152
-1 152
-1 152
-1 152
-1 152
-1 152
-1 152
-1 152
-1 152
-1 152
-1 152
-1 152
-1 152
-1 152
-1 152
-1 152
-1 152
-1 152
-1 152
-1 152
-1 152
-1 152
-1 152
-1 152
-1 152
-1 152
-1 152
-1 152
-1 152
-1 152
-1 152
-1 152
-1 152
-1 152
-1 152
-1 152
-1 152
-1 152
-1 152
-1 152
-1 152
-1 152
-1 152
-1 152
-1 152
-1 152
-1 152
-1 152
-1 152
-1 152
-1 152
-1 152
-1 152
-1 152
-1 152
-1 152
-1 152
-1 152
-1 152
-1 152
-1 152
-1 152
-1 152
-1 152
-1 152
-1 152
-1 152
-1 152
-1 152
-1 152
-1 152
-1 152
-1 152
-1 152
-1 152
-1 152
-1 152
-1 152
-1 152
-1 152
-1 152
-1 152
-1 152
-1 152
-1 152
-1 152
-1 152
-1 152
-1 152
-1 152
-1 152
-1 152
-1 152
-1 152
-1 152
-1 152
-1 152
-1 152
-1 152
-1 152
-1 152
-1 152
-1 152
-1 152
-1 152
-1 152
-1 152
-1 152
-1 152
-1 152
-1 152
-1 152
-1 152
-1 152
-1 152
-1 152
-1 152
-1 152
-1 152
-1 152
-1 152
-1 152
-1 152
-1 152
-1 152
-1 152
-1 152
-1 152
-1 152
-1 152
-1 152
-1 152
-1 152
-1 152
-1 152
-1 152
-1 152
-1 152
-1 152
-1 152
-1 152
-1 152
-1 152
-1 152
-1 152
-1 152
-1 152
-1 152
-1 152
-1 152
-1 152
-1 152
-1 152
-1 152
-1 152
-1 152
-1 152
-1 152
-1 152
-1 152
-1 152
-1 152
-1 152
-1 152
-1 152
-1 152
-1 152
-1 152
-1 152
-1 152
-1 152
-1 152
-1 152
-1 152
-1 152
-1 152
-1 152
-1 152
-1 152
-1 152
-1 152
-1 152
-1 152
-1 152
-1 152
-1 152
-1 152
-1 152
-1 152
-1 152
-1 152
-1 152
-1 152
-1 152
-1 152
-1 152
-1 152
-1 152
-1 152
-1 152
-1 152
-1 152
-1 152
-1 152
-1 152
-1 152
-1 152
-1 152
-1 152
-1 152
-1 152
-1 152
-1 152
-1 152
-1 152
-1 152
-1 152
-1 152
-1 152
-1 152
-1 152
-1 152
-1 152
-1 152
-1 152
-1 152
-1 152
-1 152
-1 152
-1 12
-1 12
-1 12
-1 12
-1 12
-1 12
-1 12
-1 12
-1 12
-1 12
-1 12
-1 12
-1 12
-1 12
-1 12
-1 12
-1 12
-1 12
-1 12
-1 12
-1 12
-1 12
-1 12
-1 12
-1 12
-1 12
-1 12
-1 12
-1 12
-1 12
-1 12
-1 12
-1 12
-1 12
-1 12
-1 12
-1 12
-1 12
-1 12
-1 12
-1 12
-1 12
-1 12
-1 12
-1 12
-1 12
-1 12
-1 12
-1 12
-1 12
-1 12
-1 12
-1 12
-1 12
-1 12
-1 12
-1 12
-1 12
-1 12
-1 12
-1 12
-1 12
-1 12
-1 12
-1 12
-1 12
-1 12
-1 12
-1 12
-1 12
-1 12
-1 12
-1 12
-1 12
-1 12
-1 12
-1 12
-1 12
-1 12
-1 12
-1 12
-1 12
-1 12
-1 12
-1 12
-1 12
-1 12
-1 12
-1 12
-1 12
-1 12
-1 12
-1 12
-1 12
-1 12
-1 12
-1 12
-1 12
-1 12
-1 12
-1 12
-1 12
-1 12
-1 12
-1 12
-1 12
-1 12
-1 12
-1 12
-1 12
-1 12
-1 12
-1 12
-1 12
-1 12
-1 12
-1 12
-1 12
-1 12
-1 12
-1 12
-1 12
-1 12
-1 12
-1 12
-1 12
-1 12
-1 12
-1 12
-1 12
-1 12
-1 12
-1 12
-1 12
-1 12
-1 12
-1 12
-1 12
-1 12
-1 12
-1 12
-1 12
-1 12
-1 12
-1 12
-1 12
-1 12
-1 12
-1 12
-1 12
-1 12
-1 12
-1 12
-1 12
-1 12
-1 12
-1 12
-1 12
-1 12
-1 12
-1 12
-1 12
-1 12
-1 12
-1 12
-1 12
-1 12
-1 12
-1 12
-1 12
-1 12
-1 12
-1 12
-1 12
-1 12
-1 12
-1 12
-1 12
-1 12
-1 12
-1 12
-1 12
-1 12
-1 12
-1 12
-1 12
-1 12
-1 12
-1 12
-1 12
-1 12
-1 12
-1 12
-1 12
-1 12
-1 12
-1 12
-1 12
-1 12
-1 12
-1 12
-1 12
-1 12
-1 12
-1 12
-1 12
-1 12
-1 12
-1 12
-1 12
-1 12
-1 12
-1 12
-1 12
-1 12
-1 12
-1 12
-1 12
-1 12
-1 12
-1 12
-1 12
-1 12
-1 12
-1 12
-1 12
-1 12
-1 12
-1 12
-1 12
-1 12
-1 12
-1 12
-1 12
-1 12
-1 12
-1 12
-1 12
-1 12
-1 12
-1 12
-1 12
-1 12
-1 12
-1 12
-1 12
-1 12
-1 12
-1 12
-1 12
-1 12
-1 12
-1 12
-1 12
-1 12
-1 12
-1 12
-1 12
-1 12
-1 12
-1 12
-1 12
-1 12
-1 12
-1 12
-1 12
-1 12
-1 12
-1 12
-1 12
-1 12
-1 12
-1 12
-1 12
-1 12
-1 12
-1 12
-1 12
-1 12
-1 12
-1 12
-1 12
-1 12
-1 12
-1 12
-1 12
-1 12
-1 12
-1 12
-1 12
-1 12
-1 12
-1 12
-1 12
-1 12
-1 12
-1 12
-1 12
-1 12
-1 12
-1 12
-1 12
-1 12
-1 12
-1 12
-1 12
-1 12
-1 12
-1 12
-1 12
-1 12
-1 12
-1 12
-1 12
-1 12
-1 12
-1 12
-1 12
-1 12
-1 12
-1 12
-1 12
-1 12
-1 12
-1 12
-1 12
-1 12
-1 12
-1 12
-1 12
-1 12
-1 12
-1 12
-1 12
-1 12
-1 12
-1 12
-1 12
-1 12
-1 12
-1 12
-1 12
-1 12
-1 12
-1 12
-1 12
-1 12
-1 12
-1 12
-1 12
-1 12
-1 12
-1 12
-1 12
-1 12
-1 12
-1 12
-1 12
-1 12
-1 12
-1 12
-1 12
-1 12
-1 12
-1 12
-1 12
-1 12
-1 12
-1 12
-1 12
-1 12
-1 12
-1 12
-1 12
-1 12
-1 12
-1 12
-1 12
-1 12
-1 12
-1 12
-1 12
-1 12
-1 12
-1 12
-1 12
-1 12
-1 12
-1 12
-1 12
-1 12
-1 12
-1 12
-1 12
-1 12
-1 12
-1 12
-1 12
-1 12
-1 12
-1 12
-1 12
-1 12
-1 12
-1 12
-1 12
-1 12
-1 12
-1 12
-1 12
-1 12
-1 12
-1 12
-1 12
-1 12
-1 12
-1 12
-1 12
-1 12
-1 12
-1 12
-1 12
-1 12
-1 12
-1 12
-1 12
-1 12
-1 12
-1 12
-1 12
-1 12
-1 12
-1 12
-1 12
-1 12
-1 12
-1 12
-1 12
-1 12
-1 12
-1 12
-1 12
-1 12
-1 12
-1 12
-1 12
-1 12
-1 72
-1 72
-1 72
-1 72
-1 72
-1 72
-1 72
-1 72
-1 72
-1 72
-1 72
-1 72
-1 72
-1 72
-1 72
-1 72
-1 72
-1 72
-1 72
-1 72
-1 72
-1 72
-1 72
-1 72
-1 72
-1 72
-1 72
-1 72
-1 72
-1 72
-1 72
-1 72
-1 72
-1 72
-1 72
-1 72
-1 72
-1 72
-1 72
-1 72
-1 72
-1 72
-1 72
-1 72
-1 72
-1 72
-1 72
-1 72
-1 72
-1 72
-1 72
-1 72
-1 72
-1 72
-1 72
-1 72
-1 72
-1 72
-1 72
-1 72
-1 72
-1 72
-1 72
-1 72
-1 72
-1 72
-1 72
-1 72
-1 72
-1 72
-1 72
-1 72
-1 72
-1 72
-1 72
-1 72
-1 72
-1 72
-1 72
-1 72
-1 72
-1 72
-1 72
-1 72
-1 72
-1 72
-1 72
-1 72
-1 72
-1 72
-1 72
-1 72
-1 72
-1 72
-1 72
-1 72
-1 72
-1 72
-1 72
-1 72
-1 72
-1 72
-1 72
-1 72
-1 72
-1 72
-1 72
-1 72
-1 72
-1 72
-1 72
-1 72
-1 72
-1 72
-1 72
-1 72
-1 72
-1 72
-1 72
-1 72
-1 72
-1 72
-1 72
-1 72
-1 72
-1 72
-1 72
-1 72
-1 72
-1 72
-1 72
-1 72
-1 72
-1 72
-1 72
-1 72
-1 72
-1 72
-1 72
-1 72
-1 72
-1 72
-1 72
-1 72
-1 72
-1 72
-1 72
-1 72
-1 72
-1 72
-1 72
-1 72
-1 72
-1 72
-1 72
-1 72
-1 72
-1 72
-1 72
-1 72
-1 72
-1 72
-1 72
-1 72
-1 72
-1 72
-1 72
-1 72
-1 72
-1 72
-1 72
-1 72
-1 72
-1 72
-1 72
-1 72
-1 72
-1 72
-1 72
-1 72
-1 72
-1 72
-1 72
-1 72
-1 72
-1 72
-1 72
-1 72
-1 72
-1 72
-1 72
-1 72
-1 72
-1 72
-1 72
-1 72
-1 72
-1 72
-1 72
-1 72
-1 72
-1 72
-1 72
-1 72
-1 72
-1 72
-1 72
-1 72
-1 72
-1 72
-1 72
-1 72
-1 72
-1 72
-1 72
-1 72
-1 72
-1 72
-1 72
-1 72
-1 72
-1 72
-1 72
-1 72
-1 72
-1 72
-1 72
-1 72
-1 72
-1 72
-1 72
-1 72
-1 72
-1 72
-1 72
-1 72
-1 72
-1 72
-1 72
-1 72
-1 72
-1 72
-1 72
-1 72
-1 72
-1 72
-1 72
-1 72
-1 72
-1 72
-1 72
-1 72
-1 72
-1 72
-1 72
-1 72
-1 72
-1 72
-1 72
-1 72
-1 72
-1 72
-1 72
-1 72
-1 72
-1 72
-1 72
-1 72
-1 72
-1 72
-1 72
-1 72
-1 72
-1 72
-1 72
-1 72
-1 72
-1 72
-1 72
-1 72
-1 72
-1 72
-1 72
-1 72
-1 72
-1 72
-1 72
-1 72
-1 72
-1 72
-1 72
-1 72
-1 72
-1 72
-1 72
-1 72
-1 72
-1 72
-1 72
-1 72
-1 72
-1 72
-1 72
-1 72
-1 72
-1 72
-1 72
-1 72
-1 72
-1 72
-1 72
-1 72
-1 72
-1 72
-1 72
-1 72
-1 72
-1 72
-1 72
-1 72
-1 72
-1 72
-1 72
-1 72
-1 72
-1 72
-1 72
-1 72
-1 72
-1 72
-1 72
-1 72
-1 72
-1 72
-1 72
-1 72
-1 72
-1 72
-1 72
-1 72
-1 72
-1 72
-1 72
-1 72
-1 72
-1 72
-1 72
-1 72
-1 72
-1 72
-1 72
-1 72
-1 72
-1 72
-1 72
-1 72
-1 72
-1 72
-1 72
-1 72
-1 72
-1 72
-1 72
-1 72
-1 72
-1 72
-1 72
-1 72
-1 72
-1 72
-1 72
-1 72
-1 72
-1 72
-1 72
-1 72
-1 72
-1 72
-1 72
-1 72
-1 72
-1 72
-1 72
-1 72
-1 72
-1 72
-1 72
-1 72
-1 72
-1 72
-1 72
-1 72
-1 72
-1 72
-1 72
-1 72
-1 72
-1 72
-1 72
-1 72
-1 72
-1 72
-1 72
-1 72
-1 72
-1 72
-1 72
-1 72
-1 72
-1 72
-1 72
-1 72
-1 72
-1 72
-1 72
-1 72
-1 72
-1 72
-1 72
-1 72
-1 72
-1 72
-1 72
-1 72
-1 72
-1 72
-1 72
-1 72
-1 72
-1 72
-1 72
-1 72
-1 72
-1 72
-1 72
-1 72
-1 72
-1 72
-1 72
-1 72
-1 72
-1 72
-1 72
-1 72
-1 72
-1 72
-1 72
-1 72
-1 72
-1 72
-1 72
-1 72
-1 72
-1 72
-1 72
-1 72
-1 72
-1 72
-1 72
-1 72
-1 72
-1 72
-1 72
-1 72
-1 72
-1 72
-1 72
-1 72
-1 72
-1 72
-1 72
-1 72
-1 72
-1 72
-1 72
-1 72
-1 72
-1 72
-1 72
-1 72
-1 72
-1 72
-1 72
-1 72
-1 72
-1 72
-1 72
-1 72
-1 72
-1 72
-1 72
-1 72
