14 273 53
4384 7916
6261 9322
9120 5273
9637 1031
8637 6428
859 4399
9920 9115
717 1928
2961 6879
9000 2626
3818 8462
5661 7897
9239 6268
3758 2424
6891 9408
629 5439
8342 7212
404 9794
1518 8307
1468 1498
5318 562
8849 9913
970 7253
6190 3207
1268 6463
1718 6064
7016 7917
3703 3080
3711 8862
7335 2713
1082 1177
7545 5507
7047 7360
7435 6821
3790 7873
5087 1814
383 627
8892 6018
4696 8834
6174 5591
726 7643
4312 5353
7200 2172
7643 6514
3322 6894
9263 3181
7667 9303
9623 1778
7519 1332
93 4461
9964 6691
5732 3018
7241 5365
5438 3111
6431 6948
1110 410
6773 4461
5297 6116
2091 2766
5094 5976
222 7026
3611 5737
6712 5855
3917 6851
5973 2761
3776 9321
5189 5464
9918 7958
2982 2816
453 179
7095 2838
3 265
1544 1750
241 5189
2612 3222
9843 514
1232 5354
1934 7773
5918 2059
6562 5341
8438 326
6564 3453
6709 5206
3224 1884
60 482
2229 644
402 7245
5775 7809
8221 6664
3253 8226
2542 4815
4032 8381
4199 7729
1450 185
6629 2091
5801 4998
4453 2715
1074 7658
2806 2859
8655 6097
5108 2711
7060 8073
9729 1419
8430 1708
5263 7873
6602 1001
9711 4875
9491 4996
8655 6681
7573 7254
3400 3546
1806 3943
6824 5724
3067 9945
5903 8049
8805 5171
660 6831
3306 111
1262 1145
32 4020
3750 8736
7357 4633
9447 9835
4180 9123
2829 2681
9622 3003
1147 1353
7755 1131
2846 1204
871 9506
6645 8777
6359 6762
8944 4347
9580 3312
4602 4542
3312 1127
3972 8950
1139 687
7440 2237
6400 7837
5587 885
1131 1646
9344 1941
4380 457
1402 1330
1027 2631
8490 4153
7036 4178
370 5503
8056 5614
201 3667
325 7439
3253 3505
3056 8682
4497 5099
3794 6430
1010 1803
5137 2814
4963 1202
6917 3380
5126 905
5838 5136
9084 1778
422 7894
4278 9279
6248 8328
4071 5564
6187 8478
8763 2196
6050 4259
2427 9233
7954 7642
6020 6950
9127 6568
2832 336
1772 6428
4732 8493
7230 9600
1989 8279
262 5357
9300 1711
9913 5747
7404 1229
3881 478
2447 2831
7450 4365
5745 4348
9847 4380
9546 7801
761 3789
1144 6095
1685 9515
2972 1140
500 9225
4879 3894
1201 8520
2551 2293
2339 8475
2120 9091
4128 3607
5423 6617
1594 3587
2314 5664
3242 903
8182 2485
4699 7151
5283 1781
5789 5787
9569 3777
5080 105
2313 3207
8715 7675
9447 8831
5565 3616
8161 8238
9171 4061
5890 2864
8862 8330
3717 8535
9373 4877
2337 8328
2936 945
8696 7921
1077 8640
6325 9054
8502 6997
353 3927
2403 6482
2059 1536
7608 1567
8360 1505
6690 214
2031 6970
752 9435
800 4173
2719 263
5618 3519
9162 757
1177 5876
2100 8961
789 2030
3492 4892
6655 7715
5700 2483
9672 937
9346 1812
3612 3396
1578 2950
1470 2416
6886 2744
1944 4689
1075 9810
5039 9145
7488 257
5485 3534
9580 4359
9142 4190
4103 4017
214 1832
7967 6225
3820 8642
1852 2256
4250 602
2260 8804
1780 1395
5793 1636
2164 8224
9064 7727
6305 1150
5223 9565
5287 4205
7463 7840
950 8772
9393 4160
8127 3263
2611 4237
7471 2737
3955 4772
9680 761
4847 8663
1496 1044
7393 3473
5682 8929
1274 3509
2256 2846
9236 2774
5938 5393
0.7853 0.8889 0.4658 0.5577 0.2095 0.6776 0.4668 0.1900 0.1676 0.1220 0.4466 0.4420 0.2234 0.4757
0.1298 0.1310 0.2727 0.8573 0.8789 0.4621 0.4438 0.1813 0.1973 0.5832 0.8903 0.5512 0.6658 0.7816
0.3851 0.1096 0.5008 0.2689 0.7022 0.1786 0.2231 0.7725 0.6861 0.6717 0.7233 0.2304 0.7595 0.2002
0.2166 0.6271 0.6520 0.8594 0.1913 0.5756 0.1348 0.4477 0.4807 0.6004 0.1231 0.1144 0.6542 0.3316
0.8798 0.6650 0.4271 0.4281 0.3438 0.3495 0.4079 0.5734 0.8181 0.8243 0.3318 0.2532 0.3122 0.3052
0.4942 0.8670 0.7423 0.4467 0.1017 0.7658 0.7148 0.7101 0.1357 0.3505 0.2152 0.8489 0.2234 0.6117
0.8185 0.1296 0.3435 0.6528 0.6123 0.7529 0.7442 0.2215 0.2640 0.2368 0.5146 0.4217 0.3190 0.6422
0.2685 0.7364 0.5420 0.2807 0.8726 0.1968 0.1398 0.5957 0.4330 0.5224 0.7155 0.4651 0.1187 0.1293
0.1307 0.1685 0.1910 0.5037 0.6574 0.2891 0.5988 0.6036 0.1562 0.3668 0.3847 0.6447 0.5999 0.1710
0.5427 0.3499 0.4206 0.3662 0.6588 0.8967 0.4913 0.2855 0.5806 0.8274 0.5913 0.4977 0.2250 0.8405
0.3603 0.5283 0.3679 0.2925 0.4423 0.6444 0.3931 0.7625 0.2542 0.8177 0.7338 0.7797 0.1707 0.7596
0.6959 0.7522 0.2191 0.1589 0.8421 0.8673 0.2013 0.4350 0.3825 0.8327 0.1771 0.2325 0.4803 0.5482
0.4499 0.6401 0.5279 0.5055 0.8629 0.1667 0.1100 0.6934 0.6073 0.8871 0.4003 0.6583 0.6849 0.2743
0.1035 0.8527 0.6287 0.1311 0.6038 0.1059 0.7808 0.8778 0.8374 0.7617 0.5269 0.5087 0.4896 0.5858
0.7908 0.4852 0.1341 0.6395 0.6110 0.6286 0.7553 0.2994 0.2374 0.2432 0.5139 0.3619 0.8205 0.4707
0.7519 0.5000 0.2495 0.1969 0.8388 0.1120 0.2979 0.2642 0.4291 0.8200 0.5328 0.4669 0.2456 0.7564
0.2975 0.3325 0.8622 0.8923 0.4671 0.1024 0.4211 0.8320 0.5979 0.2506 0.3539 0.4844 0.4031 0.4494
0.1078 0.8463 0.4079 0.8682 0.8385 0.2129 0.8226 0.4255 0.5637 0.6502 0.6602 0.3461 0.2160 0.5483
0.6364 0.7142 0.7008 0.2875 0.6115 0.4940 0.4901 0.3705 0.6702 0.7213 0.2926 0.3764 0.8400 0.7422
0.1839 0.4240 0.5429 0.8290 0.6580 0.6769 0.4738 0.4493 0.5062 0.7965 0.8966 0.5740 0.3276 0.8899
0.6228 0.1820 0.2882 0.1867 0.6499 0.4342 0.8392 0.3587 0.7974 0.4482 0.2054 0.6620 0.7645 0.7853
0.2325 0.4384 0.8058 0.2174 0.1513 0.2714 0.1795 0.1695 0.8454 0.4632 0.8311 0.4234 0.3307 0.1493
0.2722 0.8239 0.7627 0.5407 0.6396 0.2777 0.1287 0.2481 0.1421 0.7775 0.4679 0.7319 0.2634 0.1968
0.2540 0.3063 0.3519 0.1675 0.5028 0.5782 0.6229 0.7717 0.5029 0.5000 0.5414 0.8776 0.8749 0.1062
0.5898 0.1321 0.7530 0.3071 0.4686 0.3355 0.5031 0.8144 0.6004 0.2243 0.5029 0.5828 0.2437 0.7224
0.8936 0.1359 0.2485 0.7458 0.6310 0.4718 0.7668 0.1705 0.5593 0.5712 0.4039 0.5965 0.5736 0.3418
0.2579 0.4029 0.5439 0.1916 0.6417 0.1039 0.4664 0.6424 0.8258 0.2574 0.7463 0.2941 0.8666 0.8264
0.8298 0.1720 0.3440 0.4079 0.5990 0.3670 0.6137 0.6322 0.3235 0.7467 0.6622 0.4700 0.6220 0.8889
0.6461 0.8966 0.5531 0.6947 0.3288 0.8036 0.8202 0.3399 0.5748 0.2123 0.6780 0.6961 0.3768 0.3907
0.4594 0.7925 0.1686 0.5524 0.3176 0.3335 0.6110 0.6486 0.4044 0.1993 0.4853 0.7035 0.2007 0.5119
0.6346 0.7875 0.4160 0.7115 0.3978 0.1710 0.8552 0.4734 0.3583 0.3602 0.4795 0.6793 0.8115 0.6632
0.7405 0.8101 0.2916 0.3083 0.6398 0.1261 0.6178 0.2394 0.2160 0.4324 0.4881 0.1812 0.7710 0.7663
0.2562 0.7443 0.6049 0.4972 0.1439 0.2939 0.3492 0.2516 0.6466 0.5432 0.3673 0.5572 0.6380 0.7276
0.2116 0.4757 0.2451 0.2643 0.7268 0.1757 0.7809 0.5810 0.7274 0.8355 0.1072 0.3703 0.8478 0.2026
0.8123 0.1922 0.2948 0.6562 0.6329 0.7602 0.2838 0.1858 0.2550 0.7718 0.2555 0.4131 0.2324 0.7173
0.7759 0.2517 0.7995 0.5386 0.8944 0.1995 0.2461 0.2292 0.5630 0.6512 0.8363 0.4276 0.7244 0.6120
0.1012 0.2545 0.6892 0.7852 0.5188 0.6200 0.6231 0.8555 0.7251 0.8246 0.1753 0.6278 0.5812 0.3286
0.3992 0.8936 0.6090 0.7515 0.7631 0.4075 0.6329 0.3994 0.8180 0.2731 0.3334 0.8143 0.2357 0.5348
0.5384 0.7024 0.7213 0.8714 0.5454 0.8986 0.2066 0.3985 0.8406 0.7060 0.4839 0.6517 0.3802 0.2933
0.6024 0.7112 0.3581 0.8163 0.1977 0.5956 0.2462 0.2878 0.5573 0.2062 0.5130 0.4763 0.3059 0.2124
0.1653 0.7214 0.4479 0.3334 0.3132 0.3988 0.1791 0.7024 0.7022 0.8461 0.4639 0.1667 0.4180 0.7448
0.5073 0.7639 0.4706 0.2960 0.1437 0.2091 0.4167 0.2073 0.4216 0.5609 0.2261 0.4634 0.5724 0.6774
0.5367 0.4006 0.4801 0.1958 0.7113 0.6993 0.4626 0.2315 0.3218 0.1982 0.8885 0.4520 0.3643 0.7702
0.2338 0.3519 0.3407 0.7052 0.6517 0.4091 0.8689 0.1489 0.5015 0.1341 0.8972 0.5293 0.1496 0.1532
0.5930 0.3840 0.8887 0.8608 0.7316 0.8008 0.8143 0.6936 0.5224 0.1679 0.4374 0.6868 0.3072 0.8600
0.4417 0.7201 0.8635 0.5149 0.6139 0.4966 0.4820 0.8294 0.7382 0.4941 0.7271 0.8360 0.5907 0.2512
0.4593 0.2746 0.4366 0.1078 0.2114 0.5476 0.3025 0.4181 0.3634 0.5380 0.2364 0.7272 0.1545 0.1626
0.3020 0.1247 0.8395 0.8682 0.8531 0.8209 0.5687 0.1176 0.8583 0.5990 0.4908 0.2574 0.6490 0.3406
0.6643 0.1945 0.2414 0.1147 0.8965 0.7185 0.6326 0.5902 0.3291 0.6874 0.6502 0.3026 0.6890 0.3484
0.4992 0.3203 0.4202 0.4421 0.7009 0.6107 0.2628 0.4252 0.6367 0.1286 0.4417 0.5698 0.7668 0.6286
0.8787 0.1633 0.5239 0.6050 0.8423 0.3187 0.2950 0.6307 0.2800 0.3064 0.1727 0.7899 0.6616 0.7192
0.8627 0.5053 0.4553 0.3930 0.5175 0.4515 0.2505 0.4295 0.8723 0.1064 0.3181 0.5036 0.8519 0.1153
0.1402 0.8117 0.7586 0.1390 0.4035 0.6850 0.1303 0.6093 0.6487 0.7490 0.6750 0.7906 0.1252 0.1890
