13 567 42
6124 290
302 9366
2180 285
8783 1631
1576 5286
7334 8273
252 1566
7600 6201
2199 7593
7301 992
1526 655
7021 6582
3830 7238
2305 8915
5846 6771
7204 4640
1077 7699
9715 9303
239 4623
4438 6624
6408 9284
1178 5255
7731 4071
9990 2485
4881 6937
9926 7280
3439 9502
3793 121
9719 6769
9379 545
7192 7637
8215 7745
9259 8502
159 6843
4891 4242
7931 1250
9652 1899
6155 4950
860 3243
6372 4910
8873 9969
6008 4834
4798 7440
8234 1584
8674 7623
5262 1292
4672 9494
3983 2852
1829 784
4714 1238
8444 5995
4020 3330
8235 8015
4523 8135
2746 8339
3266 9569
2134 4276
3510 8269
9155 5683
3599 7478
4159 8807
6656 2416
9394 3853
940 8822
9606 7063
5879 4924
4547 6671
9401 60
2502 304
5877 6917
3877 6462
550 5113
6146 3399
4119 780
5998 3471
356 2979
3090 7628
9845 2450
1363 3796
8003 9611
2417 2524
8817 961
4120 989
2059 98
7312 6697
3810 555
9102 8201
1065 6795
679 4932
5138 7303
5401 8320
6536 5230
1614 8434
2202 109
5570 3329
6323 5501
8944 9224
6374 6066
7073 521
2335 112
6774 7291
408 4466
2021 7121
3152 1429
8201 5164
5906 5290
3879 4083
3851 730
425 3908
8154 1156
4907 6570
9327 7632
5772 7379
5645 4334
8041 708
9237 8735
6027 6254
1306 4900
4754 3727
1504 7899
1967 3283
6241 70
6932 6084
3684 2869
6982 3788
3082 4557
9661 7771
1145 2985
7144 1958
465 8210
1589 2962
4750 6509
7075 2834
6615 1495
3692 2630
7486 4248
5398 8708
1542 3535
1658 2457
6080 1461
1530 6686
9777 5983
2200 6989
3008 7396
5711 8381
7449 3426
9450 7487
7768 839
409 4744
614 2734
389 8693
6917 3696
7219 9107
1008 9919
2845 7397
6542 8367
6582 2699
2883 3605
7598 5661
8232 5024
2855 1188
673 6362
8630 5834
7084 5267
9798 2897
3977 3574
9131 7609
5431 8218
304 3223
10 7871
8326 4223
4208 3786
8277 5272
1066 3632
2385 7146
5032 5601
4527 6337
7826 5331
6524 5537
5639 2499
4379 4927
9583 1671
661 9693
502 7618
4972 4497
9490 566
5808 5468
6645 4104
8396 6713
2692 8130
3306 1113
2791 4455
628 3077
5402 3516
2760 7028
4797 3424
770 1882
7254 6361
5103 6304
2936 3080
3898 9525
9059 1812
5316 2577
569 7899
6256 267
6067 7797
3265 7703
357 8361
7402 6921
8701 2027
1988 6087
4490 4327
8070 5873
6717 1552
9024 5161
6288 6349
6300 3453
1476 9664
1542 7650
9329 2258
6321 4818
1897 8700
9215 8182
2774 1732
4935 355
6244 8788
4862 3808
6549 4998
380 1332
4531 564
6220 473
4776 6822
6820 2573
511 5826
7827 4253
9470 3222
5835 3796
4127 2645
1604 1201
1663 121
7269 2647
1729 8666
2461 4745
8171 145
1973 9008
7335 3998
5326 9207
5238 3359
1377 1098
5046 9093
1790 479
5974 1325
3031 1975
5588 7352
2068 3457
7242 2790
7709 1654
1051 618
178 6085
244 182
2192 8607
8811 9519
4422 9438
4334 2346
7707 7010
1432 7985
5142 8220
6311 8546
7628 876
6110 2484
3070 2074
1459 3219
7295 2150
8846 4393
6010 6068
8970 923
607 263
2691 6465
2714 1029
4756 1600
9592 800
8813 9346
1581 3725
7036 2442
2985 8669
580 8645
8541 1828
7940 763
4277 6903
3815 6641
4616 7772
4204 1643
8467 5437
2806 9192
3781 426
1565 5534
6700 2862
3212 8508
3789 7659
1437 415
8402 2152
8284 9038
1692 4427
4535 9951
2085 8330
4337 4575
1766 9077
5992 8895
5633 7236
5542 7760
8236 6216
1243 9819
7501 8692
469 5540
1211 3361
112 8769
6247 4060
2626 5945
1632 9882
5397 6459
5128 636
3893 9356
7777 5944
8828 6846
8604 6567
3984 7757
4864 1907
78 4818
4138 254
4278 8965
1580 9999
5116 5855
8415 1800
1726 1954
3210 2850
5756 7811
2362 5798
5627 1833
6445 1453
4529 1896
4818 158
2885 9940
3968 3030
5629 383
4538 3014
827 950
1913 1705
6873 7523
3736 6834
898 7102
8507 7491
2478 1582
3850 8043
704 5395
9079 4608
2861 2142
1564 4110
5449 4871
7046 7028
709 1652
2470 1260
6030 3237
5569 5503
6744 1730
8084 925
2480 1903
362 3584
5434 6875
5162 7755
4388 3992
8671 7033
8816 714
6256 8384
5764 9568
2697 7298
4930 1293
9209 7736
3549 5840
8825 1173
5954 1951
7216 1158
3314 8225
7313 8446
4768 5178
5161 2414
4490 8005
3626 9657
2578 5010
7027 4473
4694 8152
4326 3840
8912 7235
8858 4199
3227 1668
3034 2630
3826 7005
7981 8415
1712 7380
3570 4897
4960 7000
3595 7851
9490 2799
110 2101
5504 1219
9913 3593
9166 4914
8727 8111
6442 8173
7667 7828
4263 6401
6054 5471
4227 9941
1843 7930
3047 9767
550 9845
9196 6100
9448 1547
915 2299
6592 592
5665 1734
1338 5594
9325 7500
7846 6236
9155 9081
4791 3035
8277 6469
4748 5850
7386 2805
949 328
6908 4956
9167 859
819 4031
6068 8618
8288 1204
3555 4743
9372 867
8045 435
8169 9482
2094 3310
1031 4454
5534 5947
92 821
1149 560
5926 9416
1077 3126
1312 181
7856 3722
7546 6335
1623 5919
3321 8427
1317 5791
9833 986
1470 1697
6542 9009
2870 6137
6632 7825
7977 6512
5967 2736
3752 7429
1656 7027
7605 4552
7005 5516
1627 8768
820 259
3351 3268
8302 1945
7282 312
6184 2834
4245 8526
5231 8595
2506 3160
2066 9521
1020 2866
220 4348
4717 4953
2417 9396
7226 4269
3995 821
6149 4426
948 8267
7048 9158
196 4781
5873 7313
1118 7126
1992 6749
6905 4163
3177 4670
2951 7723
6380 5894
6543 285
9976 9206
2009 2778
3104 8854
4977 1111
4505 1729
9757 1439
3845 8314
3288 1395
9368 8980
6273 3669
3123 839
8996 5960
3059 761
4824 5731
3159 2664
8541 4958
6632 1043
4811 6652
8519 3523
964 2980
8695 5617
777 7485
2424 1415
87 7953
3548 1682
1910 4102
5601 7030
7317 6064
5921 397
8199 419
1374 9242
7856 9001
2252 2319
6145 4104
3853 9801
9755 2279
8468 77
5398 5780
2423 4033
9169 1277
9779 9795
510 1879
4781 1438
6545 6289
435 5730
3095 4313
595 1072
9091 2142
3258 8823
9120 3429
847 5409
4371 6776
9528 5043
4739 914
9578 7477
844 19
4399 8597
4114 2120
5309 997
3731 8099
9396 2666
8444 1450
1925 6953
5756 5971
6097 9548
9695 3782
2878 2942
7256 1262
2276 7735
1403 3428
2670 2154
2620 1179
1236 6729
6830 4341
8159 2847
2128 4681
925 5340
8753 501
3100 392
4438 2129
5687 9308
2515 8065
9533 5887
3425 2787
3537 5374
4636 5568
4829 9819
5417 3323
7045 3687
8237 6332
0.2349 0.8475 0.5057 0.8191 0.4790 0.1857 0.6363 0.3652 0.6558 0.6396 0.4694 0.5307 0.2046
0.1058 0.3809 0.3347 0.4624 0.6093 0.8473 0.4506 0.4332 0.5077 0.6794 0.8197 0.8339 0.2560
0.6034 0.1447 0.7837 0.3680 0.4501 0.7556 0.4466 0.2930 0.6774 0.6225 0.1629 0.5186 0.2600
0.1138 0.2717 0.6156 0.5281 0.6642 0.2665 0.4015 0.5944 0.5377 0.4960 0.6753 0.6919 0.4409
0.6738 0.1681 0.3260 0.2987 0.6817 0.6728 0.2559 0.4556 0.8024 0.7636 0.8577 0.6750 0.4487
0.5851 0.8480 0.7030 0.1864 0.5718 0.8437 0.8449 0.1879 0.2074 0.2972 0.3473 0.3629 0.6876
0.2270 0.7501 0.2935 0.1648 0.3769 0.6552 0.1445 0.4241 0.5447 0.1929 0.5551 0.4788 0.7011
0.6768 0.1795 0.8359 0.5521 0.1192 0.4716 0.5349 0.4457 0.6211 0.7770 0.8166 0.3049 0.8561
0.4070 0.7864 0.6813 0.7660 0.8457 0.7242 0.4444 0.4793 0.7965 0.4974 0.1847 0.3955 0.1841
0.4260 0.1187 0.8594 0.2507 0.2755 0.4275 0.8701 0.3074 0.6001 0.4953 0.4577 0.4540 0.6474
0.4615 0.3830 0.4974 0.3783 0.2695 0.8442 0.3038 0.1355 0.8167 0.1050 0.5216 0.7814 0.5567
0.1116 0.3041 0.8512 0.8810 0.1343 0.8255 0.7326 0.2639 0.8951 0.6403 0.3878 0.1884 0.3734
0.2976 0.1934 0.2386 0.7595 0.3072 0.8252 0.1706 0.3197 0.4558 0.2031 0.7150 0.3422 0.5072
0.6049 0.2119 0.5139 0.3686 0.5163 0.8252 0.7930 0.8537 0.4542 0.3422 0.5635 0.7462 0.6296
0.2646 0.5796 0.1041 0.8460 0.4447 0.2408 0.8487 0.7109 0.2454 0.3031 0.3762 0.5625 0.1623
0.5076 0.2794 0.5646 0.2083 0.7018 0.1424 0.8320 0.7173 0.2885 0.8668 0.5534 0.6656 0.6465
0.6763 0.5582 0.5017 0.6740 0.3120 0.2617 0.1560 0.5038 0.4095 0.1286 0.5062 0.3601 0.4333
0.1948 0.6101 0.5794 0.4482 0.8122 0.3340 0.5556 0.5585 0.7846 0.1854 0.1162 0.5600 0.2818
0.2376 0.1942 0.2359 0.4153 0.5874 0.3433 0.1281 0.2768 0.5288 0.5334 0.6767 0.2944 0.2502
0.4637 0.5646 0.4107 0.7009 0.5071 0.5986 0.8452 0.3332 0.2358 0.8841 0.6773 0.4731 0.8184
0.3345 0.8164 0.8968 0.5948 0.4444 0.5202 0.2558 0.8212 0.2456 0.5041 0.6632 0.7881 0.6987
0.5841 0.6693 0.1539 0.6636 0.6086 0.1442 0.8746 0.4723 0.6914 0.5095 0.4447 0.5784 0.6843
0.8959 0.5737 0.1183 0.8254 0.6057 0.2283 0.2373 0.6404 0.4157 0.3942 0.4309 0.3323 0.3904
0.8577 0.3914 0.3186 0.6504 0.2039 0.3290 0.1615 0.7697 0.4451 0.7552 0.1213 0.3524 0.5524
0.4070 0.5954 0.8940 0.7343 0.2179 0.5582 0.1591 0.3079 0.8242 0.7903 0.3980 0.6121 0.2313
0.7166 0.6448 0.4549 0.3198 0.2388 0.1485 0.4448 0.8418 0.6711 0.4882 0.5814 0.1456 0.6275
0.5422 0.6157 0.2600 0.7237 0.6264 0.2754 0.7619 0.6838 0.6652 0.6110 0.3867 0.6195 0.2456
0.5031 0.5989 0.1403 0.4985 0.4790 0.2510 0.7231 0.8867 0.3485 0.7580 0.6618 0.8773 0.4955
0.4286 0.2950 0.2869 0.1918 0.8730 0.4480 0.6298 0.2082 0.6466 0.4942 0.8753 0.2834 0.3164
0.8588 0.6526 0.8703 0.2423 0.4689 0.6949 0.3445 0.6569 0.4623 0.1742 0.1592 0.8069 0.2934
0.4947 0.8742 0.3382 0.3517 0.7009 0.2053 0.1695 0.6268 0.3955 0.1925 0.6624 0.8258 0.8441
0.5361 0.2062 0.4903 0.6293 0.8048 0.5706 0.8821 0.3699 0.1231 0.4230 0.2933 0.3957 0.6103
0.2134 0.7182 0.6486 0.6874 0.5971 0.6610 0.2007 0.8856 0.6913 0.6232 0.7417 0.1516 0.3835
0.2798 0.8499 0.2921 0.5381 0.3823 0.7483 0.6699 0.7143 0.8098 0.4188 0.7300 0.4382 0.3418
0.2128 0.4113 0.6136 0.3016 0.8618 0.4642 0.3372 0.4639 0.3306 0.8027 0.6960 0.2683 0.7241
0.5842 0.8891 0.4111 0.6212 0.5978 0.4042 0.4656 0.3740 0.8194 0.4702 0.3887 0.3711 0.6048
0.1952 0.4149 0.7894 0.4895 0.8224 0.4824 0.5646 0.2457 0.1940 0.5749 0.5510 0.6482 0.3112
0.7745 0.7448 0.3026 0.5795 0.5406 0.2619 0.8983 0.8891 0.6191 0.4303 0.1096 0.8518 0.3380
0.7700 0.7481 0.5501 0.4153 0.4670 0.5375 0.7112 0.7280 0.3136 0.6213 0.3446 0.5945 0.3936
0.4726 0.5730 0.8346 0.6588 0.6168 0.3164 0.7395 0.6318 0.3494 0.3374 0.8092 0.6785 0.7735
0.5408 0.5020 0.6043 0.2696 0.6194 0.2078 0.2591 0.3120 0.8302 0.1701 0.4319 0.7582 0.8121
0.5244 0.1757 0.6673 0.3416 0.8099 0.1501 0.7449 0.1958 0.5504 0.5940 0.5574 0.3404 0.8267
