14 213 55
8302 2691
3367 8083
5211 1627
4757 320
9795 2671
1709 728
3992 6608
6939 9212
9564 1385
8382 1159
6531 1250
6410 7896
2644 663
3096 2037
8338 2176
9785 3381
7792 6821
2309 7680
6594 4699
4391 4939
5324 5032
2258 2270
282 7637
1138 6789
3331 118
4710 2814
3398 5276
8255 1628
4517 2925
3903 7495
1485 3592
3231 645
6058 2271
5830 3337
7860 5330
2416 9982
1580 523
4884 2192
4995 5686
3200 4816
7224 6200
8655 6783
3974 310
4487 1163
8058 6077
9924 8813
360 1772
6308 6290
3615 9779
135 6058
1184 6307
486 5069
12 5338
5192 7999
2164 7797
2659 2943
7423 3535
5672 3608
1967 6688
5311 4390
1326 5394
7604 868
5776 7015
605 650
5996 3769
3827 1823
2589 548
4678 9982
3893 4995
8548 5180
6353 6812
2725 3970
9925 9193
514 6264
9108 3087
7597 1064
8597 2860
2750 9652
675 4680
5373 1915
471 6925
1479 2167
7443 212
6588 5365
8947 2639
1226 2358
5007 3483
9174 7374
843 1874
8096 7610
4368 2214
4191 4668
5745 3974
2586 7064
4531 4989
1425 9836
6210 6527
3724 4321
8392 3833
9942 7158
857 4153
3062 1902
4953 651
1037 8880
5737 6859
5687 5365
2282 8339
1338 7975
4055 189
7830 6696
143 8209
2013 6125
2110 5949
8759 9308
3721 3311
4233 3297
5055 462
8486 4726
7159 7551
5588 6979
9794 4818
6778 9713
4914 6085
9070 8455
4736 2258
4345 5444
1475 3816
7388 1139
8558 39
2850 3197
4878 4317
9048 5164
9175 7630
6036 2845
2181 8578
2755 3237
8668 1757
8222 1166
8156 8079
9146 1379
8442 280
9304 2982
1301 9594
4253 8357
7081 9452
8902 3071
8071 8579
1695 1805
6779 1238
1264 3661
9021 6650
1690 4198
4636 905
9521 4050
9390 4715
9493 2907
457 2075
4722 6589
5933 4056
3613 9935
1154 9101
8078 1611
5597 9404
7710 9695
614 9856
7307 575
7030 7468
4795 3274
17 6861
75 5227
2023 4993
5649 8241
5729 7483
2534 6608
7735 3176
5545 320
7244 4158
9435 3421
8018 816
5133 9483
2336 3618
1466 5108
7751 835
4167 6156
8299 5056
7246 3560
289 430
3832 4515
6988 2066
9848 8745
8784 3598
4946 8409
3264 1692
5908 552
330 9081
4258 4998
8476 8902
9224 4475
9270 3249
9633 8532
5937 4800
8961 4597
6780 7090
2167 9424
3371 4659
8184 4056
2504 8737
5109 3809
7749 2552
540 6428
6490 664
9391 7561
1166 5231
4616 9210
7559 7659
8636 4692
2805 86
3627 4815
9123 4643
784 836
5077 295
8481 1101
5053 7961
170 9458
9044 1003
3853 3989
194 2480
0.4054 0.6316 0.3367 0.1218 0.3478 0.7235 0.2719 0.5818 0.5196 0.3994 0.1206 0.2444 0.6912 0.4613
0.1673 0.6631 0.7638 0.3479 0.1369 0.3985 0.6105 0.3994 0.2526 0.7684 0.3490 0.3306 0.7378 0.5561
0.4292 0.5862 0.2477 0.3869 0.5634 0.7176 0.7062 0.4005 0.7191 0.6370 0.7879 0.4388 0.1405 0.3773
0.1917 0.7693 0.2904 0.8075 0.4044 0.1484 0.6889 0.5035 0.8110 0.1320 0.6979 0.8384 0.4960 0.6319
0.3879 0.6415 0.3961 0.1538 0.2455 0.4255 0.4346 0.5058 0.6630 0.1977 0.4706 0.5865 0.3216 0.4286
0.1798 0.8752 0.2847 0.1938 0.5328 0.7073 0.1011 0.5475 0.3242 0.4319 0.2434 0.7535 0.3720 0.6294
0.8828 0.8139 0.7844 0.5144 0.2597 0.5922 0.6060 0.6136 0.6824 0.5133 0.2068 0.6131 0.6224 0.2667
0.5651 0.1333 0.5357 0.2988 0.6972 0.4734 0.6080 0.4461 0.5813 0.2081 0.3631 0.7884 0.1790 0.1632
0.4398 0.3924 0.2208 0.4284 0.5472 0.3365 0.2598 0.7247 0.4948 0.8010 0.8455 0.6350 0.5902 0.6279
0.1796 0.1567 0.6260 0.7009 0.6922 0.5336 0.3207 0.8386 0.2956 0.1122 0.3562 0.8255 0.8735 0.7759
0.5485 0.5402 0.1313 0.5909 0.3958 0.5178 0.2125 0.6940 0.3444 0.1538 0.3056 0.5823 0.1768 0.6780
0.6268 0.3310 0.5265 0.8610 0.5810 0.4723 0.5822 0.1964 0.3576 0.3999 0.1082 0.6402 0.2055 0.8817
0.1400 0.2731 0.2976 0.5633 0.4071 0.5479 0.1324 0.4763 0.8385 0.4336 0.6924 0.7567 0.8814 0.2857
0.8455 0.3838 0.6140 0.3656 0.1382 0.2083 0.5292 0.2173 0.7764 0.4835 0.5677 0.6769 0.3596 0.1655
0.7416 0.5798 0.7591 0.4946 0.7192 0.2934 0.6636 0.4498 0.3518 0.2437 0.8200 0.2200 0.8254 0.8670
0.8275 0.6471 0.6708 0.6937 0.5512 0.3920 0.1736 0.7626 0.7690 0.5573 0.7870 0.1461 0.6927 0.6925
0.2814 0.5703 0.4989 0.4064 0.5586 0.3286 0.5968 0.1957 0.7612 0.3211 0.7745 0.8516 0.3163 0.2156
0.1188 0.6329 0.3555 0.2412 0.8579 0.7193 0.6689 0.2049 0.3358 0.4074 0.1513 0.1886 0.1400 0.4670
0.5862 0.1436 0.2745 0.6842 0.3802 0.1425 0.7675 0.5854 0.5357 0.2115 0.2334 0.7817 0.5049 0.5784
0.1773 0.6259 0.6619 0.2121 0.6772 0.6894 0.2004 0.5189 0.7125 0.3978 0.1221 0.2266 0.7783 0.7491
0.7277 0.2199 0.5436 0.4362 0.8005 0.6083 0.6757 0.1461 0.4263 0.2469 0.7967 0.1914 0.4257 0.6175
0.8727 0.3593 0.5398 0.2627 0.2997 0.7112 0.4140 0.6043 0.3559 0.1101 0.1693 0.4093 0.4697 0.1419
0.6888 0.4044 0.3845 0.5386 0.5157 0.1644 0.1630 0.7338 0.6864 0.2317 0.1284 0.8148 0.4419 0.7603
0.1132 0.1437 0.8160 0.3076 0.6523 0.3373 0.7500 0.6449 0.1892 0.5410 0.5506 0.4762 0.7703 0.6878
0.3865 0.3800 0.7022 0.5906 0.5292 0.3217 0.7545 0.1010 0.3526 0.7325 0.7610 0.1780 0.7300 0.7829
0.1857 0.5929 0.6826 0.8737 0.7834 0.3642 0.2805 0.2276 0.8980 0.6366 0.6641 0.1444 0.5286 0.7718
0.7805 0.8190 0.7703 0.1178 0.3140 0.6353 0.6654 0.4815 0.8683 0.6155 0.4775 0.7731 0.4225 0.2486
0.1518 0.1020 0.5273 0.6350 0.2072 0.5594 0.8841 0.2909 0.1626 0.1847 0.4757 0.8952 0.2166 0.5899
0.8860 0.1120 0.1118 0.6695 0.7370 0.1871 0.2656 0.7470 0.3193 0.1096 0.1576 0.3162 0.1729 0.3388
0.4977 0.7176 0.1065 0.1492 0.4005 0.2872 0.2513 0.8828 0.1049 0.4301 0.4822 0.8801 0.5830 0.8180
0.5258 0.5477 0.2887 0.6622 0.1586 0.5621 0.5131 0.7338 0.4756 0.2213 0.7871 0.6263 0.5402 0.2438
0.5088 0.4917 0.8459 0.6414 0.5879 0.1803 0.4896 0.7896 0.1562 0.8248 0.6901 0.7796 0.1685 0.2158
0.3134 0.7793 0.1765 0.6094 0.3644 0.7127 0.6640 0.2425 0.8034 0.1766 0.5409 0.1614 0.5634 0.8579
0.2334 0.4325 0.5760 0.7306 0.3360 0.2461 0.2791 0.7101 0.7272 0.8368 0.3484 0.8361 0.1309 0.1795
0.8879 0.7609 0.2759 0.1682 0.1046 0.1935 0.8679 0.1397 0.1807 0.5261 0.8206 0.6274 0.5432 0.4829
0.7613 0.3405 0.4547 0.6017 0.4620 0.5572 0.6050 0.5499 0.1208 0.5569 0.8426 0.8677 0.5968 0.4125
0.5072 0.3360 0.4391 0.8015 0.6039 0.6999 0.5874 0.8201 0.5638 0.5128 0.4646 0.4375 0.5011 0.4613
0.7307 0.2622 0.2122 0.3510 0.6281 0.3916 0.3550 0.8278 0.6824 0.3713 0.6145 0.5771 0.3662 0.7785
0.4255 0.2954 0.8878 0.8121 0.1352 0.5934 0.8449 0.8068 0.7269 0.1179 0.5994 0.7543 0.8664 0.8928
0.1351 0.3537 0.2968 0.7991 0.3661 0.3735 0.5043 0.8587 0.4968 0.3999 0.1570 0.1400 0.4568 0.2441
0.7246 0.1341 0.7815 0.1924 0.5972 0.3284 0.8797 0.3618 0.7832 0.1268 0.5246 0.1335 0.1907 0.7136
0.7053 0.2398 0.1094 0.2039 0.1392 0.5614 0.4156 0.1647 0.8654 0.7876 0.7848 0.1506 0.7034 0.8575
0.6550 0.2939 0.6093 0.7841 0.1018 0.5999 0.2642 0.8725 0.7714 0.5330 0.3065 0.5700 0.4545 0.7374
0.4886 0.3081 0.8466 0.2982 0.6922 0.8886 0.6322 0.3324 0.2542 0.3646 0.5277 0.7433 0.6948 0.4794
0.8574 0.3312 0.3163 0.4724 0.6655 0.8305 0.7821 0.1543 0.1597 0.6432 0.6513 0.4977 0.4955 0.2778
0.4039 0.8824 0.4855 0.1556 0.4459 0.6167 0.8087 0.1665 0.1180 0.6237 0.4637 0.7807 0.7454 0.2285
0.6073 0.8472 0.5820 0.2824 0.6406 0.1539 0.8896 0.5324 0.6170 0.1192 0.7191 0.7362 0.5051 0.1063
0.4588 0.7375 0.3890 0.5983 0.4757 0.6883 0.3643 0.6691 0.6374 0.1784 0.2808 0.8846 0.1453 0.5206
0.7835 0.5551 0.4606 0.7617 0.3656 0.3628 0.3381 0.2042 0.3414 0.3340 0.6181 0.1573 0.1539 0.2253
0.5459 0.6854 0.4199 0.1670 0.6606 0.2069 0.1199 0.6830 0.1189 0.3521 0.2622 0.8229 0.7454 0.7251
0.4078 0.5323 0.6393 0.4958 0.3666 0.1019 0.4791 0.6663 0.1036 0.6341 0.8569 0.6092 0.2611 0.3788
0.7067 0.1199 0.2766 0.6250 0.2016 0.8347 0.8370 0.1565 0.7663 0.4275 0.2831 0.6583 0.1189 0.6042
0.5629 0.7567 0.5678 0.2472 0.5643 0.8237 0.6241 0.2085 0.2404 0.2944 0.8581 0.5399 0.2014 0.1237
0.4797 0.1109 0.5545 0.4622 0.7359 0.1560 0.7348 0.2776 0.3361 0.7752 0.5787 0.2489 0.8303 0.3855
0.5814 0.8266 0.6188 0.6628 0.7840 0.5665 0.3084 0.1640 0.1270 0.7177 0.3930 0.8253 0.6618 0.4624
