5 232 16
8411 8510
1673 3038
3742 6017
9488 7078
3727 333
7922 5443
9843 9552
3815 7387
9493 3338
9478 6209
9826 943
9912 468
4556 5477
8795 9791
69 1663
4810 2295
4883 659
8262 6834
9726 9837
626 7797
4878 9187
9061 5824
7160 6219
5466 7941
1718 8807
6750 8003
6134 3147
3243 6587
6513 4574
5018 5904
21 788
5937 4646
1151 83
5450 8348
3043 6870
5836 9233
9834 1809
2200 5404
4277 5678
8859 6164
376 2041
1272 711
2136 7697
2674 9933
6437 4653
9972 4098
2686 2680
8127 3975
7694 5520
2714 2471
1162 2694
7950 2250
1876 2632
2788 1201
2266 9207
4551 7144
3820 3255
6543 5634
6682 7600
7570 4817
7972 4567
8818 686
6536 7487
3852 1130
715 1001
8704 1018
6322 5345
4870 3877
8421 5850
209 1469
3437 512
4502 8584
9755 5504
6581 2865
7254 8339
9965 3682
114 5082
1025 3381
6397 5228
516 2403
9747 3645
485 6045
2572 4111
5446 8686
8267 6564
7657 7118
8223 1751
3568 194
9888 3464
5602 6632
309 7991
3643 2532
271 9869
5604 1203
4623 1981
4759 34
6367 4321
4847 3063
2341 2828
1169 922
9223 1067
2363 9257
4903 184
1370 2187
8608 9847
6711 5530
6946 512
5659 7382
5556 3444
4732 6320
695 4727
5827 6102
8348 3172
4330 9850
1838 9681
5533 130
159 70
7028 8553
6607 3695
9247 4421
7260 5796
9983 7988
8565 9461
5235 2258
479 1084
8847 9105
7033 2716
9025 2022
5386 6248
7318 7025
2945 7995
9108 7115
8473 9951
2100 4181
8870 6003
5017 3595
1603 7975
2928 8268
9142 8705
6532 790
9216 1643
4757 6633
3507 8944
517 2724
2043 5555
9894 5225
7181 1327
2092 891
6429 2388
8245 9965
1814 6426
1319 9717
4960 2091
5620 5837
8911 2335
7173 7736
9603 7557
7904 7576
5758 5349
7090 4094
6957 1140
9501 5984
6190 8736
4423 9290
1681 2172
446 7055
1756 3272
7234 2183
2002 2095
4955 2978
3024 6125
2645 486
6348 5999
7868 8065
6612 1211
7099 7641
4816 2953
4210 9966
7989 4709
743 7941
4738 8429
2846 2612
6302 1293
9363 189
6264 6556
5189 4709
6070 150
998 833
8020 8506
2475 6832
5194 3915
4834 4163
7229 3653
7657 9903
1309 9547
8908 5830
4009 5837
5497 9340
6683 7491
6503 4327
5983 7500
9950 9514
6514 8696
9506 9241
757 7253
3512 2489
8047 7922
4022 4175
3038 7369
2550 1679
631 2472
3508 8319
2691 2942
8568 6996
1865 4253
1523 5177
3970 6170
4048 2016
4366 6817
4038 7550
6213 6388
8307 1463
4030 1780
7471 200
3611 8293
8867 4997
9699 2655
4481 9164
9475 2328
5783 8668
4495 2316
181 6717
2266 6720
7935 3856
6173 110
7675 4622
2158 6105
0.7468 0.2414 0.7158 0.2850 0.8347
0.1020 0.6412 0.2473 0.3530 0.4236
0.5460 0.1676 0.3313 0.2346 0.7832
0.7193 0.3665 0.7437 0.3551 0.7621
0.3569 0.8114 0.8160 0.6637 0.1033
0.6790 0.5872 0.2393 0.8100 0.3539
0.3833 0.3673 0.2720 0.5521 0.4909
0.1739 0.2968 0.7507 0.1552 0.3308
0.7892 0.2521 0.5409 0.5271 0.7053
0.3077 0.3555 0.4615 0.2912 0.2938
0.6342 0.4696 0.2108 0.1399 0.3803
0.4863 0.4512 0.7233 0.4922 0.7231
0.3019 0.7361 0.2647 0.3602 0.7829
0.3304 0.1204 0.6037 0.8368 0.3188
0.7984 0.2926 0.3448 0.8266 0.8273
0.2144 0.2606 0.2627 0.8583 0.5911
