15 395 42
8036 2963
2868 7727
8178 2334
4480 2216
6729 6676
352 4101
5957 2077
4463 1389
5217 894
883 933
1937 7964
9728 38
4168 9187
9016 5188
2294 2604
868 4357
7491 8173
2287 2915
4880 9380
6260 725
7356 8318
6602 4526
4261 5590
8925 6252
385 8594
6418 199
4824 8440
1335 7425
6054 2146
9269 9627
8782 5481
9854 3491
2475 9960
1729 2294
6945 8542
484 3585
5158 9537
2986 5242
5893 7240
8870 9355
9895 6268
4869 3985
6166 6418
1787 4642
7586 5661
9331 7539
6294 6330
2681 7136
8986 901
4557 282
9215 4700
5739 2477
1445 1929
4856 25
5961 2977
6061 4137
6422 7221
1851 4812
8207 7577
4296 309
1649 6227
9789 2030
5858 8196
765 530
5478 2041
3857 8096
3786 5825
3380 1554
3297 6604
8802 6167
1356 5311
1107 6510
5730 4650
524 3458
7408 2069
3776 203
5307 3429
3414 7207
9560 5264
9432 5953
2643 3311
1567 4734
9915 1721
1118 2763
7054 4168
895 3313
5608 507
6119 7766
388 122
6645 5650
9573 5931
1175 5436
1860 6119
2719 4874
9597 3806
5999 7161
9428 8157
8195 3709
6640 9351
6806 838
4875 8296
9299 520
5177 3670
5745 5893
4567 9637
7393 1065
1822 4387
1209 3200
5837 9470
6619 4084
2007 8192
7862 3557
745 3237
9987 1451
1307 1171
2116 4033
8710 5748
2576 9072
8403 6091
21 7857
3655 5855
6152 2741
1239 2676
6529 8367
7226 3968
3536 6602
9910 4275
1556 5391
7740 4842
8643 4770
7692 1647
4124 6430
594 1927
2060 6823
7647 7816
129 2259
3480 7939
7373 755
2239 4697
4840 1074
4687 7141
5404 7040
6181 4489
1730 3385
7245 4659
1240 3970
2366 754
3540 9733
3746 2663
7726 8158
6998 1309
7218 5529
1828 6266
3709 5108
5252 2671
3735 5683
1191 3822
3183 3585
327 3023
8570 9867
648 2483
9232 8358
881 3524
9418 9714
6555 1782
547 6607
7102 3118
1147 9358
7436 9136
6165 5074
2324 3685
1690 2157
7716 5719
9946 3438
3005 7671
8349 6387
6290 1717
8488 1142
6779 9146
456 3372
2784 3577
550 440
1971 996
9533 1743
6869 5676
2937 4965
3556 1474
7067 2839
2510 7951
72 3188
3040 7296
9251 2304
4041 8877
6231 7215
4836 6969
3030 8991
6764 1282
4831 5221
9493 6061
8316 9488
187 8036
8486 30
2803 2803
5796 2363
2158 3645
5192 4016
232 4888
8022 952
9582 6749
4420 6769
9743 3608
5204 6120
3965 8609
1272 9405
523 227
4083 352
6281 5800
5999 5226
6158 324
2853 2930
4329 5869
7371 4875
17 8061
3733 3240
9273 4467
7609 3828
7888 7935
5020 1229
4321 1095
2059 8283
79 5509
1495 4836
7949 8752
8294 1496
6854 1870
3300 2590
8196 4429
4034 2105
8296 6105
4559 9800
5873 7989
8238 7235
5852 1513
1847 2614
3401 5164
6380 4603
9375 3788
2208 9672
523 1159
628 8340
6496 4330
2800 6041
3923 7687
9855 1848
3305 1252
5823 8611
9318 9094
3193 4482
5949 9384
7561 7568
9005 8810
4939 4711
3293 8832
399 15
2571 7645
1849 757
2643 4453
3238 4133
8236 4791
3637 2947
9610 6135
3160 3337
767 3073
6972 9810
4594 8844
8615 8212
6813 8917
3446 101
8898 8672
7795 618
221 9369
7748 4389
3893 9763
2103 5068
8615 2763
4644 28
7933 7325
9251 4937
3366 3654
6725 3590
2129 3879
5541 1723
6090 9854
5482 4942
612 5338
6389 932
2121 7234
3886 8307
946 8134
9570 6443
6630 5886
3859 2742
9453 3415
8321 8407
4929 585
9646 6971
5872 5384
4957 8645
5178 8787
3554 741
5280 2879
406 1661
7013 9130
8331 4985
2397 7892
6572 22
3607 9137
7338 6302
5026 2804
6693 5790
5108 7758
7591 4392
9589 1031
6639 799
1931 8904
1873 8477
8317 6635
6558 8136
632 8471
3502 6939
595 5592
7657 2142
4059 9100
391 9178
8419 5148
9547 793
6502 5746
2470 7366
6724 2243
1386 8434
5425 2206
3850 5057
2670 2639
9128 7206
6605 1632
8149 9914
9012 8127
1098 7153
419 7219
7077 6393
6130 2637
3996 6369
9877 875
2501 2684
4855 1331
5562 7769
6492 4535
8467 1840
9877 9184
4699 2849
2819 7055
3173 2554
3963 34
1454 2883
2249 4360
6565 9659
4128 7716
7857 4592
2726 4364
9829 9360
616 5805
1294 379
3687 5220
1970 9430
6152 1463
2029 2780
448 6128
2411 3845
2300 4154
4191 5095
5269 6917
9034 489
5245 9074
5831 8510
2106 2306
9762 8101
314 5695
9905 9763
9758 8811
5041 5268
9351 9997
2958 8593
1978 2148
119 1966
298 540
69 7094
4981 7207
3985 7408
96 3389
7035 5235
4886 9562
3771 4827
7865 2807
6971 8254
1349 2513
295 1305
5769 6260
8425 2906
1969 2542
2972 3643
0.3075 0.7607 0.7770 0.4217 0.5513 0.6252 0.2306 0.1180 0.8368 0.5395 0.4364 0.7852 0.8991 0.7152 0.1548
0.2232 0.6359 0.5906 0.4358 0.3474 0.5174 0.7941 0.3060 0.6907 0.4751 0.1271 0.8288 0.1224 0.2369 0.5792
0.2835 0.6980 0.1370 0.8684 0.7185 0.8025 0.6131 0.5004 0.3868 0.4396 0.5355 0.8314 0.8797 0.6419 0.4561
0.5566 0.3585 0.6017 0.6563 0.4033 0.3075 0.3851 0.6690 0.6966 0.2235 0.4590 0.1640 0.8836 0.7281 0.2922
0.6403 0.1665 0.2770 0.3056 0.7087 0.5978 0.6922 0.4794 0.3727 0.8702 0.8619 0.3196 0.7648 0.2324 0.4875
0.3038 0.1011 0.5933 0.6606 0.7090 0.7085 0.5332 0.8045 0.2258 0.4341 0.8240 0.3635 0.1712 0.3808 0.4350
0.8319 0.5233 0.7463 0.6725 0.6649 0.8640 0.8723 0.1936 0.5528 0.2932 0.1241 0.5730 0.2176 0.1146 0.1463
0.1621 0.7557 0.7710 0.4789 0.3597 0.1182 0.8299 0.6716 0.5960 0.8850 0.2730 0.7823 0.3822 0.3393 0.5703
0.7350 0.7595 0.3816 0.2476 0.3340 0.7565 0.8777 0.4710 0.7542 0.4514 0.4949 0.5710 0.5134 0.4803 0.4872
0.5209 0.8426 0.8537 0.8820 0.4925 0.1705 0.7149 0.1691 0.7968 0.1531 0.7676 0.4922 0.6390 0.6576 0.8869
0.7218 0.2232 0.4422 0.2077 0.3403 0.1089 0.7237 0.6315 0.6527 0.2714 0.6048 0.5880 0.5158 0.3407 0.5052
0.8631 0.7535 0.4916 0.3535 0.1666 0.5810 0.8294 0.1487 0.3284 0.8503 0.6793 0.8759 0.3024 0.8089 0.8740
0.3080 0.8957 0.7942 0.8490 0.6601 0.2307 0.4470 0.3588 0.7620 0.8859 0.7661 0.5564 0.3009 0.3412 0.2501
0.8966 0.5262 0.4632 0.6256 0.3315 0.5298 0.3330 0.7928 0.4045 0.4088 0.2386 0.1872 0.1382 0.8366 0.6827
0.4927 0.2423 0.2998 0.6893 0.4174 0.2631 0.2283 0.1075 0.5262 0.7261 0.1540 0.2025 0.7760 0.8498 0.6521
0.1748 0.4008 0.7224 0.2809 0.3080 0.8095 0.3461 0.5473 0.4296 0.4839 0.1352 0.7746 0.3640 0.5851 0.5654
0.6087 0.5985 0.6575 0.1301 0.3400 0.1082 0.7993 0.7774 0.3206 0.2114 0.1504 0.8221 0.6587 0.1450 0.4267
0.3524 0.7896 0.7508 0.1343 0.4859 0.1834 0.8303 0.7056 0.8436 0.1857 0.2571 0.4331 0.2938 0.5289 0.2879
0.8931 0.7053 0.3895 0.6020 0.5831 0.5387 0.3744 0.7186 0.6805 0.4291 0.4636 0.7355 0.4871 0.3043 0.5399
0.3889 0.4719 0.3177 0.4183 0.4403 0.3193 0.6427 0.6357 0.4080 0.1646 0.3534 0.3579 0.7166 0.7789 0.1020
0.6416 0.1444 0.1900 0.8341 0.5541 0.1880 0.6809 0.4824 0.8501 0.7576 0.6770 0.3079 0.4984 0.1606 0.5445
0.3338 0.2642 0.4568 0.3015 0.7834 0.6976 0.1815 0.4502 0.5290 0.4779 0.3630 0.4992 0.3675 0.5325 0.2979
0.1034 0.1749 0.2516 0.2521 0.7512 0.7628 0.8018 0.8574 0.3176 0.7984 0.8481 0.6320 0.4085 0.7511 0.4374
0.8836 0.8862 0.7287 0.3013 0.1548 0.3996 0.3946 0.7362 0.7417 0.4204 0.5427 0.4217 0.5026 0.3094 0.1624
0.1065 0.2379 0.5172 0.6707 0.2270 0.8240 0.7518 0.6408 0.1938 0.7538 0.2434 0.7386 0.3523 0.3727 0.2144
0.6744 0.1617 0.3288 0.7020 0.3212 0.5523 0.5595 0.1457 0.1654 0.1465 0.6644 0.2268 0.5344 0.8892 0.3818
0.5642 0.4275 0.2321 0.3887 0.7971 0.6638 0.6763 0.2756 0.1526 0.1531 0.8076 0.1825 0.8379 0.7014 0.5948
0.6785 0.3070 0.4816 0.6242 0.2632 0.8013 0.2910 0.8718 0.8336 0.3095 0.6722 0.6685 0.2431 0.2504 0.2356
0.5620 0.1086 0.2494 0.5672 0.4734 0.6079 0.7950 0.8734 0.6759 0.4446 0.1362 0.5550 0.3362 0.4073 0.1757
0.5462 0.1432 0.1346 0.1120 0.1775 0.4427 0.8061 0.3433 0.4515 0.7771 0.8140 0.2688 0.7499 0.3046 0.6186
0.7818 0.2716 0.6020 0.5455 0.4714 0.6884 0.3520 0.5931 0.4332 0.4889 0.1804 0.4023 0.8023 0.4672 0.4625
0.7287 0.2095 0.8768 0.8791 0.6058 0.8244 0.1023 0.1965 0.3666 0.4848 0.7793 0.2074 0.3526 0.5393 0.1065
0.4465 0.4176 0.6520 0.2389 0.6069 0.3038 0.8849 0.5507 0.8653 0.7967 0.4014 0.7087 0.8124 0.3107 0.2535
0.7514 0.1861 0.5414 0.8955 0.6282 0.4766 0.4545 0.2068 0.7334 0.4679 0.3014 0.8789 0.6620 0.6600 0.6960
0.1467 0.6597 0.4529 0.6411 0.3049 0.4066 0.5503 0.3205 0.8703 0.7604 0.5860 0.5405 0.2686 0.3107 0.5855
0.1868 0.7740 0.5973 0.2769 0.1914 0.8373 0.2061 0.1107 0.3356 0.8809 0.3338 0.1774 0.6055 0.8131 0.6347
0.8977 0.4109 0.7444 0.1841 0.3830 0.4685 0.3913 0.1759 0.1167 0.5387 0.3376 0.7127 0.5761 0.7571 0.1921
0.7656 0.6349 0.4165 0.7543 0.8103 0.6654 0.7039 0.6364 0.4185 0.8197 0.7002 0.6829 0.3885 0.7831 0.5667
0.4377 0.6288 0.6477 0.3187 0.2631 0.5548 0.8474 0.6121 0.4247 0.6130 0.6683 0.1088 0.7708 0.8404 0.6254
0.3746 0.5798 0.5426 0.6908 0.7144 0.6319 0.4321 0.3522 0.8385 0.2880 0.1437 0.2109 0.5113 0.5572 0.2823
0.8878 0.8323 0.2642 0.5835 0.4134 0.5882 0.4306 0.7853 0.8107 0.5387 0.1285 0.1508 0.6788 0.3986 0.7741
0.1213 0.7821 0.7195 0.2333 0.2458 0.2481 0.6859 0.2983 0.2308 0.2651 0.8334 0.3481 0.7795 0.7517 0.4379
