15 655 57
587 6628
6201 5134
3 4185
8158 7784
9660 265
2289 9389
9929 1797
8410 8981
751 5151
1837 9844
2720 1321
1680 9530
1358 8154
1127 1480
7044 3880
9146 5274
5008 1058
4081 9158
5517 9899
797 5506
8539 8866
1532 6743
8950 3971
6420 1313
1919 4820
9737 9606
2113 7533
4400 7161
4611 7088
8947 7617
7794 999
4075 4204
7265 2126
9999 427
1456 77
5795 4313
9970 2804
7384 9466
7778 5399
544 3601
1687 1588
8314 3505
8978 5320
5102 6817
7235 4837
1202 8178
3528 8996
1254 5427
1104 1910
9513 7819
8469 970
5138 5319
6030 3803
8578 9384
4732 840
8344 597
6397 7530
4458 9227
5529 6132
6780 4767
6265 1657
6918 3137
2154 4905
1362 8741
43 4349
9436 2464
4199 3533
9964 1352
195 5678
7726 1427
6861 9290
7579 9931
9404 5097
6105 8237
484 4711
1396 7420
9483 7684
4577 7516
9011 3529
2704 9347
479 6546
8644 2179
3668 5955
3913 7336
239 4912
4914 2480
2577 2097
2784 4881
8601 7373
5434 4494
6172 7328
8383 9457
1564 9846
2067 716
9046 2471
4743 4738
9496 7559
4114 5929
9120 8028
3592 2429
7115 238
3641 7712
295 7972
3140 3926
3698 6816
527 1065
3328 2171
7603 8146
7098 1297
1274 1066
8105 4823
3378 1868
8409 4786
6193 5315
5697 5584
4044 1650
1965 4111
4276 3402
895 3379
2019 8163
2382 9813
5295 1694
6086 2704
1910 7478
7357 145
8235 4353
6333 5939
6891 7157
9590 3916
4359 5995
8043 8998
3791 1886
333 1430
2323 2084
7962 6073
5673 6351
4813 3472
3531 4342
1259 7206
8962 7137
44 8864
2034 5286
9785 2760
249 5557
246 2664
7005 9630
3238 8024
1170 5371
7177 2613
5578 6739
4694 7261
566 7007
5737 5394
8932 290
769 1528
9849 8630
2280 6742
2118 8425
9142 3411
136 3163
7250 5742
833 2983
1723 3926
6067 5260
6943 4875
1358 456
6248 9672
5025 3338
9063 4393
9812 8063
3164 7036
994 327
4521 9769
964 2011
1203 2259
940 4363
7590 5026
6440 3334
7014 9852
5025 8849
8262 4513
4301 9865
6739 9431
6193 1400
5191 5216
6842 1608
5382 2392
3508 905
3642 551
8310 7109
2208 3361
4779 5695
7209 6802
1234 6128
658 8900
3582 3441
7685 2368
7978 8567
192 6927
5849 1999
9461 8893
4300 1924
8507 6681
2808 9725
3747 8331
7660 2767
6475 1579
126 5526
5854 6756
5236 3565
6214 4660
9831 1288
3815 3169
4978 879
4275 3679
1496 7457
7675 930
287 1199
8636 8039
4323 7802
3940 6862
2350 6154
853 8007
7638 9130
3998 6697
1813 270
7835 59
6839 6132
3692 8936
9820 4559
551 5211
1974 639
7021 7286
2082 1364
4049 2872
4932 6519
4455 5074
8698 1767
2035 4728
7889 9590
6630 5834
7427 372
8483 3814
276 7488
6318 876
3871 1584
2489 9447
2473 37
1199 4120
2971 3470
189 9299
5678 4288
160 1244
4994 8075
1487 2739
9503 3322
3704 1457
7124 1566
9218 3836
8038 319
4824 9926
6081 3227
1100 7973
2684 4965
559 281
7728 8733
1456 5882
9241 3680
7715 5977
6703 1186
1477 8469
2090 5657
5563 3181
8270 5929
4777 1688
3477 577
6667 5265
8735 2585
6304 1087
7183 8495
7563 1099
6395 3196
9216 2085
804 2292
904 8185
6375 4983
7969 6491
9527 3187
2871 6939
1556 3751
1109 5125
2598 7417
5084 7232
2524 9635
4464 5849
36 5763
612 5971
2357 3736
8694 607
3690 7005
194 2382
4092 8620
8052 2878
9357 9188
1534 1049
2188 8113
9619 9963
8538 4357
960 6365
5636 8297
184 8744
7073 370
4656 7722
424 3973
6216 8911
5119 1824
7168 5622
7727 1686
1414 8917
86 2754
9383 5502
5652 765
9558 1359
8228 6882
9926 4015
315 46
54 3766
3470 1360
5680 4706
1722 9957
9258 8392
9517 7364
4682 2826
7458 1345
4395 5755
7824 8690
1083 706
394 7143
1061 9203
4466 2744
8316 7425
8153 6099
2307 3639
5559 9611
7534 8605
7167 9500
7222 6335
3443 7676
2367 7346
1626 77
3313 3147
5807 3129
3419 9086
5669 4553
8563 5799
6723 4178
4299 9005
3736 370
7292 891
5150 2768
7116 8325
5555 3850
6294 9893
152 3393
6864 583
5335 7747
9729 8561
8259 8207
9613 6285
5386 4178
9035 5778
212 4792
3149 1996
7837 5067
8856 5331
2166 5049
1559 6495
4453 4733
5580 9361
2465 4775
4930 1665
7185 8852
2392 765
6670 8983
1443 5537
3846 2303
5335 6512
4469 8628
2877 4491
4014 8852
1291 9607
7979 2598
1183 7882
5984 4774
402 2293
6927 5224
9702 6812
8984 4257
1093 7551
6933 49
2633 1436
7123 3659
8258 5162
554 8121
7710 7865
3602 8363
6946 224
8538 2612
7012 9085
7280 6473
9029 1630
6100 726
5709 3392
4071 2120
8224 5487
845 226
9527 5897
5138 6574
4519 4151
5774 8450
9017 8515
31 3644
7691 3906
296 5153
6840 2411
6754 5671
3774 3937
1836 9152
4460 703
9124 7068
9660 7118
9043 5519
4476 9623
1637 3072
4886 2692
2045 4048
1156 6458
4739 9267
2269 7924
2371 2725
9139 4944
6073 9102
636 8767
5438 8288
1196 7755
7683 3639
5527 1647
7199 9805
952 9606
6954 5655
5822 6298
1 8735
2954 1353
5574 7043
2600 5296
4276 4089
506 9091
9054 4539
9647 6711
970 8356
6865 7779
1624 8468
1276 2871
1748 840
7953 824
5278 5390
7648 9372
2493 232
9447 9776
1806 6983
8856 4939
1851 8012
4173 4132
2189 9250
5904 2829
1932 4321
5435 7632
6582 7329
9607 2304
268 6592
461 8958
9415 6530
6450 2159
8265 3611
8489 7028
317 9572
2889 6778
9436 8776
3577 4250
6517 908
455 1545
1704 7850
2590 4513
2591 8345
7308 3632
4800 5889
4940 9698
27 9984
9067 8283
5983 330
8917 6919
7457 7378
6141 8705
9250 9314
6912 4108
7663 7214
7904 2687
3145 5932
3248 928
219 9942
2606 9035
5846 6163
2734 4393
9778 4375
7371 7191
8082 6808
8577 214
3168 9003
2806 2052
2901 1020
2139 882
900 403
4568 1877
3068 4840
2950 3572
1530 8947
345 6000
1513 5409
710 2866
2027 2076
9985 8793
7608 3797
5959 3682
514 8542
8393 8628
8236 2271
3100 6833
1433 3909
8708 4742
5784 3914
9857 329
1638 4684
7853 3406
8745 5060
2241 7800
3034 8138
9113 4158
4202 8223
7664 2646
9585 3548
1808 8910
8110 3002
5651 9095
482 1731
2462 4924
8393 2055
10000 2212
1518 9650
2607 1795
9519 7213
2995 7857
8577 863
6355 593
5684 5941
2804 2224
3949 7741
5707 6802
9284 303
4330 9299
9539 6802
8977 3740
2700 3567
2159 986
3158 9393
8885 4065
3816 9953
3313 1135
3490 8011
8814 9476
8447 63
4215 898
4528 1727
9710 891
570 774
9398 4427
4394 333
3308 6988
3660 5312
9536 1121
5543 4140
3759 2586
4862 8181
2871 787
1352 9311
7593 4734
9256 2769
2601 796
6528 3960
4680 1921
9305 5280
2041 6423
8698 1895
1594 948
2550 1255
6596 5961
353 9443
4135 6348
3578 1208
9171 2587
2659 5435
2784 5016
5772 2839
8777 7179
7165 5364
5177 971
6366 5771
5866 6451
7864 3181
5493 7291
6644 2106
105 251
5286 1471
5241 1201
8567 1472
4415 124
3047 5796
1273 1528
7563 2940
2383 5818
4319 8897
6259 5572
5231 9008
2405 953
431 8282
3999 5685
4731 2592
2272 9647
3219 6240
6462 1926
9672 9514
7217 8204
6492 8161
7847 8955
85 7691
194 7155
9134 1871
501 9524
6897 3405
7551 4186
9382 6884
4322 5495
1327 2363
5281 2827
7844 2907
6946 3908
5975 9261
2844 3441
9949 4886
633 8201
2116 2564
8618 5453
112 8115
3057 1753
8097 3905
7856 8507
332 8682
8407 8037
504 4846
3354 2500
2142 1207
0.5806 0.5877 0.8592 0.6989 0.5822 0.3670 0.1871 0.3840 0.6254 0.4797 0.5614 0.8062 0.7334 0.1789 0.6792
0.6534 0.6960 0.6259 0.2724 0.8881 0.8114 0.4766 0.7320 0.1927 0.7376 0.1599 0.3024 0.8164 0.6177 0.2240
0.3077 0.6112 0.1909 0.3210 0.3359 0.6089 0.6835 0.8455 0.7583 0.8385 0.8383 0.2059 0.8127 0.7505 0.2368
0.2429 0.3168 0.4343 0.5063 0.7282 0.3035 0.1075 0.3379 0.1019 0.8284 0.1998 0.6131 0.6830 0.7075 0.5613
0.8757 0.1166 0.6595 0.7462 0.5518 0.1870 0.4617 0.7824 0.6376 0.3383 0.3247 0.4309 0.1704 0.2966 0.3411
0.6031 0.7403 0.5114 0.4214 0.5147 0.7618 0.8520 0.8959 0.2142 0.4625 0.8039 0.2956 0.6808 0.4585 0.3840
0.2100 0.6577 0.4790 0.3215 0.1719 0.5411 0.1687 0.2165 0.2882 0.5786 0.1201 0.3149 0.4684 0.1618 0.4787
0.1064 0.5504 0.6926 0.2737 0.8640 0.3448 0.3600 0.6233 0.7896 0.1000 0.6964 0.1255 0.3343 0.3463 0.1279
0.4600 0.2253 0.5384 0.8982 0.3502 0.3127 0.3343 0.3688 0.3432 0.4058 0.3228 0.2232 0.8492 0.6389 0.3151
0.3134 0.1936 0.8838 0.8513 0.6603 0.5052 0.3962 0.6199 0.8524 0.2213 0.1203 0.5774 0.6426 0.6638 0.5570
0.2781 0.6873 0.4873 0.4266 0.6045 0.3624 0.3776 0.7886 0.6023 0.8723 0.4171 0.5203 0.5153 0.6548 0.8799
0.2907 0.3996 0.5171 0.1109 0.7475 0.4542 0.7006 0.1418 0.6830 0.3863 0.1218 0.1683 0.7757 0.1331 0.4258
0.7500 0.6251 0.3770 0.8167 0.7695 0.8022 0.4200 0.7312 0.3211 0.1200 0.3241 0.3138 0.1751 0.7035 0.2948
0.1490 0.7306 0.1130 0.6253 0.4067 0.3493 0.6182 0.5692 0.4804 0.5427 0.8539 0.2526 0.4683 0.5273 0.4492
0.7696 0.1624 0.1377 0.6012 0.2321 0.1219 0.7228 0.4011 0.7109 0.7628 0.7412 0.5347 0.3938 0.6645 0.8672
0.2166 0.1929 0.7865 0.1837 0.8298 0.2148 0.6018 0.2057 0.8365 0.8780 0.5027 0.3330 0.2665 0.2108 0.4885
0.4739 0.3573 0.6760 0.5209 0.5493 0.2831 0.1875 0.2402 0.7004 0.1490 0.2379 0.5613 0.8395 0.2043 0.3337
0.6300 0.3168 0.5087 0.5358 0.2973 0.5790 0.8604 0.2431 0.3378 0.5821 0.4281 0.1405 0.6681 0.7423 0.1620
0.7818 0.1933 0.2420 0.7075 0.8497 0.7057 0.2113 0.4240 0.3871 0.4528 0.5500 0.8949 0.2303 0.5224 0.7975
0.5788 0.7812 0.1679 0.1169 0.6071 0.5698 0.2702 0.6496 0.3021 0.7514 0.2744 0.2964 0.4104 0.8697 0.1079
0.2874 0.1655 0.6117 0.6978 0.1011 0.7523 0.7768 0.4756 0.8361 0.2934 0.2007 0.5175 0.7116 0.4054 0.7334
0.4249 0.3830 0.6422 0.1915 0.4173 0.4123 0.4548 0.4473 0.5170 0.6363 0.2275 0.5218 0.8119 0.3693 0.2408
0.1627 0.1527 0.8633 0.2444 0.6364 0.8926 0.4365 0.6467 0.8985 0.5653 0.2936 0.3895 0.2021 0.7904 0.2914
0.4472 0.3130 0.6490 0.1670 0.5874 0.6912 0.2342 0.8459 0.3257 0.2006 0.8801 0.3857 0.3491 0.5477 0.5736
0.2214 0.4427 0.2543 0.4032 0.8053 0.3119 0.6845 0.8778 0.7898 0.7128 0.1416 0.2368 0.7367 0.8013 0.7925
0.3227 0.2308 0.4501 0.5620 0.4258 0.3852 0.6453 0.8203 0.3163 0.2292 0.3934 0.5556 0.7561 0.2833 0.7371
0.4876 0.8359 0.2097 0.4080 0.6310 0.1247 0.3944 0.5296 0.3882 0.8242 0.5198 0.3935 0.7585 0.1838 0.3752
0.5230 0.5270 0.4586 0.6920 0.2839 0.1126 0.5991 0.5312 0.1177 0.7845 0.4254 0.7477 0.5750 0.5595 0.4842
0.5062 0.6007 0.2876 0.3505 0.8306 0.5765 0.1926 0.5717 0.2840 0.6414 0.4536 0.1563 0.6450 0.3938 0.4569
0.1772 0.3232 0.2080 0.6684 0.8974 0.5109 0.1034 0.1912 0.5083 0.1667 0.5519 0.7644 0.5383 0.8872 0.4613
0.4780 0.6052 0.3913 0.3042 0.6074 0.8810 0.2723 0.4895 0.4098 0.2253 0.1596 0.5807 0.5512 0.3024 0.6651
0.2706 0.4892 0.4693 0.1202 0.6160 0.1971 0.4931 0.8027 0.7659 0.3132 0.8078 0.7052 0.7942 0.4559 0.4298
0.6077 0.8885 0.1188 0.1642 0.8760 0.4865 0.4259 0.8759 0.6220 0.3440 0.2814 0.7530 0.2831 0.4252 0.2575
0.4309 0.3157 0.6683 0.2420 0.4485 0.2553 0.2643 0.6569 0.3410 0.4090 0.2364 0.7142 0.1232 0.2365 0.2603
0.5833 0.1991 0.3417 0.2864 0.4936 0.6383 0.5929 0.2378 0.7541 0.2689 0.3006 0.8959 0.7394 0.1574 0.1339
0.2658 0.3698 0.2582 0.3284 0.5071 0.3234 0.1649 0.8307 0.3193 0.4056 0.8067 0.6747 0.2488 0.1271 0.8994
0.5907 0.2763 0.4617 0.3132 0.3332 0.4332 0.3301 0.1049 0.8616 0.6301 0.1119 0.6772 0.1012 0.7502 0.8079
0.4648 0.2458 0.5361 0.1772 0.1587 0.4328 0.4627 0.2388 0.2204 0.8178 0.1141 0.8699 0.1933 0.5548 0.7699
0.6962 0.8589 0.8008 0.6874 0.2106 0.3292 0.7659 0.8718 0.2726 0.3691 0.6605 0.2898 0.6555 0.2842 0.3704
0.6918 0.8735 0.6853 0.4846 0.5866 0.3975 0.5362 0.3703 0.5307 0.5173 0.6297 0.7079 0.7544 0.3200 0.4945
0.7785 0.6693 0.5913 0.6934 0.2832 0.3915 0.8137 0.4746 0.7067 0.7268 0.7051 0.6322 0.4982 0.7092 0.1815
0.3829 0.1498 0.1368 0.3855 0.1668 0.3966 0.6467 0.7658 0.5989 0.2318 0.3434 0.4804 0.4826 0.6429 0.8516
0.5527 0.5830 0.4053 0.7587 0.2686 0.7729 0.4748 0.6538 0.4349 0.2986 0.1835 0.8809 0.4100 0.3527 0.4904
0.7536 0.1307 0.3141 0.6842 0.4319 0.5946 0.3839 0.1449 0.8740 0.4271 0.1638 0.4453 0.6181 0.5479 0.4024
0.1310 0.8962 0.8570 0.4840 0.4186 0.2363 0.7632 0.2548 0.7049 0.3445 0.2785 0.3480 0.2262 0.2186 0.1747
0.8139 0.1275 0.6186 0.8131 0.3990 0.2767 0.5848 0.7468 0.4830 0.6670 0.3874 0.5143 0.5603 0.6266 0.4421
0.4988 0.1700 0.2600 0.1461 0.7898 0.3245 0.6321 0.2608 0.8493 0.2165 0.6147 0.6648 0.3879 0.5179 0.4799
0.5421 0.7912 0.6849 0.2288 0.4109 0.4490 0.3939 0.8138 0.5323 0.1095 0.8363 0.2777 0.5757 0.3115 0.5199
0.7788 0.7860 0.8727 0.6837 0.4070 0.1166 0.6663 0.5817 0.3248 0.7440 0.1012 0.4506 0.8925 0.8111 0.1978
0.1366 0.2269 0.8303 0.5173 0.7852 0.8831 0.8349 0.8711 0.3927 0.4261 0.8587 0.2770 0.4577 0.3598 0.6972
0.3707 0.3870 0.7279 0.3616 0.3374 0.7101 0.7051 0.5648 0.5679 0.4892 0.1146 0.3592 0.2718 0.7886 0.1789
0.7912 0.8841 0.6153 0.3964 0.3113 0.2509 0.1687 0.1571 0.3190 0.8028 0.2111 0.8969 0.4726 0.8847 0.2223
0.1784 0.5826 0.7196 0.5305 0.5917 0.2369 0.4228 0.1317 0.8938 0.1577 0.2561 0.3955 0.2654 0.4224 0.5694
0.6689 0.3797 0.7159 0.1801 0.5641 0.6967 0.4852 0.8283 0.5165 0.4308 0.7016 0.6514 0.3671 0.5311 0.5745
0.1403 0.8232 0.8165 0.8666 0.4715 0.2070 0.6014 0.5712 0.8968 0.8336 0.6534 0.4639 0.6946 0.8213 0.6641
0.4919 0.3716 0.4155 0.2914 0.5825 0.8880 0.2670 0.7355 0.4748 0.3895 0.6110 0.2257 0.6589 0.7791 0.4386
0.1161 0.2184 0.6772 0.1503 0.2380 0.5274 0.1171 0.4533 0.7759 0.4827 0.4365 0.5443 0.5971 0.7785 0.2784
