6 189 24
4782 7680
7127 4281
534 6690
5110 416
1943 9940
818 794
3322 3488
5584 321
2584 2125
9701 9373
7832 6226
9289 6957
6765 9979
6636 3915
599 459
6247 9129
1967 2240
411 5063
3973 5569
2687 987
7592 2637
2580 2596
8071 1323
3563 3665
406 482
6465 4639
3267 6939
1904 9563
7809 3172
9880 8709
335 8981
4321 2311
2875 1378
1158 7367
7544 2746
5202 7550
5000 2774
947 6378
3026 331
8916 6299
9133 2844
1722 9116
8127 6913
4362 8128
3048 8900
7066 7624
5 6206
9549 711
206 4610
466 7683
8601 589
971 8119
9398 6836
7696 5870
5804 6903
5261 5672
9358 7296
3257 2272
7497 4906
1160 6857
2406 8044
3153 5767
4234 8146
4530 7271
8676 7975
4982 9317
9935 7849
6200 7687
4761 4045
5429 618
3681 4575
5246 400
3150 9225
4352 7295
2186 4757
1552 6513
2863 1057
1978 127
2874 1938
2869 3266
2369 7895
7298 4589
9672 8808
9163 8838
7423 8380
8445 8691
8248 7519
2323 4432
2215 3391
3807 6551
6365 3777
891 5085
9126 4362
7948 2732
327 2342
3528 90
2926 5553
7944 2974
1025 4112
9611 7738
8882 410
310 747
1100 321
3411 2765
8120 4212
2889 1610
3483 3283
9917 5633
7404 9759
5551 8591
3691 3175
3218 1739
4916 615
1212 2363
7121 7913
3246 737
9082 4012
9079 3672
7808 330
3713 6092
3191 9941
3016 9454
587 1860
8537 6150
8752 1765
1739 9257
2018 2668
9346 6314
5580 4067
2842 7146
3196 1854
3476 6896
1763 8237
2957 1239
2571 9252
3515 282
3265 9684
8472 2481
1053 2511
3473 7784
4211 4173
7086 8363
7558 2115
3317 948
9260 3609
8274 9300
8581 7454
4541 4594
8452 1596
9867 1889
4632 7199
3314 2175
7305 427
6136 9911
3970 6729
5577 1940
5389 7466
9577 1510
8273 2171
3869 1817
5131 1889
7924 3944
3361 6847
9732 4896
6325 8114
3182 5873
6018 4321
3375 8733
4691 1266
7802 6480
2252 5403
2031 6010
7609 3731
8122 2782
514 5800
4918 5490
284 4968
2036 1774
738 8916
3621 3515
4043 752
8871 252
562 4900
3497 9153
253 6691
3722 2837
304 6783
3061 1174
9517 597
9270 3233
7070 3329
9876 672
9335 2407
5226 1850
7954 5777
0.5731 0.2230 0.4845 0.6301 0.8212 0.4570
0.5402 0.2983 0.5217 0.4320 0.3977 0.7869
0.7110 0.2706 0.1741 0.1756 0.2408 0.1273
0.1938 0.1380 0.3157 0.6415 0.7538 0.7994
0.3570 0.7298 0.2762 0.7137 0.3880 0.1325
0.7257 0.5915 0.4254 0.1972 0.8377 0.2533
0.3619 0.5015 0.7519 0.1009 0.3512 0.2460
0.6740 0.3365 0.1638 0.1826 0.8529 0.7842
0.7399 0.4488 0.1403 0.3659 0.3608 0.2028
0.5552 0.4782 0.3279 0.7654 0.5039 0.5836
0.4345 0.1106 0.1797 0.1824 0.2035 0.3297
0.5380 0.5820 0.2890 0.5661 0.6862 0.6292
0.4660 0.3507 0.7647 0.4290 0.4037 0.1751
0.5111 0.1348 0.1491 0.5300 0.3063 0.4681
0.5425 0.3161 0.3072 0.7012 0.2106 0.2290
0.3433 0.3342 0.4254 0.6992 0.1242 0.5215
0.2816 0.5983 0.6184 0.7828 0.1512 0.1997
0.1972 0.1264 0.2253 0.1964 0.6624 0.7560
0.5112 0.2568 0.1435 0.4238 0.5723 0.3319
0.6179 0.3071 0.7025 0.4867 0.7303 0.3822
0.6264 0.2712 0.3999 0.8783 0.5632 0.8318
0.3817 0.8373 0.1484 0.2502 0.6127 0.5601
0.2135 0.3706 0.3451 0.4135 0.2495 0.6591
0.2671 0.5563 0.1750 0.3387 0.5095 0.6668
