16 530 43
8230 5746
6269 6571
4883 4753
678 8694
8896 4277
4647 3131
5141 7349
6782 2009
5558 8301
7387 9992
7360 4916
858 7874
6078 6445
1176 334
1536 3506
7945 1624
7292 681
4414 8937
1672 9335
8567 4549
6529 1672
3289 734
2130 1333
7299 7369
2031 7843
5034 8542
4403 8386
5910 2778
9550 9660
8822 7095
8423 7466
1143 7394
3471 9105
1436 597
6013 8558
905 6725
7594 6767
3360 3159
837 3570
1228 1266
7966 9270
6709 1754
3175 8741
4988 121
5449 9949
1840 324
4813 4932
3546 5797
3554 3184
2910 464
4209 1322
352 8006
3144 448
2800 664
1300 9493
2313 731
6704 7258
1168 7087
6008 8883
6298 4750
3849 4653
1565 1365
3032 2409
183 6937
6993 974
6553 1237
9375 9031
7239 4702
4537 5737
5499 1853
1291 226
6677 668
3559 7156
6430 2014
93 6350
7571 5952
3382 2413
6222 7982
4756 1124
4269 8192
2378 809
541 9637
4833 4497
9114 5142
7482 4710
5328 1
4473 5539
672 5071
5961 5453
465 2751
6420 9329
7153 6596
6708 5606
599 8997
3701 2116
2370 4109
4589 5988
336 8267
1753 8654
2980 4491
4490 7581
3693 7759
8148 723
8733 8017
3599 718
6997 7619
6510 1931
8138 1038
6829 5310
8644 2490
5836 3560
983 9152
5971 5969
7588 3723
3450 7676
9914 9479
5724 6999
4854 2725
4877 3887
9631 2082
1412 4850
5704 8562
715 8538
6258 7693
2052 4530
3561 6131
5015 5453
385 7692
1652 2188
9966 5224
5792 2992
5821 817
9354 1628
4479 3536
9142 8552
8719 8188
8830 3783
5377 746
9539 7130
697 1393
7103 9387
1733 5895
3591 6670
618 3928
9865 3975
4591 3987
7896 4000
688 5529
6740 85
9071 9029
5090 9414
4950 9987
4663 8054
1208 6676
452 167
8795 1433
4314 3426
8489 5013
4485 1039
1362 6880
913 1864
8257 3952
6251 8142
783 8179
5931 4665
9026 753
1195 142
9622 3431
1151 4626
8825 7953
5752 4183
9383 2340
1976 9995
4585 7377
1778 7571
4608 9906
4534 758
1366 2152
561 3751
219 9730
2538 8669
568 8020
7953 7303
7558 8148
9668 2737
8393 1284
7722 8713
985 53
1973 2938
220 7439
8678 6175
6567 2428
5918 5621
3823 4860
1981 9488
6388 3671
1530 8700
8362 23
3483 3612
1768 9162
8143 9063
3180 6513
3914 3122
1524 8219
936 8317
9966 7209
310 660
8813 5549
6118 9484
7806 6994
2447 9802
8045 2680
7210 1444
2572 2496
8081 1786
8003 8131
7576 773
6998 848
1026 7566
6340 4848
4810 6474
6619 8766
1784 4659
2405 8787
9347 7267
1871 9087
6600 3709
3111 924
4601 8459
6146 654
1851 5124
4319 3178
4235 1699
9276 732
5329 3466
7575 9406
5116 5249
5480 4844
6421 8048
3887 2102
9686 6790
6832 7302
8365 5107
4913 3305
2227 6503
1628 6522
6680 3561
6438 4696
3836 9168
8296 4045
4214 7902
4151 9495
6262 3369
8154 6586
1039 3630
9955 1097
7104 2124
4105 6693
1989 216
7608 8958
996 4265
2975 4654
4354 8685
5869 4748
3654 5203
4952 4887
2046 3263
602 4823
6225 5447
7113 4600
7242 3558
3694 4545
2493 2321
5717 3779
1089 3423
4989 8823
8719 1615
2741 8141
5933 5
6337 109
227 1663
1722 7296
6783 2912
8537 1259
3353 4141
2292 2592
8529 2690
8164 5218
8397 3988
8514 4405
8529 1661
9882 7431
9149 4322
1705 387
3863 704
247 3014
6370 3280
9350 1361
5085 3532
607 788
8117 5445
1629 2438
957 8771
1629 8526
8889 6594
9874 9877
3156 1390
165 2556
8681 1005
4567 9188
1461 6472
6699 6906
3937 9189
1264 7234
9509 8707
658 8296
4181 6568
2687 4569
7916 1424
2799 3020
2201 1549
4686 9211
8984 1276
2794 2421
9399 6836
7691 7389
7338 8505
7943 368
5380 9331
6002 3490
3607 4176
7727 4071
1275 1430
879 2136
2224 5300
7397 7189
1241 8072
4619 2559
7265 9806
3243 5201
9873 6474
9229 3098
3438 262
5382 2914
3510 9914
4302 8865
7485 3705
4940 1363
8469 3895
1146 4350
5987 7677
883 3935
8842 971
4016 4815
379 7309
9224 1918
4198 5559
1854 2456
9014 2305
8533 4849
5120 2723
6797 3786
8779 4089
2211 53
7565 4165
7950 9805
2308 582
1373 4423
494 2457
6263 2220
3995 7887
4120 4502
3107 6791
5453 4707
3804 5201
7482 9712
4689 6122
6312 2980
8007 9515
1868 1758
9835 5843
5527 396
4558 3030
8926 5036
1341 5186
8948 9466
3878 5106
6385 461
3878 6966
4465 5957
6064 8433
4961 6899
7948 3694
9786 4127
4095 2629
9479 2215
3052 1666
4177 1868
3979 2607
6910 7718
3217 1816
5511 2064
6960 9900
2747 2563
3444 565
2744 8740
3876 2717
1131 8573
501 7304
8189 2587
8785 3043
7146 3969
3314 6081
1940 7777
3935 9650
8214 6296
3582 4076
5056 2906
8448 1843
2742 3784
6114 4830
8077 2226
6172 5204
7830 1050
6971 9524
2021 8220
4099 3167
2931 9134
1787 1494
2509 6232
7018 2410
1622 4126
8248 6853
338 9323
6361 1319
3667 8029
3947 8785
9715 7078
2268 8050
9766 4582
3114 6138
5226 2944
3649 949
2523 5120
5238 5638
5730 4407
6917 2135
2414 1749
9260 4214
9140 4567
8050 1955
4884 5085
905 204
901 8491
1652 5043
7061 8921
9984 7951
1882 2110
2473 7879
7047 3872
2733 7643
1670 4586
7398 4331
4969 2427
5150 1657
1998 2111
657 2193
6598 7649
2988 310
401 3484
2416 5662
1444 6040
8082 2924
4849 3432
634 7719
1441 1295
9510 9802
7535 7177
7282 402
8605 4692
2871 5642
8289 7717
5262 3178
8808 4470
5310 2540
6696 3844
569 8824
5620 4363
5209 513
2402 3427
6875 6851
5707 342
6211 6246
9173 6890
85 2024
5993 9098
9694 2982
2473 2607
3906 7487
2994 5240
3236 7397
2964 2111
3248 6292
8125 3406
3394 2639
3702 3200
8820 7517
3087 7385
1767 1242
5171 2472
6616 4718
227 4409
5778 151
4526 5375
2969 8784
6116 7751
6268 9762
4173 5298
1333 706
8246 288
1157 615
5 4729
3216 2836
2972 9264
9053 7205
2981 1542
9529 1671
9340 2746
712 3704
3968 8601
8676 3905
8931 9115
2375 7462
13 508
426 3072
1452 6142
2672 8900
6078 6244
9918 2816
1615 6346
3281 4319
3443 5106
2299 7732
686 4924
7568 3200
5106 9718
0.3934 0.6139 0.5338 0.4345 0.6292 0.1235 0.8758 0.2306 0.3174 0.8251 0.4803 0.7542 0.8537 0.6601 0.8185 0.7509
0.6100 0.4782 0.8464 0.4310 0.2907 0.7710 0.3136 0.3019 0.8904 0.6061 0.5467 0.1439 0.3393 0.1817 0.4512 0.6267
0.4262 0.7085 0.6680 0.5835 0.2868 0.1713 0.2784 0.6474 0.6471 0.4707 0.1738 0.3561 0.8190 0.4258 0.6727 0.5533
0.8810 0.8167 0.4038 0.8070 0.1451 0.3237 0.4517 0.1464 0.1045 0.2806 0.8089 0.1805 0.3819 0.6431 0.6589 0.8392
0.1635 0.2895 0.1831 0.7922 0.1346 0.2707 0.5213 0.3245 0.6236 0.2702 0.2785 0.4146 0.5482 0.4442 0.7122 0.6978
0.7964 0.4238 0.4227 0.3976 0.6781 0.7825 0.7225 0.2193 0.2288 0.6216 0.7257 0.7674 0.5309 0.4099 0.7958 0.6965
0.4839 0.2148 0.2660 0.6699 0.3587 0.5546 0.7823 0.2780 0.7324 0.4013 0.6365 0.5333 0.7757 0.1133 0.1794 0.5480
0.5662 0.4114 0.3333 0.6239 0.3915 0.4013 0.8939 0.6787 0.2430 0.8378 0.5109 0.3834 0.8333 0.3631 0.3371 0.3058
0.4890 0.5648 0.3025 0.7710 0.6316 0.2137 0.6947 0.2072 0.6238 0.5290 0.2778 0.8092 0.1135 0.4257 0.6685 0.2920
0.4466 0.1000 0.7621 0.2457 0.4385 0.4474 0.6472 0.4626 0.1930 0.2224 0.4923 0.7367 0.5824 0.3374 0.5457 0.3441
0.2107 0.3498 0.4080 0.7480 0.7613 0.7217 0.6979 0.6283 0.8244 0.7947 0.4392 0.3132 0.7557 0.1463 0.1521 0.3020
0.8916 0.2836 0.2398 0.5061 0.7635 0.8235 0.3771 0.5293 0.6439 0.1609 0.1524 0.7431 0.3969 0.8129 0.5767 0.1335
0.8513 0.8706 0.5257 0.7928 0.4642 0.4207 0.1465 0.6214 0.6688 0.8970 0.7141 0.4790 0.1984 0.2180 0.8996 0.5383
0.7184 0.3207 0.3659 0.2890 0.7645 0.4555 0.2926 0.7511 0.7846 0.8901 0.2143 0.1400 0.3594 0.5355 0.3376 0.2816
0.2461 0.7787 0.8671 0.2752 0.5399 0.5109 0.2065 0.7909 0.4439 0.7653 0.5572 0.6618 0.5022 0.2904 0.4963 0.6875
0.3406 0.8764 0.8331 0.2350 0.6377 0.6492 0.4404 0.2075 0.5962 0.8634 0.6564 0.1735 0.2859 0.5572 0.1955 0.2601
0.1462 0.4894 0.8173 0.6185 0.7800 0.7507 0.2610 0.3276 0.2598 0.2814 0.6686 0.4560 0.3322 0.2472 0.1576 0.4878
0.8492 0.5963 0.1279 0.3905 0.6948 0.1638 0.4284 0.1994 0.4463 0.1520 0.1943 0.7121 0.3220 0.5285 0.7517 0.7199
0.4776 0.8436 0.5160 0.6810 0.7344 0.7156 0.8739 0.4035 0.3676 0.4202 0.3266 0.5245 0.3399 0.2600 0.7265 0.8927
0.3580 0.8679 0.2479 0.2998 0.6711 0.6736 0.6474 0.7462 0.3422 0.2458 0.1322 0.1095 0.7582 0.7651 0.5967 0.6323
0.8593 0.6265 0.6812 0.3934 0.7361 0.7130 0.1097 0.2249 0.2105 0.8055 0.8356 0.8663 0.7475 0.5849 0.3695 0.8371
0.5658 0.8325 0.6988 0.5669 0.1979 0.6858 0.5446 0.8458 0.4166 0.4140 0.5139 0.4108 0.3883 0.5865 0.4702 0.3605
0.7354 0.6793 0.7970 0.3846 0.4313 0.6074 0.7183 0.1136 0.7061 0.2077 0.7710 0.4773 0.7677 0.1874 0.1251 0.2101
0.8623 0.6074 0.2467 0.2289 0.3426 0.5398 0.8749 0.3786 0.2446 0.8410 0.2348 0.5895 0.3432 0.1180 0.7665 0.8788
0.7431 0.8519 0.6740 0.6979 0.3363 0.6677 0.5643 0.3679 0.5789 0.2061 0.1714 0.8445 0.8774 0.3440 0.5778 0.8705
0.3270 0.2594 0.2611 0.4623 0.7608 0.8880 0.6304 0.4200 0.8112 0.1474 0.4285 0.8743 0.2938 0.6409 0.7227 0.8065
0.1405 0.1005 0.7357 0.1900 0.2914 0.1689 0.1414 0.2221 0.4787 0.1686 0.1025 0.5337 0.2888 0.2529 0.4732 0.1377
0.7868 0.8661 0.3177 0.7403 0.5614 0.1685 0.1903 0.2208 0.2607 0.6026 0.7983 0.1168 0.5141 0.2254 0.2755 0.8371
0.8096 0.1705 0.4077 0.2111 0.1990 0.7699 0.2026 0.2472 0.8395 0.5340 0.6488 0.3393 0.3138 0.6712 0.4859 0.5919
0.4493 0.7836 0.3622 0.2854 0.2059 0.8982 0.6915 0.8411 0.3771 0.6289 0.5999 0.4806 0.3505 0.1014 0.5621 0.7119
0.7689 0.3669 0.2707 0.3369 0.3245 0.3167 0.6122 0.7878 0.8917 0.7411 0.7465 0.6341 0.3173 0.1280 0.6680 0.4734
0.6472 0.7760 0.8516 0.2193 0.4774 0.2749 0.5837 0.1268 0.5005 0.7184 0.6674 0.5122 0.5104 0.7189 0.3700 0.8351
0.7825 0.4823 0.3226 0.1839 0.4962 0.2010 0.1426 0.1199 0.8258 0.7867 0.5405 0.5067 0.6621 0.2263 0.8416 0.4389
0.6453 0.4523 0.8436 0.7982 0.6720 0.1940 0.4621 0.3823 0.8996 0.6646 0.3900 0.8029 0.6489 0.3063 0.7026 0.1132
0.4228 0.5820 0.6358 0.7318 0.5713 0.2668 0.5813 0.7491 0.2063 0.6441 0.7817 0.2193 0.6152 0.7901 0.3927 0.8805
0.4028 0.6767 0.8235 0.4629 0.5697 0.4450 0.5271 0.5564 0.4812 0.8617 0.6475 0.4281 0.4455 0.6671 0.3807 0.8443
0.7842 0.8558 0.4708 0.4244 0.4831 0.5059 0.4317 0.6330 0.8598 0.7461 0.8381 0.8462 0.3846 0.5525 0.3929 0.5889
0.5462 0.5547 0.2906 0.5677 0.6470 0.2931 0.7314 0.5955 0.7663 0.7431 0.7275 0.3652 0.5646 0.5193 0.3616 0.7403
0.4752 0.2126 0.8077 0.2568 0.1899 0.5850 0.6642 0.8501 0.1793 0.6123 0.5135 0.2174 0.7148 0.8184 0.7902 0.2359
0.4562 0.7150 0.4520 0.5452 0.4946 0.1761 0.4567 0.7284 0.3032 0.8424 0.5105 0.3318 0.8609 0.4167 0.8416 0.3391
0.6844 0.5674 0.7266 0.5034 0.3987 0.5007 0.4812 0.3373 0.3808 0.3359 0.6212 0.3153 0.3896 0.4682 0.1124 0.6695
0.6800 0.7556 0.4546 0.8216 0.8890 0.3288 0.4954 0.8333 0.6383 0.3424 0.6261 0.5076 0.4851 0.1918 0.1543 0.6042
0.1660 0.3318 0.3252 0.8055 0.2354 0.3747 0.2764 0.8186 0.3404 0.3434 0.2143 0.1090 0.2394 0.2924 0.4909 0.7461
