16 319 29
8054 2163
9141 3553
2635 3425
2447 8236
1129 8873
1189 2749
6166 7787
9433 4671
4509 6033
8323 6743
2522 2917
273 9338
4754 5684
329 690
8268 638
8683 6100
7222 1875
229 3603
6093 2791
8215 3507
1408 8048
2006 1683
4469 2386
3775 6532
3835 5474
7054 9404
255 618
7751 6684
7313 5203
1502 5725
1695 1757
4299 314
7476 5673
4411 8615
870 427
1803 8341
101 2514
6820 2502
9432 5124
1512 1926
2512 2555
4173 3126
2607 6671
6304 909
546 2875
35 3982
65 7065
7142 883
2620 2989
3108 4300
8465 7380
8247 2690
3519 6622
3334 9426
8738 2368
1564 3343
9524 4011
7893 3407
1605 371
946 5121
9166 3917
5602 612
7127 8669
2769 1182
990 7117
1395 1051
9118 7610
5843 9244
1128 2182
7599 4296
9475 2188
9753 5118
4071 43
3629 4426
3769 9369
7380 3580
9402 6952
339 1467
5075 6017
696 8519
8956 5370
9703 2057
8589 5103
6290 1152
4380 6506
9766 7335
8899 2251
3652 1482
234 7439
8375 6021
4638 6044
6874 318
1460 7297
7593 8577
8370 1169
8398 3201
3489 9575
4446 6175
1661 5380
5690 9797
4599 3030
8265 3970
7797 3562
9539 164
9634 7681
8582 9394
5533 4186
1587 4624
867 910
5005 703
9361 22
238 5905
7675 8137
3126 8102
3793 536
5097 554
216 8760
4776 6623
4669 6481
4579 7653
9525 5960
27 8231
8472 9175
2108 3917
700 7479
3613 9112
6720 8679
3142 2790
5594 8470
7221 3131
7700 1904
1330 5117
5670 1868
6715 8862
1479 3165
1402 267
2849 1060
5416 2595
1956 2052
4432 4825
3991 971
2098 2317
2867 9688
7550 6921
5929 131
5343 2301
5037 7349
6523 4377
3095 6468
3697 2699
6735 5725
5010 3581
3865 2092
8473 6491
304 3169
5844 3433
3061 211
9496 7517
3387 8090
2701 1023
2665 9889
3802 1343
6487 5788
2530 356
9866 9486
4089 2972
4358 2780
9314 4078
4676 8470
7440 5855
1309 6977
4245 3688
6145 8619
3656 7188
1696 4217
3888 6753
44 6452
6741 3100
5483 3403
6068 2099
4349 4061
3396 859
6367 2265
2909 7986
2415 8932
1769 3289
4264 8992
4889 6346
1591 6285
1159 8526
8877 6864
5905 3693
267 8175
6997 7444
8657 8177
8080 1948
8813 7831
7488 7178
9979 5920
203 5665
4105 3499
9514 1518
7652 3519
1446 4346
6877 2928
9402 7973
5613 8052
1339 5729
1627 9278
3820 8581
6905 5878
3984 4921
6182 1757
6302 2543
1118 6917
1673 2702
104 8680
3881 226
7892 1902
5856 7186
114 1763
2659 716
7191 4267
4650 3718
6433 383
3037 643
8146 4231
6198 4033
4486 6946
485 2629
9829 5510
1892 6435
7801 2259
1793 226
4654 7984
858 9093
2298 9041
8024 4627
5529 30
8823 8340
5890 7702
8042 192
2641 1734
9345 2346
4701 3189
5399 1920
8686 3433
7137 2635
5024 5925
8843 2132
6756 2610
2991 2740
1435 4583
2220 4552
1723 9082
2103 8128
1249 2043
6830 8051
2185 1866
5719 2539
5426 2961
5906 6383
3432 3746
3381 6489
3520 2907
8716 2889
666 2333
9849 8931
2178 8877
3615 8067
5420 2695
9173 786
6417 5268
9612 6262
6447 3198
6289 4636
105 548
4727 8876
2981 9734
4346 3616
2592 7652
2353 3122
4616 7189
7393 9027
1347 2315
1783 5554
384 851
7263 7202
8361 1994
7247 8861
3617 5681
1142 7317
849 4013
4038 1208
6105 3013
5182 1572
4620 1731
928 4758
4605 7519
4200 4459
2303 3656
2525 9176
1553 3773
8887 4545
5881 1584
8254 3835
6556 6614
78 6564
1380 2200
3836 6215
680 3387
6158 2899
7566 6809
7563 4609
2833 7131
7721 7149
8518 1883
4028 8207
1889 4092
3364 7285
2459 6586
450 5380
643 8983
6481 3012
4229 1460
6162 3265
7448 9251
2609 9050
7261 4468
6962 3907
7656 9510
4205 6713
8191 856
5464 8802
5221 3659
0.3063 0.8727 0.7517 0.2212 0.2506 0.5199 0.3877 0.7090 0.5253 0.8247 0.6977 0.8321 0.3861 0.6750 0.8426 0.8099
0.5539 0.1889 0.6036 0.8806 0.3116 0.8591 0.2545 0.3164 0.7546 0.2437 0.8863 0.4465 0.6177 0.8847 0.3408 0.4484
0.2883 0.3195 0.4347 0.7404 0.5513 0.6810 0.1617 0.7589 0.5010 0.7728 0.7336 0.5385 0.7087 0.1907 0.8283 0.1423
0.7398 0.8378 0.7974 0.7767 0.5647 0.2142 0.5442 0.5418 0.3921 0.7333 0.5885 0.1732 0.4298 0.1735 0.7845 0.1585
0.6535 0.4092 0.1477 0.4948 0.4217 0.2723 0.6394 0.2749 0.4641 0.7269 0.2608 0.4664 0.3530 0.6146 0.6801 0.6179
0.3986 0.7509 0.1904 0.6424 0.7159 0.1728 0.1201 0.4436 0.8039 0.4865 0.2448 0.5589 0.7450 0.1413 0.6743 0.8453
0.6664 0.3644 0.4379 0.2718 0.8717 0.5697 0.6865 0.1359 0.3351 0.6245 0.2730 0.1300 0.2290 0.7357 0.3593 0.7350
0.7843 0.7355 0.8727 0.7157 0.7990 0.8878 0.5171 0.3721 0.6363 0.4551 0.3922 0.2102 0.3619 0.5618 0.6993 0.1775
0.4234 0.6406 0.5640 0.4178 0.4804 0.8038 0.6976 0.5759 0.8181 0.4176 0.4549 0.6520 0.8844 0.1484 0.7569 0.6811
0.4419 0.7098 0.2550 0.6707 0.4220 0.4023 0.3208 0.1232 0.5664 0.7717 0.8613 0.1262 0.6317 0.6040 0.6343 0.8681
0.7200 0.1527 0.8770 0.5542 0.4614 0.7736 0.2211 0.5888 0.6066 0.7824 0.6546 0.6450 0.2530 0.3710 0.4816 0.2758
0.6762 0.2786 0.3488 0.4355 0.8482 0.6391 0.3750 0.6706 0.8227 0.8327 0.3975 0.3007 0.4520 0.1979 0.6801 0.1763
0.8410 0.5261 0.5897 0.3099 0.6676 0.7018 0.2749 0.3522 0.2102 0.6927 0.7978 0.4476 0.7637 0.2338 0.2373 0.7455
0.1373 0.8448 0.7447 0.7495 0.4305 0.2473 0.7969 0.3974 0.3992 0.6093 0.6621 0.5428 0.1134 0.2364 0.6799 0.5938
0.5540 0.7412 0.4042 0.3831 0.6661 0.3101 0.6396 0.4738 0.7618 0.2357 0.4848 0.3211 0.3090 0.8621 0.7353 0.7677
0.7594 0.8895 0.4724 0.3445 0.2272 0.2404 0.2014 0.1900 0.8730 0.3066 0.7666 0.1299 0.7592 0.4108 0.5600 0.6736
0.7194 0.4643 0.3761 0.2796 0.6134 0.8336 0.2420 0.2487 0.2471 0.5112 0.2593 0.7747 0.8923 0.8015 0.2423 0.6464
0.2852 0.6597 0.1671 0.3824 0.2462 0.5244 0.8309 0.8938 0.3053 0.5323 0.2531 0.6913 0.8846 0.8882 0.2850 0.8401
0.5610 0.7154 0.6539 0.2778 0.8083 0.7470 0.6358 0.7903 0.8141 0.8331 0.5126 0.3785 0.4959 0.7456 0.7956 0.6992
0.4231 0.3825 0.8218 0.6621 0.8101 0.5839 0.3201 0.8822 0.6058 0.6567 0.1923 0.5687 0.5721 0.4764 0.7656 0.7325
0.1575 0.1475 0.4411 0.1088 0.1146 0.8363 0.2787 0.6759 0.2854 0.4856 0.2470 0.5498 0.1341 0.2287 0.3480 0.5276
0.1212 0.4441 0.3137 0.5058 0.8178 0.1822 0.6817 0.8899 0.3184 0.2958 0.3287 0.7520 0.2881 0.7835 0.3631 0.2787
0.1030 0.6511 0.2291 0.7044 0.5174 0.1821 0.1902 0.1112 0.7050 0.8119 0.1103 0.5787 0.7168 0.4620 0.2593 0.4782
0.6052 0.8512 0.5445 0.3630 0.3415 0.7432 0.3481 0.4087 0.7193 0.2729 0.7329 0.8716 0.7077 0.5089 0.8986 0.5635
0.6070 0.2436 0.7474 0.6948 0.1962 0.2277 0.8733 0.1928 0.3780 0.8246 0.4832 0.1637 0.7284 0.3127 0.2623 0.7953
0.5489 0.7274 0.8733 0.2222 0.3476 0.1020 0.2895 0.3393 0.1508 0.2077 0.7354 0.7336 0.4187 0.5295 0.4215 0.8519
0.5974 0.5628 0.1820 0.2171 0.4918 0.6613 0.5667 0.4495 0.1412 0.5263 0.3560 0.1827 0.3732 0.4240 0.1151 0.3035
0.3321 0.5486 0.4198 0.7818 0.8506 0.4230 0.7460 0.4078 0.4083 0.3146 0.8960 0.2215 0.3065 0.8643 0.5629 0.4383
0.4869 0.6672 0.7595 0.7644 0.2478 0.4504 0.8373 0.8253 0.6471 0.7050 0.6642 0.6765 0.4318 0.3519 0.8986 0.6401
