14 298 49
6813 7877
7922 654
2894 1767
1262 5547
2054 7214
7945 2229
4926 2635
7234 2232
6096 4563
6010 2432
6458 4958
4828 3620
3513 9871
5208 8591
5910 7447
1044 3369
6069 1201
6034 735
7117 1373
870 4365
2315 8177
4776 8650
9522 1554
133 4148
4674 7004
1741 1165
9559 4326
410 8685
4674 692
4887 2080
5 6344
3820 8103
2827 5834
4464 7737
1545 507
9559 6752
2507 967
386 2235
1459 2701
2194 6662
5287 4179
3722 5257
5619 7374
2982 3121
6491 6960
7327 4217
5638 8773
4703 7835
6517 816
3826 4587
9821 458
6972 2570
1851 712
6573 75
1365 1481
5437 7690
1594 2935
4301 7743
6230 9791
1938 7221
1713 324
4338 8716
8525 1565
9119 6092
6963 1751
8660 7876
9181 1115
3790 1673
3367 4906
7361 3571
933 7886
1076 7744
7396 3667
6227 5219
2280 6017
7281 7883
174 5872
7801 7526
9844 674
5230 2505
98 9804
2638 1025
7101 8103
2686 3258
3565 2967
5723 9414
4391 3126
4172 641
2027 2357
3710 7877
7403 8127
3641 4440
9971 3288
6484 6547
1311 3776
9962 6911
6739 8088
6033 8616
144 2320
5089 4678
713 6928
1814 1637
4325 9014
6495 6357
6563 4989
5233 5224
2053 4178
1195 5799
2788 7331
4293 2477
4581 1030
2109 3671
2940 442
4087 8648
9991 4227
972 4247
8644 5821
7969 2645
1882 867
7386 8775
2189 2997
4704 1718
2142 8414
9455 1445
8302 8748
2411 823
8052 1574
4465 1419
3209 8141
6031 3057
1782 4626
1388 8521
8491 7811
2622 2439
1128 7161
5163 4532
4554 1837
7713 8616
8023 6125
3696 703
1497 6659
582 8292
6575 7658
5573 524
2048 5763
3509 7372
7348 6946
4712 8145
2270 2752
8043 9735
3214 6735
3119 1692
1540 396
943 2196
7338 1324
7633 7190
7213 2898
9384 9380
2106 908
4368 703
4657 1553
3106 764
4088 1482
5474 2190
6388 6045
7851 338
5771 9190
1999 3348
3355 6928
4945 3495
7934 8956
146 6117
4567 5916
3245 2632
1248 6221
6152 845
9251 4134
7813 9045
4735 7139
5502 9710
2793 8261
6624 3698
4565 6366
302 6192
8716 597
4182 4053
2635 7022
5942 8496
9678 5664
1177 2422
894 1050
6616 9561
5901 8975
1465 8899
1311 3196
827 9258
4290 9659
2137 1836
4598 9130
2650 8292
2175 8933
7328 1007
3794 9680
46 4346
7249 8796
7308 5527
5304 8261
3051 3834
6687 6593
3053 4038
7509 9683
2609 7687
1642 8979
5630 2266
9228 4621
8682 8040
3900 1009
2649 5193
3212 1583
8178 1255
5200 4253
4273 635
4087 3197
3445 5473
6109 3517
7085 6862
155 1090
4018 2315
5804 418
7080 581
148 1810
1719 2829
765 8816
5744 3247
7468 2824
627 4460
105 8955
3771 3485
1782 5866
7845 5095
2465 4364
3885 3691
1392 7184
4644 7358
6772 2334
6803 8217
4708 8322
7763 5396
4227 1378
4854 9046
7582 3273
7814 837
6360 3735
8596 6625
4935 5013
4311 789
8373 8446
8796 122
2027 8297
8354 9792
2228 6283
9871 6558
9166 4425
7902 480
970 5655
8101 4445
924 6680
7978 263
313 7119
3969 8439
8798 8109
6859 1639
8947 1885
5529 4256
605 3407
7228 2463
7552 5039
8386 6853
4165 6417
1531 7571
2651 4789
4109 4427
6864 4158
6170 7442
2759 3481
4301 6346
7422 6096
1842 7508
2379 2560
6047 1981
1396 5204
6106 6332
5257 3850
3421 5593
9656 3506
424 7524
2815 3985
1187 3399
6058 1502
1509 6263
921 6422
2497 5606
3690 8588
7306 2610
2701 2821
9606 3117
8378 344
5651 1121
7103 3672
8579 3384
5809 9769
5855 1149
0.3961 0.7871 0.1490 0.1998 0.1109 0.8605 0.6754 0.7691 0.7057 0.8429 0.4606 0.1371 0.8070 0.1346
0.4503 0.3100 0.4447 0.3376 0.1453 0.1541 0.1693 0.5011 0.8364 0.2377 0.3770 0.1161 0.8475 0.1310
0.5370 0.8837 0.3599 0.8647 0.3043 0.3430 0.8889 0.1184 0.5223 0.1679 0.1972 0.1360 0.3081 0.5821
0.6287 0.2507 0.6480 0.1391 0.7826 0.6866 0.1588 0.8902 0.7528 0.5388 0.7256 0.1929 0.2861 0.7827
0.4831 0.8739 0.3071 0.8154 0.8891 0.7257 0.2341 0.2212 0.1848 0.8416 0.7066 0.7288 0.3302 0.2629
0.7290 0.2287 0.7206 0.5925 0.7306 0.1714 0.8221 0.8203 0.4385 0.2143 0.6370 0.1390 0.6912 0.4832
0.6545 0.4570 0.5668 0.8739 0.7208 0.1352 0.4708 0.1708 0.6403 0.5372 0.2098 0.2876 0.1263 0.5490
0.3397 0.7783 0.8305 0.1745 0.1604 0.5619 0.7766 0.1470 0.4759 0.3060 0.6350 0.6947 0.6584 0.1911
0.8918 0.1709 0.4212 0.2173 0.4771 0.8493 0.4408 0.8862 0.1022 0.6732 0.4633 0.7755 0.8946 0.4687
0.3849 0.5507 0.4635 0.6984 0.2745 0.3629 0.1384 0.5625 0.6404 0.6436 0.6553 0.8294 0.3221 0.2974
0.2762 0.2307 0.7736 0.6172 0.5903 0.7055 0.7105 0.6325 0.5457 0.5393 0.3124 0.1588 0.4638 0.6854
0.1565 0.7599 0.8827 0.6668 0.2096 0.5850 0.1073 0.8081 0.3206 0.8893 0.8123 0.1871 0.8930 0.5604
0.8798 0.5794 0.6792 0.7418 0.8377 0.8245 0.1808 0.6531 0.4097 0.7615 0.5433 0.6350 0.4474 0.8613
0.6030 0.3257 0.1313 0.3395 0.5982 0.8559 0.1376 0.5769 0.1787 0.3245 0.1756 0.1919 0.7444 0.2426
0.7872 0.3046 0.5868 0.8164 0.2486 0.6776 0.2481 0.7824 0.6585 0.7348 0.5216 0.5097 0.2389 0.1700
0.2518 0.2966 0.3366 0.5046 0.8793 0.4556 0.6406 0.4097 0.8301 0.2362 0.1845 0.1098 0.1885 0.4435
0.4454 0.1812 0.4042 0.2756 0.5262 0.8650 0.6654 0.5597 0.8488 0.4271 0.2952 0.6081 0.8379 0.5899
0.2939 0.3994 0.4669 0.5392 0.1321 0.1175 0.1952 0.4173 0.6463 0.3034 0.4374 0.6217 0.7312 0.5554
0.3768 0.2580 0.1821 0.5794 0.2351 0.6422 0.8704 0.5743 0.5978 0.5930 0.5021 0.8590 0.6490 0.5079
0.7847 0.4646 0.2277 0.6198 0.1934 0.4061 0.6878 0.3682 0.3054 0.8290 0.4380 0.2271 0.4194 0.7531
0.7158 0.3230 0.7071 0.8765 0.5162 0.3426 0.1304 0.1877 0.3975 0.5666 0.7844 0.8375 0.3794 0.7117
0.8892 0.2115 0.5540 0.7322 0.3352 0.8375 0.3176 0.3857 0.6491 0.7677 0.2932 0.7039 0.6556 0.4827
0.6297 0.6017 0.4980 0.5642 0.7955 0.2710 0.3456 0.3176 0.3351 0.3595 0.1224 0.4451 0.2446 0.4167
0.1233 0.3196 0.4262 0.6951 0.6673 0.8586 0.3680 0.7606 0.7914 0.1983 0.3116 0.3868 0.7016 0.1921
0.7339 0.8457 0.6719 0.5797 0.7178 0.4386 0.7165 0.3561 0.8579 0.5416 0.8251 0.1126 0.5929 0.3913
0.5257 0.3891 0.2254 0.6908 0.1644 0.8871 0.3995 0.7106 0.7779 0.1996 0.6584 0.1671 0.5401 0.4269
0.7334 0.4932 0.4548 0.3465 0.7434 0.2489 0.7178 0.1287 0.5816 0.3864 0.2367 0.3595 0.1573 0.3924
0.6988 0.8018 0.4013 0.4029 0.7414 0.6624 0.2301 0.8683 0.4463 0.3571 0.4709 0.8833 0.5432 0.4585
0.4172 0.1587 0.4663 0.5119 0.1284 0.5487 0.6852 0.3575 0.7852 0.2759 0.6822 0.2734 0.8901 0.7020
0.8373 0.5683 0.8520 0.2430 0.1958 0.7381 0.3203 0.6442 0.5168 0.4258 0.8645 0.7481 0.7798 0.6686
0.4267 0.8075 0.2962 0.3592 0.3726 0.3019 0.6168 0.4538 0.4224 0.6224 0.1847 0.2639 0.2069 0.4769
0.4895 0.5750 0.8759 0.2389 0.1769 0.8910 0.6147 0.4706 0.2945 0.5695 0.4868 0.3004 0.8526 0.8084
0.3009 0.5980 0.5846 0.6996 0.1766 0.4399 0.7366 0.1154 0.6504 0.2207 0.7246 0.5975 0.3864 0.7642
0.1822 0.2122 0.5251 0.2231 0.4610 0.5115 0.8389 0.4968 0.1503 0.7365 0.7853 0.7326 0.4036 0.3810
0.7471 0.6251 0.5504 0.2127 0.5157 0.8074 0.1938 0.4701 0.7259 0.8370 0.1946 0.7046 0.5974 0.3772
0.3616 0.1280 0.6104 0.7556 0.3369 0.4940 0.7156 0.3015 0.1799 0.8935 0.3225 0.6662 0.8626 0.3027
0.2481 0.1769 0.7540 0.4991 0.8803 0.8925 0.1037 0.2761 0.7582 0.1159 0.4027 0.6255 0.2490 0.2633
0.2012 0.4566 0.1521 0.1088 0.1190 0.5124 0.5198 0.1291 0.2705 0.7316 0.4976 0.5098 0.7326 0.1294
0.5295 0.6540 0.6212 0.1493 0.1678 0.3458 0.1499 0.1270 0.4606 0.6892 0.5064 0.8395 0.6703 0.8020
0.5300 0.4814 0.3899 0.7968 0.4613 0.4844 0.8816 0.6536 0.6826 0.3608 0.5191 0.1953 0.7133 0.6881
0.3129 0.2918 0.7989 0.5679 0.5845 0.5816 0.7783 0.1654 0.8468 0.3699 0.3832 0.1951 0.7650 0.8585
0.4992 0.6524 0.4762 0.2068 0.1064 0.7451 0.2416 0.8125 0.3817 0.6110 0.6102 0.1171 0.8837 0.2493
0.4203 0.4152 0.2892 0.3354 0.5068 0.7543 0.5403 0.1718 0.5609 0.4429 0.4912 0.5802 0.7562 0.5609
0.6434 0.6506 0.3342 0.5600 0.4483 0.8274 0.8576 0.5987 0.3421 0.5169 0.2544 0.7487 0.1183 0.7011
0.7930 0.4679 0.3633 0.2267 0.5059 0.7617 0.8493 0.1052 0.1700 0.4616 0.2775 0.6685 0.8457 0.1576
0.5552 0.6920 0.4601 0.8604 0.1718 0.3286 0.6638 0.3631 0.7238 0.6057 0.7236 0.4465 0.3273 0.3653
0.8609 0.3542 0.4815 0.2224 0.1856 0.4302 0.4958 0.4184 0.8350 0.6924 0.1488 0.6216 0.5690 0.6125
0.1415 0.8241 0.1124 0.7237 0.3565 0.3374 0.4419 0.3919 0.3378 0.7858 0.2957 0.1683 0.1623 0.8833
0.2699 0.3596 0.7832 0.8148 0.7934 0.5844 0.1339 0.6928 0.3840 0.3059 0.3777 0.3645 0.1222 0.1549
