11 343 17
9244 1427
3449 8598
4993 3961
1264 8704
8808 7236
8839 3444
9510 8117
8865 2139
6205 6437
4884 3511
3674 2722
5034 7064
1746 1052
3622 29
8846 4221
7593 4430
3238 9717
6579 7728
595 881
6272 4518
4081 2315
750 948
9601 7569
1960 6045
1661 3033
3054 9462
8440 7610
7830 6211
8700 275
8685 8203
4382 4593
9989 2465
4330 1809
3525 5453
243 4232
3735 1444
1728 3787
4468 8475
8486 9435
6853 8774
7786 1506
2940 1080
1997 1684
213 5798
4781 3274
4988 649
494 8886
2896 5247
1916 8713
4722 2935
2265 9852
3652 207
5654 170
4196 4486
1548 3915
3428 5496
7752 2552
2029 9417
2278 726
570 3775
8698 1777
3753 5408
1063 2345
5796 1
6180 6340
913 2539
1352 6438
6015 1182
8207 8768
8254 9785
7681 6287
5535 5467
1021 1635
1720 3556
9855 7907
6661 6039
256 2026
9428 6332
9369 4926
3726 7497
6020 1282
8306 558
15 5918
3770 1115
166 9967
8241 2849
6984 4532
1641 1460
7100 8791
3860 7224
784 5729
9771 1409
9335 6817
5385 6571
8802 8765
1098 5324
8330 393
803 4248
8300 9432
874 272
8108 413
8770 1078
3157 1316
9624 9969
8570 7666
2738 6882
1913 832
3582 6864
1735 3335
6934 4443
7072 58
9799 1102
8336 7328
8566 5419
5926 1714
7930 481
7775 10
730 3218
3955 1793
3901 6027
3314 2426
3137 2547
8748 5467
8855 7377
3364 2301
5719 90
336 6209
6947 9194
9844 9117
8130 5867
8413 217
5852 3566
9101 3313
9112 540
6516 9245
2185 8622
906 6121
1910 9115
2567 4839
8413 9049
9582 6082
1173 9265
3642 4495
5957 941
123 8491
7806 5702
2436 2662
3541 7395
23 1411
5675 2795
3347 4592
6637 7562
5081 70
4914 5172
7373 5133
9437 3376
9126 6585
9359 6945
3964 5871
4768 1431
5424 1558
6143 1745
5341 1731
8688 1232
9108 8478
2128 925
9065 1880
9214 6829
1867 649
5422 629
9477 353
9411 5348
5137 1412
4952 9425
5671 6236
6765 8212
1688 8237
4515 9427
4471 5681
8963 30
3770 369
9023 878
9542 4453
3822 1658
527 6163
6841 6061
3582 7819
7935 6303
2601 1303
6330 5824
1712 3917
5609 386
8036 7469
977 6922
2452 785
3048 1439
7003 4988
6431 7569
4242 844
9731 5256
3037 6991
9555 4887
2261 6241
9101 6274
5818 3355
4537 3085
8515 4799
6184 6806
2637 8272
7279 2220
569 9009
9572 6514
6641 4218
4515 6270
2013 7902
3973 2011
2979 2624
2220 7838
2737 7058
861 4744
8727 533
562 541
7519 5123
8729 5892
7933 1267
3831 3409
4826 5428
4086 840
5650 8988
3738 6966
5158 8091
7080 6550
9435 515
5145 5878
8639 2308
5600 2314
6790 3101
5512 7332
5313 79
2488 4960
5423 6744
2563 5826
2763 1472
2250 8213
7440 2091
3045 702
9008 3389
4524 1623
1311 533
1342 2219
2673 2324
5926 9623
5638 3641
2541 2223
7411 2630
8514 2044
4896 7710
8823 3029
4748 3832
6950 1130
6786 9053
7847 3895
1085 6815
6253 7894
2981 5987
635 1323
6524 7926
9184 5371
5168 1660
3154 3321
2987 8535
749 5406
7586 9659
1135 3770
8562 3594
6998 8630
3751 6298
1612 703
7831 96
2689 3992
4418 7380
3758 4291
3648 2460
3355 3006
8066 9996
6059 3280
2109 9532
8175 2599
5175 4
1489 9748
8006 6671
9070 8230
1340 61
6744 5938
799 1769
7687 4363
1812 1548
7256 7506
8130 5181
57 2173
2809 117
2894 1209
7871 7082
4741 9390
9100 4654
2843 6549
4499 478
2095 7840
7343 1088
1526 8656
65 5823
5925 5137
6137 3124
7601 3964
6457 2217
1518 4963
9199 6336
691 1503
7107 3547
962 9568
759 751
6690 873
9728 498
550 9820
1199 1591
7354 7017
2050 480
797 8334
5386 4068
6375 7856
5599 9549
9886 4242
3246 9040
9638 2308
2853 7092
4883 3840
9563 3431
5371 5118
6241 3504
6280 1944
863 9924
9250 3489
1739 1758
3217 2628
2350 8671
4424 4468
1161 8978
8652 1989
2523 1830
565 1432
4782 7594
1175 5661
7796 2375
7489 4614
0.1769 0.7877 0.3899 0.6851 0.6758 0.8675 0.1315 0.6104 0.2684 0.1066 0.2727
0.4674 0.5176 0.1179 0.5858 0.3511 0.6470 0.2732 0.5953 0.8633 0.6559 0.2751
0.1466 0.4585 0.1320 0.7813 0.7474 0.2279 0.5600 0.4551 0.2119 0.6037 0.5863
0.8399 0.2797 0.2094 0.7323 0.5371 0.1575 0.1909 0.8656 0.3644 0.4346 0.8358
0.5586 0.5898 0.7065 0.6446 0.8281 0.2166 0.2559 0.5041 0.6338 0.1823 0.3392
0.3299 0.6023 0.6542 0.6631 0.6454 0.8265 0.4001 0.5392 0.6784 0.6894 0.6265
0.5791 0.3948 0.4010 0.8575 0.3464 0.3674 0.4242 0.7307 0.3555 0.7813 0.6630
0.6276 0.4083 0.2412 0.2241 0.8859 0.2519 0.4375 0.2678 0.8735 0.5546 0.4264
0.5459 0.5629 0.2449 0.5563 0.5278 0.1605 0.5471 0.5331 0.8291 0.5695 0.1806
0.2607 0.5275 0.8029 0.3486 0.2664 0.4897 0.5908 0.8080 0.4719 0.4364 0.4149
0.5203 0.1196 0.5583 0.1530 0.7270 0.1021 0.6301 0.3209 0.2929 0.7525 0.6822
0.3360 0.7513 0.5158 0.5081 0.2582 0.3443 0.2805 0.3108 0.6737 0.1839 0.4548
0.4748 0.2668 0.4427 0.6868 0.6431 0.1630 0.1491 0.8348 0.7594 0.7740 0.8924
0.6288 0.4041 0.3925 0.5046 0.2888 0.6042 0.6063 0.1956 0.7150 0.4061 0.1240
0.5397 0.1450 0.6869 0.7408 0.4699 0.8867 0.2887 0.2324 0.6837 0.5175 0.7299
0.6893 0.3675 0.5437 0.3916 0.6746 0.3840 0.2543 0.4189 0.8428 0.7871 0.8153
0.2983 0.8455 0.4414 0.2792 0.6572 0.5616 0.3421 0.3035 0.1331 0.7560 0.2639
