5 154 10
9329 1973
6988 2159
9876 8087
1470 8504
2029 8836
7856 3275
4990 2706
339 2562
9912 7468
1026 1105
5371 7937
4829 8689
7814 3656
6150 2025
338 7504
8868 2163
4450 8841
9602 5390
7183 5318
673 2885
2970 3247
1506 4844
4806 5409
1301 7951
6882 6432
6378 2360
5033 1056
7533 5654
1570 9198
825 5957
1093 7096
4638 9197
7336 8935
1169 3469
660 2496
1222 1980
5385 606
9718 1335
8413 1384
9672 7892
4267 6901
826 7376
6158 3344
1726 2147
1007 9185
3331 1530
9366 3790
4356 7164
8378 7270
2207 5739
6892 9950
1616 8188
3717 360
8786 3574
4900 8269
4995 3334
7498 556
8851 1605
3811 5002
238 1405
6715 1039
8567 3792
2170 6312
3157 6127
9686 1887
6421 3765
9860 8707
670 8695
5556 3975
695 9804
1858 540
6821 1062
8467 6182
9897 1833
136 705
7999 3929
6825 4681
8720 2683
2061 308
1463 827
7931 5963
4627 8365
5589 5102
1464 6966
8066 5030
745 5875
6070 6324
8348 5008
4135 5756
4128 9614
6612 4530
5597 1367
5743 8551
6216 7396
6036 9731
4768 1763
6779 7296
4866 8508
3402 4616
4737 8302
1754 8069
8013 5745
269 8610
9537 1440
740 5162
7052 9947
3995 8010
8385 6067
6820 637
5905 9766
3179 1861
7895 5723
8113 5153
9092 4699
209 8757
7498 9654
5829 5676
790 6745
3118 145
759 4137
9762 5054
1245 6153
7655 1958
1671 106
5566 4292
8080 3104
8513 3616
2974 1445
1101 4392
5190 9192
5236 5910
9601 3369
6215 2464
7839 6501
1886 8182
8162 5305
5928 2871
7909 7409
6806 3434
1875 4065
1672 3591
1049 8887
7786 3166
2630 7982
8549 4852
2256 3045
9071 9235
4649 5602
7514 3762
531 8841
1192 89
4481 9693
5301 8716
6668 7487
8293 9642
896 8729
6654 5954
6857 8281
1224 4370
0.2848 0.1301 0.6667 0.4079 0.1878
0.4388 0.8940 0.5803 0.3046 0.2512
0.6496 0.2840 0.4690 0.5490 0.1290
0.3111 0.5775 0.7230 0.5110 0.8211
0.2300 0.2417 0.6028 0.1374 0.7608
0.8526 0.4014 0.2445 0.8047 0.7803
0.4387 0.1027 0.2207 0.3151 0.4014
0.1856 0.8577 0.4427 0.6057 0.2091
0.5488 0.5073 0.1992 0.2938 0.3129
0.5793 0.4281 0.6627 0.8787 0.2599
