15 567 44
2418 5280
1965 1530
9586 7176
1998 6628
9406 1916
7959 6170
5959 6428
9988 6885
1484 7959
5040 7175
5408 390
6240 9020
3745 1692
2509 4511
5315 5087
1128 2334
7044 2718
6838 8774
6072 965
7773 977
5946 2630
2751 5918
4626 5211
6790 9509
3023 1037
2941 9162
4290 7177
5263 5189
187 3437
2550 2656
783 1269
3678 4820
1002 1968
7050 9329
9046 5722
9904 4690
6353 3059
803 8759
947 5078
9768 1615
4890 9519
8852 9718
8530 3944
7497 8252
8240 8327
9301 4771
6286 8708
6042 7452
4282 6746
9181 401
4836 6280
3288 2157
3542 6656
8344 6994
8213 6756
3275 232
4032 1355
8154 2193
13 768
5270 8870
9567 4220
8074 4757
9512 1649
222 6672
6842 1998
5196 9273
4123 1656
8373 1544
9329 893
80 505
68 9776
7137 3512
7666 4534
2248 5450
2734 1729
2433 1105
8264 2671
2272 216
9530 5964
189 835
3345 7327
6258 2963
9105 8601
2907 4500
8369 7480
8594 1788
4655 1883
7119 480
890 2555
1853 7220
4897 4600
6423 4042
6757 7980
2099 9872
8295 7128
8103 7746
5613 792
2998 444
9931 7356
2886 987
3922 9733
3304 4456
3036 1351
2705 5150
5422 1472
4146 5559
9321 7060
3055 4435
3770 9942
5176 6944
1834 2083
1279 4240
9896 4807
2698 4913
7056 180
1379 7135
6692 1561
7953 2658
6104 2080
1546 5143
3123 6964
7817 878
4574 9923
4244 3163
9905 6108
706 6552
3515 1683
5834 6464
5480 5729
9414 6669
6812 2875
7231 9745
9339 3027
6373 6709
1393 3389
7405 9831
8141 5034
4232 453
8881 80
3933 7239
9883 3233
2916 8495
7991 8159
2928 7073
3726 929
2150 2309
99 47
9898 3554
6987 5793
6987 7449
9366 9280
2226 3101
9233 7904
9303 8542
2045 5634
4276 9740
7690 5456
910 3228
1158 6769
2510 3311
8070 5532
3054 3813
9381 9957
3340 7155
5605 34
9134 9749
4821 3211
9272 1710
1319 420
794 4111
748 3536
8473 4626
8294 7922
5071 1534
2629 3017
4266 552
2070 6018
9860 5267
4931 3508
4119 7523
972 6459
1313 7503
1613 6673
660 7174
3556 9475
1015 4564
7195 6605
5463 7537
3756 6022
5857 9714
2630 5781
3447 4373
294 6459
9175 7353
5218 2049
5158 8639
678 4303
2108 4072
9756 5547
2637 4239
7611 360
353 4979
2732 5506
7564 7531
481 3281
4923 9819
7191 3416
7735 8420
587 9438
2282 2137
4226 6314
7971 4371
3261 3343
8582 9246
4629 7242
8834 3528
5543 4016
7185 1632
8381 5477
2835 6751
3942 1960
5839 6076
3065 9742
655 1646
1236 657
6430 8704
2244 9709
9404 7604
9518 9759
3030 8209
1159 7547
6025 4033
1942 5538
8735 2784
2027 3843
7006 2497
1724 6482
4228 1623
1622 1150
3838 46
861 673
2222 5255
5237 410
3138 5627
9324 4348
7362 7571
9224 6310
8216 889
7614 8845
2447 5894
3457 1501
5183 6273
9726 1972
2175 8520
8187 7164
7765 4407
7864 6442
9093 471
6601 5253
1783 2920
7756 8682
1040 1697
5775 7830
7994 4821
8605 2090
4243 4360
2447 2843
8563 7376
8645 2703
123 1603
1016 433
999 6239
1699 9930
6664 7918
6522 9831
5492 9579
4403 5541
7023 9025
9614 3208
7419 2069
65 9939
7269 6031
8676 2315
6499 5077
2771 4440
8556 6316
6084 5814
7189 2631
8843 5830
7734 32
4301 5096
6472 5729
4288 8292
7774 207
1206 7315
2432 1941
981 8616
9098 7631
4857 4062
1161 5908
2734 9416
577 5853
726 7659
8572 4873
458 1501
1055 9447
8248 3810
616 5435
9380 6100
2253 6400
922 8026
9062 8998
8765 2531
8197 4408
1574 1780
7898 7479
315 755
8854 1153
816 1786
9224 1523
721 5887
5400 2067
9151 2744
736 469
6089 3940
9337 6333
7504 2445
9017 1769
493 9648
596 3748
4867 2101
8844 5982
6472 1393
2582 3462
4709 7016
4724 8460
5373 9786
5250 4244
3905 6892
8698 6862
7479 177
8582 967
4574 3301
7356 3850
999 3556
8159 2391
7809 6086
1122 3876
3273 6025
4361 1797
2444 8209
4652 6046
6585 1565
6475 4907
7012 2056
9826 4549
4611 9085
1246 6214
7270 3974
929 165
2903 8051
3706 2419
5924 2806
9539 6422
1520 9504
6291 6623
3910 1093
8174 9154
2192 8161
8165 9767
8943 4652
5684 7448
9768 752
2391 2334
6598 8422
6147 6265
9074 6083
5921 1672
8993 3664
5792 5775
2541 5485
3324 8035
2299 3338
3552 8635
2819 5373
6892 5154
950 6731
8517 9975
5695 8603
1986 4023
3552 9579
231 6163
9225 3930
1681 2490
5548 7878
1674 4448
5553 999
5565 8006
499 9199
9437 8119
7929 3105
8815 5044
8613 5406
8019 6711
6251 1719
8742 9074
1113 4146
3369 4936
3104 6316
5016 8956
5353 737
5851 3224
8874 1821
9309 3538
6917 8008
4558 9272
2089 1186
6312 7205
609 3931
7683 7742
3573 8870
7585 4245
6743 3635
3674 40
466 666
596 7093
580 5672
2778 1920
2584 57
8018 74
6023 9492
8090 2034
6798 4673
2634 8808
6493 9571
5922 4642
69 1999
9204 4920
8468 3007
8440 3720
5849 9827
1211 4439
1570 893
1162 8764
3222 7078
7550 2995
8609 3345
6070 9696
7508 5984
7172 3706
4383 9969
5538 6912
6560 242
206 4639
591 8466
1559 189
1161 3598
5967 6906
6382 539
5438 5042
7512 3231
21 1765
9170 914
6409 7832
5614 9003
3033 880
1068 1018
7969 295
5468 7768
6553 9226
4452 6497
5435 4205
1282 1157
4729 197
9523 6624
6468 5273
8846 4902
4067 9080
2619 7178
6932 7592
2921 7560
6469 4764
7571 6806
5347 5482
7190 704
1619 1907
6550 6930
1705 2633
3600 1522
6112 2398
5008 7450
9519 4993
6 8711
222 3738
5056 9497
9585 127
5247 1527
1254 8871
9706 2397
2702 6500
3523 3608
7723 1256
2587 1923
5080 2090
4077 5017
9585 6095
7758 8922
4473 564
9665 5956
4257 9306
7790 9642
2527 1154
7887 3720
5239 2220
124 9096
930 1603
2134 272
3914 5518
6232 5294
2086 2867
8221 9588
7625 8346
1847 5740
585 8688
1501 6884
8047 7861
385 2984
1332 5791
9790 3612
149 5046
4061 7384
5732 3432
7052 3700
6527 6662
4993 5047
195 386
7610 1084
2362 433
8733 7471
1770 5343
2357 5487
903 4063
3477 9741
998 4847
620 6660
4212 5298
4043 5371
1751 4131
3922 3242
3147 8312
2895 347
3118 7150
2999 4942
940 5464
1759 1192
6851 7270
350 8100
6651 6222
5601 583
1903 5960
741 9241
5215 6485
1774 8352
4982 4062
7507 7705
4515 6902
6891 3514
2633 4538
1018 5721
4415 8357
4803 7808
5482 8208
4435 2591
904 5591
4298 3805
2734 7253
758 874
1581 5868
3475 7229
2852 1426
5168 8459
5059 6513
0.1887 0.8728 0.1620 0.4687 0.6963 0.1205 0.4063 0.2077 0.8161 0.1678 0.5416 0.6894 0.4767 0.6503 0.7637
0.1105 0.1858 0.8371 0.1240 0.1824 0.6385 0.1708 0.3774 0.1686 0.6321 0.6522 0.4241 0.7094 0.5432 0.2476
0.5330 0.3229 0.8449 0.5362 0.6857 0.3787 0.8025 0.1492 0.7312 0.3588 0.7577 0.7947 0.1964 0.5823 0.6525
0.8065 0.7980 0.7625 0.1031 0.7651 0.7605 0.4848 0.5037 0.7756 0.4476 0.1481 0.6044 0.3851 0.8474 0.7553
0.4221 0.1800 0.2679 0.5060 0.8004 0.5075 0.2358 0.6925 0.6623 0.5579 0.8553 0.5935 0.6602 0.8916 0.8186
0.1155 0.3022 0.2023 0.2043 0.4832 0.6460 0.3068 0.1892 0.7347 0.4163 0.1467 0.8559 0.8793 0.7770 0.4808
0.4956 0.8995 0.5683 0.7224 0.8798 0.3970 0.5528 0.6342 0.2775 0.7814 0.6556 0.7342 0.5714 0.8893 0.8646
0.2476 0.6889 0.3596 0.3142 0.7440 0.4924 0.4468 0.5632 0.1845 0.3053 0.8024 0.4449 0.3457 0.7797 0.6705
0.7695 0.1960 0.8913 0.7577 0.8312 0.8765 0.2449 0.6663 0.4653 0.7855 0.3204 0.6035 0.3932 0.2841 0.2841
0.5208 0.1719 0.2064 0.3237 0.8890 0.6841 0.7218 0.8302 0.2697 0.7154 0.1228 0.8212 0.3056 0.5803 0.6424
0.8792 0.1286 0.7129 0.7863 0.6964 0.2142 0.4199 0.8302 0.2995 0.7663 0.8901 0.5080 0.6212 0.2512 0.2120
0.1693 0.4873 0.6245 0.8527 0.5702 0.6695 0.5345 0.3641 0.6326 0.6805 0.4766 0.5280 0.7830 0.6167 0.8537
0.6413 0.5473 0.1983 0.3444 0.5424 0.4170 0.8340 0.2932 0.2583 0.3229 0.8519 0.3449 0.3213 0.8539 0.8829
0.5250 0.1802 0.4164 0.4263 0.2990 0.1677 0.7946 0.8617 0.2812 0.7566 0.7038 0.5055 0.8103 0.5083 0.5883
0.1076 0.5067 0.1643 0.3995 0.4681 0.6623 0.1474 0.5570 0.8276 0.5410 0.8995 0.7739 0.5285 0.2881 0.6112
0.6038 0.8969 0.8167 0.1394 0.1024 0.3065 0.1953 0.2231 0.6687 0.6048 0.6874 0.6374 0.7166 0.8664 0.1284
0.4250 0.3732 0.7263 0.4784 0.1703 0.6193 0.4356 0.8590 0.7483 0.3463 0.5467 0.8216 0.3486 0.2502 0.8270
0.6526 0.3275 0.4979 0.4674 0.4163 0.6084 0.6332 0.6945 0.8382 0.4428 0.2057 0.3412 0.6162 0.1613 0.3571
0.5990 0.5594 0.8302 0.7532 0.8347 0.2662 0.1867 0.5758 0.8703 0.2511 0.3090 0.7547 0.5506 0.3308 0.6662
0.7090 0.6606 0.1726 0.4779 0.7082 0.3894 0.8380 0.6963 0.4215 0.5698 0.8399 0.3615 0.2969 0.7644 0.5313
0.3373 0.3321 0.1680 0.1990 0.6334 0.3687 0.4596 0.6528 0.1649 0.8522 0.7658 0.5597 0.2567 0.5891 0.1352
0.7849 0.6745 0.4074 0.6462 0.8337 0.4211 0.1237 0.2554 0.2306 0.6548 0.7313 0.6722 0.7290 0.5511 0.4772
0.8432 0.7905 0.8596 0.7253 0.2526 0.5895 0.7634 0.6113 0.3766 0.8181 0.2602 0.3422 0.7651 0.6651 0.8697
0.8335 0.1665 0.4804 0.1641 0.5390 0.2370 0.7181 0.5282 0.1403 0.6749 0.7166 0.6736 0.2026 0.7759 0.7995
0.7181 0.1622 0.5761 0.8466 0.8774 0.2582 0.4382 0.4535 0.6117 0.5341 0.3532 0.3502 0.6159 0.4804 0.4964
0.1736 0.5855 0.4092 0.3051 0.3642 0.4464 0.6734 0.1612 0.7918 0.1491 0.6765 0.5686 0.7676 0.1804 0.1346
0.2677 0.3853 0.1213 0.2170 0.1420 0.6820 0.3336 0.5768 0.3843 0.8941 0.3369 0.3489 0.1971 0.1402 0.6435
0.1709 0.8950 0.4896 0.7198 0.5511 0.3055 0.1227 0.4330 0.6348 0.4429 0.8230 0.2366 0.2579 0.1702 0.8289
0.4862 0.7946 0.7946 0.6437 0.2106 0.1281 0.2152 0.2208 0.2846 0.8190 0.2765 0.2646 0.5049 0.7093 0.6573
0.7550 0.7140 0.5754 0.8159 0.5794 0.2334 0.7371 0.5010 0.7248 0.8023 0.2028 0.5688 0.7871 0.3462 0.4074
0.2892 0.4136 0.4596 0.1104 0.3546 0.8551 0.2216 0.1713 0.1884 0.4001 0.1631 0.1140 0.1839 0.3727 0.4550
0.2179 0.1649 0.8902 0.4623 0.1205 0.7468 0.7510 0.8433 0.3903 0.5638 0.2815 0.7993 0.8495 0.1126 0.8547
0.8762 0.5759 0.1062 0.6041 0.6677 0.8314 0.7715 0.4210 0.7852 0.3398 0.5044 0.3604 0.7703 0.6920 0.8488
0.8544 0.8660 0.3132 0.8852 0.7637 0.7619 0.4582 0.8785 0.4102 0.3705 0.7837 0.3859 0.4432 0.7824 0.1922
0.4012 0.7425 0.3028 0.1191 0.5336 0.5742 0.6942 0.4170 0.3243 0.6891 0.7859 0.3579 0.7554 0.7302 0.8266
0.3145 0.1099 0.8719 0.1401 0.7652 0.3713 0.2611 0.6717 0.5047 0.4460 0.4552 0.4457 0.5024 0.1750 0.7323
0.1481 0.2402 0.3965 0.1293 0.8563 0.4486 0.8830 0.6359 0.1962 0.3337 0.1516 0.3707 0.4577 0.6170 0.2768
0.5938 0.1044 0.6487 0.6575 0.8569 0.1250 0.1020 0.8720 0.6592 0.3374 0.2902 0.5365 0.6527 0.4378 0.2535
0.1528 0.6993 0.4127 0.3477 0.8815 0.4540 0.4782 0.6629 0.1251 0.7187 0.6920 0.1333 0.5843 0.4120 0.7064
0.3522 0.7333 0.6167 0.3035 0.7661 0.7022 0.4947 0.5466 0.4284 0.3292 0.5300 0.3026 0.6844 0.1433 0.6799
0.5800 0.2528 0.4920 0.6202 0.6902 0.3247 0.4313 0.5051 0.3533 0.4848 0.8102 0.4898 0.6562 0.7094 0.3660
0.1395 0.6391 0.6029 0.6206 0.4311 0.5570 0.2578 0.6760 0.7989 0.6471 0.4949 0.7198 0.6180 0.1305 0.7381
0.3867 0.1141 0.2496 0.6958 0.6516 0.8823 0.5698 0.2984 0.1597 0.4289 0.2195 0.4920 0.1420 0.6203 0.2119
0.5939 0.7456 0.5547 0.5508 0.8939 0.5528 0.3915 0.3758 0.8934 0.5914 0.6133 0.1837 0.5342 0.8674 0.3594
