13 550 45
4609 5115
9516 1705
4692 3737
314 7990
4197 134
7384 2144
7607 3373
9460 5305
4507 8515
2917 6276
1359 7868
4833 5574
5865 8443
5670 5886
6070 6550
7004 9348
6594 4604
1842 4141
1762 3618
4055 9306
5435 4442
7805 2962
4930 2464
8232 2150
4166 4333
6371 5021
9679 9757
8394 120
6180 553
373 9310
844 6495
7861 4811
7338 4505
1027 933
7620 351
926 3006
8659 1447
2390 2174
6647 7475
4895 3846
2085 8453
8461 5168
1364 6638
5630 5983
2875 5726
2545 7053
6879 5450
4542 8418
4680 5941
788 7768
6353 1996
2016 4441
4277 7270
1836 5809
5949 9433
1163 4452
3112 9924
7453 7446
9139 4126
5000 8591
7137 7027
7466 4110
9952 340
7513 448
662 2953
5080 403
3314 4557
6626 925
3340 5432
5893 2378
982 4928
7987 8497
348 1395
5409 6586
9089 3625
4532 2325
9314 6243
2060 4750
9013 818
9280 6890
9707 4604
8180 4571
9893 5545
4486 6630
7285 2219
8879 2823
596 6230
9002 7667
8493 2896
6829 5942
842 7414
9038 9434
726 2723
2954 3953
4075 8884
6862 5273
6912 3503
6607 8028
1276 4372
9316 5005
3924 5152
2605 2998
9044 7259
4327 220
1091 6918
5585 9001
2955 8077
3945 3821
5680 2446
38 7593
678 5096
2568 9191
4235 8676
624 2588
6021 305
9912 6658
3081 5511
5341 1527
6079 3916
852 2445
7431 3075
806 6174
2445 5372
5640 2045
5449 5430
3220 3723
9397 7013
8520 1575
806 592
2499 4753
4601 4856
3511 5422
4070 9917
1090 3810
3907 5568
4446 9435
6148 7745
3039 5120
1362 2089
569 7314
8526 445
4506 5583
4836 8436
2132 8681
7943 9742
744 7091
4146 8318
6972 4578
8323 2002
7300 5114
5478 1506
3849 9630
758 8561
3798 3098
8847 2514
6389 6512
5432 3471
5152 1304
5049 2982
3002 2267
7437 5560
3231 1781
3661 2316
6391 4794
7944 320
3595 4120
4462 7932
4355 6139
1763 1384
8426 2013
8313 5055
704 7285
9528 8371
2014 2723
1071 9183
3918 6409
5363 9779
5169 3502
1257 6439
5993 6466
6126 8929
8474 2787
1770 2750
6793 2642
1237 4738
9791 6016
9618 9053
6417 8758
5335 8541
1270 3461
4532 9257
4890 6329
1366 885
7879 5235
3714 1973
2686 2734
894 6684
6532 9587
5173 6962
3393 7890
9758 9694
3097 523
7940 982
4057 9762
1504 3915
4018 4857
6243 2573
70 692
369 430
5935 1301
7299 7869
6493 114
87 6922
653 662
754 8176
5596 9175
8857 3946
5903 6826
6040 8792
7292 1226
8569 5101
6235 5446
2782 5484
8552 6973
1005 1936
6528 4354
5003 7216
8195 3282
8294 1456
1973 3315
9610 7946
6237 7998
4129 3332
7026 4108
8256 5566
6001 8047
3564 9118
3347 6318
669 8242
3058 7040
6028 2611
5298 8886
1999 9549
528 8426
3271 9146
3055 7184
8140 2108
188 4971
4995 5325
7411 1577
627 8068
456 514
2511 720
1593 2805
2649 7304
5222 7417
6926 1002
6711 3646
7916 8768
6651 1920
1157 5283
1557 6860
5452 8274
3241 939
6694 7625
479 9586
3268 398
9570 5094
5608 7673
278 5347
1284 9897
3683 7344
9163 3519
8519 3961
5589 6502
9352 9843
8957 2518
1407 2826
9797 9457
3283 8399
734 9537
8789 9765
7426 3690
9888 6980
5172 761
3325 4395
6164 834
9122 1432
3802 8345
8300 9453
8765 1642
8381 3006
8437 9411
4641 1498
5063 6377
3123 6868
6098 2284
2123 2485
177 3024
8379 8566
7943 1140
2716 6587
5696 4254
6537 8486
48 987
8875 4939
9540 2387
5873 9896
9944 2274
9744 5485
3767 7965
5092 3925
7136 957
8704 9395
342 1945
1608 1247
8213 3863
2910 618
3558 6359
5640 8805
1680 9801
5876 3789
268 168
8549 1288
5661 819
7676 847
4625 2643
2952 7754
7772 2633
9437 672
7613 2710
4818 9942
2408 2865
6774 9925
5908 7446
1079 7179
6858 5092
4039 6850
1176 3879
406 5095
6730 3393
1173 805
7995 2407
295 7239
4849 9489
5908 7046
5352 8801
5159 4449
1698 3374
4272 6514
7178 155
6869 238
2381 1754
1900 2059
2025 5341
9094 2939
8940 2221
2932 7135
570 562
730 857
5603 5499
4622 618
7623 2862
9852 3583
8998 3237
5680 1934
5282 5201
9688 7464
2575 4041
8457 1146
1048 120
355 6087
9256 6662
5584 7931
5234 8469
1782 7725
6215 423
5787 7163
428 3114
9504 197
3531 1932
2544 2905
3163 7095
8165 7684
2251 1834
9922 126
2269 9920
110 5780
540 2723
4232 8109
4819 2280
6590 3659
2686 2515
6255 4736
5930 5448
8330 5823
772 8874
1050 814
2455 3179
6600 7737
1141 1985
9031 8706
7633 6756
7751 4345
6021 3712
7018 5514
6340 7905
5936 1809
414 2424
9567 8089
4851 9124
5140 7318
5182 6041
5324 3783
52 6365
4876 433
5957 4631
5335 2708
6381 3511
995 1633
1573 5821
9040 2355
5433 2092
9749 9983
6840 9383
1970 3429
8269 1564
6686 610
8380 5611
8410 7989
8979 4036
9704 8683
9741 8839
1312 5330
9544 4431
1938 3006
7939 9310
547 7914
2730 9334
2039 3099
3720 9840
8833 4093
7519 3645
4072 7315
6387 2604
3892 2492
6128 366
9077 3835
6868 8117
7387 7685
8565 3650
6449 7204
7008 3000
5813 8547
8238 2966
6509 5915
9174 6214
5137 5379
7306 3886
5129 599
7079 9916
6355 557
7334 3393
896 9312
760 7539
3104 4304
1530 9636
8763 2794
5785 2301
9881 4878
3730 8703
6019 9796
8836 1449
8615 3814
1439 6365
4520 1291
1915 7514
4590 6029
8640 3222
3380 332
299 8366
2523 8761
7789 1446
3359 6449
6340 734
314 3329
8323 1333
7495 5177
9264 3842
6583 6318
4775 3034
7485 2295
7143 9071
2335 150
8756 1295
7894 7184
1637 7768
7608 6116
1015 3159
2876 2856
3807 6327
9457 1040
7270 2007
752 1760
4674 8924
2635 1663
7588 4393
5392 6169
2979 2809
9709 5746
7298 6296
9007 3436
4531 1894
8990 8522
4128 2411
9316 3303
3072 1873
7225 2411
4863 1696
3671 6235
1345 8735
3719 5570
9970 5474
6392 6972
2029 8756
7757 6924
7581 1930
3266 8964
2244 2541
2401 1194
929 1270
8271 6791
9728 5184
2470 9929
2773 7035
5143 2230
1256 8855
2560 5401
5306 646
4718 6581
4313 9446
7171 5414
2179 6595
1924 5190
5052 5146
939 764
8852 8043
4667 5321
3122 2757
7707 4687
6619 485
6630 9960
6527 2838
4628 3163
5291 4215
6794 9749
2511 3765
7973 2510
9809 1036
6516 1082
9152 5988
8386 799
1116 279
0.7509 0.4585 0.3531 0.7671 0.4245 0.3039 0.6414 0.3220 0.7551 0.7020 0.8494 0.8080 0.4764
0.4913 0.7214 0.2113 0.2577 0.5171 0.5286 0.6454 0.8431 0.1030 0.4641 0.1710 0.8096 0.2154
0.5598 0.2374 0.4210 0.3811 0.3679 0.7542 0.3869 0.1402 0.7214 0.1796 0.3209 0.6709 0.2858
0.1316 0.3015 0.1473 0.8115 0.2574 0.5887 0.2308 0.7781 0.6919 0.7512 0.6561 0.3781 0.3164
0.3695 0.7113 0.8330 0.2607 0.5350 0.8731 0.7546 0.6205 0.7904 0.2339 0.8855 0.6113 0.8616
0.8790 0.5909 0.6329 0.8395 0.3177 0.4757 0.3203 0.4324 0.1620 0.7100 0.5059 0.8423 0.8214
0.4352 0.8913 0.5440 0.5884 0.1566 0.6901 0.2769 0.7787 0.7454 0.4235 0.8642 0.7327 0.5404
0.8471 0.2790 0.3897 0.7847 0.7674 0.2411 0.7589 0.1789 0.4879 0.2470 0.1219 0.2680 0.3125
0.6203 0.1220 0.3504 0.3750 0.8779 0.1134 0.2608 0.6293 0.4044 0.5192 0.7578 0.2688 0.4081
0.4194 0.1748 0.3692 0.4013 0.8448 0.5285 0.2213 0.2144 0.8512 0.6278 0.3314 0.3773 0.2766
0.8711 0.1107 0.7654 0.7844 0.5643 0.2081 0.4454 0.5967 0.4858 0.3465 0.6508 0.7128 0.5097
0.7905 0.1514 0.3016 0.7130 0.4923 0.7148 0.1071 0.1480 0.2035 0.1516 0.8472 0.1237 0.8884
0.8374 0.6093 0.4003 0.1010 0.1188 0.3845 0.4381 0.5582 0.6410 0.2679 0.6285 0.4934 0.5862
0.1290 0.6131 0.7754 0.2015 0.3372 0.1225 0.7171 0.5465 0.1494 0.8359 0.8700 0.4485 0.4533
0.2316 0.1558 0.5712 0.7490 0.2447 0.6180 0.2002 0.8216 0.8032 0.3611 0.6531 0.2168 0.8127
0.5166 0.7700 0.2561 0.7732 0.2729 0.7206 0.5413 0.6733 0.7923 0.3673 0.5179 0.3631 0.8523
0.3422 0.3659 0.2744 0.5435 0.2442 0.3375 0.2348 0.7650 0.4937 0.8508 0.7867 0.3063 0.5590
0.8465 0.6010 0.3651 0.6031 0.7675 0.4998 0.6650 0.3560 0.4034 0.4673 0.2398 0.2894 0.8512
0.6704 0.8729 0.4114 0.7125 0.5875 0.6367 0.3384 0.3942 0.5364 0.3681 0.3910 0.4277 0.5548
0.5537 0.7342 0.1271 0.8739 0.4101 0.2025 0.3532 0.8279 0.8308 0.2791 0.3662 0.2277 0.4753
0.1605 0.5041 0.8497 0.2323 0.3085 0.2292 0.7114 0.1055 0.5942 0.5265 0.3976 0.4436 0.8854
0.4559 0.3936 0.7873 0.2099 0.6038 0.8966 0.8715 0.2294 0.4705 0.7619 0.2805 0.4886 0.5940
0.1017 0.7015 0.8497 0.8068 0.2570 0.4488 0.8804 0.3653 0.4373 0.2697 0.8315 0.6782 0.4238
0.2643 0.2934 0.6028 0.4061 0.6144 0.2264 0.6608 0.3264 0.6047 0.5433 0.7899 0.8847 0.1254
0.7409 0.3899 0.6999 0.8061 0.6726 0.7238 0.7553 0.1459 0.8835 0.2582 0.8296 0.6223 0.2708
0.2899 0.3029 0.1091 0.4336 0.8842 0.4552 0.8361 0.8863 0.1772 0.1208 0.6302 0.1656 0.8113
0.4979 0.4506 0.4295 0.1106 0.4652 0.4305 0.3085 0.8479 0.3440 0.4218 0.5717 0.6182 0.6205
0.8103 0.4750 0.7954 0.5611 0.5611 0.3073 0.7957 0.5176 0.3074 0.4034 0.7237 0.7123 0.5330
0.3169 0.2427 0.4740 0.6488 0.8554 0.4632 0.5755 0.1493 0.8999 0.7045 0.4322 0.1280 0.4105
0.5952 0.2291 0.7353 0.2357 0.3909 0.2708 0.6030 0.1376 0.3799 0.8662 0.5477 0.1466 0.8988
0.8385 0.4768 0.6542 0.3787 0.3296 0.1091 0.6922 0.5511 0.2720 0.8645 0.4747 0.4353 0.3129
0.4570 0.4209 0.8823 0.7801 0.1175 0.7141 0.1844 0.5095 0.2890 0.2263 0.2476 0.1494 0.6645
0.7276 0.5378 0.2417 0.5735 0.3983 0.3174 0.7194 0.1937 0.4799 0.2586 0.3521 0.1244 0.5025
0.2679 0.2951 0.2420 0.3689 0.4084 0.7551 0.5087 0.7252 0.5086 0.3359 0.1518 0.2984 0.4946
0.7749 0.5938 0.2386 0.7346 0.3365 0.3908 0.4157 0.1802 0.4870 0.3815 0.1359 0.2913 0.1484
0.4890 0.4756 0.8256 0.5210 0.3373 0.3349 0.3905 0.8066 0.1313 0.6107 0.8018 0.4985 0.4105
0.1079 0.7153 0.5485 0.8856 0.2048 0.5696 0.8214 0.5071 0.4895 0.6672 0.7030 0.7840 0.2564
0.4290 0.5778 0.8859 0.5708 0.8295 0.2007 0.3524 0.2161 0.8459 0.3955 0.7664 0.3223 0.6216
0.5471 0.2539 0.7006 0.5543 0.4530 0.2513 0.5445 0.4259 0.3860 0.6092 0.4196 0.5694 0.5695
0.4917 0.4997 0.6821 0.3662 0.7542 0.4068 0.8561 0.5404 0.7643 0.1802 0.6777 0.1870 0.5096
0.2726 0.3334 0.6958 0.6846 0.1939 0.4656 0.7917 0.8500 0.4409 0.7571 0.5209 0.7223 0.1658
0.2906 0.7085 0.1972 0.8121 0.3424 0.3937 0.1619 0.2380 0.7069 0.3211 0.3952 0.1424 0.2835
0.6830 0.1344 0.6235 0.3493 0.8867 0.4334 0.6933 0.3786 0.2601 0.8798 0.6606 0.1832 0.6054
0.2823 0.7300 0.3226 0.3533 0.1649 0.5170 0.2374 0.1456 0.5247 0.1756 0.6219 0.5757 0.3484
0.1253 0.3198 0.5096 0.7222 0.8208 0.5506 0.1460 0.5129 0.7980 0.3489 0.5628 0.3656 0.7593
