20 976 23
2544 1534
8387 411
2809 4906
8722 6772
6770 1949
9756 2513
3918 4909
4945 2812
3922 2276
2070 7698
2400 1897
6298 6400
3890 1810
4508 5860
9431 8043
2716 2739
4120 8032
505 8287
4349 3890
1291 441
9211 402
3159 3541
1886 4696
5469 3637
2793 3272
4720 1655
9285 5708
913 2285
1145 7569
379 1719
216 9466
5928 4897
7252 8858
1074 2917
6030 917
2389 926
5549 5172
9350 8237
2983 7835
1428 4754
4688 8192
5992 4655
3835 5976
6060 1221
549 5494
7703 5156
9386 2518
1280 8800
4704 5208
8415 3868
4765 5442
6203 333
7961 4550
8253 9666
6574 2004
4099 3722
9209 814
1901 8502
7712 8425
2046 9001
557 93
2020 5164
4556 7095
2885 7005
2479 6616
9862 7232
7272 8253
7672 8614
9974 5141
5182 523
7066 3288
1150 452
6551 717
5812 6447
1415 6846
3027 9437
179 9791
692 4029
9487 2118
9669 8001
4466 1219
8338 1194
7812 7904
1234 7139
1801 6154
7726 45
8642 8525
1721 7793
1033 7034
7894 5436
243 8852
9394 640
7152 2982
7595 5559
766 9820
3570 5772
3827 9867
1948 1749
7120 1983
1279 1564
1988 2086
532 1116
681 3167
8675 1576
2268 2675
7791 2839
9078 4790
7942 6938
7036 2960
267 4383
6276 8204
6778 7283
1618 1007
6799 4836
7326 2350
6753 5546
1064 306
7303 2467
6952 9936
1699 1521
2074 4725
5890 5807
4354 5547
3128 306
1394 3176
3612 6524
7911 1424
2118 961
3691 9424
1631 762
4101 2286
7259 7635
1625 7131
4313 5062
6495 4546
3237 2438
2018 9131
7264 5539
1238 5498
9504 6683
8780 9416
4012 59
2651 3156
6677 5870
639 6586
1151 8179
5889 465
8603 6751
9669 6871
2172 8823
5649 4497
6061 5974
9291 3552
2887 982
9654 5937
527 9743
5197 7682
9971 7465
6860 8742
7583 8868
2003 9915
9539 4969
1571 8048
5704 5061
9959 6816
4128 7654
9114 9762
2048 3378
9971 3767
9511 420
3433 5370
7115 845
81 1521
7072 1330
1496 7383
6174 1757
735 5513
6421 5827
9716 8864
3243 143
8320 5553
5196 4330
3490 5856
1439 6170
5201 4192
3655 8141
4073 8940
611 2226
4712 63
6221 9430
1170 4746
9694 2200
7659 1866
6325 6297
7842 9332
4798 7647
1134 9049
8441 9275
4103 6961
7902 8345
3213 4664
3716 2117
1240 6618
6726 1476
6819 7037
5045 5653
7336 6250
7589 9725
6402 862
8630 1464
114 7437
3714 8509
1679 4723
8486 9409
1682 569
7985 7181
5816 9933
9533 965
560 1469
1404 8892
6532 4043
411 2897
4941 6159
4487 4852
9783 8675
6093 4135
1520 3738
9780 3992
6844 1558
7225 1875
6937 328
1280 552
2928 5201
1317 9499
1420 2952
8750 7136
8899 5447
6394 4752
136 8096
1448 4338
7871 5179
1086 3191
7953 3487
9840 198
952 427
1592 2878
5676 6631
8568 9794
2299 9730
2866 2932
4876 976
3192 9076
2748 208
9631 6459
9630 6170
2892 8486
4631 536
5554 9907
5615 3679
1295 4332
670 1939
834 1983
7983 5669
7142 3441
6032 3014
8874 4384
9082 4996
7703 5817
1559 5115
5359 5046
7319 5848
3424 9629
2993 7607
8815 6129
1295 5736
9968 5694
5698 7946
7644 7167
6455 7608
9958 1704
4322 2762
9495 4687
3772 7693
9133 7544
4421 6878
9608 1250
4476 429
8387 182
7727 9173
4028 3989
1150 3356
3541 3244
755 3490
4295 3312
5560 2882
5947 616
7138 8274
4760 1185
4580 19
6331 1763
281 3725
3 9489
4440 9615
9243 9165
2970 8729
6069 1771
6142 3386
3734 3440
5719 7412
3271 959
8462 7915
6616 5194
5914 9758
1489 9949
4898 8863
2418 2185
2363 8402
5456 1711
2861 9638
6024 8781
8192 7269
1436 1237
846 3820
8573 8271
9397 8805
3385 3492
6553 3202
8981 3163
9631 9081
1603 1202
2894 1779
6389 8917
8533 7321
2743 7041
344 1296
6626 3598
8134 1980
3184 845
1438 9832
6570 4730
198 2760
2930 2238
3599 3694
9845 13
8737 5937
4309 8772
9673 2319
8968 8965
4285 6861
9459 7326
8591 161
6921 4388
1119 8506
7220 9017
8124 6319
8458 8552
8834 3715
474 9944
9089 5208
7497 3223
6472 2377
2911 168
8642 2957
1829 9261
6216 4232
1212 5984
9035 6710
7535 3659
9119 9451
519 7001
3712 3963
401 6512
8571 4974
5976 9016
2445 7372
2559 6247
5097 7626
7032 9780
9858 6534
8077 8915
8586 3757
8913 5743
5011 418
1999 7569
1938 1200
7174 8483
7910 9850
169 9373
3127 2023
9237 6625
9349 7459
5322 8560
9954 9548
1851 5581
4 8221
9011 3764
5576 9219
3569 9208
3851 7907
5043 7814
5453 5120
4798 8672
7183 6961
6353 9268
9571 8335
2419 7870
65 7839
6281 767
1551 2981
2713 9493
7239 531
7813 6272
9888 3008
6821 3968
1785 1338
732 3265
7321 2228
7184 334
1107 2315
7872 8764
7321 7050
2057 9522
1084 3531
7383 4744
9249 8474
6218 5460
966 7783
4764 8999
1058 6273
394 9565
7339 3095
9307 841
2362 4865
8093 662
7920 3383
6024 2769
8870 1441
5855 5670
3460 778
69 1017
6459 6621
5171 2574
5465 7961
3057 833
674 3637
2643 521
2728 4017
9241 2351
2252 7998
1764 2227
9433 9261
8017 5313
6846 5801
8681 4206
4445 8483
7704 4367
5427 1142
3641 1567
7744 4787
5740 4324
7583 1204
8544 4176
9568 6344
4469 9742
2159 6315
8656 5316
9841 9000
8758 8209
2643 7393
9740 9618
4868 3988
2763 4713
7901 3105
172 1592
8832 8498
3057 5538
9601 1705
5367 7453
9548 3979
2241 3269
5239 5080
338 1564
541 395
290 2849
5469 5885
4788 6886
5360 7123
7754 4200
1421 5558
6701 3217
7272 5946
2407 9447
3679 918
4177 4312
6812 9384
8216 7834
1752 7684
884 1451
4723 8855
9664 9958
5588 281
5525 8285
5221 8880
365 5977
5273 7978
2692 5041
2280 4959
4958 4129
9678 226
9 5364
1951 3316
7092 1844
8181 3729
1016 6538
6381 8679
6139 7039
4830 2207
6312 8557
7237 7439
5847 9665
9042 942
3437 3998
9992 2119
8329 4368
3871 3788
543 6024
7743 9809
320 5850
3811 1490
2028 9362
8901 8281
1951 8716
9431 932
8160 7619
5312 2044
7954 9719
5908 8377
2289 5347
6173 4853
9438 9594
307 9957
6878 3292
2544 3278
9121 2737
9170 3577
842 9494
1196 1136
4595 6072
6167 1566
5212 2370
3510 1944
3397 5994
7152 6135
2413 2476
4661 6284
4926 1420
1504 6602
9651 389
7007 4878
2896 7451
2411 8283
4682 5046
9391 3863
7691 2560
3104 1505
9759 5293
7526 9956
3525 4364
381 2660
3466 9173
8254 8094
1867 7986
1786 1574
6229 7100
2634 8483
1342 8228
2053 6256
8447 5338
1483 2580
3028 3369
7717 4070
5231 4490
5391 2747
6053 2223
1105 9252
494 8770
4881 5170
2237 2516
2166 8150
4512 2115
9598 4425
8459 5584
7504 406
830 5094
742 7267
4333 8570
7076 7597
8280 3988
561 3259
2478 9973
1330 2417
4813 5085
8345 2991
2213 6754
1541 9240
648 7620
3522 1813
7153 7133
8855 6379
5671 3523
1156 5615
2648 5269
3547 8504
2334 2972
775 2478
908 6614
1338 2012
6759 3618
8587 7101
5965 8620
1674 3890
5960 5051
2584 5120
4353 8976
5985 9522
9237 4403
9484 8530
6252 422
2033 2200
3453 2547
4414 1860
1944 8284
7614 5035
563 2717
7101 9473
2288 7685
3454 66
6340 2387
942 8411
5257 7251
7407 9843
4562 818
5996 7538
7677 7279
3330 5634
5679 9824
386 307
3983 5977
7366 4990
2615 1792
1983 7379
5070 5301
8240 8921
4764 6646
4991 6508
2839 4112
9753 8451
3988 2706
7619 3564
9567 4232
9134 9997
1989 6992
6445 8801
2270 7545
959 8788
9172 5822
316 3350
7470 4490
6206 1219
3253 7851
1972 8423
3007 6153
4065 857
1172 3039
9446 7509
4815 9639
8923 3585
4204 9410
2333 7426
1319 196
19 1215
7655 7887
1895 1562
8696 3302
6532 5948
2776 8999
5037 1558
1699 3468
2862 1411
1156 774
426 8458
2779 3029
7454 1652
5489 91
3488 6976
1226 3852
1038 80
2386 4199
2191 9503
5422 6916
6194 7850
6156 595
3004 3259
3301 5208
5787 8707
4348 2908
6394 2095
8701 3737
6815 2308
8844 332
1350 7329
333 9297
9734 9808
7977 4366
6133 5113
9727 8966
2372 6115
3369 7779
151 7731
3125 6548
6503 4873
8619 7680
6044 6828
6099 6507
5978 7343
1739 278
2720 2306
9198 1258
8781 547
8351 7821
392 6822
270 4122
5869 1520
409 6710
2277 3719
9906 9256
2525 346
279 8402
5805 8302
8742 2173
8759 2308
8013 3794
1984 6169
5458 4047
7869 9048
3654 8827
9005 6222
5 7993
9388 2194
1463 2258
6787 2897
7984 5812
8549 6257
359 5430
4135 5695
1121 9707
8014 5140
3117 4822
3210 3715
420 5577
7098 1522
1259 5173
4190 6351
801 5832
6296 7313
1441 51
997 5064
3463 8418
9521 7630
6249 5048
2519 3998
2331 3113
3669 2819
5649 4061
309 7272
9692 3548
4631 4285
7780 6711
9158 5440
6919 1356
7701 2459
6819 237
2791 8889
4082 7272
5194 8612
3457 2308
4599 5165
8013 8588
7670 6749
4913 5349
3730 5299
1025 9088
3210 4467
2475 4415
9578 2832
1646 5221
7999 2210
9987 2487
6424 8027
5058 4095
2919 2730
4577 2029
3030 79
3563 7331
8803 6682
5015 9839
3610 5483
1430 3302
3100 5111
6391 5279
3763 5420
7140 7683
3758 5846
3837 3628
4292 4787
5783 262
5057 3567
4469 8926
7357 4875
7150 1155
8022 8382
3121 6301
6258 7945
2729 890
9800 1401
1441 1737
6003 4211
8907 2246
965 1077
4311 7778
8471 125
6128 7539
9819 3512
3812 8017
3602 7594
4330 9297
6307 3395
645 8170
9122 1652
4571 5397
8062 96
9808 6045
4406 7144
9478 2244
522 8505
7425 6941
2277 6333
4306 524
4183 140
169 3562
4019 6350
9914 6157
3081 1172
9789 8293
7914 7416
4986 8566
874 6723
7798 8608
1040 5588
7732 1483
7937 207
6016 7436
9385 1427
2249 6191
4792 3188
4385 2468
2356 6885
560 2001
2160 7586
4563 1627
8241 5050
8790 9029
4433 3733
5612 8
3897 1969
5538 7696
2139 6102
4313 7278
502 4999
6972 8967
6405 7272
4476 9088
9985 7205
7806 2655
7100 7350
2112 794
1798 4560
4400 8212
6852 7764
1898 503
3077 5319
77 2613
3966 9257
7389 8691
334 6593
6705 9406
149 5492
7094 2703
9707 6329
8168 3567
6085 5537
9768 4604
5970 69
2259 6978
8502 1151
4049 4208
616 537
287 986
5588 7965
2707 2591
8033 910
5031 2182
4908 6647
2059 5052
1936 7230
1583 4039
5083 9101
7888 577
8305 6035
7211 3525
6949 7082
7941 487
7980 325
6158 8645
139 8279
2312 9306
6492 5659
210 1956
2975 368
2248 1577
8761 5224
5164 199
4233 2647
137 9150
2486 1247
8292 3184
1636 9333
3112 3857
8271 9967
3447 8132
5835 2630
5498 4533
4992 6260
195 2597
4406 6416
7569 596
1883 9801
8377 6673
8933 3693
4270 7677
6638 9146
5606 657
8875 4923
7836 356
3077 7793
6527 8393
2898 770
8760 4653
6088 4796
6457 7419
7727 2922
5006 2989
2948 894
7970 4675
4688 2872
788 602
5248 4673
4858 852
7458 1224
5203 7874
1554 3519
2776 7384
9218 9740
7212 6301
6348 7703
8583 3595
6445 584
8281 1413
3249 9877
2154 637
4843 8144
7231 7800
1561 4672
1158 6246
4197 7166
2928 563
460 1804
9477 810
9497 4817
455 3599
5789 7581
7406 1085
403 8859
2236 6472
6491 9122
7170 960
0.2809 0.8206 0.5230 0.4656 0.5451 0.7943 0.3106 0.1155 0.4256 0.8806 0.6671 0.7684 0.6375 0.6457 0.2425 0.6370 0.7250 0.4608 0.3107 0.8962
0.6551 0.4753 0.2444 0.1860 0.4282 0.8644 0.5374 0.2554 0.6592 0.6287 0.3720 0.4629 0.7355 0.8430 0.7886 0.8923 0.8358 0.2960 0.2035 0.5885
0.1256 0.3995 0.4410 0.5821 0.3042 0.1223 0.1133 0.4740 0.4436 0.2046 0.4306 0.4375 0.1654 0.3129 0.4289 0.6587 0.7042 0.4926 0.2988 0.4085
0.1545 0.6110 0.3662 0.6274 0.1042 0.8415 0.6370 0.5347 0.7637 0.3003 0.2505 0.6946 0.2576 0.7749 0.1964 0.6040 0.5223 0.8658 0.5947 0.3687
0.3948 0.1962 0.7276 0.6364 0.7077 0.8274 0.1526 0.2403 0.4220 0.1453 0.6545 0.7684 0.1916 0.8771 0.1955 0.4596 0.3303 0.4592 0.7428 0.8910
0.1928 0.4319 0.1430 0.3959 0.3262 0.4264 0.7683 0.4188 0.8289 0.5288 0.1978 0.4615 0.6090 0.2165 0.8784 0.7991 0.6351 0.4919 0.6731 0.6612
0.6378 0.2084 0.4303 0.6277 0.7866 0.7280 0.5272 0.3194 0.8002 0.4456 0.8453 0.3793 0.7356 0.7466 0.1754 0.8304 0.6661 0.2053 0.3764 0.2542
0.2417 0.6535 0.8587 0.2999 0.6624 0.4825 0.4297 0.6478 0.1049 0.8281 0.5653 0.1124 0.6480 0.2894 0.5806 0.2585 0.8104 0.5990 0.5300 0.8122
0.6850 0.3990 0.3988 0.1002 0.4932 0.5743 0.2961 0.8049 0.2365 0.3126 0.6729 0.6388 0.8236 0.3748 0.4714 0.1799 0.8591 0.7337 0.8508 0.5604
0.3419 0.5373 0.4087 0.5208 0.7035 0.3663 0.7959 0.6365 0.7288 0.3584 0.3974 0.6800 0.1285 0.6624 0.6401 0.7564 0.8547 0.6378 0.6755 0.3494
0.1367 0.6185 0.8836 0.8835 0.6810 0.3118 0.7403 0.2116 0.3044 0.5138 0.5308 0.7878 0.7560 0.7611 0.6246 0.1424 0.7170 0.8229 0.4890 0.6607
0.8973 0.2393 0.6419 0.8246 0.6549 0.2101 0.6611 0.2308 0.5371 0.2720 0.8501 0.5593 0.7904 0.4733 0.6516 0.8133 0.6199 0.7154 0.1428 0.1740
0.6748 0.2300 0.1716 0.6642 0.7881 0.6389 0.2945 0.2304 0.2436 0.8290 0.3372 0.8981 0.4668 0.7046 0.7971 0.4853 0.7997 0.3927 0.6596 0.5905
0.2158 0.1188 0.2535 0.2209 0.8292 0.8539 0.2946 0.3212 0.6814 0.4108 0.2136 0.7080 0.2433 0.3153 0.1874 0.4151 0.3484 0.7769 0.2503 0.2636
0.4746 0.6210 0.1729 0.8969 0.5694 0.1522 0.1923 0.5607 0.4281 0.1634 0.7614 0.6694 0.8798 0.5920 0.2565 0.5839 0.5936 0.2610 0.2148 0.4709
0.3794 0.2805 0.4095 0.3522 0.1197 0.4318 0.1483 0.8752 0.5595 0.7153 0.4402 0.8789 0.6078 0.8596 0.1334 0.5205 0.8006 0.3399 0.5791 0.7397
0.1875 0.8881 0.4761 0.8019 0.2055 0.4746 0.6735 0.6573 0.4839 0.5892 0.3197 0.7933 0.8995 0.3127 0.4235 0.3008 0.7560 0.4645 0.1892 0.5348
0.4678 0.6022 0.1336 0.4524 0.5080 0.6203 0.6919 0.3533 0.1777 0.1718 0.7334 0.8923 0.1666 0.5097 0.2587 0.2365 0.4920 0.5561 0.8606 0.7143
0.1864 0.2152 0.3602 0.7494 0.5098 0.4475 0.6118 0.6259 0.5305 0.8416 0.4604 0.3324 0.6961 0.1800 0.4802 0.8701 0.5746 0.3624 0.2831 0.4894
0.7963 0.7924 0.4219 0.5319 0.8488 0.5789 0.3737 0.3307 0.3059 0.3086 0.7731 0.5093 0.1923 0.6023 0.1608 0.2532 0.4207 0.7327 0.4901 0.3581
0.8956 0.8933 0.6762 0.8105 0.7419 0.8570 0.4323 0.7946 0.4746 0.4067 0.7063 0.6775 0.3419 0.1699 0.4243 0.5463 0.1249 0.8596 0.5236 0.1326
0.3092 0.8733 0.8710 0.8578 0.8029 0.7264 0.5753 0.5621 0.7174 0.8456 0.1055 0.1940 0.8663 0.5529 0.5019 0.8410 0.6404 0.1125 0.1279 0.8855
0.3851 0.8858 0.7484 0.2350 0.6572 0.5122 0.3656 0.4694 0.4679 0.2253 0.1723 0.2226 0.1647 0.8046 0.4199 0.5453 0.3106 0.3885 0.6972 0.3876
