13 608 18
9008 8879
7951 2756
1736 8425
2763 3897
9061 8649
9702 2835
8966 8004
6085 6220
8558 5163
606 9904
7891 2428
5782 4281
7373 9682
5809 3030
1425 1462
5438 3797
9908 1630
8231 6747
5077 1321
9992 9987
195 385
9444 4540
2113 4270
6239 9876
3219 778
8649 6615
8481 9091
7008 3673
1892 895
8536 735
5164 6286
7199 8925
2794 8799
4251 4018
553 6351
9999 6551
955 77
4048 7112
9617 2938
4618 2765
5013 1752
6928 4098
1846 2796
3009 9683
8556 1359
4543 1792
719 9602
1190 1211
8962 2602
6506 5688
780 5361
824 1227
4915 2997
6141 2112
7912 1560
6546 9091
9157 1189
119 1203
1112 5210
6574 3301
9088 1604
6877 1275
7777 5381
196 7041
5366 853
4341 38
6622 5965
5726 307
6689 996
3088 7517
6358 8308
5571 8088
5141 8487
639 5993
8663 3775
2663 4828
6335 340
2536 694
2367 8821
628 1830
3818 1807
7829 1349
1395 3849
1594 3468
630 1258
4169 4903
9806 8487
4052 4983
660 1660
5399 7878
6866 514
150 3515
4074 1444
4218 345
4315 3463
892 6804
5013 9539
8834 9548
7346 7530
342 150
437 27
4796 7885
7220 3824
3385 941
3272 2327
9314 9549
2107 8478
7275 2699
2396 4668
6667 3594
7678 9534
7408 8698
3637 4425
5325 1217
4263 6142
9977 7916
3794 9859
1682 6537
663 6568
2576 3005
1844 6958
4987 4909
4394 7717
9814 4940
9481 2864
6381 6561
6494 7800
4432 3978
5082 7534
2821 4471
6237 7815
6364 1744
798 6451
6005 697
8582 7169
4592 9352
1888 487
7085 4606
5275 2776
6645 7701
1605 7171
8654 1201
5587 6771
9971 7307
2780 2939
2512 8793
759 3128
898 7466
3674 1207
5338 6035
6618 8471
8468 547
6829 1097
10000 6854
517 9391
7914 3240
6285 4928
8589 7342
2557 6390
6553 3848
4205 721
5709 6539
360 2912
2916 4859
2220 7197
1517 9979
5474 3025
5008 5305
9569 4790
8783 7800
862 5139
7803 2260
3014 8809
8983 3685
9410 75
8924 1776
1454 4074
6752 3263
8445 2273
6849 6565
4285 6246
3532 4013
9452 7165
3291 7520
1044 9300
2336 5137
1062 9918
3502 9882
7783 4774
2294 9436
9383 5732
8723 1554
4475 5052
5493 9818
6444 6201
7838 5874
327 8818
4276 4461
162 9913
5006 113
7114 3021
1228 8488
155 1726
8266 1525
6174 3909
6091 1190
7055 3928
1960 4281
800 8982
5820 1027
4099 3341
8607 2724
7172 9305
1270 6801
3107 12
8420 834
643 7437
6401 666
2649 7735
6989 2243
6489 1434
8173 7757
9057 8064
7099 1879
2854 9332
3785 3618
1888 1809
32 7367
2857 4065
5592 2019
8004 618
5998 576
264 6506
6399 3506
2344 1204
4268 2263
4737 1142
2480 8652
6306 2171
3541 878
1787 2100
2481 1925
8154 2743
1609 3922
3925 8376
9556 8977
862 3415
5767 5783
6763 3696
2183 6824
9706 5902
8682 7768
3591 9394
4586 9087
1411 7765
1352 7633
4906 365
7427 446
6373 4320
6023 6309
9738 114
1504 2307
7270 4201
8842 4365
9572 5854
2935 14
9889 6723
8429 960
4818 9382
6315 3171
9487 752
8548 9977
5866 3819
5799 5239
2167 2188
4982 2147
193 158
8567 8490
2583 9782
8593 9374
417 1585
8283 3311
1241 8175
1021 5611
3670 9884
6114 7610
8789 456
8660 325
3833 8997
5667 3883
9355 2322
6946 7144
8120 868
6837 7121
7217 1936
8535 981
2159 1009
1032 5999
5290 5680
6786 8690
2811 5031
7991 6859
5845 2067
588 6944
7454 9187
9219 889
3135 4660
1047 7343
5537 5119
2120 6979
2150 4862
9139 9966
2171 1634
9945 7066
1804 7810
1619 575
1464 8911
4380 4434
2556 5618
4183 5158
3623 4122
5610 1162
8815 138
4597 3027
4798 7247
5672 6078
3176 9051
6152 2221
127 4732
8548 5867
2383 9865
2289 3273
8150 8685
191 9304
4379 6996
475 3179
7093 3374
2585 8335
7574 2158
4344 1058
1255 7419
376 2616
9360 664
8625 9080
1742 4850
2400 2653
9536 8762
9112 7535
807 2662
7652 5472
2484 5814
2442 2915
7575 1580
8227 1058
7775 1473
6555 558
2152 1450
7867 9247
9886 4151
8344 6374
4980 7328
4663 3382
9547 3877
1248 2233
4904 9929
4705 374
4414 2554
1278 4508
5889 7041
9098 6353
1087 8650
7335 5244
5027 2498
658 3391
8273 2665
5276 355
7705 9063
3042 4732
2635 4126
6411 1532
1137 9036
8706 6468
9208 5119
5869 8098
3377 5992
8145 1885
5457 1354
5344 7514
8089 3118
326 1944
4821 1900
1382 9100
6750 1447
4382 8739
6636 6814
2408 7172
5207 9795
809 1644
3764 8171
342 5676
734 884
2131 3279
7893 2611
7732 6054
3773 3239
1138 7035
6364 3911
8528 8609
1138 3734
8464 7637
532 7816
3467 9731
263 5578
7051 4480
4543 2615
9698 8508
6098 5102
4992 6385
9560 2165
4303 652
31 7814
4347 8559
4807 4834
6753 5741
4143 4003
1154 4816
8909 2954
9208 1650
8895 6590
6476 2676
9271 583
1279 9661
7769 3281
2882 4579
8102 5917
4455 54
7709 3637
3338 7649
4246 9149
6384 6856
7032 9681
502 3467
7166 3625
4370 9471
7761 9208
4524 1509
4240 8935
3262 1349
5613 963
9697 9018
5589 1410
5331 2580
1220 23
8494 5477
4231 9605
4375 4150
4484 4482
2418 4911
2234 2456
6594 7960
3328 3955
9821 9708
9976 6001
9570 326
6210 4381
1381 9914
3370 6876
9213 1823
8172 9166
3441 3110
7501 1094
2478 1751
9710 8067
5211 3613
2818 5256
1727 6163
6786 8407
4314 7594
575 6476
8256 7326
1178 7769
2265 9121
6396 7302
1819 1248
5462 6996
6551 2320
897 9779
9171 9798
3089 7178
5559 2543
4328 7893
8614 6138
5118 5097
6148 2665
1523 5021
3829 6372
9917 8496
321 8528
3426 1733
4495 2300
1507 8132
4437 5434
8913 1209
353 7746
5991 9655
68 135
4490 173
7098 3504
5174 6479
5228 200
7229 7328
2740 6711
8304 8259
3071 4890
2029 7219
3766 3401
5738 8130
9503 9561
3341 6548
6263 2464
2215 5433
7191 9942
2912 5395
2970 6528
8594 1755
8187 7982
1621 845
7903 9627
2642 3319
1023 1154
2630 331
40 4345
8907 6727
8031 9806
2179 8091
1945 2301
3094 9597
8833 2588
3747 6273
268 5759
5431 6581
6259 7949
5969 9807
2718 7321
6480 5135
5245 1073
9923 3756
6134 5431
4526 2052
6002 7709
5754 7430
7599 7143
6440 2208
4864 8326
9737 8888
6958 209
1982 1139
3237 4590
2407 9150
2571 1032
7242 5434
5214 6596
6277 5379
208 1331
2634 1145
4415 2863
5733 6279
9442 7716
6336 3309
8728 240
7497 4461
968 1392
9649 9349
8299 3728
730 4095
7556 8570
3550 3436
3222 7300
1902 8087
1935 3850
49 4177
9863 1232
6102 5652
2996 5327
8611 7948
827 8414
2289 6682
9407 8157
6797 9271
3000 5773
6809 9554
2691 9767
5067 2892
6653 5144
3236 906
6469 6459
9627 1435
4455 4218
5115 428
7236 996
4160 233
706 8305
5998 5306
8231 223
2134 1136
8886 6420
654 3601
6180 8587
5179 3442
4928 5644
8896 8188
8553 3280
8258 6952
5 7183
8709 2028
2537 1204
6298 3714
1162 8020
3508 2196
4791 4466
7935 441
0.6985 0.2478 0.7873 0.3693 0.1036 0.3133 0.7959 0.6649 0.5068 0.8740 0.2463 0.2699 0.2004
0.6290 0.6365 0.7087 0.2249 0.7756 0.7396 0.1393 0.3081 0.2779 0.2426 0.5684 0.6962 0.3685
0.8315 0.5396 0.8754 0.2146 0.4123 0.8265 0.4158 0.2417 0.3090 0.5604 0.7776 0.5887 0.8098
0.8583 0.3529 0.4340 0.8216 0.5166 0.3330 0.7738 0.1722 0.3821 0.2143 0.4990 0.2974 0.6147
0.1649 0.1082 0.4722 0.6942 0.1210 0.1023 0.6306 0.1897 0.3400 0.7412 0.6427 0.6101 0.7827
0.2986 0.1264 0.1561 0.2921 0.7606 0.2896 0.8509 0.3196 0.3727 0.4341 0.1012 0.2754 0.2613
0.1853 0.3196 0.8595 0.7708 0.4489 0.7320 0.5415 0.2946 0.2026 0.8812 0.5894 0.8561 0.8133
0.3424 0.3000 0.4562 0.3615 0.1517 0.4410 0.7396 0.7862 0.4458 0.1537 0.3099 0.7324 0.5853
0.5844 0.4057 0.8369 0.4539 0.1913 0.8923 0.6931 0.6703 0.7521 0.8605 0.4219 0.5203 0.6927
0.7756 0.1437 0.1041 0.2049 0.4849 0.4410 0.4913 0.8005 0.3957 0.8599 0.4924 0.3187 0.7826
0.6575 0.2953 0.2780 0.7757 0.5221 0.2279 0.1370 0.4887 0.6516 0.3248 0.4734 0.3155 0.7143
0.7230 0.5308 0.7375 0.6423 0.1606 0.2328 0.5072 0.8332 0.2815 0.3452 0.4718 0.3454 0.7708
0.3123 0.5995 0.2122 0.2958 0.2055 0.8908 0.3755 0.5702 0.3435 0.7462 0.5644 0.8091 0.3703
0.3061 0.6441 0.2911 0.8246 0.2034 0.2628 0.4289 0.4590 0.8318 0.8722 0.3929 0.2238 0.1983
0.7418 0.6951 0.1973 0.4261 0.6991 0.8674 0.6151 0.8051 0.8809 0.8932 0.2504 0.1377 0.4232
0.2693 0.6041 0.6149 0.2475 0.3514 0.6850 0.4750 0.1221 0.6536 0.8865 0.2083 0.5587 0.6957
0.7949 0.2356 0.2591 0.4468 0.5337 0.3611 0.3391 0.6756 0.3147 0.6772 0.2620 0.1148 0.1369
0.4003 0.4874 0.1790 0.7695 0.7378 0.5045 0.7768 0.2357 0.7614 0.1362 0.5824 0.1679 0.3689
