7 110 25
4543 7562
7019 1267
8094 7845
7275 9394
5637 3736
104 672
8219 1530
8278 2395
6714 1466
7959 5000
2796 1979
534 5130
1479 9982
4973 6754
1093 5383
400 7139
5941 4465
3966 7892
8918 2157
3561 3999
8257 7581
9542 5318
6065 1207
3892 6827
2865 8198
2820 4289
3499 4874
4622 9495
219 5143
3272 6877
3386 9229
3885 5061
5838 538
7644 8360
3263 1806
2536 8796
8391 5217
4324 7626
149 5367
4180 1396
3469 5527
8306 5460
5174 2136
1332 8527
6129 6290
4436 8004
3194 1949
8500 6431
1863 4563
451 57
1577 1824
8312 6140
8451 2331
8978 503
1746 2406
4902 1068
5205 3668
5108 7255
1581 1572
4457 3121
5821 1344
6964 7940
2695 4084
8999 7144
3320 1437
7100 3643
4419 1807
784 4984
7809 4140
8947 9783
7532 2329
6896 3101
8349 2604
1906 520
8757 237
2639 4813
2873 2824
8688 539
8989 8702
8702 8833
2546 335
8527 3106
9532 4186
4136 7089
5691 1989
1464 640
4733 6582
9105 8067
5009 7940
8283 3341
7784 7894
2235 7473
300 8511
6566 2631
8902 4543
1827 3606
8670 4978
7 4385
8358 1435
6024 4578
1020 8784
1768 3260
5901 1892
8870 2374
3868 1132
4502 856
4348 1024
1804 8432
2333 3502
7160 1806
6089 1307
8114 5861
9664 2891
3298 9885
4888 9353
4743 2001
5032 8343
0.3953 0.3004 0.7147 0.2282 0.1665 0.8081 0.3046
0.4790 0.5955 0.8824 0.1718 0.8687 0.8058 0.2535
0.4554 0.6871 0.4636 0.8762 0.8914 0.5103 0.7043
0.2112 0.5852 0.3810 0.7961 0.2207 0.3236 0.5105
0.1611 0.2815 0.4536 0.4735 0.4028 0.4335 0.5160
0.6236 0.8992 0.5895 0.8161 0.4774 0.7980 0.2067
0.8975 0.4065 0.4405 0.3402 0.3333 0.3572 0.5341
0.4476 0.5232 0.6938 0.7760 0.2969 0.6010 0.7889
0.6944 0.2332 0.3545 0.5705 0.1868 0.6996 0.1648
0.5822 0.2788 0.5572 0.2707 0.5664 0.5716 0.4314
0.8090 0.4268 0.1928 0.4093 0.4769 0.8361 0.3244
0.6917 0.5375 0.7496 0.6137 0.1319 0.5516 0.7937
0.2099 0.5357 0.4587 0.1368 0.6142 0.3307 0.7870
0.5793 0.6652 0.6638 0.5952 0.8292 0.4401 0.7605
0.8251 0.3552 0.8880 0.7919 0.8857 0.6487 0.5864
0.8654 0.2606 0.3524 0.8746 0.6717 0.1800 0.1864
0.5970 0.5526 0.3500 0.6137 0.5494 0.3865 0.2692
0.7622 0.7776 0.2136 0.3095 0.8704 0.3321 0.7040
0.6456 0.7977 0.6633 0.2578 0.8119 0.2172 0.1849
0.2329 0.8905 0.1684 0.6218 0.8545 0.3387 0.4390
0.5251 0.1246 0.3250 0.3921 0.4801 0.6362 0.1404
0.8648 0.2169 0.2406 0.3695 0.3491 0.6195 0.5866
0.1987 0.6663 0.6523 0.3790 0.3481 0.7994 0.5152
0.4502 0.3411 0.4870 0.6312 0.1766 0.6866 0.1634
0.8983 0.5541 0.4720 0.8496 0.4114 0.3737 0.3411
