19 425 73
5223 4616
1962 823
6601 930
6962 4285
109 1425
9591 3254
8 7487
5095 9617
4115 2802
463 7547
7034 1047
3531 389
8110 1929
678 7382
377 8376
6725 4698
4671 9307
2074 2435
5414 1139
5963 6294
4924 3392
4703 4385
9176 5913
3244 408
9997 8081
3323 492
4015 6397
2381 5306
5929 2470
4946 3241
4781 2256
5232 9971
2068 8896
348 7316
9293 4591
3042 9651
162 8256
928 6840
6581 7906
8480 9068
4277 3006
4378 8007
65 6594
4090 629
3389 3687
3719 2791
7353 5260
9959 5890
4647 2995
7026 4633
3241 66
2283 5650
1642 1589
5190 4056
6389 5970
6814 2004
7943 4883
98 3153
7253 8626
3413 6178
9973 5210
107 479
8942 3378
9971 3430
939 1770
4575 9947
4246 5556
3237 7908
4622 1332
2664 5913
9385 6738
7033 3834
1042 3519
1846 9829
5664 8052
7680 9020
6312 8219
4770 6810
9154 3382
6292 4306
7049 4988
5626 5002
1389 6475
8059 4692
6940 8794
3630 1537
1199 8509
2259 7485
6705 4339
730 2111
6150 8472
2799 8665
3692 2404
5992 7684
5563 1208
9409 9778
8600 8480
6176 3528
8301 9802
863 7993
6375 1961
5807 8615
7175 9458
304 4100
1215 5900
6204 1027
8069 2984
5657 8908
1390 922
5261 8542
5011 6399
396 7673
5903 3926
4989 9705
5028 4459
3284 7407
3313 3551
982 2012
2293 1574
9916 7902
9766 2079
2216 9483
2603 3391
1282 1183
4687 6225
1640 7990
2029 9132
73 7223
8201 2863
9716 3693
8888 960
1647 4550
5629 4007
2614 6228
854 3311
5967 8580
3404 4925
939 892
2064 313
1967 7457
7643 5098
5278 6357
7238 3868
9333 9066
5342 1549
6013 9304
2876 9621
670 5810
8654 3259
571 2834
301 9593
4163 201
1603 479
2769 2361
6986 4389
255 4346
7551 5416
9011 9350
3360 2927
1422 7590
1793 9934
4868 3878
4958 14
847 6425
1645 8736
4828 4586
1382 2961
6956 3650
8186 7851
7695 8201
1631 1726
8923 5542
5760 6720
5669 9316
9458 5307
6849 6932
632 6513
3479 9953
5967 6644
8610 2027
5019 6967
4076 8417
2875 6020
9052 1297
5294 4117
3117 9510
5010 8398
954 8708
2777 7533
1850 2199
3590 8628
1229 7501
9517 118
141 3798
8571 6006
7978 2628
3803 8969
2231 3042
1521 827
8696 5215
4173 9726
7201 1397
638 1675
2290 4376
4938 7388
6213 6740
2908 7284
3309 9357
7844 3155
5945 539
4334 1576
5577 5182
3785 7036
3701 9153
3884 582
1426 385
5999 6172
2298 9265
6506 4474
3702 5810
8410 689
1770 1679
3160 8921
8062 2471
8442 3719
7163 9787
5612 792
3209 1519
8524 3864
5086 1962
6559 1329
4320 5133
2357 9941
6852 8166
4867 4974
1519 1419
3518 2829
5935 754
5322 6919
2957 1417
2811 1529
7979 4082
79 5324
2042 7574
2309 7066
127 5991
2290 3553
8765 5592
9700 2419
6878 5465
7164 2516
1663 7862
9689 5385
66 724
4149 4883
1004 4108
2733 4502
8946 679
9903 843
8242 6326
5801 5276
7037 438
4441 5332
6561 281
6850 9335
4573 7412
5283 3416
6817 8385
1487 9748
7072 5725
5618 7826
248 7772
4288 5707
4831 3079
4822 1426
3687 7762
7245 4960
892 9031
9219 3682
3616 9420
6254 5533
7843 8391
7315 1805
827 7109
5366 8877
1850 5486
6995 2255
1260 1412
1334 2721
634 1001
4959 937
9936 154
2004 5403
2647 7267
2402 4058
8781 3844
3919 3074
4875 138
7419 620
6712 7207
6278 6397
4426 4130
9275 5096
9532 599
1982 1029
1606 3400
6130 2067
4196 2523
9077 6159
8923 508
2690 2659
7310 7546
1471 7335
7428 1557
814 1264
1351 8117
5802 5835
2795 9150
8416 7990
9037 735
8470 3223
8098 7586
4911 9533
2937 5731
9838 4340
9989 7690
7254 7151
2504 4084
9751 9091
9957 3235
4579 2455
3523 5666
4195 3282
3535 7626
1204 7067
9174 7570
2959 9397
2992 4376
7256 118
5757 5012
1353 483
6983 3499
6040 5012
6624 5320
9187 2309
6863 8943
191 4254
3473 4032
1207 5460
494 9699
6307 2803
8113 6469
8147 8324
2569 176
4453 8098
161 5879
538 346
5405 9916
6903 3926
7882 4185
8681 6480
306 6431
6410 3126
4293 1327
1839 6476
3498 4239
7456 8195
7316 9842
338 5628
5426 138
7606 2631
3275 2223
3936 6101
4431 4005
6053 3349
9501 3688
5375 8634
6000 7229
9567 1331
1351 4870
5943 7591
6443 1151
8587 3522
3511 8141
352 3421
5457 3779
931 4278
274 2096
3355 6832
6588 2480
7844 9999
9695 7702
2086 1487
4000 9814
1443 6056
5497 1476
4822 4861
9144 618
121 9772
2091 2606
9500 8935
4185 8112
7392 3006
420 1115
3304 3036
6160 7559
431 2867
8525 633
1637 9541
7099 7669
8328 6563
3521 4781
4669 8486
2284 3884
8120 8117
7899 8693
5470 6660
7766 7167
1203 737
2020 1319
8011 5106
6075 9010
9584 389
1603 3762
5263 3831
5329 2861
2963 7464
5549 7975
3994 4734
4173 4415
2210 135
540 4392
785 8642
416 5014
7176 5718
9487 4381
64 1021
337 8719
7714 2650
4702 7699
7376 5514
401 6261
7549 299
3531 3213
0.1035 0.4110 0.5968 0.1484 0.5006 0.6588 0.7647 0.3040 0.2169 0.1501 0.5411 0.1211 0.4739 0.2809 0.5110 0.8598 0.2163 0.3958 0.1207
0.6696 0.3598 0.6808 0.6137 0.8040 0.8321 0.8786 0.6805 0.4427 0.7628 0.6443 0.4009 0.3067 0.7485 0.8085 0.1881 0.2441 0.4901 0.3720
0.3050 0.6569 0.6169 0.6087 0.8058 0.2470 0.4892 0.2254 0.7317 0.2743 0.3484 0.6461 0.8211 0.6215 0.7457 0.1167 0.5426 0.7581 0.7617
0.7912 0.6796 0.6776 0.2767 0.1717 0.5269 0.5949 0.4895 0.1767 0.7612 0.3729 0.6101 0.6619 0.2593 0.8582 0.4940 0.3569 0.8606 0.7239
0.5190 0.6514 0.3006 0.2101 0.4076 0.8490 0.7751 0.8846 0.5256 0.5053 0.5634 0.1375 0.3443 0.5786 0.8877 0.3522 0.2429 0.3728 0.3338
0.6812 0.4357 0.7845 0.5929 0.7681 0.1093 0.3717 0.1680 0.2561 0.1994 0.4229 0.7452 0.1393 0.8235 0.1591 0.4274 0.4915 0.5427 0.7566
0.5609 0.6351 0.1882 0.2035 0.2671 0.7377 0.2273 0.1497 0.1716 0.3478 0.4329 0.3087 0.5676 0.2008 0.7151 0.4888 0.2258 0.7901 0.6731
0.6914 0.6896 0.8042 0.6309 0.5788 0.4279 0.5244 0.6103 0.6845 0.3610 0.8399 0.8430 0.7047 0.6079 0.8499 0.2995 0.8843 0.1835 0.2251
0.3234 0.7583 0.5456 0.6369 0.4831 0.5883 0.5187 0.2425 0.8835 0.7311 0.4616 0.1397 0.5194 0.3371 0.7082 0.7235 0.3011 0.5689 0.8571
0.2221 0.4319 0.1147 0.4282 0.6264 0.8991 0.1184 0.2841 0.7789 0.3127 0.5017 0.8606 0.2432 0.6770 0.3905 0.8585 0.3505 0.6096 0.8040
0.7796 0.8600 0.6757 0.6879 0.1772 0.3188 0.5094 0.5872 0.4326 0.7419 0.2427 0.3725 0.7243 0.8974 0.8429 0.5457 0.1964 0.7984 0.7676
0.1424 0.5463 0.8129 0.2152 0.1540 0.3729 0.1083 0.1162 0.3284 0.6176 0.6491 0.8947 0.6371 0.7515 0.3342 0.1614 0.3736 0.6360 0.1374
0.1642 0.1248 0.7656 0.3792 0.1159 0.3468 0.7663 0.8947 0.3414 0.7390 0.8907 0.1184 0.2024 0.8313 0.5304 0.1767 0.3463 0.3021 0.5909
0.5291 0.5112 0.1468 0.2254 0.5558 0.8707 0.6167 0.2296 0.8160 0.4384 0.5573 0.5300 0.5464 0.3834 0.5478 0.5132 0.8112 0.3043 0.8619
0.3650 0.3383 0.5084 0.2323 0.6673 0.3463 0.1306 0.6375 0.5986 0.2378 0.2925 0.3782 0.5562 0.7088 0.8785 0.4305 0.8084 0.6481 0.5871
0.7656 0.2009 0.3216 0.8565 0.8507 0.8039 0.6644 0.4596 0.5742 0.6232 0.8764 0.4727 0.1135 0.1798 0.3859 0.7987 0.2355 0.8417 0.7416
0.5831 0.5078 0.8989 0.5953 0.1719 0.1892 0.4573 0.2004 0.2394 0.8993 0.3752 0.7149 0.2267 0.6341 0.7192 0.5483 0.6276 0.5936 0.7371
0.4114 0.7753 0.6066 0.6191 0.7627 0.1063 0.3811 0.2140 0.8888 0.7941 0.5233 0.3093 0.7185 0.7427 0.1579 0.6327 0.3223 0.5863 0.3224
0.8675 0.4565 0.8400 0.2744 0.7566 0.8257 0.7661 0.5250 0.5455 0.5761 0.7431 0.6240 0.1413 0.3183 0.4176 0.7303 0.2624 0.7731 0.5376
0.1395 0.5539 0.5987 0.3926 0.7526 0.8787 0.1279 0.2841 0.4890 0.8212 0.3242 0.5472 0.3382 0.4016 0.6476 0.3007 0.4268 0.2660 0.5258
0.5004 0.2891 0.3002 0.4495 0.1089 0.7254 0.6195 0.5284 0.1643 0.8074 0.7674 0.6289 0.4310 0.3429 0.3582 0.5380 0.2495 0.7735 0.3426
0.1958 0.7644 0.5047 0.7476 0.4369 0.8052 0.1888 0.7497 0.7700 0.7811 0.5831 0.1635 0.7083 0.7950 0.4927 0.3443 0.6802 0.3265 0.4177
0.5352 0.8013 0.8854 0.8030 0.3478 0.5034 0.5961 0.6778 0.3506 0.6215 0.3230 0.2341 0.5299 0.6402 0.6890 0.2626 0.3347 0.4046 0.4905
0.4239 0.4997 0.5387 0.3579 0.1870 0.2426 0.3549 0.7014 0.5188 0.1283 0.2699 0.2361 0.4037 0.1491 0.3265 0.3940 0.8562 0.1304 0.5558
0.6449 0.7736 0.5218 0.1937 0.5497 0.3982 0.5678 0.4127 0.2710 0.4663 0.7949 0.8987 0.5635 0.4947 0.2329 0.4501 0.6726 0.3718 0.5096
0.8263 0.1788 0.1495 0.7653 0.3897 0.3255 0.8474 0.5129 0.5075 0.1692 0.8748 0.2076 0.1872 0.6086 0.6293 0.7764 0.2781 0.7647 0.3044
0.3274 0.5869 0.1176 0.8541 0.3158 0.4672 0.1969 0.5312 0.5213 0.7734 0.8402 0.7298 0.1247 0.6715 0.7457 0.2504 0.1712 0.7951 0.3496
0.6633 0.2899 0.6237 0.8103 0.5745 0.3790 0.6438 0.7963 0.7344 0.4867 0.6062 0.6511 0.2176 0.4331 0.8579 0.3123 0.2730 0.4069 0.2422
0.8860 0.5470 0.5682 0.7493 0.7737 0.7107 0.8721 0.2504 0.6424 0.7214 0.2904 0.3460 0.6778 0.3374 0.2871 0.4613 0.2254 0.1488 0.3273
0.2767 0.8426 0.5175 0.4142 0.7460 0.5633 0.3868 0.3354 0.5918 0.7006 0.5980 0.5680 0.5129 0.8131 0.5985 0.3236 0.6824 0.1146 0.5294
0.6345 0.5960 0.4246 0.8338 0.1278 0.8286 0.8983 0.4975 0.1324 0.8949 0.2583 0.6612 0.5453 0.4151 0.2498 0.1232 0.3435 0.4942 0.1881
0.4596 0.5481 0.8449 0.8297 0.2249 0.8564 0.8599 0.7230 0.7467 0.5088 0.8258 0.3522 0.4869 0.7460 0.8609 0.3598 0.7469 0.8505 0.6276
0.3038 0.7431 0.4397 0.3886 0.8578 0.4534 0.1816 0.5283 0.1130 0.7169 0.6402 0.4459 0.3397 0.4377 0.2237 0.6438 0.8978 0.7537 0.1714
0.7957 0.2528 0.1726 0.7695 0.8953 0.8916 0.4236 0.1277 0.6477 0.8727 0.2058 0.6203 0.6852 0.6530 0.1568 0.3365 0.3470 0.6976 0.6322
0.1019 0.6036 0.8941 0.6285 0.8969 0.4174 0.3310 0.4510 0.5221 0.3005 0.1304 0.8279 0.4200 0.2500 0.5491 0.8717 0.7715 0.8198 0.3821
0.6012 0.5098 0.8668 0.1134 0.5922 0.5997 0.5723 0.2059 0.6850 0.2508 0.1231 0.5174 0.7715 0.7612 0.2525 0.3396 0.8483 0.6318 0.5577
0.3094 0.3202 0.3756 0.7260 0.7578 0.7230 0.2390 0.8150 0.5929 0.4895 0.7134 0.4108 0.7862 0.5974 0.4099 0.7509 0.8259 0.8351 0.2574
0.1997 0.1720 0.2898 0.7237 0.5117 0.3786 0.3854 0.2736 0.2998 0.8720 0.3109 0.5778 0.6282 0.6706 0.8083 0.7206 0.2834 0.3010 0.8648
0.5971 0.5199 0.5044 0.5020 0.4733 0.5681 0.3620 0.5222 0.3943 0.7914 0.1505 0.1403 0.2605 0.5448 0.2138 0.1669 0.5961 0.2419 0.4586
0.5513 0.8210 0.4045 0.8976 0.5611 0.8785 0.2512 0.1707 0.4586 0.7018 0.5651 0.1722 0.6051 0.7295 0.2126 0.1694 0.6375 0.8606 0.2924
0.5448 0.2598 0.6076 0.2222 0.5173 0.7090 0.8058 0.7078 0.7948 0.8743 0.3425 0.4589 0.5855 0.8149 0.6013 0.3886 0.8595 0.6575 0.5471
0.5187 0.1597 0.2044 0.1224 0.3977 0.6889 0.8662 0.3064 0.1021 0.2094 0.6879 0.2545 0.7029 0.7365 0.3119 0.6479 0.2264 0.6782 0.8089
0.1886 0.2344 0.3307 0.5091 0.8207 0.5580 0.6968 0.5257 0.5874 0.1325 0.2029 0.6114 0.4049 0.4094 0.7522 0.2728 0.2746 0.2193 0.3816
0.7988 0.8726 0.2656 0.5459 0.1479 0.4211 0.8984 0.4516 0.2158 0.8897 0.2101 0.5215 0.4038 0.4023 0.1578 0.8705 0.6614 0.4928 0.7948
0.8681 0.4460 0.2826 0.6033 0.4138 0.6204 0.1489 0.4810 0.2800 0.7892 0.6462 0.7309 0.1685 0.1397 0.4052 0.5480 0.4480 0.8239 0.4760
0.4190 0.7777 0.8435 0.2168 0.1469 0.5157 0.8087 0.7872 0.6426 0.6571 0.6874 0.8848 0.2332 0.2428 0.8893 0.8548 0.5368 0.5150 0.2463
0.6264 0.5237 0.7919 0.8878 0.6563 0.4432 0.5835 0.1286 0.7788 0.1091 0.1255 0.6505 0.4265 0.4532 0.4554 0.4016 0.2032 0.7982 0.6529
0.3966 0.7953 0.5210 0.2976 0.5895 0.6656 0.4617 0.6515 0.3226 0.6199 0.8751 0.4747 0.3074 0.2465 0.3305 0.6031 0.3820 0.8239 0.3261
0.2136 0.2065 0.4711 0.4692 0.6781 0.2519 0.2399 0.8097 0.2040 0.2593 0.4134 0.3530 0.8394 0.2461 0.7887 0.3956 0.1200 0.7504 0.1354
0.7182 0.5864 0.8004 0.2374 0.8674 0.3450 0.2390 0.3020 0.1003 0.5356 0.8877 0.5026 0.7245 0.4935 0.4862 0.4867 0.6582 0.3497 0.7047
0.7849 0.3464 0.1906 0.4772 0.7080 0.7413 0.7446 0.3498 0.6453 0.6734 0.8214 0.2674 0.3349 0.1672 0.6940 0.3446 0.3516 0.7101 0.7760
0.5091 0.1180 0.8586 0.8521 0.7605 0.1902 0.3807 0.3477 0.2196 0.1265 0.2930 0.3965 0.1067 0.8976 0.8698 0.8822 0.6787 0.4543 0.3366
0.1316 0.2345 0.7265 0.1025 0.8041 0.7664 0.5847 0.4283 0.6725 0.5223 0.4146 0.5635 0.1914 0.1658 0.2488 0.2763 0.5354 0.5184 0.8378
0.2827 0.1314 0.8382 0.1982 0.6509 0.6010 0.3060 0.6215 0.1828 0.4181 0.8286 0.3059 0.8693 0.6657 0.7796 0.7867 0.4708 0.3802 0.3259
0.2616 0.8136 0.8653 0.6334 0.4785 0.1712 0.6283 0.3918 0.8514 0.3193 0.8757 0.3729 0.2543 0.4982 0.2080 0.8367 0.7767 0.6356 0.7072
0.7013 0.5714 0.7133 0.1390 0.7413 0.6666 0.7036 0.1867 0.3375 0.5258 0.8440 0.2386 0.4833 0.2495 0.6783 0.8067 0.3053 0.3835 0.2311
0.3768 0.4681 0.1575 0.5429 0.5592 0.8113 0.2603 0.7693 0.3318 0.1511 0.1398 0.8105 0.5727 0.4427 0.7067 0.4864 0.7750 0.6608 0.1626
0.1836 0.5624 0.1486 0.2816 0.5406 0.2218 0.2744 0.5296 0.4701 0.7936 0.5542 0.7449 0.6010 0.7779 0.4837 0.7088 0.8637 0.6934 0.3620
0.2089 0.8082 0.8942 0.2280 0.7949 0.3073 0.7607 0.3924 0.7422 0.2384 0.1415 0.4160 0.2231 0.8390 0.2823 0.7620 0.8826 0.5608 0.1937
0.6032 0.5433 0.7544 0.2142 0.2405 0.4798 0.3046 0.1993 0.1075 0.3884 0.5433 0.6185 0.2583 0.4440 0.3311 0.8687 0.6135 0.8756 0.5711
0.1738 0.5125 0.7657 0.6586 0.6883 0.6203 0.4499 0.3419 0.5809 0.5413 0.2131 0.6821 0.8616 0.2306 0.5624 0.6116 0.2786 0.3141 0.2814
0.3300 0.4768 0.3050 0.1777 0.5612 0.3629 0.5325 0.5061 0.6266 0.8545 0.1359 0.7547 0.7574 0.5148 0.6017 0.6785 0.4550 0.1400 0.8381
0.8355 0.7664 0.4168 0.7740 0.2884 0.3429 0.8710 0.4619 0.2012 0.2786 0.4611 0.7558 0.3556 0.3578 0.3465 0.7489 0.8444 0.8484 0.2903
0.4467 0.1692 0.7386 0.7983 0.1517 0.1537 0.6888 0.7410 0.5563 0.2447 0.2722 0.1708 0.5864 0.3602 0.7828 0.7659 0.8153 0.5231 0.3967
0.7734 0.7662 0.8227 0.7656 0.4761 0.7723 0.2358 0.5479 0.3612 0.6805 0.4261 0.6644 0.2924 0.3848 0.4467 0.8662 0.1286 0.6808 0.5314
0.3218 0.3624 0.7489 0.7544 0.3229 0.2819 0.4891 0.3561 0.2857 0.2895 0.4223 0.3585 0.4537 0.2452 0.6434 0.4867 0.3027 0.1904 0.1495
0.7450 0.7536 0.4367 0.4951 0.6468 0.5672 0.4764 0.1720 0.1190 0.8323 0.1184 0.1989 0.1071 0.1184 0.1947 0.5827 0.7522 0.1788 0.8377
0.5001 0.7224 0.1979 0.5746 0.1678 0.1785 0.7117 0.6948 0.7139 0.8462 0.1605 0.4212 0.8759 0.2811 0.4717 0.2900 0.1092 0.4109 0.1927
0.2729 0.1619 0.3055 0.6309 0.3773 0.8627 0.2009 0.7126 0.5799 0.8731 0.5074 0.4031 0.2261 0.1421 0.6651 0.7289 0.3993 0.2814 0.7017
0.2602 0.1571 0.8786 0.8368 0.3051 0.4660 0.6894 0.2035 0.2631 0.3091 0.4592 0.7930 0.4662 0.2918 0.5769 0.3768 0.5241 0.7700 0.5430
0.5784 0.8965 0.2107 0.8772 0.4365 0.6631 0.6066 0.2585 0.7638 0.3939 0.8095 0.4593 0.8335 0.2581 0.1296 0.7606 0.1174 0.4770 0.5678
0.5137 0.8950 0.4187 0.8100 0.2869 0.3434 0.7565 0.8274 0.7147 0.2026 0.7295 0.6090 0.7272 0.7410 0.6468 0.8362 0.8655 0.2302 0.7463
0.4159 0.4983 0.3832 0.8019 0.7276 0.6103 0.1666 0.4461 0.4941 0.7558 0.7269 0.2251 0.1701 0.8883 0.3943 0.6093 0.8711 0.8219 0.2641
