16 302 54
8810 3324
5414 3529
8522 8338
8880 2646
6103 8112
4100 7495
6570 6719
9110 119
7602 7395
8226 1185
4668 2075
2768 7366
4816 443
5085 3830
9329 7995
8887 848
4479 2780
4694 7899
3782 6208
655 3767
4770 1080
9838 3928
323 4226
8249 3731
6019 4740
9123 9579
1174 7267
1965 2656
2401 6884
5323 4988
7045 6250
8939 3988
6480 9448
174 9285
6493 56
8950 2376
9465 7220
5180 4622
4594 6223
500 7119
3964 3379
2336 5207
6771 2448
9385 7662
7407 6002
6863 7620
8429 1218
4055 1169
5346 1917
4214 5178
2505 1045
5392 4845
8702 3836
5183 1094
9454 9387
9847 8868
417 9047
45 1100
1434 94
4249 92
1579 1206
3452 2847
1682 1325
193 1588
5117 8694
5522 9781
6742 9466
3179 8684
7622 260
4935 2349
4353 345
5259 3964
1531 8155
8190 2086
1757 7628
7233 5685
9121 4014
5152 671
1321 6435
2528 5521
8637 155
776 3365
1808 1804
4466 6066
1110 7926
6538 7610
6268 8265
2146 5000
1946 8776
6424 6962
9193 357
7089 3266
4194 5915
727 9236
2370 6328
7722 9167
764 1056
533 9729
138 6237
5429 8298
5671 6147
762 1282
9466 3687
5849 2932
4095 1995
8004 574
2277 9426
4995 6339
7206 3556
5926 7885
1416 8241
2058 7250
8039 5499
987 4251
5547 3752
4681 4444
6793 3977
5606 4462
3073 694
4173 6016
7939 9280
9947 9535
1097 9215
1033 116
3941 5126
1949 7833
9226 16
1525 4185
8643 7579
1248 6274
3419 680
5365 7133
3370 4124
4161 2175
4070 1706
7411 4090
758 7967
4442 8854
4870 830
5258 627
4091 8364
9861 33
2127 498
8151 8179
330 7803
6168 3527
2768 3774
9401 671
311 7687
9799 1401
1128 3521
4200 320
9082 5060
7056 7421
6352 5387
8256 2795
9580 7094
9720 2160
4436 4255
9318 6889
9142 2617
3421 6024
7283 9312
291 9143
7895 1498
1650 9710
7894 5983
4318 3766
8440 3046
9957 438
422 1083
6021 658
2104 9006
2186 9353
69 8780
9958 8823
1029 751
5607 7483
2881 7627
494 4388
6715 2032
8715 8437
7657 5603
5954 2584
4109 2352
7704 3929
2348 4566
7021 2987
9509 9964
7006 8788
9797 4989
802 7408
8681 875
6063 4485
9233 1095
9290 3734
7821 2840
7782 1484
9529 7944
7737 5748
5300 821
6651 6175
9566 3009
9677 7798
3726 277
1400 5711
9446 5742
5728 5200
6508 1654
7155 774
7323 2604
9461 8264
7490 1670
838 8133
7116 8035
7433 3632
925 1635
8541 7482
4032 3665
3836 4741
697 5487
7395 2514
3143 8101
5879 3283
8476 5742
1758 8586
7588 1372
8332 4793
2321 880
6070 3641
7683 5125
3918 5568
9915 761
2976 1028
9894 2592
7241 5207
5611 9377
1958 9850
2752 8195
1330 4628
6320 6201
6498 5111
1681 8652
1442 3252
5951 15
7957 9457
6951 994
4919 4523
6986 802
306 835
7790 6042
2351 5644
8502 1833
5406 6158
5101 9505
4783 6152
4204 813
954 7221
3075 1938
3895 8571
8630 2188
5164 8098
9233 1445
784 8999
3255 9896
1374 7245
8154 3047
4768 9091
2483 4065
6685 2187
4695 8871
1709 2621
2144 5844
485 8146
9307 3425
2331 2870
5171 6619
828 374
9138 8533
9154 4901
1846 6570
3002 7950
887 8860
6007 8941
5350 7801
1005 5822
8226 312
7024 2638
3043 6746
1498 5072
5705 381
9942 6836
7849 280
694 4509
9587 3445
4404 7146
2485 8391
4038 8168
3605 388
3769 4281
3263 5857
3400 9196
6976 8143
9854 9064
1497 9931
337 9324
5149 3711
367 2135
1886 2163
4792 7697
1284 4854
1865 8551
8942 2104
7200 7114
6430 6793
2467 8593
3933 5864
3378 5163
0.3955 0.3778 0.4386 0.1015 0.4665 0.7339 0.5137 0.3813 0.2291 0.1754 0.8020 0.1191 0.6419 0.7520 0.7160 0.7962
0.3214 0.4166 0.4115 0.8575 0.4799 0.1181 0.8517 0.3962 0.7009 0.6675 0.5533 0.5529 0.6612 0.3523 0.5409 0.4651
0.5694 0.8388 0.5876 0.1951 0.1077 0.2316 0.5028 0.2313 0.3622 0.1310 0.1042 0.5760 0.8334 0.1047 0.8012 0.4180
0.4927 0.6094 0.3481 0.6625 0.1307 0.3831 0.1911 0.1393 0.3663 0.2873 0.2104 0.5784 0.6204 0.4157 0.2748 0.8514
0.7499 0.2841 0.5122 0.2539 0.5244 0.3388 0.5741 0.3170 0.5610 0.7855 0.8754 0.2359 0.6770 0.1984 0.7889 0.1322
0.4241 0.7600 0.5177 0.1776 0.4472 0.3144 0.1256 0.2357 0.7100 0.1690 0.7775 0.7363 0.8237 0.5900 0.8956 0.4584
0.1328 0.3781 0.5589 0.7143 0.7534 0.4316 0.5070 0.4794 0.3089 0.6720 0.4764 0.2915 0.8439 0.7006 0.8047 0.6304
0.1241 0.7537 0.5615 0.6817 0.6350 0.4503 0.2722 0.7374 0.6875 0.6793 0.8741 0.7697 0.1525 0.7310 0.2791 0.8806
0.8176 0.7226 0.2906 0.8085 0.1443 0.8414 0.6916 0.5960 0.7991 0.1456 0.1246 0.2104 0.4919 0.1383 0.6332 0.3831
0.2357 0.2332 0.1674 0.7111 0.5084 0.5099 0.7308 0.2821 0.1385 0.4990 0.4076 0.7672 0.5518 0.2520 0.8110 0.1917
0.6394 0.7538 0.2467 0.1513 0.5308 0.1444 0.6570 0.6526 0.8528 0.8550 0.4568 0.5916 0.1062 0.8961 0.6331 0.5325
0.1218 0.2686 0.5399 0.4586 0.1859 0.2252 0.7256 0.2021 0.5690 0.5244 0.8166 0.6957 0.6857 0.4059 0.5095 0.1414
0.1402 0.5690 0.8867 0.1963 0.1103 0.5298 0.8458 0.5520 0.4388 0.2889 0.2679 0.2941 0.8046 0.3053 0.6769 0.2744
0.2354 0.5667 0.1300 0.6166 0.2563 0.6313 0.2702 0.3685 0.7343 0.5363 0.1980 0.7981 0.1491 0.7537 0.4588 0.5047
0.6064 0.1355 0.1778 0.6817 0.7616 0.3216 0.1560 0.5330 0.6175 0.6213 0.2605 0.5376 0.5761 0.4448 0.1681 0.5983
0.3520 0.3177 0.6843 0.1220 0.7779 0.1295 0.8564 0.7054 0.8922 0.1645 0.8702 0.5104 0.8197 0.6509 0.8367 0.5446
0.2548 0.3226 0.4689 0.2778 0.1863 0.3846 0.3612 0.8903 0.6907 0.7877 0.8796 0.8507 0.2499 0.4879 0.3513 0.2425
0.8751 0.2168 0.5722 0.5578 0.8260 0.1451 0.7802 0.3602 0.4289 0.8197 0.3859 0.2009 0.6287 0.1760 0.1111 0.1211
0.5769 0.8178 0.1032 0.2677 0.3525 0.4272 0.1149 0.6255 0.5171 0.5732 0.3730 0.3210 0.2957 0.6606 0.5721 0.4116
0.1378 0.6403 0.4519 0.6630 0.7820 0.8835 0.2224 0.7207 0.5412 0.7289 0.6678 0.4280 0.7815 0.4291 0.3384 0.1105
0.7721 0.2685 0.3240 0.8952 0.5157 0.8473 0.6057 0.7528 0.4805 0.7482 0.8321 0.8858 0.1981 0.8933 0.6707 0.1952
0.4552 0.6574 0.1425 0.5180 0.6953 0.2532 0.3264 0.5843 0.3139 0.8502 0.5077 0.5422 0.5560 0.6017 0.2912 0.8894
0.7667 0.1734 0.2666 0.1836 0.1136 0.1555 0.3721 0.2777 0.4084 0.5228 0.2242 0.7622 0.4729 0.5747 0.4395 0.5727
0.7449 0.7145 0.1744 0.4463 0.3299 0.8660 0.5443 0.3032 0.3529 0.1411 0.3318 0.6194 0.7292 0.2238 0.1894 0.6023
0.4789 0.5718 0.6069 0.8065 0.2333 0.7587 0.2781 0.6758 0.3990 0.1941 0.1788 0.5914 0.2537 0.6514 0.4213 0.2500
0.4520 0.7210 0.2866 0.6860 0.8367 0.7730 0.4240 0.5246 0.3668 0.2424 0.2348 0.2968 0.3807 0.1136 0.4922 0.3102
0.4102 0.7741 0.6313 0.5607 0.5287 0.7899 0.2747 0.6229 0.5324 0.8717 0.8123 0.3514 0.6274 0.3623 0.5239 0.6512
0.5511 0.4279 0.4931 0.5988 0.6274 0.2102 0.2315 0.3831 0.5910 0.2616 0.1913 0.3672 0.1551 0.8111 0.8894 0.8996
0.2869 0.1746 0.4811 0.1124 0.2441 0.5387 0.7208 0.1700 0.3877 0.2378 0.3653 0.6672 0.4548 0.2412 0.8899 0.1890
0.4683 0.2852 0.7345 0.8455 0.4389 0.7960 0.2488 0.4165 0.8973 0.2466 0.2852 0.8330 0.2604 0.2662 0.2624 0.7182
0.2728 0.7135 0.3436 0.5959 0.8893 0.4293 0.6642 0.8204 0.7074 0.6344 0.2155 0.2627 0.6645 0.2792 0.7065 0.2384
0.8421 0.5972 0.6920 0.7439 0.8333 0.5569 0.8108 0.3668 0.7583 0.5466 0.7318 0.5591 0.1724 0.1604 0.1548 0.6163
0.8917 0.4374 0.8310 0.8028 0.3035 0.5222 0.7330 0.1623 0.2791 0.5647 0.5539 0.4509 0.8658 0.8877 0.4007 0.5549
0.5949 0.2265 0.7671 0.1695 0.2906 0.5176 0.2892 0.4768 0.6128 0.6152 0.7959 0.4092 0.4384 0.5460 0.7250 0.7537
0.2896 0.4788 0.1668 0.1873 0.7773 0.2021 0.8246 0.5724 0.1094 0.4609 0.1251 0.2199 0.6875 0.4060 0.7883 0.5126
0.6390 0.2363 0.1333 0.5832 0.8838 0.7067 0.8551 0.6202 0.6750 0.6380 0.2282 0.1674 0.1580 0.5749 0.3518 0.8448
0.4327 0.1970 0.8931 0.8884 0.1244 0.2091 0.1848 0.4597 0.2735 0.1484 0.1026 0.1423 0.6610 0.6787 0.7753 0.1748
0.6717 0.7577 0.1818 0.2321 0.4172 0.1496 0.6511 0.1044 0.3766 0.7064 0.8355 0.7068 0.5850 0.2443 0.2326 0.7577
0.4342 0.1728 0.6411 0.3653 0.3858 0.1995 0.4219 0.2060 0.8889 0.5166 0.4642 0.6291 0.6684 0.1885 0.2203 0.3684
0.6332 0.2263 0.6785 0.2130 0.4222 0.4885 0.5588 0.6133 0.6640 0.4494 0.6054 0.8673 0.5841 0.7651 0.6086 0.7432
0.6492 0.7054 0.7106 0.2322 0.4092 0.1086 0.5376 0.8748 0.7133 0.8724 0.3424 0.3740 0.2812 0.5961 0.6270 0.6457
0.1251 0.7347 0.8151 0.5465 0.3820 0.4834 0.2189 0.3379 0.4054 0.1827 0.7509 0.1393 0.8555 0.6898 0.4307 0.3581
0.1269 0.7016 0.7533 0.1657 0.3561 0.2682 0.5722 0.1377 0.7285 0.3898 0.1456 0.6534 0.5666 0.8186 0.5228 0.1873
0.4275 0.7312 0.7542 0.6579 0.6122 0.3659 0.5052 0.1723 0.7414 0.7054 0.1834 0.7472 0.8510 0.8359 0.7799 0.1226
0.2760 0.5072 0.1006 0.8251 0.7638 0.4321 0.6521 0.6399 0.1367 0.7643 0.2853 0.1918 0.7485 0.2192 0.6824 0.7469
0.8226 0.8168 0.8164 0.4050 0.2394 0.6388 0.8128 0.7418 0.1991 0.3684 0.4906 0.2459 0.8274 0.3591 0.8840 0.8155
0.3896 0.1898 0.1934 0.5723 0.2251 0.8615 0.7771 0.3077 0.3181 0.7916 0.4101 0.8168 0.3541 0.3805 0.8487 0.1255
0.1953 0.5559 0.4247 0.8350 0.4110 0.5937 0.1374 0.3803 0.3894 0.2336 0.4355 0.4846 0.5398 0.7951 0.4702 0.2221
0.5126 0.4262 0.6498 0.7480 0.3621 0.5493 0.7271 0.7546 0.4721 0.1961 0.1993 0.6352 0.3786 0.2294 0.1965 0.4790
0.7467 0.4720 0.8719 0.5613 0.4129 0.7407 0.8049 0.7150 0.5507 0.4937 0.5090 0.5597 0.2325 0.1638 0.3065 0.2866
0.1442 0.1844 0.2162 0.4376 0.5336 0.7504 0.4703 0.5815 0.8969 0.1499 0.5229 0.2511 0.3863 0.7926 0.7878 0.7898
0.8203 0.3589 0.7484 0.1957 0.7216 0.5624 0.3139 0.6007 0.8675 0.6181 0.6662 0.4640 0.2859 0.1239 0.2838 0.3649
0.6986 0.4133 0.8340 0.2044 0.5006 0.8880 0.4245 0.7365 0.2859 0.6993 0.5093 0.2622 0.5417 0.8977 0.5098 0.1146
0.5453 0.6894 0.2096 0.4618 0.3176 0.1595 0.1157 0.1953 0.6351 0.2567 0.1908 0.2247 0.3074 0.2736 0.7557 0.6035
