17 616 45
3249 2952
3019 3855
4152 3144
4162 6148
9203 9196
4627 3778
2553 2937
7794 9412
4490 5403
7863 5352
560 2282
5951 1201
2503 7367
2766 2447
5205 9511
6881 487
1713 5582
2284 4681
9723 1265
6166 663
2091 9321
7006 1178
2988 877
6627 3613
1769 8811
2026 3551
573 3143
7676 9431
1537 655
7184 6143
2871 2158
4827 6045
7299 7723
9502 3297
914 8717
9601 5568
7119 5228
7676 9029
5320 4967
8328 929
4706 908
9905 9531
3817 2298
4385 156
8762 7737
9683 3658
4226 6698
1184 3075
3230 5178
9027 7867
756 8640
2059 695
9728 8734
1541 4437
4139 6047
2235 6227
1417 818
8697 6733
5014 4814
3922 7147
1666 560
5305 5505
6308 5750
7168 6300
3910 2362
796 7617
3566 4100
2288 2353
7497 6851
347 3905
3236 9791
932 2966
6310 4053
9514 3524
5922 1857
9552 1004
374 2331
2954 4727
4030 1396
8471 2703
21 2448
2509 4043
4300 4610
7595 8906
1812 1498
914 2434
5522 3554
7971 4488
7637 7856
6020 4702
2325 313
4564 2784
7675 6427
1341 1094
9917 6926
2621 4864
1849 7895
8124 3599
9233 6966
8735 1465
7204 6588
1833 5650
1532 4824
2722 5963
4115 5075
9164 3227
5044 1132
64 4581
6099 1413
6991 3621
6909 8060
6909 1302
8033 5671
7794 1005
3012 6111
732 2627
2291 3122
4233 8492
7040 6763
1295 8111
7548 3533
64 9176
9002 3784
3052 7005
3589 5313
9716 6343
4569 1461
9863 2519
805 2988
6313 2554
2684 30
3071 694
2989 9637
5369 3156
7167 1522
9802 4798
6761 8991
2562 3303
5068 1466
6760 9828
1508 2119
9350 7442
2571 9113
2072 4294
6726 822
3709 5863
4352 7419
8286 7390
3443 199
8174 6742
6354 4877
7390 3034
9896 3821
8189 7075
9221 6368
3392 9110
5994 3928
3686 7843
3566 6543
4865 969
3860 2103
2542 7512
9764 7535
5734 3513
964 8436
5533 5172
9355 9934
3707 8831
5231 8585
1071 7176
4999 5766
1035 8585
8395 8752
9373 1395
3195 9109
3525 3566
4532 5910
3939 1863
8838 4981
3808 532
2627 9789
190 4978
8275 1466
6586 3726
4074 7914
5757 6744
1076 1909
2693 9157
4094 6300
4168 3770
9086 8078
4258 9847
159 6828
1700 4683
9877 131
3104 7133
7359 7260
5815 3597
9135 9573
481 6474
7263 7958
7361 1956
9134 1624
9096 6027
5387 3385
5890 7410
6821 9954
4067 7117
5171 8224
5278 4844
9310 2334
8865 3203
2236 52
4400 8173
8825 4194
6483 9036
8979 6144
131 7971
8509 7273
1603 9172
8333 6227
31 9388
3804 1894
9036 9463
7134 8145
9660 5457
1539 2919
5626 895
9217 9058
297 8925
7828 3088
4967 5033
6648 1899
6090 4220
5194 6450
1783 236
6440 1091
995 3134
6129 8271
3288 9359
6414 4270
8673 6325
1711 8033
8517 9745
5535 4347
4713 9385
6504 2802
3090 8934
4482 1073
8892 2532
8796 3439
190 3911
8400 1991
8824 7494
2744 3792
4535 1358
2696 4030
6826 4691
7901 9289
2426 7240
8332 9304
2516 2277
1229 665
9990 9979
6463 1368
6511 3203
2255 2218
6925 2242
6332 8351
3920 4731
1712 463
1447 8448
3454 6384
6365 581
8058 1267
1599 1707
9455 8707
5092 6961
87 6337
2755 5090
3093 4366
4493 848
9311 9621
772 4021
8028 8255
7488 1726
1252 3518
3426 3457
3946 5716
1546 9527
7347 8321
7065 83
278 9566
9154 303
1065 9239
3772 188
7504 8668
1485 8988
2369 841
3524 6685
5192 8934
6955 2792
2383 4661
403 3069
1536 107
8764 7262
6954 3516
5557 8546
4081 3049
9778 1909
9031 3432
3182 602
7129 8898
8949 6450
7861 5724
520 817
9275 515
3627 750
2448 6308
5134 186
7545 5296
4668 293
267 1998
2141 5602
9392 5025
6258 3652
710 6145
4134 5736
8886 1039
2273 5314
4251 7034
9824 8128
323 5252
3065 51
7314 9655
3773 2668
3752 4579
9337 3371
210 4258
1302 1938
7694 3749
4699 6385
6134 8905
9673 9877
8964 3527
5989 9047
3442 3209
628 6400
6928 301
6976 5373
9730 9615
146 748
5039 4396
3046 4521
145 4400
737 4701
5401 2707
8705 198
3819 1305
2794 6449
7550 4520
6889 5869
400 9663
952 7026
3263 8742
768 2160
674 1104
9845 9161
3430 8324
5683 7358
8591 9172
5274 9221
9389 8083
8311 2879
6388 4400
7562 9387
7357 1546
7501 6020
9375 3465
256 1785
9577 4721
9568 1321
7657 589
3556 8055
2208 8115
8423 9962
9030 1058
7913 2014
443 3354
4632 1213
3598 1580
863 6138
4223 2803
3441 4704
347 1609
3269 9958
5578 4032
4527 329
9058 5141
823 6898
4460 1679
61 6457
786 181
6917 6941
7548 6276
7507 4345
589 7055
870 4935
5618 1131
8730 3096
4787 5108
9438 7270
541 4064
9122 8549
4617 2542
5155 4081
820 7240
8044 5927
346 8511
945 7399
1898 9055
5724 2883
9866 1699
833 871
3549 2633
8785 8181
4750 8934
2104 6018
2983 7822
5670 7096
5075 3103
8555 6622
7136 6009
7141 3065
3511 1122
6513 5750
1161 3788
1315 790
5528 962
4754 7461
726 8234
8413 7817
3695 1741
2774 1270
2420 1463
7599 8301
1361 3154
5595 3859
7751 2806
555 9033
8131 415
2039 9939
7584 9589
2295 7006
6234 7612
6870 7089
2318 4895
4465 6761
9665 1479
4219 5936
6752 5639
1538 1497
7535 469
5806 2187
7960 9422
3819 392
6372 817
9571 4246
7076 5889
3470 3700
4054 3908
7451 141
9894 7641
1476 6549
1051 782
5635 3536
1001 8131
5910 6261
676 8146
9227 5883
5830 5532
3963 8616
6156 3837
8712 5176
7527 333
6680 6117
8340 5438
2585 1492
6924 618
7627 3050
5941 628
9802 1431
8104 3313
1861 5277
5160 7766
5510 5803
4539 6056
4707 7828
4022 8737
6892 3378
1942 8062
737 1951
8878 4867
4768 4763
8055 2984
9779 9480
4826 5290
2558 686
2577 2130
3516 6180
1544 9315
1931 30
8507 5377
8011 8771
7253 9070
5668 4275
8213 3384
1352 3499
4414 3972
904 3564
942 348
5562 9668
1380 7695
7214 3783
4138 3254
151 630
2324 1515
4667 5155
6126 9475
4410 1963
5252 3896
7993 7727
4426 9956
6561 7586
1611 1852
982 4956
234 7852
169 1577
2117 379
8112 5049
679 2843
4614 4303
8940 3993
2846 9131
7323 4825
8187 7973
1846 9366
3482 9333
2811 7281
5205 7435
194 6238
6639 9722
9477 9839
2655 1249
1710 2903
6877 876
9380 8479
5916 1480
4679 4089
9007 1700
6878 1797
8671 5448
6666 3946
2654 6925
203 2961
4368 3725
7964 4839
6826 5180
5172 1380
6107 3206
694 7073
9898 2212
5643 3952
3953 9375
6991 6599
4653 5952
1258 8008
694 1381
5609 4928
4637 9663
2619 9989
3741 7682
6022 8431
6266 5338
9647 3387
1897 5808
4309 1527
2193 9299
3219 3720
7680 9623
3629 4635
7000 187
7985 2113
5871 9915
7925 2375
9233 2937
2702 1363
5213 8691
6411 6698
6820 3303
4488 9558
8133 7180
4964 9792
1145 5966
9106 4207
4606 7037
4055 8168
4373 364
7594 2242
1839 7326
3386 670
1726 9708
9211 1830
9173 4067
4324 2433
5382 4316
5244 5136
4520 8350
9665 678
7016 1795
4523 8892
324 6395
4322 2734
9386 1791
7109 6456
3096 6189
9668 2663
2491 1535
4303 2914
8888 8300
7314 1659
2513 4923
2018 6537
0.1900 0.5312 0.2104 0.1565 0.4071 0.7691 0.8814 0.3740 0.1313 0.1084 0.4824 0.3202 0.2427 0.7173 0.6275 0.2933 0.8455
0.1769 0.2114 0.2754 0.6087 0.5309 0.3056 0.2340 0.8566 0.6462 0.7208 0.5048 0.5601 0.3401 0.3732 0.3911 0.6717 0.4478
0.5086 0.3890 0.2214 0.5125 0.8476 0.3615 0.8006 0.2946 0.5372 0.6889 0.7039 0.8878 0.5205 0.6882 0.5525 0.7226 0.4600
0.8706 0.4549 0.6346 0.2891 0.8720 0.1712 0.3231 0.5045 0.2977 0.5501 0.5594 0.8588 0.4978 0.7186 0.3026 0.7492 0.2328
0.6901 0.3019 0.3967 0.8987 0.5717 0.4913 0.8946 0.7403 0.6749 0.5948 0.6231 0.1003 0.5979 0.1067 0.8481 0.7074 0.1220
0.5183 0.6480 0.5880 0.5737 0.7902 0.5817 0.4096 0.8967 0.1085 0.6028 0.7985 0.4684 0.3850 0.5771 0.5284 0.2932 0.2965
0.1877 0.6229 0.2766 0.1694 0.5899 0.1591 0.1688 0.4079 0.8213 0.5810 0.3640 0.2389 0.1959 0.6417 0.8862 0.2526 0.3085
0.8082 0.5650 0.3854 0.8855 0.1905 0.4153 0.7654 0.1709 0.7343 0.1026 0.4003 0.5520 0.7105 0.1647 0.1919 0.1625 0.4091
0.4713 0.1789 0.7250 0.1042 0.2622 0.4301 0.1619 0.7505 0.7893 0.6671 0.4551 0.6839 0.6276 0.6132 0.6917 0.4280 0.2475
0.7731 0.6679 0.7301 0.6515 0.4196 0.6488 0.1273 0.4749 0.4392 0.4235 0.4758 0.1646 0.5621 0.7111 0.8811 0.5099 0.3792
0.3760 0.1265 0.3363 0.4910 0.4135 0.1885 0.5926 0.2138 0.5190 0.1932 0.5006 0.7025 0.2036 0.7561 0.2068 0.2919 0.7644
0.6815 0.8775 0.7077 0.3527 0.8568 0.4624 0.4599 0.1925 0.7859 0.4850 0.1953 0.7127 0.2823 0.2809 0.1048 0.4197 0.8706
0.7777 0.2753 0.8141 0.4127 0.7557 0.4570 0.7113 0.8614 0.3528 0.2245 0.3265 0.2592 0.8720 0.3765 0.7492 0.3389 0.7173
0.7908 0.1141 0.4918 0.1864 0.4042 0.6246 0.7309 0.2518 0.2190 0.7490 0.3509 0.1377 0.5773 0.1745 0.3160 0.6693 0.3399
0.2846 0.1877 0.6397 0.3388 0.3910 0.7307 0.6154 0.8863 0.5494 0.2009 0.6026 0.1197 0.7555 0.3220 0.6634 0.2223 0.2411
0.4132 0.3022 0.8597 0.7766 0.8735 0.4429 0.4107 0.7420 0.6672 0.7596 0.4663 0.7538 0.8363 0.7180 0.4327 0.8142 0.6091
0.8006 0.1820 0.6100 0.5490 0.3971 0.6233 0.1347 0.6160 0.6974 0.2187 0.2150 0.5947 0.3847 0.7611 0.5644 0.2630 0.7891
0.8512 0.5820 0.3668 0.4026 0.7162 0.7757 0.7549 0.1351 0.5280 0.3761 0.4717 0.1518 0.5046 0.6748 0.6391 0.5635 0.1281
0.1409 0.5756 0.4556 0.2397 0.5342 0.7630 0.2494 0.4910 0.5296 0.3298 0.7012 0.5237 0.3058 0.7442 0.7249 0.2409 0.6502
0.4367 0.2584 0.3774 0.4451 0.6685 0.4136 0.6889 0.5710 0.5217 0.6356 0.6656 0.7947 0.6709 0.7187 0.7836 0.5449 0.4279
0.5189 0.2350 0.8821 0.7862 0.6731 0.5577 0.6891 0.2251 0.4761 0.5247 0.4518 0.5215 0.2045 0.7658 0.6401 0.6099 0.6535
0.3572 0.6925 0.3314 0.2372 0.7518 0.2582 0.4221 0.4127 0.2444 0.3864 0.2875 0.1921 0.5136 0.4049 0.8076 0.4205 0.3713
0.8730 0.5928 0.7863 0.7921 0.6959 0.5732 0.8000 0.4363 0.5952 0.2116 0.3059 0.1756 0.3263 0.5452 0.6854 0.7790 0.6710
0.8800 0.4758 0.2906 0.2271 0.4499 0.5268 0.7417 0.3626 0.6909 0.4631 0.4333 0.4600 0.4789 0.4553 0.3935 0.3162 0.4724
0.7356 0.7831 0.7309 0.8296 0.7963 0.4196 0.5196 0.1024 0.8709 0.4963 0.3578 0.7424 0.3006 0.5983 0.6623 0.1862 0.8077
0.1981 0.8522 0.1772 0.2186 0.4029 0.4573 0.2447 0.6214 0.7068 0.7992 0.1100 0.1222 0.2199 0.2147 0.8308 0.7783 0.4424
0.6002 0.6616 0.5611 0.1991 0.6308 0.2565 0.4319 0.5963 0.7249 0.3075 0.7838 0.8513 0.8572 0.5007 0.5253 0.2111 0.5831
0.1337 0.5593 0.7259 0.3456 0.6551 0.7948 0.8785 0.1733 0.7274 0.3491 0.3473 0.2315 0.8547 0.8812 0.3486 0.3943 0.4348
0.6792 0.1952 0.3522 0.4233 0.6003 0.3556 0.6654 0.6201 0.4567 0.1815 0.6979 0.5321 0.4844 0.1395 0.4096 0.3446 0.5249
0.3641 0.3127 0.2220 0.8111 0.3668 0.5544 0.1131 0.5154 0.8472 0.1648 0.4443 0.4940 0.5980 0.7999 0.7018 0.1373 0.5757
0.3815 0.2937 0.8392 0.8619 0.3229 0.3576 0.7187 0.6314 0.7694 0.7355 0.3705 0.3264 0.4304 0.8064 0.2286 0.8989 0.4310
0.1698 0.7650 0.1927 0.3322 0.3314 0.6493 0.8743 0.7148 0.3422 0.8795 0.7618 0.1820 0.7746 0.5900 0.1300 0.6730 0.7532
0.6464 0.1583 0.7973 0.1822 0.8799 0.1367 0.4579 0.2583 0.1762 0.7773 0.6733 0.6363 0.7616 0.7110 0.6525 0.6995 0.7040
0.6777 0.2857 0.2844 0.7280 0.1138 0.5060 0.2147 0.5453 0.2753 0.5163 0.7766 0.2214 0.6203 0.7928 0.8374 0.5614 0.2560
0.8834 0.8076 0.6094 0.6396 0.7020 0.4071 0.5629 0.8604 0.6469 0.7092 0.1468 0.1054 0.7547 0.4001 0.7622 0.5041 0.4856
0.8762 0.3274 0.4262 0.2981 0.6847 0.1092 0.1228 0.3587 0.7761 0.1783 0.4256 0.1902 0.4303 0.5894 0.6185 0.5033 0.4467
0.3868 0.3346 0.4823 0.7761 0.7855 0.8068 0.2177 0.1002 0.8735 0.3129 0.6948 0.8593 0.5297 0.1619 0.2039 0.3013 0.3032
0.7372 0.2424 0.1481 0.1367 0.1004 0.6693 0.2757 0.5808 0.7229 0.3789 0.1140 0.2828 0.5816 0.2661 0.5468 0.4714 0.5725
0.3643 0.6692 0.4548 0.6658 0.8813 0.8951 0.1152 0.1677 0.5595 0.5472 0.3900 0.5192 0.2999 0.4978 0.6622 0.5081 0.1999
0.1777 0.4946 0.6009 0.2856 0.1044 0.2506 0.7176 0.6631 0.2316 0.1441 0.2504 0.6559 0.3437 0.2189 0.4129 0.1320 0.1985
0.2269 0.3949 0.7489 0.6728 0.5020 0.6554 0.8156 0.8852 0.6257 0.3234 0.6643 0.5274 0.5359 0.8903 0.2334 0.8364 0.3829
0.8932 0.1794 0.6335 0.7723 0.2678 0.3952 0.5725 0.1375 0.7138 0.8756 0.6770 0.7282 0.4476 0.8412 0.1592 0.2678 0.7836
0.1691 0.8029 0.8925 0.1140 0.4669 0.3332 0.4109 0.4369 0.3195 0.2154 0.3393 0.6384 0.7196 0.1893 0.6071 0.1303 0.5849
0.7986 0.5448 0.2788 0.1348 0.1188 0.1187 0.7696 0.3709 0.7806 0.7974 0.2456 0.1265 0.4572 0.8217 0.3757 0.5621 0.7007
0.2087 0.5928 0.1593 0.7520 0.7855 0.8318 0.4650 0.8365 0.3264 0.6150 0.8490 0.1695 0.2167 0.5346 0.5711 0.7088 0.7543
