13 285 44
2967 4900
8142 3032
6746 1473
9305 7327
8808 2443
8970 17
7906 5906
4174 8017
509 8411
3267 6405
5789 1933
2048 740
144 191
3755 2419
840 6471
9989 5605
9401 2514
1157 1462
5777 2961
2294 5319
9709 4223
9016 4230
7620 8265
4823 172
5303 335
233 2584
5055 7663
5019 6404
216 9309
1721 968
441 6348
1711 8969
4013 1062
1302 7192
6259 5873
3778 4822
8311 5064
5316 1337
4529 4063
5131 9017
4361 2568
9912 458
2924 7339
2385 8223
310 8369
1094 8270
2051 7805
6099 4438
3148 6065
506 6791
9653 4594
4061 7771
579 739
717 6291
3012 1551
1743 7778
9386 4527
817 614
2212 1131
7231 692
3295 4141
7226 1342
7021 8575
4847 9686
2343 2551
3544 7581
1767 4415
7482 2253
9247 6702
5221 1887
878 7380
1173 7528
1082 3140
1414 7788
7592 187
1785 4113
126 5419
7282 3374
4721 5972
8076 9210
8794 7119
5842 2564
4511 3245
2860 3965
2499 8358
3634 1183
2123 4117
5207 6625
9793 5615
8470 1589
6689 4019
9515 7973
6096 7621
8603 7386
835 4488
6663 9899
9910 3055
7061 2884
5669 1846
9167 9002
2017 7044
8456 5734
655 6413
5273 6251
8523 8254
2940 1337
2793 8501
7431 1111
3124 3953
1077 3725
469 9878
2726 8270
4196 6073
4530 4959
9907 6769
1620 8790
1970 1615
5595 3590
7142 3218
4987 3030
5531 9852
4073 4601
9795 162
6999 9761
2352 2218
7798 484
7019 1280
9229 5307
4652 9461
7203 530
9357 2082
7342 4396
5325 9230
9796 7605
3592 1672
8587 4719
2266 287
2967 7614
3089 7276
2757 2809
805 9544
8845 1137
9827 1794
4438 8916
3653 4339
603 6971
4389 3179
4715 2333
2681 5483
2690 30
5152 5974
8291 9690
6621 826
8059 3360
7030 3826
3254 2567
2651 9182
5063 1213
2834 9652
5937 3577
3027 6273
8990 1418
8592 3303
5175 1100
9129 2489
3108 6195
5636 2185
3573 6650
6905 9397
5704 3669
3805 6068
323 4352
1987 403
4638 320
6669 6032
1228 8648
8047 1140
6572 630
4835 2289
2514 8611
9053 4088
1563 9941
6998 5648
7680 9341
3180 3756
5252 2122
2045 9047
7853 9059
527 2415
1469 52
4355 7772
7301 4624
9948 8278
6931 5473
6197 6525
8242 3186
3579 8290
4465 303
2075 4857
3438 1487
532 9751
7724 1040
2733 2920
5447 6881
3323 5315
2821 6281
8074 8499
3557 2653
1296 6689
7209 6028
9219 3427
29 5346
9754 9773
3673 3355
2152 3538
7539 6758
6797 6185
7725 319
1055 1143
725 1024
3587 8875
8154 4149
7897 3032
6439 4388
5158 6965
675 8249
4180 5700
1136 4422
9554 7663
6832 4608
7724 1198
2255 3721
4961 6969
9656 2124
4955 1019
5925 5504
839 9804
3367 393
8474 9460
757 8392
4529 4348
7324 6780
9609 4005
3570 9390
9991 7675
7558 1457
7916 5528
8452 2893
5216 2023
4959 9290
8370 2282
3424 7347
1972 261
5968 5304
182 2236
3815 3567
9986 8771
5297 4916
8484 9252
4942 3851
9304 4338
8972 4381
3594 7801
3116 1780
3708 9158
6327 3814
1776 9199
72 1289
7522 2152
6577 6663
6191 5796
3645 738
7551 7881
8848 4604
6730 5388
6726 2043
4039 5793
8300 8234
8799 18
4377 4872
9638 355
5935 5760
8137 3221
6716 1266
6541 7383
4013 1817
2370 5993
3278 1950
8538 1083
1168 6365
2590 7702
3796 5337
6864 7007
6734 8019
3122 9381
6266 1167
621 2074
6881 9239
0.1479 0.7021 0.5585 0.6950 0.8669 0.5884 0.8568 0.7868 0.7864 0.1955 0.5597 0.4585 0.8381
0.8708 0.3616 0.3370 0.6656 0.4036 0.8617 0.3621 0.6604 0.2259 0.8164 0.3553 0.5524 0.3112
0.8919 0.4035 0.4572 0.1639 0.6840 0.5296 0.5171 0.3700 0.5743 0.4245 0.1792 0.2802 0.7813
0.8485 0.2233 0.4984 0.5763 0.2394 0.7734 0.1877 0.1419 0.6998 0.6911 0.2735 0.2409 0.4811
0.7487 0.3018 0.8359 0.5942 0.8240 0.7257 0.8487 0.3279 0.6307 0.7703 0.8557 0.5079 0.5586
0.7158 0.6385 0.3272 0.4166 0.4652 0.3976 0.1276 0.8208 0.4337 0.5499 0.7938 0.5117 0.1547
0.3677 0.3562 0.8860 0.7333 0.3789 0.5349 0.3961 0.5640 0.4555 0.1982 0.5481 0.2241 0.6193
0.1038 0.3473 0.2893 0.8043 0.7502 0.3919 0.1244 0.7305 0.8687 0.5787 0.7979 0.5191 0.8801
0.6955 0.8454 0.8659 0.2365 0.7498 0.3827 0.3759 0.1171 0.4654 0.3220 0.1085 0.6859 0.8680
0.6545 0.8429 0.8686 0.8933 0.2884 0.4625 0.5794 0.4965 0.2893 0.6950 0.7366 0.3191 0.7540
0.5984 0.5580 0.6173 0.2458 0.5000 0.7897 0.8081 0.6055 0.2363 0.4589 0.3310 0.6084 0.2073
0.7671 0.2245 0.6262 0.4515 0.4432 0.7820 0.3961 0.4657 0.4594 0.5786 0.7243 0.1119 0.5292
0.1879 0.7461 0.8014 0.4139 0.5783 0.3347 0.7051 0.1923 0.1547 0.2315 0.8368 0.5042 0.4194
0.2035 0.7954 0.7700 0.8229 0.6190 0.4487 0.3389 0.3828 0.3365 0.2779 0.7352 0.6020 0.2627
0.8687 0.2972 0.3148 0.2717 0.1960 0.1681 0.8945 0.3933 0.7185 0.8799 0.6547 0.8719 0.4782
0.6724 0.2120 0.1483 0.1232 0.8878 0.2678 0.1358 0.1427 0.8181 0.3255 0.8894 0.8938 0.2241
0.7940 0.8831 0.3969 0.6586 0.3998 0.1395 0.8667 0.4159 0.4134 0.1360 0.7117 0.8323 0.4616
0.7465 0.2094 0.5696 0.8927 0.8908 0.6391 0.5690 0.7650 0.5648 0.5929 0.7010 0.7768 0.5997
0.7965 0.4552 0.2122 0.2500 0.2033 0.1255 0.8176 0.6036 0.4377 0.6239 0.4271 0.7596 0.5178
0.4494 0.8817 0.5369 0.5753 0.8346 0.7834 0.3689 0.6290 0.1196 0.5693 0.4804 0.4562 0.3144
0.4736 0.2146 0.1543 0.6739 0.4054 0.3111 0.7098 0.2218 0.3294 0.5033 0.1608 0.6574 0.5209
0.1496 0.1084 0.6747 0.2284 0.1033 0.7598 0.3300 0.5009 0.2222 0.2487 0.7786 0.1594 0.2647
0.1615 0.2106 0.4268 0.7631 0.2538 0.2477 0.6665 0.3135 0.1542 0.7400 0.7801 0.4634 0.6940
0.5421 0.8343 0.8381 0.1951 0.4205 0.7477 0.6020 0.8624 0.8632 0.3776 0.3012 0.7452 0.4692
0.7018 0.5653 0.7373 0.4802 0.7259 0.1878 0.3084 0.2155 0.1909 0.1502 0.2090 0.6175 0.8418
0.4251 0.6844 0.5972 0.5372 0.6489 0.6002 0.7800 0.7739 0.4807 0.6800 0.4108 0.3897 0.7063
0.2561 0.6373 0.7600 0.1308 0.1471 0.7655 0.6994 0.3143 0.7418 0.8825 0.6915 0.4455 0.5417
0.5670 0.7219 0.3806 0.4241 0.7738 0.2167 0.4308 0.3270 0.1259 0.4463 0.3169 0.1983 0.2273
0.4074 0.8027 0.7716 0.7779 0.7570 0.5118 0.8840 0.2593 0.7146 0.4775 0.3511 0.1380 0.5610
0.6040 0.4073 0.2536 0.4280 0.5166 0.8607 0.2825 0.4441 0.8136 0.4696 0.8239 0.2348 0.2807
0.7532 0.6795 0.6085 0.5112 0.1340 0.6821 0.2695 0.6183 0.5582 0.8553 0.1762 0.5503 0.7473
0.7960 0.4120 0.2952 0.7660 0.3964 0.1906 0.8913 0.6044 0.1651 0.5413 0.7850 0.1013 0.7582
0.8706 0.8026 0.6449 0.1892 0.6119 0.5300 0.6863 0.7331 0.2255 0.6431 0.6358 0.6147 0.3460
0.7886 0.7066 0.1700 0.4421 0.5716 0.8624 0.6375 0.3603 0.5308 0.5537 0.1824 0.8933 0.6557
0.1497 0.4235 0.8722 0.5290 0.2925 0.3404 0.3258 0.6302 0.1437 0.1082 0.2635 0.3942 0.2747
0.3467 0.5168 0.3923 0.3545 0.7280 0.8707 0.5758 0.1821 0.8897 0.3594 0.6259 0.4334 0.8826
0.3255 0.4006 0.8968 0.5065 0.5766 0.6659 0.5937 0.2239 0.6840 0.1839 0.2089 0.2631 0.8475
0.4562 0.2189 0.2634 0.2847 0.6646 0.6118 0.5801 0.8119 0.2349 0.4473 0.7142 0.7332 0.5174
0.1771 0.8182 0.1349 0.2699 0.8273 0.6661 0.7838 0.1406 0.1155 0.7859 0.6142 0.6499 0.7921
0.1693 0.3010 0.3281 0.5355 0.2446 0.3681 0.2131 0.6252 0.5349 0.5116 0.5242 0.7671 0.7279
0.4294 0.7225 0.1542 0.3974 0.4982 0.1550 0.3686 0.2652 0.2801 0.7672 0.5259 0.2660 0.1278
0.8230 0.6380 0.5722 0.4801 0.4083 0.8201 0.7506 0.2299 0.7069 0.2005 0.4128 0.5706 0.6032
0.2436 0.8064 0.7728 0.3766 0.8998 0.7276 0.8338 0.6499 0.2835 0.1502 0.4447 0.2957 0.1236
0.2576 0.6261 0.4155 0.8673 0.6516 0.5518 0.5950 0.1190 0.5482 0.5765 0.8639 0.8221 0.2535
