13 498 20
214 8146
6083 6975
9634 7223
1557 8769
1897 5348
4179 6121
4993 6601
8101 8837
3930 1661
7774 5477
1990 6517
6645 9780
9396 7912
4129 5819
5902 2397
9823 7306
4621 3566
3844 8485
3424 4854
6194 3706
2373 401
8674 8580
8249 8833
5108 4653
8525 9652
9471 2279
2357 2063
3675 5203
8457 5434
2130 1514
6061 9600
264 6676
238 9506
8647 1227
463 291
5422 5636
3270 2820
8447 3251
9188 6502
9485 3593
2541 4835
1153 4142
713 7535
4839 9462
4462 8735
4155 8929
4490 7919
8020 4587
1478 7639
9437 714
4601 6718
3739 2636
5692 9025
6619 6506
9389 5763
4425 6340
5010 3727
4505 9265
5516 8039
8348 297
942 3974
1987 8529
6329 3519
6473 3974
8950 8434
8677 4296
370 9990
232 4740
7456 2274
4660 9455
1814 9281
2807 6874
9093 7174
765 3978
7189 8892
4713 6851
8242 699
8980 3187
4741 2562
5546 7129
1418 8014
4378 3603
2334 196
8481 7180
1682 8615
2372 6822
4033 3763
2737 8368
4160 2851
6787 3685
2191 4783
4779 7478
1514 3014
8821 2283
1727 5085
7518 6127
1518 225
4667 7309
4580 1113
9963 7669
5489 9056
9614 7773
7987 6221
3970 8003
907 4766
95 5574
539 5287
8515 6652
9684 9987
6527 1157
2255 4477
8893 8593
2761 5656
1122 679
6497 7254
1429 9683
9870 860
3164 7033
1303 9533
5861 1911
862 3781
1608 6902
5 6343
7913 1692
8574 8955
3256 7661
5783 5081
4473 945
2321 8858
6638 1326
6731 2909
9619 2902
3975 7436
4487 6876
9621 4096
4842 7862
3693 4060
1785 2532
894 463
7193 2807
2896 2183
1872 832
6907 1232
4991 5636
9667 398
5354 7251
6826 7849
1534 6038
8249 4626
8395 1701
1799 6733
2199 9223
8065 3803
7558 9943
2514 3801
753 6188
561 3472
1392 8154
2117 6722
2319 4947
8225 4915
2008 2050
9396 7241
6544 5395
909 2644
9375 5571
8629 9071
9751 3599
6370 7961
5197 9459
6182 8949
5186 8398
1027 8155
279 153
6324 3859
9971 3654
6675 280
7890 2163
8334 2176
7859 2557
5612 5819
7700 7626
4470 2311
1499 1039
5750 6063
7068 8527
2389 9411
7591 1755
5412 1064
8973 6458
3797 8874
9422 3030
2213 4310
314 5340
6869 8958
1987 9670
4231 33
7208 2005
5341 5054
3421 5127
4656 5997
5806 1030
8836 6021
3740 311
3324 7923
6445 9958
410 5645
7362 2756
7777 4659
1162 6111
142 5274
3404 2140
5131 1895
9779 2444
7551 2516
1679 7543
7023 8884
690 5277
4814 1505
4683 1861
6766 1701
5759 3377
2780 8854
7074 1987
4259 7482
2007 5546
7323 1605
603 9013
8786 8047
1226 1031
4828 8675
4380 2608
6141 478
491 8093
9106 8187
3948 9157
9785 3082
9871 7762
4853 8096
7887 767
1980 3416
6702 6198
9418 7089
9576 5680
5467 7765
5357 2094
5010 4296
9936 7486
9616 1417
3482 8457
7847 9067
6243 9148
6443 1318
2723 5355
7076 9769
2794 5101
4706 1156
9906 5550
4772 3156
9242 5811
3142 146
3333 8776
2299 7808
1383 2919
3785 6367
1697 6343
7952 9075
399 4308
7191 5189
4533 5287
8827 7533
9407 5468
2437 8429
6410 305
7106 5285
2119 9423
3320 7359
76 6949
54 3683
1268 6174
7933 4641
2328 2546
7004 4628
6281 7250
728 6408
8622 1510
6100 6679
1435 9282
9902 1542
1261 7608
4006 8412
7737 8766
1134 7399
62 2058
9232 2740
7014 9151
7509 1517
1021 83
3280 6103
5633 7517
8383 6293
7106 9071
1805 8502
6456 2791
2408 1952
42 1765
487 1493
7358 3424
8458 4510
7851 3021
8649 262
7554 808
3055 1655
673 8765
7253 4306
7356 6114
796 7672
8579 2430
5076 4008
7218 190
4355 5036
3601 3032
364 7221
7422 2495
5629 4557
4372 9059
7573 5585
2275 9059
5418 9944
3571 7103
6764 2654
1332 2497
5009 33
6134 4879
4079 5241
5389 2912
2638 9611
2942 9449
8109 1756
2318 7692
5360 6498
8051 3525
8528 9973
2278 3417
5766 6743
5013 7675
2613 3697
1173 5680
8956 5904
8214 5591
9565 7062
7624 3699
8210 8615
8695 8881
7809 7456
5628 2557
2850 8946
73 8145
6364 395
8920 1662
9805 4383
4095 3115
8999 7550
8265 6884
7796 1388
876 2360
6332 2637
42 7651
8670 3331
6595 6118
9772 9002
623 7019
7373 8674
2322 8000
9274 6957
699 3739
2910 5336
9701 9744
7731 7354
3197 1520
10000 239
4280 2800
3837 2216
8725 6189
2958 5868
5971 8831
2580 649
2650 9121
588 1510
8318 9701
2909 6045
9214 5626
7792 1531
9548 6853
978 5945
4996 1181
6573 9029
4441 6647
7231 5741
4354 3051
3045 8850
256 9794
8794 4501
620 308
260 1537
9205 5290
7618 2811
1364 4832
5998 5783
231 7574
6883 6284
3025 3585
288 3183
1091 2015
9270 3436
222 5962
6162 3244
6413 1509
3618 1344
3339 4737
2413 3437
8171 7269
8888 7695
4563 9866
3696 9749
5079 1098
6063 2283
6636 7909
8085 2621
2250 6788
6360 8522
4009 2937
9598 8259
6619 9549
1187 3967
9792 1786
2614 7137
4227 1113
3860 1586
186 7141
9388 3811
8818 2797
2108 8774
3081 9036
9146 6870
8047 3232
6794 1309
7750 1729
9895 8876
5585 445
2050 2479
4886 5906
8294 2643
2721 3486
4296 9297
6145 8792
7145 1750
1091 9275
6910 5992
3490 5436
490 3028
5805 108
2035 5094
2259 8503
1074 1224
1347 3871
6820 7057
7461 8799
9954 3913
3617 5638
5516 2586
815 7195
8580 6197
4756 2867
7748 6431
6536 6661
1472 4963
6471 3012
654 951
1042 7896
4959 9446
6296 799
9532 9234
4837 3875
5570 9527
5983 9244
8915 3326
4800 6542
7653 2629
2873 1922
9460 6445
4284 9650
1885 7569
9166 7531
8025 3380
3970 7543
8151 1268
3663 3519
1510 6766
6921 2617
5261 8
9139 6332
5130 1597
4208 572
1561 2058
8737 1536
68 4120
7224 2599
3899 873
8242 3017
493 3357
0.7959 0.8365 0.6782 0.6140 0.4647 0.6026 0.8435 0.5335 0.4950 0.5730 0.2059 0.1751 0.6637
0.5667 0.7611 0.2611 0.4333 0.3465 0.1912 0.8377 0.5317 0.3634 0.8093 0.7087 0.4796 0.4401
0.4635 0.6458 0.6889 0.3253 0.1064 0.5314 0.6597 0.6686 0.3880 0.4423 0.4958 0.8752 0.8036
0.7598 0.7808 0.1301 0.3696 0.6333 0.5865 0.1669 0.8720 0.2691 0.5124 0.1876 0.4355 0.1336
0.8024 0.8423 0.7102 0.7615 0.5801 0.7942 0.7015 0.2243 0.1537 0.4298 0.1762 0.5901 0.8795
0.1714 0.7139 0.3999 0.3770 0.7717 0.8544 0.5222 0.5597 0.5544 0.5458 0.4400 0.6754 0.1594
0.1483 0.2313 0.5113 0.5517 0.3920 0.6547 0.7626 0.6452 0.5148 0.3062 0.4942 0.5482 0.8188
0.1423 0.4672 0.8485 0.6264 0.5054 0.3297 0.4448 0.8464 0.2094 0.2459 0.2217 0.4566 0.8522
0.4105 0.5079 0.5702 0.1181 0.5493 0.6030 0.7896 0.4207 0.1148 0.3656 0.7954 0.6745 0.4154
0.2848 0.8122 0.7914 0.7744 0.6152 0.7152 0.6016 0.3697 0.1974 0.5624 0.8486 0.7383 0.6914
0.2738 0.6590 0.1819 0.3271 0.1924 0.3408 0.6992 0.7432 0.8707 0.3421 0.8093 0.3619 0.6375
0.7534 0.4558 0.3476 0.6286 0.7526 0.8280 0.1501 0.2317 0.7310 0.1638 0.6032 0.2228 0.6334
0.1137 0.1338 0.8511 0.4389 0.8279 0.3293 0.6124 0.5036 0.5920 0.4174 0.8425 0.8311 0.2672
0.8875 0.3877 0.3985 0.5975 0.6610 0.4373 0.5031 0.6355 0.8034 0.6473 0.3061 0.6782 0.8641
0.2270 0.4423 0.3693 0.8054 0.5963 0.1034 0.2463 0.3199 0.7752 0.8838 0.6381 0.3761 0.4339
0.6094 0.6289 0.2654 0.8270 0.4445 0.1173 0.8406 0.5966 0.4168 0.4979 0.1962 0.8910 0.6231
0.7257 0.1429 0.8585 0.5674 0.2136 0.6496 0.5210 0.1458 0.6256 0.6011 0.5140 0.3996 0.3904
0.5850 0.3330 0.6853 0.6478 0.3405 0.6728 0.5315 0.7315 0.5371 0.4071 0.3040 0.3861 0.6242
0.6285 0.8506 0.8437 0.6336 0.2026 0.8842 0.1273 0.6244 0.6962 0.4368 0.3712 0.3696 0.8711
0.1798 0.7865 0.3465 0.8159 0.8501 0.1580 0.2865 0.4424 0.6498 0.6789 0.6944 0.4937 0.8849
