13 348 31
1983 3099
4729 6920
4908 122
1278 3157
2982 9463
1545 3443
9115 9893
4182 6476
7117 8751
9259 7271
9682 4934
1462 2410
9599 1773
4005 4523
5729 3628
8434 8808
1749 3322
9571 4309
4492 2057
9022 8637
2056 9285
334 7582
6762 6218
5541 3572
6069 5257
7404 6287
1653 8819
9446 4858
3363 823
541 5809
2053 9925
7743 9836
8729 2972
2713 1468
5628 2931
8897 9847
3594 4421
6699 9361
972 5725
5963 170
5128 9304
2297 1387
8317 7303
4823 9970
8666 4818
4376 5341
9469 6673
2887 6988
81 1457
5409 9066
8892 3898
4419 1416
6732 7066
9949 1232
2717 9140
3179 7539
3906 1232
2113 8078
2129 3170
3981 2971
3833 5642
580 4704
3717 1900
1206 7078
4947 5707
9648 3067
3455 3645
9847 5031
7975 7335
2656 1642
7983 3233
9413 8277
5143 512
3944 4289
8268 3002
7154 5019
166 4524
6306 824
1400 4043
2945 5843
2039 9596
5245 3554
1445 2227
940 7994
4742 5976
5045 1930
7852 2988
3932 247
7043 1368
9666 5880
2911 4170
3206 387
5588 7354
4320 4691
8598 4113
8664 3355
9769 7335
7721 6792
6559 8472
9205 445
8920 5429
4141 5680
4175 996
3546 503
4106 244
8907 8516
894 1196
7422 1084
7518 2880
9622 6818
7480 1213
6654 5128
7657 4258
9632 9857
6751 4669
2562 4379
9567 8859
6604 7982
1358 9004
7811 3929
9614 5508
5630 565
3655 8814
1721 5634
2140 5840
3327 9865
3519 831
7858 9510
1196 4880
7616 1281
2044 2829
1072 3849
2781 7284
4203 7709
2035 3960
8723 125
8703 6807
9050 7849
359 1371
908 3674
5820 1565
8683 5356
2509 271
6038 858
803 4122
70 7430
3828 6352
5660 8221
2730 4501
3803 8894
7743 1090
3307 2904
658 1332
6104 2314
7040 7562
1239 2424
6306 1788
8653 6964
5148 4555
2582 1531
6354 7482
282 7476
4943 7335
3916 6434
1471 6630
4634 2716
2170 5163
3284 5008
4517 1611
3843 4632
4541 7257
8316 1759
8441 7280
9790 1917
617 5466
3742 2438
6040 1853
5803 3756
7181 6969
7291 4636
5256 5647
8713 3556
5278 4369
5262 2427
9636 1147
8534 1736
860 9675
6022 475
138 7883
7119 8094
2036 8239
6970 9944
8780 2616
5347 8795
6118 4548
7973 7040
9447 5041
3024 3375
5102 6105
8455 3892
1337 4878
4846 5330
5985 7814
2159 9270
141 7653
8621 4537
7952 5517
509 6250
456 6361
8578 2048
6695 4333
261 6340
5651 4407
8199 2291
9933 7821
3506 1351
5783 5130
7592 2187
1107 529
4758 7564
8826 4329
8428 7671
2149 6271
906 5860
3513 4718
2875 1202
2000 8549
6185 7393
2560 8408
5501 4396
1257 1614
3161 6321
5847 2133
3186 1422
5459 3076
2228 7589
1057 6753
6700 6529
413 2214
4692 3966
9104 8209
4020 7721
7451 59
7438 3994
6567 6679
5829 545
9050 897
2886 4743
7387 9270
9072 212
6250 5679
9758 8150
9265 248
1673 2306
4344 1863
7474 1822
1030 4942
8083 5195
8506 6936
3620 4573
5140 7785
5979 5955
7776 5762
5785 7396
4989 6446
2425 5521
1646 2637
3524 3894
7631 8314
6992 3902
9860 3925
6273 8677
3362 9429
1897 639
5277 3899
3755 9693
4102 404
8054 4203
9805 5764
1488 6085
7826 4169
4196 7980
4465 3059
9931 9364
2275 9478
8852 1532
1523 8289
6200 529
2082 8782
660 3575
824 4958
231 4138
4789 2408
8642 8414
2551 5615
3677 3118
3152 3004
1780 7554
3652 5322
1012 9736
7653 5162
3062 7524
2097 694
8976 2330
2797 5408
1749 9970
9515 7926
5495 9197
5068 7546
1801 8125
8333 9374
518 9325
7929 4317
6280 6740
4215 6119
3848 7494
3495 9337
3935 7104
8262 3505
6951 2570
7962 4867
2860 7674
5740 6134
5106 8783
1843 5059
7551 2398
8263 6580
3093 8601
720 9756
3398 6470
7854 4068
1708 7001
2213 4912
4656 7269
6907 1283
9969 4455
5117 8606
3421 6963
4542 5180
8792 1891
1470 6236
7650 2541
2410 9480
9303 9862
315 1917
3784 6081
9020 5015
9050 7325
2729 5913
7003 7148
5274 9039
3968 9697
8970 4019
5118 5998
6185 4378
9664 7134
8915 422
6305 4107
6691 5931
4217 2391
7282 5700
0.4378 0.7137 0.7114 0.6695 0.4519 0.2997 0.8673 0.2907 0.7662 0.6484 0.7159 0.1014 0.1911
0.8684 0.6010 0.8509 0.3419 0.2811 0.8757 0.1250 0.3136 0.4831 0.6412 0.3276 0.8715 0.6140
0.7985 0.6961 0.7011 0.5089 0.2215 0.8576 0.5782 0.8359 0.6373 0.6900 0.7355 0.2692 0.3162
0.1495 0.3903 0.7613 0.2855 0.6063 0.1012 0.8635 0.2384 0.3437 0.2819 0.3023 0.4524 0.6138
0.3622 0.2121 0.5647 0.7038 0.8099 0.8316 0.6857 0.8169 0.6434 0.4222 0.6908 0.7651 0.4484
0.4622 0.4818 0.6510 0.2051 0.6715 0.6020 0.6595 0.3001 0.6774 0.1108 0.2613 0.2102 0.1654
0.6369 0.6412 0.7679 0.7549 0.8720 0.8809 0.7975 0.3554 0.2772 0.2091 0.6986 0.3450 0.8840
0.5359 0.1639 0.8777 0.5118 0.3831 0.7699 0.2382 0.4365 0.7635 0.6466 0.6664 0.2572 0.7575
0.4572 0.1157 0.2212 0.8558 0.6213 0.5248 0.6792 0.1882 0.7840 0.1425 0.4884 0.7404 0.8093
0.4427 0.3779 0.7161 0.1562 0.7758 0.4934 0.6344 0.3868 0.7746 0.8344 0.3401 0.4457 0.3095
0.8482 0.3697 0.6281 0.3940 0.1057 0.7094 0.5887 0.6405 0.5150 0.6067 0.2744 0.6014 0.7078
0.1948 0.3142 0.2198 0.5164 0.3848 0.3979 0.4032 0.3606 0.7017 0.1059 0.2452 0.6589 0.6856
0.1660 0.5691 0.6497 0.4163 0.6597 0.6790 0.8101 0.7186 0.5538 0.1167 0.8146 0.7334 0.6657
0.6142 0.8642 0.8271 0.1440 0.5911 0.7260 0.4030 0.2010 0.6420 0.3584 0.8608 0.2518 0.4062
0.2356 0.8515 0.1884 0.8809 0.7812 0.4629 0.8460 0.8699 0.1392 0.1789 0.5229 0.2936 0.7809
0.3392 0.4155 0.2979 0.7460 0.6856 0.8120 0.3742 0.3489 0.8073 0.7394 0.8073 0.6804 0.1909
0.1684 0.8858 0.7350 0.1260 0.4509 0.7795 0.7780 0.8275 0.1902 0.8854 0.4677 0.7208 0.6451
0.1312 0.8816 0.3917 0.4682 0.2006 0.2912 0.2345 0.7292 0.6906 0.7546 0.1019 0.4840 0.4583
0.7197 0.8505 0.7665 0.2929 0.1266 0.1390 0.1937 0.8869 0.7664 0.1287 0.6831 0.4781 0.4605
0.7570 0.8291 0.2690 0.5952 0.2822 0.3117 0.5654 0.1272 0.7447 0.6319 0.5424 0.6367 0.6219
0.8774 0.8657 0.4821 0.7746 0.3481 0.3405 0.8147 0.2341 0.6275 0.3296 0.7600 0.5821 0.7518
0.6616 0.1846 0.8711 0.6752 0.3588 0.7077 0.8862 0.5606 0.7444 0.5151 0.5139 0.8851 0.4560
0.2925 0.6930 0.4935 0.3242 0.4716 0.7889 0.3425 0.2314 0.7347 0.6505 0.5756 0.2538 0.3699
0.2844 0.1923 0.7712 0.3272 0.8254 0.8918 0.5097 0.4658 0.5098 0.3187 0.2647 0.2965 0.5863
0.3255 0.4225 0.1113 0.5037 0.5610 0.8339 0.2739 0.2483 0.8813 0.7558 0.4229 0.3567 0.1148
0.7382 0.5001 0.8778 0.8533 0.8566 0.7287 0.5097 0.6630 0.1885 0.2294 0.8778 0.4016 0.3817
0.4033 0.7784 0.7181 0.5859 0.5922 0.5254 0.1431 0.2486 0.7025 0.1107 0.4239 0.8180 0.5596
0.8945 0.4231 0.7624 0.1452 0.5431 0.7620 0.3576 0.1502 0.6529 0.2892 0.1042 0.7241 0.8214
0.3330 0.3212 0.7061 0.3289 0.2879 0.5920 0.3305 0.7717 0.1045 0.8095 0.6271 0.7151 0.3850
0.4621 0.6210 0.4010 0.1138 0.5252 0.6336 0.3366 0.6598 0.6521 0.7092 0.8739 0.3422 0.8912
0.7869 0.2772 0.5513 0.8463 0.1851 0.3483 0.3634 0.6972 0.6516 0.3014 0.8047 0.4113 0.6114
