14 211 34
4708 1833
2505 5957
8444 191
6894 2068
2266 8508
2659 9770
1645 605
1480 5692
3006 4981
3882 9354
819 7510
2411 5368
4167 4952
3465 1124
9459 4757
6304 156
7267 2848
9467 8495
2684 3778
9960 8486
7955 6844
6383 1772
9306 700
2873 7645
8146 2813
5690 2831
1054 990
414 9894
2435 5862
7973 2537
1393 4271
1821 6712
7488 2684
3486 1502
2508 2491
4941 310
1121 8387
1317 2039
2371 6352
847 8508
7901 5934
9392 1694
6374 8229
781 6112
6016 3037
4972 6272
7002 1047
3715 4930
8854 4317
9086 8784
9113 397
58 7401
3173 5887
3904 9815
923 4227
4915 3956
6066 871
1856 5572
2897 2543
3531 3241
1626 9951
171 5667
363 1717
745 4556
6962 3433
5098 4925
1550 6822
7883 2132
3048 5411
7032 7873
7400 4045
135 571
927 4462
7078 4473
2060 9013
9711 5633
4785 5634
7433 1423
9149 7719
7375 1710
4428 9088
5386 4536
5834 5068
1006 7689
9731 8535
6649 6171
1528 1173
9189 6116
8065 7640
8357 8623
8312 4081
8247 5229
8602 8850
2340 2759
5678 2508
115 9192
925 6630
4209 6772
2465 6754
7007 6958
9739 339
1334 1896
2577 4691
2425 1225
4485 4498
1846 3819
7941 490
1722 1987
2306 5203
286 9615
5246 897
1073 3877
1533 4345
9574 1852
2001 2967
7008 6555
6284 844
487 9793
4334 800
3664 8076
6491 7575
9054 5272
3071 9993
1358 3789
5446 1384
8096 8272
9015 7867
8530 1199
8261 6471
7726 1542
4088 7617
6768 769
638 8114
105 7254
7805 5271
1863 6491
8083 222
8888 7455
6170 9310
2715 6615
7137 9289
7798 2295
6972 6179
7420 869
1776 1628
2671 4215
9745 3001
4459 1398
8926 1322
4359 8128
7723 5735
4193 9957
6662 214
8586 9726
8534 8223
9374 6613
6247 5698
1092 2564
7410 2057
318 2835
5209 8844
4588 5660
6914 96
7017 8316
5809 2495
3018 3404
6248 4533
1107 1912
3379 2264
1664 2402
146 2775
6703 4800
6718 4380
932 5147
6521 1454
9387 5487
1427 946
425 5608
1494 2559
1939 6383
6891 5814
7555 5711
7478 258
7928 5121
1509 9474
3642 1272
29 9688
3367 2614
7094 4329
9992 103
8842 3840
7340 3637
3090 3284
3320 4596
7811 5122
5018 5235
9654 5140
1379 3958
4331 4271
4239 432
6702 1245
6997 6433
928 1491
502 5430
1272 4748
3894 6629
1185 1060
7583 7933
6636 5273
7768 1895
930 5879
2511 6520
2890 6864
2355 9383
2611 2957
4452 2356
7322 3965
2770 2790
5586 7705
7038 5350
7705 3491
933 1812
8450 5079
2535 3759
1865 8003
0.1685 0.3676 0.5361 0.1996 0.6293 0.3627 0.4362 0.8036 0.1232 0.7553 0.6673 0.2844 0.6037 0.3115
0.4662 0.6730 0.4596 0.8368 0.3760 0.7678 0.8259 0.4325 0.1930 0.3320 0.7595 0.6512 0.4693 0.5113
0.6826 0.3417 0.8030 0.2309 0.7121 0.5430 0.6977 0.1948 0.1096 0.3392 0.5447 0.6649 0.5397 0.2102
0.4498 0.1682 0.6337 0.3469 0.6566 0.1194 0.3674 0.7313 0.5333 0.7001 0.2981 0.2482 0.3017 0.8711
0.8004 0.6115 0.4637 0.5800 0.5111 0.4466 0.7326 0.3111 0.4513 0.3763 0.6705 0.4359 0.2361 0.6951
0.7144 0.7185 0.6689 0.6041 0.1734 0.4195 0.5358 0.1345 0.8264 0.1708 0.2183 0.6929 0.4402 0.5536
0.3636 0.2498 0.2237 0.2336 0.4341 0.2305 0.8434 0.8432 0.5348 0.7073 0.5231 0.1432 0.2207 0.5168
0.4729 0.4432 0.1558 0.3236 0.6441 0.3459 0.3069 0.2507 0.4132 0.6099 0.3514 0.6818 0.4424 0.1212
0.4795 0.3406 0.2408 0.6555 0.1856 0.1926 0.7389 0.2771 0.1740 0.4106 0.5495 0.5652 0.2253 0.2906
0.8981 0.6314 0.8131 0.7933 0.8283 0.1548 0.2348 0.8305 0.5159 0.4918 0.2457 0.8271 0.2147 0.7267
0.8270 0.5208 0.4480 0.1192 0.7627 0.1931 0.6414 0.6428 0.3841 0.3726 0.7703 0.2955 0.2574 0.1882
0.3849 0.6123 0.7822 0.5145 0.3865 0.5704 0.5792 0.4956 0.5985 0.5980 0.3057 0.4058 0.4852 0.7436
0.7320 0.7997 0.4342 0.6351 0.7614 0.8942 0.7397 0.2253 0.4711 0.8404 0.1914 0.1874 0.6357 0.6589
0.7794 0.6869 0.1932 0.1799 0.7199 0.1423 0.6813 0.4633 0.4618 0.6255 0.4312 0.2057 0.7416 0.6963
0.2547 0.8553 0.2534 0.1573 0.4073 0.6428 0.3151 0.5050 0.7975 0.1232 0.7940 0.2645 0.5789 0.1988
0.3371 0.2263 0.5180 0.3666 0.4997 0.3795 0.8150 0.8283 0.6581 0.7277 0.4602 0.2615 0.7129 0.2825
0.2358 0.7641 0.5764 0.7387 0.8956 0.1061 0.7253 0.5776 0.6169 0.6964 0.2885 0.3702 0.8983 0.5344
0.2683 0.3986 0.3026 0.3095 0.5486 0.4360 0.3215 0.8790 0.2439 0.3024 0.3977 0.5410 0.5043 0.8819
0.1494 0.2850 0.8556 0.6755 0.8395 0.8212 0.1817 0.2820 0.8542 0.8778 0.2978 0.3530 0.3366 0.3200
0.8436 0.5544 0.6472 0.6653 0.8329 0.8188 0.8258 0.3569 0.6408 0.4096 0.7274 0.2146 0.4428 0.5150
0.5623 0.6857 0.3582 0.4085 0.4452 0.1999 0.3064 0.4765 0.6939 0.6849 0.6911 0.3520 0.7751 0.2776
0.7268 0.5404 0.5577 0.3234 0.6207 0.3614 0.4807 0.5035 0.4152 0.1371 0.5219 0.8448 0.2872 0.2830
0.6577 0.8222 0.2815 0.2542 0.6238 0.5115 0.6858 0.8180 0.6832 0.1115 0.5395 0.6199 0.3782 0.4086
0.5555 0.3472 0.4135 0.1025 0.1194 0.2646 0.5865 0.8926 0.4587 0.4830 0.1634 0.5214 0.5091 0.6318
0.4821 0.6658 0.8660 0.7325 0.4649 0.2500 0.4083 0.7031 0.1801 0.1729 0.8663 0.1643 0.5628 0.6384
0.8655 0.6440 0.2742 0.2396 0.4960 0.6507 0.5625 0.1741 0.2888 0.4624 0.3525 0.2692 0.7708 0.8298
0.5681 0.2775 0.8945 0.1411 0.2570 0.8931 0.2051 0.7895 0.3618 0.8798 0.3452 0.2913 0.6657 0.8847
0.2614 0.6942 0.4374 0.2993 0.6394 0.1172 0.2077 0.2637 0.6226 0.6413 0.1370 0.5568 0.6468 0.3401
0.4509 0.6251 0.8019 0.1969 0.8029 0.8215 0.8750 0.2211 0.8291 0.3279 0.3654 0.7648 0.4198 0.8361
0.6338 0.4726 0.3640 0.2240 0.2428 0.8672 0.7265 0.8094 0.1650 0.6989 0.7643 0.1896 0.4024 0.5005
0.8826 0.3911 0.1774 0.7875 0.1521 0.6188 0.6840 0.6658 0.2113 0.4906 0.3458 0.6249 0.8439 0.5946
0.8761 0.8311 0.2041 0.2917 0.2812 0.7254 0.8421 0.3620 0.8879 0.8236 0.5599 0.5137 0.5574 0.6760
0.2399 0.8896 0.5533 0.3741 0.6964 0.7857 0.6638 0.6259 0.8939 0.2947 0.8733 0.7100 0.6364 0.4263
0.4478 0.5455 0.1516 0.6236 0.6836 0.7784 0.6330 0.7327 0.3582 0.5542 0.2342 0.8858 0.1198 0.1296
