18 383 27
1303 5219
8324 6026
981 2369
3050 4092
2172 3117
8105 880
8290 3840
1424 3936
198 8898
3519 4622
980 4324
1704 3961
7264 8241
8529 3432
8 2710
5989 962
5218 1184
8545 4118
9881 7145
9422 7442
3645 77
472 3470
1215 8273
9972 4455
7027 5734
2189 6882
9094 4388
5389 2540
2299 8897
2793 8136
5023 604
3094 2889
7260 1584
5062 6623
5340 6212
5435 3157
220 5091
6259 3416
8951 9195
5711 7123
7413 324
1706 3580
272 3574
5950 3836
1222 3135
3731 7271
7414 7836
4735 8618
7034 7758
8836 1311
5432 8423
8536 6135
4943 6456
5762 7453
8794 28
2698 2873
5713 8779
7394 9263
8806 8163
1043 2085
6526 7646
3480 3306
6806 7916
4471 2202
5085 3552
6847 480
9602 3287
7567 2382
4618 4331
285 5482
4212 5661
4517 9186
9236 4424
6292 7832
3693 4872
7904 6014
2538 8224
6137 5361
1397 5374
4304 686
6234 2944
9170 5483
307 2339
1398 5963
5468 2324
3334 7851
2098 3534
6537 6016
6114 320
7405 4478
5502 9541
7119 3951
7645 961
3077 4329
5620 4113
4263 8254
5843 4248
874 4218
460 10
2866 6284
6614 1678
9488 3328
6649 6233
2797 4179
4936 8843
4610 1538
2531 4827
5174 1006
9026 228
6970 6812
2559 5103
2520 1603
572 7209
8806 5369
2914 8758
6967 6075
4740 3055
4561 7568
3964 6222
2634 1498
6334 9951
2310 3753
9861 5191
751 2203
737 9752
3173 5912
1936 7819
1076 7390
7230 1436
2873 9881
1532 7001
2774 1560
4893 8124
8323 476
3799 7961
6350 8291
1752 746
2654 2742
8027 6355
7984 3874
4733 6922
4265 3521
9198 3993
2030 6625
8707 2093
1007 5756
4492 8605
6158 5136
9781 3969
6834 6610
1785 6905
6507 7776
6419 7938
6350 9655
9595 449
3668 2284
4077 1688
8142 9802
240 7750
7403 1369
4263 8817
2863 1213
3423 5040
8913 5356
7182 6828
2998 8343
1841 8646
7820 9482
3550 4345
519 1374
4525 3245
8149 2014
871 7619
6047 9641
5487 5500
3337 3575
6466 5762
6831 4187
4597 3976
3701 3258
7265 9926
105 1384
326 802
6882 2517
3979 3719
7026 9247
857 8242
9047 969
5562 8636
737 5419
8788 6025
547 3848
1030 3136
3675 4424
3105 9509
7352 3818
5667 1917
8039 8551
9920 8630
3426 7756
6912 7823
4362 2515
44 6121
8185 8396
8648 6572
6004 3107
3478 2127
360 671
6955 4724
9983 4327
4660 9064
9849 2207
1470 8391
6546 6585
4839 7484
8248 309
4493 3643
2937 2321
7230 5608
4774 8230
9666 2479
6574 3550
4495 8025
389 7564
1316 295
3415 7113
3449 8132
3888 438
275 178
5740 3336
7955 4219
7733 480
605 2731
8821 2841
4306 4100
6263 7398
2416 3308
104 4857
6907 6928
7095 1796
3552 8846
7059 5403
4779 3401
9338 4679
7229 3648
190 8148
1938 8604
993 2618
4422 6824
4209 1603
8745 2221
9794 7519
6945 7272
7171 135
6346 6395
5175 8933
1200 9030
4710 7111
2539 6010
1674 504
1135 2001
7107 9014
7962 9376
6994 7545
3185 4765
8308 9959
8961 1418
5556 704
456 3643
7058 3693
7313 7658
8073 145
3037 1443
5588 5620
3308 59
8288 9174
6130 2124
7275 53
6851 1593
8670 3330
9251 3433
9035 9115
7051 736
5807 500
513 6056
5381 9636
4080 7752
9628 1580
9014 2222
7793 2156
828 8739
2541 8074
4941 4435
7706 8160
1039 9019
3536 1696
3745 8108
7409 9454
2541 4525
6853 4625
8324 4634
2775 1880
2575 2441
1308 8755
2960 9691
7242 4647
1095 2268
4045 1905
6503 88
2447 115
7348 9567
2536 9107
6172 7
5460 6907
2967 310
6508 8354
4083 2695
6574 1848
7022 9120
8012 256
8803 4065
6851 6282
61 2402
3902 2723
2430 277
2970 3565
9018 2524
3434 5571
9627 5890
9504 2070
3981 661
6090 1640
5164 8371
7773 5368
9308 6771
6254 6673
8074 5050
6158 3462
9081 6899
7735 876
5725 259
542 5870
4556 6102
6433 3658
8162 5164
7688 3359
4812 7226
5529 9344
9907 2855
6416 3345
8012 1498
3405 4564
2407 2275
4978 8964
2839 2805
2518 4171
829 3865
2065 6381
7034 9804
4265 5790
8034 4703
4695 8734
2175 7717
5276 336
4350 5187
1929 1069
7907 4917
5868 9215
2132 1010
8405 5011
9407 5144
2434 3550
9299 4346
5495 8801
1585 8657
302 7383
1201 9730
9024 6721
9903 3781
5117 4698
5699 7995
9032 5630
4098 3686
9253 3731
7070 2859
7179 7112
3308 4871
1465 3078
1268 795
6763 7513
1460 8992
3653 5675
7703 329
8957 8863
824 6747
3887 8834
1989 7520
1064 1
5966 3601
6202 6344
7530 1585
0.3712 0.2891 0.5381 0.1294 0.7005 0.4234 0.4723 0.7159 0.7800 0.1976 0.2114 0.5161 0.6456 0.5913 0.4030 0.3949 0.2593 0.5199
0.3154 0.3389 0.6338 0.6460 0.5601 0.6409 0.6146 0.4171 0.3197 0.7126 0.2845 0.6710 0.2098 0.1233 0.1335 0.3051 0.6432 0.5480
0.6268 0.5195 0.7966 0.2448 0.7992 0.3006 0.3107 0.3771 0.4424 0.2152 0.2692 0.7921 0.4400 0.2130 0.8626 0.5473 0.8751 0.1855
0.6447 0.7791 0.6895 0.5129 0.4594 0.5280 0.7159 0.4166 0.3827 0.1813 0.1780 0.4408 0.7671 0.7956 0.2045 0.8966 0.6842 0.2122
0.7458 0.5079 0.4514 0.7102 0.8459 0.7984 0.2068 0.4494 0.8107 0.7096 0.8453 0.5488 0.4149 0.1934 0.2123 0.2179 0.4655 0.4548
0.8438 0.8857 0.8235 0.7095 0.1063 0.1374 0.6973 0.8380 0.8349 0.3931 0.5710 0.1917 0.3106 0.4227 0.4850 0.1822 0.8362 0.2840
0.8457 0.5449 0.8416 0.8879 0.7722 0.1775 0.4744 0.4904 0.7157 0.1182 0.3069 0.4438 0.8134 0.5191 0.6584 0.1775 0.2001 0.4466
0.7373 0.7692 0.8749 0.3777 0.5613 0.2499 0.1723 0.8969 0.7129 0.7169 0.3333 0.6266 0.8485 0.8594 0.3190 0.2632 0.1877 0.7131
0.5377 0.1738 0.8674 0.8719 0.5612 0.5260 0.3854 0.6612 0.3031 0.5627 0.8948 0.6343 0.4495 0.8528 0.5258 0.6651 0.8875 0.1408
0.7607 0.3270 0.3041 0.8368 0.5212 0.5987 0.4165 0.1548 0.8762 0.1143 0.7021 0.5215 0.2486 0.8037 0.8166 0.1842 0.5091 0.5705
0.3191 0.7917 0.3321 0.1485 0.8870 0.5246 0.1424 0.8188 0.3918 0.5362 0.4873 0.7165 0.4247 0.7752 0.2214 0.5579 0.1326 0.5384
0.1255 0.1591 0.8683 0.5708 0.5548 0.4884 0.6954 0.8091 0.8670 0.2360 0.8590 0.7786 0.6509 0.8420 0.2903 0.7057 0.8562 0.6717
0.1818 0.7154 0.3275 0.3039 0.7132 0.5304 0.2531 0.1925 0.6251 0.8064 0.6296 0.4987 0.8737 0.1737 0.3620 0.7095 0.8695 0.2852
0.5202 0.6371 0.1614 0.7931 0.5134 0.6582 0.6962 0.4737 0.2754 0.8794 0.3478 0.8864 0.2878 0.7668 0.7368 0.6940 0.3660 0.6348
0.2287 0.1730 0.3465 0.4658 0.6905 0.3767 0.8168 0.1082 0.3403 0.7223 0.5989 0.5314 0.4862 0.7319 0.1885 0.7330 0.6765 0.8295
0.4969 0.2762 0.6572 0.7464 0.5643 0.7289 0.8822 0.2673 0.7567 0.1211 0.8333 0.7479 0.4026 0.6856 0.5067 0.7273 0.7107 0.6161
0.2702 0.6022 0.1297 0.7452 0.6585 0.1981 0.5627 0.3900 0.3625 0.1529 0.2193 0.2501 0.5889 0.7406 0.4549 0.1405 0.6845 0.8922
0.4646 0.3676 0.8798 0.2811 0.6528 0.4753 0.5503 0.8854 0.1727 0.1033 0.8224 0.4100 0.8637 0.4751 0.3873 0.8313 0.1516 0.1218
0.5601 0.6655 0.5799 0.1937 0.1855 0.6262 0.7388 0.2362 0.2486 0.2474 0.3929 0.6583 0.4679 0.6201 0.7642 0.2856 0.8536 0.3764
0.4123 0.2311 0.7268 0.1505 0.6970 0.2393 0.3005 0.6706 0.2826 0.3870 0.6389 0.6344 0.2220 0.4151 0.5088 0.5651 0.4095 0.6440
0.1282 0.6200 0.1732 0.4869 0.5383 0.2939 0.4671 0.3919 0.1088 0.3206 0.4306 0.8796 0.3057 0.7585 0.8895 0.3408 0.8191 0.8152
0.2003 0.5185 0.6070 0.5506 0.1354 0.2253 0.3918 0.2430 0.1913 0.6184 0.3608 0.4505 0.6312 0.7032 0.8696 0.3914 0.8248 0.3409
0.8880 0.5766 0.5850 0.8980 0.8363 0.1276 0.3607 0.4889 0.2690 0.7613 0.7418 0.4115 0.1754 0.4724 0.6858 0.6587 0.4389 0.8911
0.7260 0.8737 0.5215 0.1518 0.8652 0.1215 0.8735 0.1107 0.4161 0.4245 0.1666 0.5942 0.7939 0.6251 0.1236 0.8420 0.2250 0.2495
0.1477 0.1553 0.5270 0.7419 0.4801 0.1433 0.1903 0.8449 0.2859 0.6269 0.1788 0.7822 0.1132 0.5329 0.8301 0.8594 0.6254 0.8779
0.8530 0.4713 0.1583 0.3499 0.5239 0.2831 0.1749 0.4083 0.3781 0.6833 0.8004 0.2221 0.7330 0.6580 0.2504 0.1328 0.4493 0.5216
0.2605 0.3488 0.7861 0.8930 0.6922 0.1511 0.7686 0.3199 0.1028 0.2940 0.6346 0.5221 0.3132 0.2918 0.6804 0.1072 0.5362 0.7236
