12 585 37
1514 4142
7224 6108
1121 6355
5646 9347
5875 2760
855 4731
9328 8018
2324 9980
1063 3832
5549 8260
5740 1750
1186 2134
8217 9335
6880 2649
1763 284
3421 2580
1662 6778
3328 1064
7512 9903
5448 420
6819 4028
2819 9731
8630 1506
6194 8838
4125 4806
2023 870
4549 6313
9643 9542
6629 4310
3892 429
8005 5986
8966 858
413 5275
3329 6989
9024 8895
2431 6387
7771 4932
971 3749
3165 7780
301 6659
6543 9942
4343 1361
7250 2268
3149 1123
2447 3492
3980 7442
6822 8616
716 8842
1298 4590
3046 8009
4969 5073
8573 9339
4065 9518
481 6143
1341 1489
7959 8652
4077 6871
2520 409
6908 3875
4778 1167
2259 8927
4410 4300
3117 6138
3460 1972
4293 7789
7064 8781
6911 2815
7407 4745
5874 6826
2242 4766
6059 9012
2327 3142
1314 5866
7400 6435
2628 8575
8845 2143
4521 5427
2294 4592
394 2688
4682 5056
7571 6916
3427 7971
2354 2551
8326 6938
9382 245
2451 5290
7387 3846
4080 7010
6791 354
9791 5178
7691 8589
831 6602
1683 2251
5491 7562
9477 7382
2459 4733
4499 51
8434 9732
1446 9441
7978 3962
9479 8215
5051 3227
5044 7795
2107 6888
4012 3536
6076 2091
2719 2267
1031 8024
3626 4407
1749 4990
8789 8468
3431 3478
8752 7202
6553 5203
8088 6636
1895 8720
8460 1516
615 6291
7966 7408
6814 8103
7995 1976
3653 4211
3627 599
4992 3055
4421 2163
1369 403
4950 3393
6971 6389
8334 8815
6329 2110
7679 1077
8977 9121
6928 6643
8773 773
6542 4000
6832 547
3449 784
6858 1975
2312 8693
895 6391
334 7199
5802 3403
7209 2166
5405 1361
460 6298
7800 7060
708 3464
8408 8194
7669 9327
6453 7542
2800 8254
4764 3127
8950 8424
1424 7579
9262 5778
2107 4210
1223 7358
7164 1937
8328 367
4148 4128
5751 6134
9631 8139
7476 952
3243 5991
9395 4237
5841 1408
31 8533
7714 2647
1079 6484
9960 1005
7263 6816
7694 2136
7464 5899
6442 8200
3290 6370
6583 3326
3851 9271
5027 5236
9018 4052
5578 6421
8656 1640
4187 113
248 8077
1656 985
7788 3894
2141 592
633 8229
2977 1374
3172 1791
7300 4620
6190 5657
1 6952
7467 557
7409 3571
8139 7282
8111 2339
6338 6149
4080 5689
819 751
6822 9032
3934 323
7570 1067
6498 1999
8341 1669
9265 125
1532 6698
3169 1240
1372 554
635 3086
1062 8317
9796 1915
7673 3165
8226 984
926 1486
9916 6226
7854 6390
8522 6461
9193 7440
8930 5476
6318 1313
119 9467
9646 9970
1009 1213
3164 6294
6924 8103
9331 6196
5596 4688
225 1205
6851 4977
8749 5698
9985 372
6329 6666
8054 5311
9181 5335
634 7464
6370 7632
6327 6557
1661 8698
7374 9853
3963 4560
9471 1389
8560 2912
3376 2845
2794 4306
8648 4675
2176 4638
6524 5749
6390 1632
7796 9719
1686 7561
6264 9780
7676 7739
4228 9736
3280 3095
6246 9438
4495 5938
2210 2912
4215 7121
9320 7577
4772 9663
1183 4590
4362 6395
1371 4982
9003 6192
2523 3216
6510 7822
1102 4315
8704 2271
906 8178
8364 7097
8524 2394
4372 2555
3465 4518
4198 3203
1670 8474
3454 9696
3440 13
929 2440
3727 6591
3892 7750
5465 1678
2048 4832
6010 7985
6609 6056
6053 8708
8129 2032
9608 1157
2191 8724
9012 9561
3407 9558
9492 5831
7764 4520
7765 4123
8688 6886
8234 4470
8956 7497
6090 4537
1043 8630
7416 7786
3890 790
336 2900
680 7947
7978 3639
153 1983
9710 1365
1709 1681
6793 7797
1906 6264
2109 2241
4974 9728
164 817
6629 399
543 9363
4260 9602
8719 1011
3613 9020
8476 5828
7210 7559
6536 225
744 9814
3021 4826
7016 7916
3859 2685
6700 1813
9654 8028
2283 3255
3067 5345
9150 2478
441 6730
4078 8383
9465 6766
1003 5861
6089 2232
114 8827
5352 6646
5503 251
5269 3049
6259 2390
4347 4675
4390 3087
8598 855
8644 5547
8120 133
9944 3818
8704 4185
7554 8566
3023 6269
3806 362
167 4131
1836 566
4568 3048
3585 2315
111 6640
7374 4468
2734 1969
1483 6811
2093 7948
8585 601
6916 5543
2741 9151
7383 4898
9865 9236
1730 24
1887 3429
8524 4677
5327 5934
7301 9079
4554 6064
2666 2621
8602 7735
6060 25
3978 6982
7794 8239
7656 140
2955 8378
533 3878
1248 4478
1056 5307
485 153
5934 9434
3315 657
1731 3202
1095 650
6363 359
2882 4907
4929 6620
6732 8359
2853 7774
9657 9735
1476 818
6954 9361
4898 5625
6174 6724
5215 4760
4354 1940
7006 2695
2579 4315
7922 1697
9937 694
4338 1620
8816 8983
9617 8262
9563 2327
2445 5980
1695 1360
6441 7340
2382 5365
2669 3173
3015 5501
8841 630
8770 6425
6963 465
2847 8702
6090 2809
7310 2708
1374 8917
5197 4268
8573 5029
1355 9899
3839 7219
2428 1267
4865 5201
1266 5248
2853 7168
9920 5039
2097 5595
5222 8730
9545 841
3388 9928
5076 3474
163 8355
994 6420
3715 1372
308 9166
6688 1100
8347 9183
1302 7544
9422 3877
9901 7955
5558 5199
2913 6193
1812 4666
5941 9536
9445 2760
9283 8121
853 8978
3112 5192
532 8694
5962 3539
208 4394
7603 2995
7634 8065
9633 238
8099 1864
8930 3723
3566 2062
6332 5579
3669 7976
2029 6452
5021 7340
746 4620
4588 6618
6419 1792
7468 3474
3693 3606
3627 1181
7753 740
7294 1010
2994 6826
9350 5092
4744 3500
729 8087
340 1367
3353 1365
9144 7728
1505 1225
7583 580
2954 6495
6848 9911
1287 151
7783 7197
2901 2615
1681 3649
2381 4481
5545 8376
8561 5624
8341 5844
6761 8464
9028 5103
3760 8275
4575 2833
3727 3770
1596 8258
1486 7476
1422 2258
9817 2415
8676 6024
186 1306
8709 3177
4246 8885
7569 9073
7797 2576
9698 2886
5119 8426
6244 6360
6597 8005
5200 7283
1462 7978
5332 8178
6045 2365
3167 9093
6946 1769
7812 2886
7801 3191
8482 2748
9416 9772
5175 5697
6203 4747
4119 4259
7884 3689
3055 6398
391 9391
352 1576
4434 5508
4986 2720
3682 5616
6032 1314
2324 8299
9185 4778
6846 2212
5642 7056
9034 9934
6082 547
9710 3004
1746 7157
2303 7892
7588 5305
3921 9074
5681 1655
1169 440
8990 7235
6000 5455
7614 7828
7735 5340
214 9895
6909 5117
6376 5797
5185 7110
6311 1020
843 2783
6199 810
4395 3827
3661 2767
9793 2185
8758 9847
2819 2349
787 144
6720 2869
5531 1478
3617 3429
3976 2877
2720 5039
5644 8571
6070 2585
2915 977
3809 8662
3250 3423
91 6101
4997 4082
3919 1812
8114 3211
8666 4476
2957 8744
9417 6257
6278 305
3571 7571
2543 4812
4063 2274
2914 7017
7679 9140
4146 3458
6064 3214
8342 8578
3016 3990
8775 9288
4544 8355
4180 388
8027 1115
2951 7893
9382 7734
8764 4749
9354 898
8519 2168
8785 1856
3464 2205
1069 7904
4524 6459
0.6801 0.2775 0.4020 0.6448 0.4475 0.7221 0.7733 0.4207 0.7237 0.2947 0.5570 0.6361
0.4702 0.6261 0.4616 0.4318 0.8016 0.8775 0.2350 0.3150 0.7146 0.4571 0.2882 0.4432
0.8977 0.1508 0.8918 0.3054 0.1238 0.2073 0.7305 0.5258 0.8195 0.6671 0.8599 0.5420
0.3640 0.6926 0.6486 0.5397 0.8316 0.4505 0.7711 0.3732 0.3280 0.5304 0.5181 0.2560
0.8982 0.6482 0.4508 0.4731 0.7088 0.5931 0.7724 0.4352 0.7218 0.6205 0.7934 0.6454
0.5553 0.6889 0.4453 0.6748 0.4043 0.2569 0.3334 0.8020 0.1376 0.2940 0.8686 0.3723
0.3490 0.8143 0.4413 0.8470 0.2313 0.5715 0.2270 0.2388 0.3831 0.1027 0.6851 0.3278
0.8679 0.1494 0.6971 0.5380 0.2712 0.1493 0.8089 0.4004 0.6281 0.3562 0.2193 0.8171
0.1315 0.1778 0.1786 0.5712 0.7127 0.8648 0.8003 0.6656 0.6411 0.8798 0.1925 0.1918
0.1593 0.5136 0.6054 0.5205 0.1598 0.8104 0.7472 0.6995 0.4972 0.6494 0.1492 0.1625
0.2889 0.7504 0.4806 0.2968 0.1017 0.4178 0.6500 0.8471 0.1859 0.3584 0.1853 0.8193
0.5178 0.1101 0.2147 0.4069 0.3652 0.4847 0.3706 0.3432 0.4626 0.6622 0.1133 0.5245
0.3969 0.2592 0.7469 0.2444 0.1776 0.1669 0.3124 0.5452 0.2470 0.5619 0.8176 0.5178
0.5054 0.7232 0.4485 0.6925 0.5820 0.8996 0.3162 0.7687 0.6397 0.6812 0.1796 0.6457
0.6071 0.1972 0.4144 0.7521 0.8088 0.5663 0.5422 0.3085 0.4386 0.4287 0.8586 0.3699
0.3721 0.5954 0.3533 0.8055 0.3070 0.8869 0.1277 0.5504 0.8502 0.6231 0.5212 0.8388
0.7199 0.2251 0.5771 0.4475 0.1228 0.7110 0.2924 0.5098 0.6344 0.4287 0.2252 0.2650
0.7720 0.2801 0.8509 0.8650 0.2363 0.2780 0.5506 0.5269 0.8851 0.5479 0.8868 0.2235
0.1784 0.7324 0.1473 0.6761 0.3361 0.5690 0.1042 0.2724 0.7699 0.6256 0.5834 0.3977
0.5461 0.6449 0.4051 0.6391 0.6727 0.2151 0.1933 0.1436 0.6829 0.3473 0.5546 0.7345
0.6604 0.8766 0.7008 0.6424 0.4378 0.8760 0.5231 0.8417 0.1677 0.8513 0.2100 0.8562
0.3283 0.6328 0.1923 0.8003 0.4757 0.2670 0.7806 0.3165 0.6188 0.4355 0.8542 0.3571
0.5525 0.8577 0.2131 0.7265 0.1584 0.4116 0.6377 0.1421 0.3512 0.8355 0.6164 0.4348
0.5125 0.5883 0.2021 0.2651 0.8491 0.6447 0.2012 0.2872 0.8699 0.3262 0.6317 0.1481
0.7938 0.6685 0.5002 0.1117 0.6580 0.6604 0.5844 0.1574 0.5255 0.4322 0.1264 0.7493
0.8234 0.6941 0.7592 0.1988 0.6129 0.5129 0.7307 0.8752 0.1360 0.2792 0.1695 0.8272
0.7098 0.4233 0.6567 0.6908 0.8327 0.5914 0.3143 0.3878 0.7650 0.3032 0.4728 0.3346
0.1376 0.6121 0.6246 0.5006 0.2116 0.5304 0.7365 0.3501 0.2327 0.4097 0.7385 0.7580
0.3619 0.2537 0.8903 0.4682 0.8444 0.3861 0.4514 0.2646 0.6257 0.5114 0.5782 0.7111
0.5053 0.5601 0.6629 0.7085 0.8084 0.8570 0.8485 0.2148 0.3167 0.2560 0.4385 0.8246
0.7393 0.5678 0.1319 0.7780 0.8411 0.4213 0.6438 0.6806 0.2905 0.4631 0.6388 0.5458
0.3654 0.3636 0.4473 0.3055 0.1156 0.5485 0.8817 0.1975 0.8453 0.1955 0.1609 0.7015
0.1474 0.6306 0.6228 0.2507 0.4306 0.6033 0.1582 0.1824 0.3592 0.5497 0.1523 0.5364
0.5257 0.5982 0.7124 0.8486 0.8455 0.2515 0.7298 0.1572 0.8932 0.1736 0.5809 0.4719
0.7069 0.4221 0.2015 0.4389 0.8597 0.6487 0.3388 0.8179 0.1974 0.2312 0.2598 0.4517
0.2328 0.4002 0.7307 0.5594 0.4455 0.6478 0.6406 0.3354 0.5332 0.5678 0.2596 0.7169
0.5077 0.7035 0.3355 0.7284 0.1069 0.5723 0.6790 0.6512 0.7631 0.2319 0.4173 0.4273
