12 243 35
2696 7805
4727 8317
6694 798
376 898
6810 8703
3613 6276
675 7346
474 1156
2291 8806
2335 809
4670 5516
9439 541
9030 4244
1238 7000
1479 2823
4635 5205
5857 5405
8278 6765
5859 3746
4727 6387
3972 4120
779 8716
3675 8126
1011 1576
9665 1384
3070 6901
104 6417
5806 6042
1872 1761
4890 6065
5133 7788
1280 9842
3231 4526
6400 2029
2745 3877
4771 3518
7381 8813
153 8411
538 8143
3887 5364
1856 495
9733 7707
1892 5123
3082 945
7153 9204
4395 9458
2840 1118
6990 7254
223 9153
9488 3840
3692 4821
1163 3380
3800 2263
6226 2059
5135 5540
1521 5006
1612 2197
1150 5944
1597 7699
2276 9896
2020 9406
399 4654
9418 2035
6265 5241
8209 7970
5390 6905
1847 9045
601 7725
9244 9300
7598 3994
2623 6594
2101 7076
1798 5756
4104 7294
9499 5258
9460 6735
5606 3898
4778 7709
582 2365
2183 7178
9367 7352
3731 5261
4175 7559
2754 5550
5510 1467
2618 7363
8626 3752
8774 8704
4548 6804
9043 2152
9824 5994
2201 1719
8337 6891
412 3221
3798 7752
6865 3840
7961 491
6408 2868
2345 5512
8695 7251
4328 9737
2336 5341
3027 2761
593 3607
5416 9979
2003 3881
1346 7104
3495 1316
8958 607
2220 4732
3908 4364
2472 4690
1905 2186
606 281
7003 298
3070 717
1493 8310
4077 7673
7987 2457
7285 6196
3653 3545
9586 9472
7873 6750
9673 5452
9945 4930
3792 967
7883 3696
2320 9555
4268 6574
4567 763
5587 4700
1179 9211
1530 7893
8348 431
8936 3596
8320 2114
2457 6931
6622 3186
4685 9854
7947 2272
8132 7024
8012 8302
9309 6231
9506 179
4752 5171
8375 2314
1893 7569
2053 6386
9918 8191
5487 1979
5904 6758
9959 3129
2191 3963
836 100
1556 7236
366 9656
2074 9204
6848 9625
1037 9975
2999 6038
5793 3850
1059 6351
2049 6247
4880 5573
1724 8700
5409 3855
9997 4020
1520 1414
45 5211
7153 2465
2122 4368
8512 6983
9721 3724
295 254
8176 1987
9133 5666
6767 8296
7958 1716
1632 4809
7199 5016
5001 8778
6313 5799
1458 3915
4647 951
6222 6046
3286 5225
1545 6281
4532 4049
4346 6285
6225 8511
9460 8611
6759 998
5814 3606
6377 1182
8279 4990
9750 8818
5768 8537
7141 7416
8119 6720
246 671
4574 7352
7483 6484
7070 1639
5199 4077
9876 3975
8380 5748
4786 9741
885 3914
9635 4233
342 9141
8364 2958
1889 6990
3168 6855
9289 7437
212 2038
6106 459
2448 6632
7680 1905
5344 6201
9030 1782
5134 5331
511 901
3108 2492
3652 7603
2400 6427
5178 5780
9245 6669
1373 9611
9093 6366
1161 3957
6078 8479
782 3938
7472 5187
2334 3238
2732 4043
4567 9557
4824 316
369 3490
4065 4032
7138 39
1924 7256
7077 6288
7762 421
2808 7944
9632 6860
2159 3259
8885 8300
1082 6888
3519 3749
1691 5195
5300 5494
6920 8367
3477 3639
4289 5352
191 8568
0.2574 0.4655 0.4048 0.6023 0.5834 0.4666 0.3053 0.1729 0.5053 0.5363 0.1083 0.8803
0.8572 0.2029 0.5871 0.1815 0.2003 0.6111 0.5773 0.7718 0.4810 0.5916 0.1096 0.2114
0.8823 0.3165 0.8099 0.8919 0.4025 0.3558 0.1201 0.5455 0.3223 0.3147 0.1620 0.5286
0.2702 0.4009 0.7816 0.6948 0.1343 0.6856 0.6724 0.7988 0.3748 0.7791 0.8842 0.7582
0.8939 0.1817 0.2244 0.1480 0.2323 0.4405 0.5605 0.5900 0.7734 0.8677 0.4249 0.7050
0.1227 0.7147 0.5839 0.1859 0.8066 0.3853 0.8138 0.3558 0.7886 0.2031 0.4475 0.5897
0.1253 0.7464 0.3433 0.2778 0.6818 0.2366 0.4786 0.3482 0.8618 0.8559 0.3327 0.5294
0.1977 0.6344 0.1160 0.3004 0.2205 0.2961 0.7052 0.7395 0.8894 0.6620 0.1135 0.6864
0.3315 0.4380 0.1850 0.8142 0.1250 0.5470 0.4329 0.1038 0.3623 0.3178 0.4057 0.6748
0.3352 0.4171 0.6281 0.1460 0.1559 0.1996 0.5682 0.7148 0.1459 0.5164 0.5921 0.3756
0.8646 0.3176 0.1861 0.5346 0.4452 0.1617 0.6214 0.1813 0.4997 0.5606 0.2332 0.7595
0.7375 0.7868 0.3211 0.8613 0.1929 0.2608 0.1714 0.1733 0.7390 0.2087 0.1381 0.1966
0.7495 0.7537 0.8133 0.8458 0.1136 0.4952 0.2388 0.7680 0.7453 0.3376 0.8239 0.2302
0.8492 0.7310 0.2011 0.4526 0.2841 0.3323 0.7079 0.5493 0.4542 0.5428 0.2501 0.8220
0.5071 0.6588 0.1089 0.5215 0.8935 0.4293 0.2886 0.4958 0.5708 0.2909 0.2165 0.3257
0.5564 0.2174 0.1892 0.2803 0.5034 0.2216 0.4492 0.6792 0.1710 0.3570 0.1209 0.8102
0.8001 0.8584 0.3957 0.3334 0.4441 0.6384 0.2955 0.3564 0.1356 0.4668 0.5576 0.8452
0.4595 0.3937 0.6177 0.2086 0.6879 0.8948 0.2064 0.4629 0.6039 0.4211 0.1669 0.5300
0.7477 0.5845 0.2988 0.1063 0.6515 0.1121 0.3437 0.4323 0.2349 0.1998 0.7275 0.7216
0.2026 0.3778 0.2390 0.1501 0.5570 0.3548 0.7948 0.5361 0.2367 0.5852 0.8784 0.2250
0.2001 0.3889 0.5806 0.8927 0.4978 0.3353 0.8516 0.6917 0.1612 0.2190 0.2002 0.2922
0.1879 0.2873 0.2451 0.1753 0.8711 0.1663 0.5558 0.1154 0.2645 0.2447 0.6668 0.2100
0.6642 0.2115 0.7019 0.8245 0.2753 0.6520 0.6913 0.7169 0.2317 0.2944 0.7535 0.8689
0.6450 0.7489 0.6909 0.3817 0.1323 0.3933 0.5434 0.7051 0.8310 0.4566 0.1956 0.3144
0.6258 0.8391 0.2728 0.4469 0.1921 0.8293 0.4301 0.6564 0.2890 0.6146 0.5460 0.2097
0.1463 0.7357 0.7696 0.5475 0.6026 0.5119 0.7447 0.1662 0.6779 0.1833 0.7650 0.1067
0.1099 0.8815 0.4774 0.6243 0.8796 0.2238 0.1402 0.6344 0.8602 0.7877 0.2268 0.3707
0.5494 0.5781 0.8864 0.8106 0.6461 0.2654 0.8269 0.7445 0.2909 0.6485 0.3344 0.2846
0.2823 0.2470 0.8094 0.6753 0.3244 0.8142 0.3332 0.5950 0.7665 0.1088 0.3028 0.6269
0.7436 0.4856 0.7809 0.1435 0.6379 0.3421 0.3381 0.3459 0.7710 0.2733 0.2703 0.3986
0.5276 0.8326 0.3362 0.3949 0.6355 0.1604 0.6598 0.1236 0.3843 0.2287 0.5316 0.7110
0.3976 0.5966 0.8215 0.7425 0.5592 0.1674 0.4629 0.1748 0.6000 0.8595 0.7249 0.7412
0.3939 0.5092 0.7865 0.5149 0.2490 0.2868 0.4331 0.5724 0.3751 0.3653 0.8356 0.2384
0.2852 0.7333 0.1331 0.5563 0.8408 0.2236 0.1383 0.6081 0.1192 0.5091 0.8748 0.6558
0.6195 0.8726 0.6977 0.6231 0.8839 0.2937 0.4444 0.6053 0.3248 0.3534 0.7703 0.1641
