5 202 15
6790 2726
7230 3440
6004 3425
4818 9009
7224 6927
9959 2887
1388 6118
4015 6723
6455 4934
3413 1913
5738 5507
7689 1416
7610 3440
9072 3621
1072 3916
9252 3863
9466 6127
6376 1598
5936 7556
5772 8292
4375 620
135 9599
411 34
1356 7892
7923 5739
6594 2187
8591 5327
344 8322
3430 7429
160 5976
7277 8993
4977 7266
5637 4241
4578 5198
7072 9990
4565 5753
8516 6359
1067 3325
8734 6972
1765 3680
1118 3058
992 744
1709 7439
9745 2599
8115 9939
2519 4960
7642 7585
8349 6142
5063 6819
8784 6240
1814 5057
842 7027
5553 4535
3665 2871
6872 7544
248 24
7188 5844
8424 9362
2087 5530
9129 5633
7648 5155
7212 726
3441 121
7928 7628
6781 2235
4706 214
4069 4139
7860 1071
6564 9624
7854 6165
1823 8422
3938 3339
115 1572
6020 9479
586 1321
9336 7773
8641 1207
4184 4801
2251 9420
2339 1100
2269 1376
1229 8508
6285 1899
5621 8083
802 1130
710 20
2396 7344
6645 4267
8874 5421
4701 7954
7175 7732
4571 5899
3542 7262
2899 6582
1436 5146
3573 215
8697 4168
6663 8695
3924 296
9401 9954
88 9305
9756 3465
7688 5610
2468 8870
495 4733
3438 7267
2465 4005
5093 7114
6071 6289
7647 3914
5005 757
912 7752
2989 5026
1495 2967
9957 6806
9138 7598
6676 9867
2102 3392
4144 4051
5185 6155
7289 8733
5653 9870
7667 9043
799 6743
3364 6780
7 9140
6222 7401
6125 2924
1069 6466
1743 2838
918 9818
4818 2898
5704 6900
4823 7717
3722 2136
3039 844
4734 7060
3280 4887
6552 3956
9445 7825
6782 9590
868 9703
2964 56
8353 1934
1895 7127
1670 1562
1970 4164
2955 5564
5445 7279
2634 2429
346 4422
5500 7136
4766 5392
8650 5174
5919 7720
5231 8146
1617 6988
8485 7104
7513 5462
153 777
7433 2045
7999 2549
1340 5180
3866 6270
9719 8783
3624 6808
3832 2979
8967 5897
8474 1643
5320 7474
7176 2279
1901 3529
242 9359
9342 5959
9508 750
4844 4683
4925 1956
4578 7265
4562 4392
854 2278
1173 9792
2380 3813
6395 153
677 4932
3387 806
3109 2323
6036 5507
3914 6758
8571 2485
4285 4119
7978 6273
2871 8353
3262 7996
2906 4193
235 8568
9354 2242
2395 6539
9280 5518
7605 9281
1917 1037
5300 3105
3464 8656
6279 3989
3866 6989
9806 120
8239 9860
1189 1819
0.2018 0.7580 0.2864 0.1486 0.2245
0.6178 0.3998 0.1913 0.5542 0.1322
0.8187 0.1980 0.2431 0.3906 0.7769
0.7418 0.4544 0.8890 0.1233 0.6174
0.4830 0.8285 0.8478 0.5037 0.4135
0.3177 0.4885 0.5369 0.1062 0.6228
0.3061 0.3780 0.8206 0.6196 0.6483
0.1757 0.3281 0.6018 0.5055 0.2367
0.2069 0.4301 0.2610 0.1404 0.8546
0.3699 0.8451 0.4721 0.1489 0.7287
0.6282 0.4554 0.6149 0.1961 0.4985
0.3647 0.2187 0.5106 0.4157 0.7261
0.5422 0.4083 0.8211 0.4139 0.8184
0.5155 0.6221 0.3599 0.7058 0.2362
0.6963 0.2970 0.5846 0.7388 0.6583
