11 500 22
3689 5215
2569 7439
4942 8650
1927 4852
4240 4770
4855 7776
8697 5890
6816 4284
3742 7407
1760 8710
5694 1025
8746 4779
3755 1591
7628 8500
9372 2752
2519 286
156 6778
1523 5371
4894 4967
8891 9500
3740 7722
7537 9920
8403 644
8792 365
3117 5947
68 8225
7885 8341
5902 6530
8158 1085
3021 3033
8354 9557
8930 4041
3021 1686
5743 8041
3704 9752
1633 4380
9315 5242
5104 9687
4324 3382
3001 344
2318 9863
9129 4195
8198 1862
9930 6383
9166 1557
3568 7692
3101 2574
6654 4219
875 4947
9138 5280
5437 3226
2499 3649
8245 6605
8340 2028
725 7670
9283 9198
8511 2932
8169 9398
4966 4442
8197 9579
5750 6765
2528 5305
7580 5574
2331 5626
227 1543
2021 3598
5872 425
6093 2885
3579 5941
1094 3354
1460 129
6500 734
3664 1344
4081 9398
52 9380
9042 1651
2311 6028
1550 7467
9232 6690
5080 2556
3315 6301
1425 9324
1427 7064
593 5423
1414 5913
7146 8111
1027 9417
8591 4113
5921 4205
1414 6415
2990 3708
3969 5686
1515 5489
5944 5442
3661 8831
131 9709
1982 3899
7507 6218
7233 2170
6307 2036
1701 708
6760 8253
4176 1535
6656 7862
3115 9865
1365 9910
6036 3735
7618 5352
9978 7160
7653 8616
8494 4699
3993 4241
8514 6222
5134 1972
3571 294
5719 41
3266 8829
8480 3968
4380 1510
3303 5356
72 4754
4935 9561
9849 883
7482 4777
3253 1440
4555 9532
7862 3167
9435 6812
5509 115
7303 7463
7549 8960
6247 1206
2603 4808
9797 5831
2938 3958
2085 1139
8805 9357
2551 1474
9085 2533
7134 6132
1003 298
3069 689
9858 4164
1388 5004
1698 1301
183 473
1956 9281
7853 6746
3445 2069
8009 9189
3590 2089
1279 8357
332 9667
6055 6698
9593 5374
7715 2924
9711 3156
646 756
8028 8997
6913 50
3039 4447
8358 127
6552 6757
9176 8342
5895 1207
8672 3472
1300 6885
3003 150
4880 2948
7656 6305
4788 9410
9418 9225
4490 3553
1167 5270
912 2298
1184 6232
3053 9050
6639 8528
8103 4758
1433 8852
9092 5444
4990 5339
4627 4950
5351 4936
7101 4271
8925 645
2736 9924
5706 2793
4232 5754
1656 2144
7441 3167
5622 7677
2819 7644
3690 9405
4896 4362
4396 8149
9921 5270
2744 4619
9195 2355
4770 8555
5564 9302
9326 1214
7235 9474
8358 6237
6464 7567
7827 2906
1030 6787
3585 7120
1470 6780
950 3211
2130 4965
8415 7854
7172 1044
895 2417
9383 4623
742 6379
8395 4099
1117 543
5489 1462
7651 4322
4066 5961
8006 9548
2739 3788
6453 7747
4063 20
3867 4458
8545 848
505 5526
7021 5728
6819 9855
7822 7444
1496 8942
6371 2549
8650 295
5699 290
5875 6711
5151 6590
7762 3212
3187 3331
2349 2756
9969 2261
5280 3682
5722 9691
9703 7212
6332 8603
9640 4585
4872 4006
1572 2794
2283 3556
6144 7590
8710 2352
120 329
1897 5265
3670 9926
9248 8206
9950 1957
522 1936
3990 3808
5320 8513
1573 9981
6368 3551
4091 4738
7502 1035
3987 1498
5185 2257
131 3290
2718 5212
4944 3602
7848 168
7797 4643
5042 9795
4603 7881
2062 3269
9692 3713
9434 2426
5450 5968
2131 9445
7897 5944
950 7924
6085 6021
5446 4588
3497 2321
877 3846
6041 4789
9230 7357
2022 5260
3337 9958
9904 4391
832 5932
3479 9823
6665 5510
7304 1217
5097 4082
8789 7336
6471 2299
5384 6779
9490 523
5132 4627
2455 1267
1888 49
2443 3158
3346 7454
5019 2358
8828 835
3959 6495
1884 6290
2240 8625
1296 2283
121 2055
3105 169
7662 2783
4332 7426
1309 5844
1854 3117
2168 4149
5670 6402
8048 4518
8127 6599
4618 8968
7509 1152
564 9781
7357 7366
5855 3859
4710 7355
7696 4616
8239 2996
6616 5153
9161 9638
6886 433
955 5165
1519 4864
3030 1584
6497 8777
9699 7105
582 1323
1309 7134
1273 6463
1734 6360
6921 2650
5947 143
5093 7170
6487 2456
9408 3407
7698 9768
2467 8363
6014 2771
7735 1914
292 1910
4225 3606
2973 2766
9834 3700
8376 775
8538 8451
7047 2348
5420 1289
4379 871
9132 7074
8366 8392
5250 6149
1387 4658
4714 3062
9860 1835
1482 3617
1916 3691
7987 7157
1221 3693
7562 9214
714 3490
3251 6159
1299 3500
4615 282
7853 9922
4845 3435
4046 3482
7111 2797
4515 8777
1216 697
5316 8024
3179 9671
1602 1674
6668 5714
7933 6240
7666 814
2458 6420
5689 6945
6057 6366
1911 6410
8270 7413
3797 4996
7680 6433
5154 7033
4853 7392
549 9163
9901 3977
1460 4227
2403 3276
6071 5877
8131 1283
7614 567
9968 8788
5531 6549
567 8885
2369 8233
8448 6066
6596 4540
5037 7588
176 5633
1726 4442
7651 154
9289 9374
5704 1796
8628 3362
2576 5568
935 904
377 7580
2633 9360
2963 597
7351 2929
8649 7380
7072 7732
362 8545
4027 1049
8296 8733
7440 7652
7581 1597
2647 8717
1045 6944
16 5184
8241 872
6169 4997
7184 9564
8296 6930
691 601
8685 5615
5925 4001
8076 8242
1362 5297
3618 8675
7549 3153
7924 404
1182 5055
1464 8074
3309 6835
4556 1278
783 8109
9085 966
1563 7798
9331 764
8138 73
2086 2544
7836 4859
4015 9258
902 7038
8897 8768
8691 1001
1234 4166
1828 7443
789 5813
1689 4609
7513 610
117 4439
3910 2635
4042 8473
4631 7049
9693 6388
8254 3392
8281 9758
386 4612
3434 9180
6230 3359
5357 7926
8562 7311
9579 6420
6971 4099
8501 9151
1178 7323
1020 693
8553 8741
5807 1147
650 9623
5131 1326
8057 8418
3864 3297
4034 9641
9566 2243
1821 3999
7524 1309
2211 5265
4410 8353
912 6839
6205 9357
1743 7905
8503 7637
5421 2055
7878 1467
8194 3925
7502 5910
632 3970
1628 8320
4485 9063
2305 2280
2316 258
3788 8619
3166 4405
3149 3881
4402 5815
1291 6014
4011 4892
1981 5621
9505 5967
2436 4870
0.8533 0.7008 0.5172 0.5824 0.4283 0.8352 0.8089 0.6398 0.5113 0.4870 0.2167
0.2726 0.4741 0.1552 0.5734 0.3131 0.8829 0.5792 0.8801 0.6084 0.4168 0.4089
0.5259 0.6148 0.6413 0.4233 0.2135 0.8791 0.7263 0.4443 0.2868 0.4425 0.7663
0.8419 0.3933 0.8794 0.8176 0.8713 0.5138 0.6213 0.6212 0.6989 0.6938 0.6866
0.7315 0.4344 0.8817 0.6811 0.7214 0.4050 0.3072 0.8936 0.3070 0.5311 0.4576
0.3118 0.4563 0.5350 0.7173 0.1282 0.8474 0.7001 0.4841 0.3790 0.7651 0.6046
0.4729 0.3365 0.5611 0.4239 0.7660 0.4016 0.2315 0.4154 0.2058 0.5697 0.1693
0.1641 0.4188 0.6072 0.2472 0.1459 0.7735 0.7084 0.5780 0.8592 0.2337 0.3133
0.7571 0.8911 0.2383 0.1607 0.3402 0.8313 0.6331 0.8500 0.3470 0.6935 0.6373
0.2832 0.8399 0.7154 0.8696 0.5477 0.7214 0.6915 0.2400 0.4439 0.7750 0.5842
0.2593 0.4788 0.3050 0.4628 0.6786 0.2583 0.5475 0.2919 0.7411 0.8147 0.1372
0.3172 0.6893 0.7608 0.8147 0.7998 0.4646 0.1276 0.1552 0.8536 0.7365 0.6260
0.4011 0.1137 0.7645 0.7136 0.6750 0.3286 0.6314 0.3750 0.8018 0.3119 0.8613
0.8113 0.7489 0.2573 0.8200 0.7559 0.8355 0.4024 0.3459 0.1008 0.6156 0.1825
0.4633 0.6803 0.4712 0.4097 0.4296 0.2802 0.3148 0.3792 0.2559 0.4252 0.5156
0.2873 0.7634 0.8055 0.2724 0.1184 0.2513 0.4834 0.2690 0.4276 0.5620 0.2718
0.5949 0.5394 0.8255 0.2057 0.4691 0.8540 0.1100 0.2731 0.3884 0.2527 0.3201
0.6827 0.7989 0.1044 0.8964 0.6433 0.4483 0.7113 0.3934 0.4655 0.5494 0.1320
0.1351 0.5515 0.6519 0.1740 0.2388 0.5652 0.7962 0.8085 0.4645 0.5779 0.2889
0.4425 0.1985 0.3397 0.4601 0.5416 0.3932 0.8408 0.8687 0.2133 0.1095 0.4065
0.4208 0.6831 0.5553 0.8366 0.8608 0.4270 0.1612 0.6302 0.2059 0.1467 0.1876
0.6760 0.6538 0.1592 0.5896 0.5755 0.5795 0.5202 0.3418 0.4764 0.4142 0.2221
