9 447 10
5994 2526
7619 6471
2091 5958
7734 2292
4297 2591
3687 9034
50 2154
1948 6590
9673 1951
6770 4825
9300 7842
3352 3061
2730 7697
5588 55
5514 7082
6938 3978
3087 9153
4960 2513
4927 3262
6112 8734
4270 1237
3552 8489
4855 4877
2175 1246
9120 8772
490 8005
8234 8031
8327 9367
4357 7618
5112 6024
8236 9277
7844 4045
9143 8529
9900 6805
666 5019
7802 7427
8769 5440
5157 5442
5745 9753
7311 2568
5425 7990
4689 4405
6313 3278
3234 6779
4375 3517
3418 2457
2444 4080
972 6405
9172 5885
3058 5383
6442 2914
8594 314
5965 5030
7588 5292
4447 501
8405 3444
3861 4406
642 425
2951 4127
8727 9872
9931 5661
5364 8169
7125 3426
3758 4227
810 3360
3716 6403
106 7572
4832 9229
7185 5517
1893 7116
1439 7076
8291 3919
9331 928
4848 3414
9551 9827
1411 5991
9030 1234
874 3604
2584 882
4821 9851
832 7487
6533 2137
7179 7881
7637 5614
8504 1163
2654 6289
8172 7768
2877 9490
5773 4337
821 7094
2741 3217
1869 4749
2548 7137
1426 7217
4619 3576
1725 3694
9617 8511
8593 781
3003 9089
6473 8009
914 4555
8409 7222
3450 8004
8349 2430
4236 9653
6094 4794
3895 2437
7355 7488
1256 6065
8984 4560
118 4183
2083 7148
7971 2248
884 6561
7910 7531
9986 3357
7532 352
9391 5391
8063 6039
3540 6661
528 9070
2601 7310
3841 3968
3 4319
8888 9400
9342 1338
1091 1083
6479 7866
7761 6481
6156 5716
9701 9940
9645 763
4991 6855
1509 2151
6429 3743
3252 8838
1682 6086
430 8484
4925 604
5049 7776
4510 3818
9333 3635
910 1677
3527 3123
1657 4174
6038 2749
4451 4014
7933 1848
4111 9793
3991 8752
4629 2145
2492 1879
2160 2403
7720 9162
2510 492
7501 2318
3994 4852
7430 7586
7569 131
5968 470
6857 7342
1892 34
6241 6906
5011 5034
7027 4715
4244 1018
9005 3338
4380 8130
1747 339
4730 2134
7922 2571
9271 1095
8176 8963
3911 8128
9919 866
168 8486
481 7698
9920 1785
9539 2343
3454 9424
7578 8003
6240 6162
4340 7860
8837 6202
8341 600
7730 6680
5001 8047
3095 1389
615 7071
2515 6062
2715 8323
1762 9091
1000 8319
7932 6502
8849 4500
8113 6957
368 1361
3598 7371
4323 3399
8017 7513
9094 9970
2534 1289
648 2189
5221 6948
4340 6729
1176 1781
6142 9827
3928 7618
2598 4435
662 1782
2040 4531
7041 7222
5372 4751
8694 8070
1493 4093
5592 8562
9855 2407
9956 2473
1863 8986
1064 9796
5553 3695
4130 7627
8311 7043
9963 4084
792 8601
4506 8656
7977 4572
4191 1758
699 3821
1609 5192
5814 3829
8434 4326
4122 343
1217 63
9921 6094
7324 7917
7423 2130
4984 6467
1562 5786
9357 474
6182 1354
2422 5234
7528 3265
1895 3663
6425 561
8248 6221
8664 5323
7850 3411
1712 588
4194 4573
1965 9292
342 860
7559 3728
2796 7118
2133 2602
9903 7144
88 4395
6949 1458
2362 458
3432 5506
635 5644
6923 9667
5316 1427
9041 2117
4390 4690
4810 203
5788 814
555 9660
4609 1465
6228 3039
2301 5970
5709 3736
5886 765
9842 604
243 6973
7725 9607
5940 58
7469 5764
8540 4943
230 2148
7021 455
7451 1519
9523 8756
6187 850
5976 301
2285 4844
6538 6444
2168 6825
5295 2317
2500 6819
3583 7655
6966 8450
9900 3582
8242 4626
1310 6428
5217 1745
8606 8551
6606 8591
6502 4372
9856 3138
7120 472
8829 5942
4666 1868
936 8784
2125 8066
2067 261
3474 5257
419 4807
9739 5257
9964 5191
1089 5254
6473 5280
6517 4138
5665 2612
2591 9245
1562 6226
8824 4318
5468 7320
6747 8715
4182 9267
3409 5353
3196 2121
1887 9683
4680 6929
6573 1733
4393 3151
2642 1942
3337 6584
6423 6311
2158 5471
5843 8847
3357 172
7779 2867
6229 3676
9801 4812
7514 3150
5503 506
7366 5904
6657 3664
8805 4832
118 7470
4699 7692
9556 9659
2353 8774
1217 7849
3392 8662
7266 5247
1531 6877
5291 8505
1545 8828
314 1875
9012 6312
9278 5188
2032 5509
5993 9537
2809 1038
3607 6580
3850 6604
200 6094
3442 5878
1737 5181
5405 5349
1548 2703
9389 6415
3036 3375
7953 7767
8266 5327
8640 4572
9280 9427
4361 4058
2103 405
3126 6033
995 5974
3733 8416
152 2262
3566 3632
7401 9591
6806 2521
8507 7831
2423 8331
9234 9788
1964 678
1530 2039
6502 7439
861 5681
6067 4133
4878 4672
6163 4100
7947 6191
6005 1694
7261 8744
1656 7573
185 2467
9111 4649
7523 1621
2251 3305
1487 6554
3066 4774
8855 5600
2104 6595
8542 2615
1068 4455
9166 4994
7626 2218
8748 356
7056 6603
7525 4993
1188 4393
819 6720
1084 2540
4812 1364
369 3836
978 6645
5945 9404
32 2298
9509 4862
9998 8187
1605 943
7750 7312
8569 4818
7000 5071
9145 3552
1239 7650
6374 9807
3370 7513
3762 9406
7050 7399
9383 5919
7900 8324
7447 7993
6515 1313
4355 7125
4947 903
5015 5406
4820 7632
3136 2773
451 3575
3850 1557
7177 6589
4166 2044
1208 9216
9299 9202
2317 1714
6788 5886
8494 9088
3821 8904
6905 8725
6243 5068
7150 4340
210 7080
3215 1429
7539 7071
235 9831
7827 6718
4419 5396
4766 4223
0.5661 0.1409 0.7059 0.1178 0.7506 0.2116 0.2274 0.8142 0.7218
0.2059 0.3545 0.1895 0.2252 0.4942 0.1524 0.7170 0.4327 0.1075
0.7203 0.6714 0.7383 0.8226 0.3628 0.3183 0.3071 0.7158 0.5971
0.1205 0.5880 0.7992 0.4957 0.1035 0.1544 0.6879 0.4221 0.4670
0.5260 0.4670 0.4912 0.5488 0.2966 0.7707 0.6423 0.7134 0.7912
0.3556 0.5769 0.2023 0.5257 0.6609 0.7740 0.7276 0.7390 0.5932
0.2294 0.8695 0.7398 0.1503 0.8451 0.8030 0.5611 0.2814 0.7551
0.5308 0.1000 0.8987 0.5706 0.6729 0.2638 0.4351 0.4579 0.7538
0.1841 0.3213 0.4777 0.2100 0.4920 0.6399 0.8120 0.7022 0.6785
0.4826 0.1332 0.2560 0.2494 0.5433 0.4877 0.3733 0.2321 0.3964
