18 662 35
1523 8144
9486 5216
524 6790
8423 1793
8003 3401
5558 1302
74 8563
2884 8415
5670 9805
4652 8523
6975 1268
5023 4643
2356 5913
5864 3111
1707 1928
657 9009
3942 5564
7140 7659
8969 1202
8990 4104
4748 1971
3553 6006
4500 9466
5509 8647
6769 9603
3762 4397
95 8936
2524 8114
9883 1359
7907 9293
2577 8288
8943 2910
6158 5464
3423 3734
5552 1660
8222 7281
8166 2550
8798 579
8319 3381
8865 8148
3929 789
1120 7548
5850 8925
751 5204
6045 3726
7188 1309
2536 6437
3606 9099
6833 7693
4161 5116
2875 6341
4712 6712
4945 2053
7438 8460
1433 75
9717 878
4707 7025
267 3752
8083 5299
1916 5097
7906 8608
6048 2059
5015 9344
5037 5268
8718 4280
6005 326
1370 8475
4411 4980
9220 9598
8571 9933
1894 6318
9787 4234
4621 7961
9106 9941
6022 7696
1956 4787
269 6318
7747 5283
5854 131
2799 5312
5588 6127
226 4373
3052 4023
9011 4821
2126 3285
6725 3299
4528 9276
9628 9158
2149 7701
7557 6219
5640 7895
7936 4020
4710 4315
4609 6850
3397 4990
6957 8648
6929 8014
6425 3030
2086 8093
7352 9279
5997 1636
1345 468
7261 2021
7310 876
399 3786
8461 1542
8925 9693
5994 9943
7086 3306
5677 5045
5335 3431
7995 8362
1185 4507
1452 2206
3875 5144
9978 2532
1831 587
4915 5206
3806 2364
9675 4057
5223 1548
3509 4806
6237 1632
7409 6026
708 4050
2389 995
1316 7053
277 407
5054 6298
8826 9083
6735 1761
9615 7830
5990 6717
5152 652
1292 90
7073 5887
4208 368
7396 3393
8499 1943
4931 8115
3264 5101
6800 3366
2192 6080
6310 2562
5624 3385
1465 965
9931 664
5970 2233
3067 2838
2005 5020
1888 899
3347 677
6828 2845
4352 344
8463 5579
8903 451
2555 7696
5279 2148
8007 5668
8411 5416
3071 4546
1247 9125
5942 1130
2340 7401
5925 4189
6764 9727
1096 3044
9699 9755
6186 718
4348 6300
2456 451
9630 9845
186 1740
2402 720
4243 4802
5965 7578
42 8271
8360 9957
6328 6141
3749 5251
8280 4118
6556 4667
5315 3140
76 5375
2609 6
2482 9682
6201 3221
8564 1550
2993 3510
2670 2269
9556 8387
5904 9132
4016 2382
4109 7647
5486 3697
3976 7817
6459 881
9801 198
4482 6481
1612 7870
2806 8828
751 9497
3864 414
847 66
4715 479
3647 421
807 7061
559 5408
8400 4962
7388 5486
2149 5987
4825 9300
2702 486
544 4898
3803 4718
5477 5451
5135 4741
6432 4089
1804 7222
5092 8801
3326 4038
2326 5501
7904 9637
1672 2498
8810 1212
6380 8542
7826 2965
3914 9239
4360 8342
3330 8227
7781 7234
8439 9283
2757 6002
6513 1325
6336 7826
5822 5136
8477 2937
9815 444
2896 9851
9112 7832
1500 1114
8969 3466
7927 7467
4932 1763
9219 4423
9179 793
7566 6878
7134 3834
9047 9477
5197 8104
1138 2414
567 4215
3501 7294
4045 4711
885 7127
6790 1473
5379 4164
9951 6763
9537 5757
5492 8999
2010 8968
4218 9881
3545 2287
3558 7176
9428 849
4150 4049
9867 9083
242 3510
7826 370
6387 2311
1864 6939
3640 8466
339 1154
5743 6111
8137 5679
77 1117
6392 1011
3065 5010
2908 1041
3110 8950
7452 5903
145 888
8176 8342
9572 5609
7933 9186
3343 9122
844 6060
3645 3414
6754 6747
7762 179
2110 4918
2910 3980
6643 3039
6954 2698
8039 5964
1704 3625
6415 2469
3584 8619
5966 2366
4132 4634
5750 3172
4217 642
3458 5334
7347 6301
5108 1426
7554 8609
4616 6117
5306 9613
2737 2020
964 320
9577 3186
9418 4600
1418 2382
1879 2070
9057 7364
564 4625
4511 9593
14 2520
6184 9402
3925 955
227 5592
6428 6643
2769 688
9363 8231
2984 1177
9326 402
4309 6476
2338 6406
2802 7223
5900 1381
4 7576
6257 1387
9182 7684
8670 3154
742 7238
3672 4318
7138 6572
796 6434
3248 5643
5465 6584
7405 4171
6852 7423
6993 5358
7697 2267
1199 6237
5117 459
2092 182
467 4429
1895 2241
8739 7190
5062 8519
5738 534
9391 2874
7437 1648
8262 3759
510 8786
5425 1149
5536 3893
5743 5505
8991 5585
9767 7351
2732 8680
9129 3104
5341 450
3321 9795
9784 4018
219 8379
7142 8304
5462 9422
784 5625
7946 783
970 7556
1064 9017
9644 8215
5177 910
5271 2474
5239 6906
5211 2679
6171 386
2964 7002
3158 1795
1551 6382
9564 5082
9299 3156
258 261
1562 7551
7006 6617
8785 3914
8355 4389
6981 8136
1273 5135
5455 2985
3619 2760
915 9455
1242 3806
1625 7745
4694 5078
5707 7389
6366 4621
8701 9098
5058 5383
3864 7641
8617 3818
7928 2286
9445 7606
1552 2061
9909 1639
3572 3139
2327 9386
6452 6375
210 5768
2605 610
7964 3864
3391 4813
4703 809
1217 9018
1001 1881
2401 8535
7474 9977
8524 718
3353 2292
5454 6316
9237 2071
6754 5277
3126 8162
196 1584
5369 4558
2279 1238
6864 367
3157 9147
5486 643
3611 2987
7744 3025
4942 8920
5091 7814
9693 6657
9816 8455
2749 2189
6447 4773
2495 2442
1644 5059
5007 395
996 972
2000 3439
3170 1567
9458 3177
7112 4272
4609 2631
8250 1923
7494 8235
6204 6067
358 8645
3266 6501
4489 3071
4868 2706
360 8412
8893 313
230 4853
4804 3465
7915 6296
3775 7080
4061 8329
2906 3647
6902 4761
2886 7881
8254 9030
335 4649
9213 8881
4696 9315
5062 4164
5236 6442
1259 2875
758 3506
5804 2503
2083 1014
9049 263
851 5100
9402 161
5629 1724
8903 2740
3222 1291
7110 8659
4485 9806
5020 2446
784 8131
983 8846
5628 2131
2262 4607
24 5818
9374 9718
2274 4999
7779 6186
4775 9943
1739 8161
865 2024
225 3049
1632 1601
894 9774
4055 1226
4432 113
3901 8732
985 1680
4835 9682
2386 4234
7370 9718
9817 315
2673 9203
4681 7527
7365 8947
6473 4542
5848 3760
8691 6534
5926 1230
4825 5882
8152 1607
1079 3291
6991 7498
1653 6472
9282 3529
9521 3986
8026 1470
1064 2731
3078 6358
1687 7273
3465 4346
2664 9053
5279 1771
5909 1919
4680 7865
1021 4761
3298 3449
6219 5851
2973 179
217 5911
1689 9004
4061 6682
5824 5850
2288 236
8516 8739
5410 738
8656 876
1857 8076
8854 3362
871 2667
3992 6992
3796 2080
8785 7591
2835 6903
6224 9089
3984 8255
2345 2816
6662 5953
3920 2806
6924 9638
4648 1641
1136 847
3532 618
7847 5634
4230 1470
9895 5011
3085 6695
6053 4009
608 4024
567 1997
6782 8533
919 5882
7153 9931
4943 9488
2731 791
8907 1923
7317 8775
3401 3434
1226 8390
464 152
3814 3535
5239 6547
1405 7908
4153 1680
1409 8985
3801 4269
4437 9042
139 3902
3800 3124
8324 914
6531 5414
7144 4672
2026 7135
7267 3095
8929 2118
5666 9031
5354 9846
6508 9463
253 8632
7583 7485
9484 1956
8300 9477
1692 9365
5616 7027
128 1903
9436 6745
8763 2118
9902 90
9246 9986
5084 6718
1704 5611
2477 6182
5078 3186
8831 6069
7210 3562
1473 7459
7476 5326
9078 5907
2072 3558
8495 3336
3460 1492
2229 2772
2815 3113
1630 8921
4447 6924
2028 3830
3443 9489
194 6996
1701 1153
9869 2434
1770 4009
4125 3123
7596 8508
7151 8033
395 4067
2254 4419
4689 6366
1474 2958
2836 3286
3451 3226
4393 6062
5067 6166
4633 5458
1917 6465
2008 8220
2386 5786
2092 7000
3981 4265
3790 1281
5248 1360
4838 9402
2632 1735
5582 7237
6752 8412
7550 1340
2227 1533
5077 4936
2543 4958
8484 9086
4043 5148
4017 2743
7746 8518
308 3276
6676 5077
4099 2932
699 2031
5363 4731
7571 160
3002 3390
4902 2459
9570 1289
9727 7855
484 8087
2994 2550
2370 4826
9057 2679
1004 9657
3426 6018
7397 581
9742 5381
7417 1085
345 610
8124 2223
7774 567
1819 4852
2076 6512
0.5805 0.4294 0.1547 0.6987 0.5364 0.6829 0.8195 0.8497 0.3186 0.3688 0.8330 0.1494 0.5396 0.2255 0.5600 0.4174 0.6820 0.4807
0.4763 0.5615 0.2584 0.2458 0.2339 0.5621 0.6774 0.6818 0.4495 0.3202 0.1023 0.8391 0.8945 0.5859 0.2205 0.3774 0.2983 0.6836
0.3995 0.7923 0.6154 0.4967 0.4493 0.2573 0.8285 0.4991 0.5076 0.5329 0.8159 0.6429 0.4016 0.6145 0.2228 0.3601 0.2434 0.4684
0.8982 0.1595 0.6891 0.8248 0.1749 0.2475 0.6370 0.7368 0.4513 0.3560 0.2270 0.1239 0.6785 0.1295 0.5783 0.2875 0.4383 0.6330
0.3329 0.8085 0.5339 0.1646 0.8681 0.2553 0.6586 0.1036 0.4548 0.4936 0.2928 0.2402 0.3336 0.3413 0.6643 0.4090 0.8586 0.5135
0.8053 0.4458 0.6704 0.5822 0.3408 0.7407 0.2404 0.6792 0.3715 0.3245 0.6177 0.3807 0.3207 0.4136 0.5596 0.6789 0.1264 0.2682
0.5788 0.3243 0.1711 0.5036 0.8358 0.7362 0.1565 0.2185 0.4352 0.7394 0.1044 0.4630 0.6734 0.1684 0.6119 0.6934 0.6777 0.7132
0.3830 0.8563 0.7632 0.4697 0.8726 0.8018 0.3656 0.5484 0.1298 0.1000 0.3706 0.4662 0.1729 0.6080 0.4521 0.4557 0.6230 0.6361
0.5627 0.6642 0.6148 0.8080 0.4719 0.6238 0.6447 0.3009 0.6464 0.8824 0.5841 0.8437 0.1887 0.2091 0.1751 0.4209 0.2456 0.1325
0.3304 0.1981 0.6666 0.6423 0.2215 0.3833 0.7084 0.5222 0.6369 0.4876 0.4999 0.3421 0.2580 0.5417 0.1545 0.2719 0.5035 0.6424
0.2506 0.4049 0.5167 0.1104 0.1747 0.1173 0.4041 0.7421 0.3077 0.5167 0.6291 0.5929 0.7965 0.1374 0.4466 0.4685 0.2740 0.6140
0.6210 0.8524 0.7593 0.8164 0.1339 0.1396 0.6607 0.4391 0.8796 0.7237 0.5288 0.7400 0.3734 0.5549 0.6329 0.1310 0.5569 0.4547
0.2836 0.4613 0.1466 0.7813 0.2664 0.6747 0.8361 0.1994 0.1610 0.3316 0.4235 0.3453 0.2493 0.4739 0.5024 0.4461 0.5076 0.3840
0.4374 0.7517 0.1284 0.4119 0.1273 0.6194 0.8708 0.5252 0.1610 0.8532 0.8563 0.7352 0.2166 0.7189 0.7929 0.2258 0.1991 0.7512
0.3269 0.4473 0.1063 0.6255 0.2977 0.5494 0.7982 0.7659 0.1000 0.4465 0.1086 0.8833 0.5817 0.6048 0.4872 0.5430 0.4797 0.1020
0.6507 0.5428 0.1030 0.3386 0.8155 0.3976 0.5495 0.3338 0.4384 0.8142 0.5606 0.7031 0.6552 0.4367 0.2896 0.1393 0.6048 0.6694
0.4025 0.5670 0.4250 0.7849 0.1221 0.6034 0.8607 0.4436 0.2542 0.3426 0.6864 0.5509 0.7078 0.7007 0.2621 0.1159 0.5624 0.7432
0.5266 0.8701 0.8029 0.5648 0.8142 0.7507 0.7980 0.2708 0.1513 0.7133 0.7959 0.7836 0.5677 0.5928 0.1195 0.7513 0.4593 0.5409
0.1134 0.7717 0.2394 0.1367 0.5066 0.3704 0.6848 0.7622 0.5306 0.5699 0.6811 0.7886 0.5060 0.4733 0.8814 0.5823 0.6857 0.7739
0.1935 0.2207 0.5656 0.6285 0.2908 0.7802 0.4671 0.6861 0.3838 0.2139 0.1010 0.1666 0.5914 0.1218 0.4654 0.3159 0.3456 0.4800
0.3488 0.5583 0.4490 0.5903 0.2937 0.2219 0.4281 0.7193 0.1447 0.6903 0.8479 0.1870 0.5997 0.1378 0.4572 0.4573 0.1235 0.7350
0.1772 0.7626 0.4818 0.2786 0.4500 0.3997 0.6573 0.4074 0.2370 0.6242 0.5436 0.6559 0.7252 0.3167 0.5403 0.5420 0.1571 0.2049
0.4229 0.5877 0.4995 0.6920 0.7242 0.5930 0.6299 0.5012 0.3529 0.6327 0.2749 0.7689 0.1283 0.4794 0.2418 0.5369 0.2858 0.2823
0.5349 0.4350 0.6750 0.5565 0.7407 0.3895 0.5430 0.2119 0.8465 0.2394 0.6482 0.6198 0.8987 0.3454 0.4689 0.3525 0.7347 0.2116
0.8929 0.7699 0.1187 0.8782 0.5063 0.7247 0.4263 0.3629 0.2879 0.6558 0.5291 0.7290 0.2873 0.8278 0.8387 0.8036 0.1005 0.1779
0.1979 0.8883 0.5803 0.4692 0.4965 0.7003 0.5367 0.8600 0.6562 0.4686 0.2551 0.2339 0.1509 0.4824 0.7888 0.1811 0.1741 0.2728
0.7368 0.1878 0.7915 0.3905 0.7242 0.6941 0.2386 0.2890 0.2478 0.1052 0.6976 0.4303 0.8458 0.2791 0.8729 0.5754 0.3154 0.8192
0.6736 0.8873 0.7531 0.8440 0.4478 0.6061 0.3114 0.2641 0.1262 0.1763 0.1000 0.3324 0.2048 0.3083 0.6283 0.4094 0.3789 0.2490
0.8200 0.3817 0.6270 0.3487 0.7046 0.6992 0.4425 0.6785 0.5999 0.7128 0.5417 0.5676 0.8992 0.6721 0.5064 0.4168 0.3492 0.6701
0.1034 0.2667 0.1503 0.2534 0.4035 0.4684 0.6792 0.5180 0.5951 0.8411 0.6719 0.1218 0.2886 0.8015 0.7986 0.8023 0.5761 0.8981
0.8561 0.3683 0.8639 0.1591 0.7928 0.6155 0.3628 0.6868 0.3767 0.2530 0.3826 0.4834 0.1532 0.1182 0.5866 0.4659 0.4156 0.3336
0.7909 0.4533 0.7182 0.5183 0.3523 0.1098 0.4223 0.5269 0.7578 0.5393 0.3334 0.1410 0.3449 0.6932 0.1832 0.4298 0.7470 0.3483
0.5390 0.8657 0.8724 0.6506 0.2860 0.1139 0.2398 0.1923 0.1969 0.5530 0.2896 0.6113 0.5876 0.2225 0.5058 0.8813 0.6276 0.6984
0.1492 0.2750 0.5948 0.1623 0.5986 0.5402 0.8349 0.2902 0.1027 0.2778 0.1260 0.8376 0.3047 0.5978 0.4023 0.3641 0.7486 0.4339
0.2032 0.6244 0.3389 0.1929 0.1040 0.6043 0.3107 0.1252 0.6077 0.4685 0.3061 0.1813 0.6621 0.1644 0.7772 0.5835 0.5257 0.3883
