18 399 27
1143 6858
5766 8188
3380 9660
131 2766
6314 2475
9312 7086
2843 2952
6513 3745
2616 1112
9957 9755
3393 5174
6520 7887
8633 5796
1276 3513
8980 8315
2056 8912
5728 3318
8505 5703
9111 781
1884 4100
1350 5389
9146 9981
2458 8388
6748 3167
7462 6372
6563 9500
1166 1282
5160 3594
7870 1883
2276 5813
473 2902
5404 1757
7050 1725
2517 7337
3357 8744
9988 1944
4948 1738
5837 7868
7808 6715
6059 8417
2022 2052
8652 8623
9581 2727
3200 6346
1150 6027
8671 5554
1091 6548
5826 7699
4224 4785
2840 2172
3605 931
6000 1130
9815 2505
2571 1755
8382 5751
9879 8777
6637 9988
8926 8603
2283 4350
2821 6200
5161 2490
4387 9734
6215 7759
6024 9584
7554 7752
4334 6517
3009 1456
7841 1210
4639 3836
9219 4323
4592 4524
7749 5470
5052 9930
2034 3283
1840 8052
605 1013
2777 60
1991 4604
2814 352
7335 1438
4365 4726
7801 392
2721 8709
4543 1714
437 7720
8970 8197
4118 5986
2916 9884
3378 2051
8421 9599
7927 2504
8441 134
9520 9990
3723 1947
3205 5473
5087 9317
383 2757
8967 1363
5304 6906
6325 9547
915 7450
8510 9376
8717 4150
4641 8638
8986 107
8028 8755
5037 8497
5881 4262
3549 9450
9974 6943
6318 1075
851 9972
9028 9996
6505 8108
4555 7181
5089 6352
2283 9480
1433 6430
1992 3647
408 4368
6847 7835
6153 8739
9772 3343
7970 7883
7148 1420
8955 7399
7794 3505
621 7242
8719 7326
8388 7456
277 771
4863 1871
3299 6069
4684 1113
6211 9906
7051 7159
7672 7951
105 1868
674 9745
4302 3390
8069 7364
7170 6645
2188 779
1435 1937
141 2215
6829 2991
5580 4313
3799 4539
6450 9137
5013 632
4799 9014
8588 3102
2589 9657
9858 7676
4579 7413
9100 9879
147 172
5910 3830
9305 9742
5733 3591
6611 7732
2389 1160
164 9463
379 4258
3553 4329
9277 7206
9148 7877
3996 6102
7788 4933
4653 5246
1808 8149
2860 989
7273 4131
594 5170
3523 357
8455 3424
9090 3575
6318 3831
2403 7280
8608 1350
6025 7608
6821 6518
9965 7446
913 8757
6226 3424
4678 3183
3583 9635
7403 8047
8263 2007
702 2316
6205 2623
7004 710
2712 2301
1218 2447
4036 4899
1134 9554
4522 9079
3430 8013
5162 4538
9747 2997
4622 4671
1342 5865
7470 4735
6133 2271
4540 1557
5873 7181
2876 5284
8461 6033
7453 4467
6498 9651
9668 8823
3548 3416
2389 5280
7037 941
9298 2359
1397 5761
4722 1005
2697 1795
9160 6379
2428 2712
9609 7036
715 2918
9175 3087
2431 6636
9145 6755
218 3006
9351 7404
5860 3100
6844 8561
2996 7557
3746 9434
2047 1756
5583 950
932 3903
7398 9153
8823 8552
2298 1509
2195 4291
9344 6037
4997 7504
6917 9343
8761 1597
8019 5058
7050 5090
1770 1105
198 457
5950 9419
4833 6981
325 5482
8126 9679
4169 1299
5258 2905
561 4227
8773 9015
3268 6813
7694 3034
8596 6052
3778 3435
7093 1256
2940 7950
5376 2582
9673 1198
3149 9820
2627 8629
2034 1645
2206 2276
667 641
1049 4552
2002 5808
3619 4064
628 249
1173 1180
4246 1442
3395 7260
7295 9843
854 1146
8104 7625
5445 2317
92 932
6937 4538
7240 8675
2862 9026
4151 9340
8660 1051
5712 9682
2641 6355
6300 6746
8733 7195
6910 8322
4546 7976
9587 7977
1769 3678
1131 5892
156 2582
3950 2785
993 4270
9925 4644
5879 2233
2346 2850
6923 1598
1142 7469
7183 5340
2267 3917
3729 8689
2463 4399
1443 8857
7911 5443
404 9444
6101 1581
3495 1962
1074 8541
9125 8611
4087 3899
5264 7209
4307 3041
1259 3020
8059 1346
1569 9949
3033 7664
5924 4925
4096 209
8095 3883
3773 8326
3217 3139
7862 8519
444 7965
5539 6663
5021 3681
6422 5878
1657 7119
5733 1580
1759 2109
4993 7723
8102 9871
2722 8583
8396 4849
6373 1197
2046 3817
3845 2268
2360 4196
8648 9860
6740 6290
6374 6931
2968 6847
883 8962
55 9690
3554 6307
6127 9247
8789 346
4733 1549
5576 1662
9094 8329
2175 5305
4771 1940
2802 5821
265 4472
8074 5192
6704 4601
9078 8153
3224 4658
692 3291
9571 9058
9473 1683
6979 8977
5047 6946
4757 7688
4612 5728
1742 1469
8935 1058
2264 9735
3923 3882
2263 3406
1397 442
9053 3249
6561 774
7193 2378
2881 1517
6389 6700
7811 1442
5869 2118
3691 3062
125 5197
4852 5570
5342 4716
2687 3511
349 3890
1039 6860
8452 8630
8528 7450
6193 7513
1131 4711
7338 1555
4909 6605
401 889
5582 8510
3415 3606
6572 5280
987 5921
8285 2209
9135 8852
3632 5448
7371 8586
8019 5806
2152 891
9266 7575
3859 6273
2692 1593
1067 211
6193 7373
3287 1971
8099 3075
9461 1193
5900 6612
311 6980
5917 8394
3094 8641
3418 1459
0.5375 0.7710 0.5863 0.4608 0.8188 0.2779 0.2572 0.8261 0.2985 0.5477 0.7386 0.2618 0.1952 0.8477 0.8707 0.6588 0.6692 0.5587
0.3913 0.6863 0.4099 0.8859 0.3790 0.2248 0.2632 0.8971 0.6560 0.5626 0.1460 0.3409 0.3499 0.1408 0.8303 0.7418 0.7610 0.5526
0.5622 0.2211 0.6429 0.2284 0.1253 0.7658 0.5796 0.1707 0.7910 0.8559 0.4153 0.1659 0.1956 0.5879 0.7269 0.7294 0.2319 0.6069
0.6380 0.2600 0.4075 0.8763 0.2733 0.7670 0.4550 0.2191 0.1042 0.1970 0.2774 0.8054 0.4290 0.5154 0.1563 0.3394 0.8347 0.4883
0.7841 0.6411 0.1992 0.2251 0.3530 0.5773 0.1713 0.6095 0.3882 0.1284 0.7617 0.2058 0.5287 0.5732 0.7274 0.5804 0.7596 0.6596
0.2375 0.4504 0.6808 0.2767 0.5560 0.3356 0.3042 0.5397 0.1844 0.6573 0.8858 0.5952 0.8320 0.3795 0.4208 0.2204 0.2612 0.6563
0.7047 0.6511 0.4011 0.6429 0.5872 0.7791 0.2966 0.6873 0.5624 0.7079 0.2830 0.2344 0.4883 0.4417 0.3414 0.7484 0.2380 0.7640
0.1885 0.1246 0.7160 0.1683 0.2285 0.2079 0.7789 0.4482 0.3519 0.8094 0.7607 0.3645 0.2036 0.4279 0.8050 0.6728 0.7127 0.6020
0.5958 0.7625 0.5664 0.6357 0.8234 0.3486 0.3393 0.8212 0.5989 0.4855 0.4685 0.4511 0.1411 0.6522 0.5968 0.3841 0.8209 0.6215
0.3613 0.7233 0.7815 0.8660 0.5661 0.7376 0.1026 0.4546 0.4828 0.6788 0.7432 0.2038 0.3359 0.7492 0.7595 0.7517 0.1723 0.6373
0.4068 0.7194 0.4031 0.3606 0.8809 0.2129 0.1492 0.8921 0.7501 0.5462 0.3908 0.3362 0.4639 0.5285 0.1114 0.1775 0.4689 0.1762
0.4435 0.8454 0.3392 0.4535 0.5972 0.4411 0.6980 0.2156 0.6736 0.3529 0.3545 0.8738 0.6758 0.7287 0.3513 0.4250 0.8895 0.6809
0.8485 0.1485 0.4986 0.6643 0.7921 0.2664 0.3191 0.3238 0.6096 0.5570 0.1265 0.4890 0.6178 0.4601 0.2226 0.1224 0.6340 0.7039
0.7458 0.1106 0.2883 0.6311 0.4374 0.1013 0.2114 0.1379 0.3739 0.8807 0.1284 0.1553 0.3559 0.6148 0.4442 0.3417 0.4632 0.1818
0.8685 0.3803 0.8422 0.1712 0.4053 0.5282 0.4496 0.8457 0.6421 0.6007 0.2941 0.8793 0.4895 0.7170 0.8316 0.1381 0.5758 0.7820
0.6360 0.7938 0.5361 0.1107 0.7010 0.8628 0.6120 0.4995 0.7002 0.6469 0.7272 0.1664 0.5947 0.7977 0.7145 0.2613 0.6090 0.7212
0.3782 0.1693 0.1418 0.2722 0.4749 0.5714 0.4952 0.7170 0.5990 0.2683 0.8119 0.8227 0.5250 0.7256 0.8488 0.8717 0.3312 0.6510
0.4034 0.5992 0.7733 0.6692 0.4906 0.3064 0.2330 0.4253 0.4568 0.4719 0.5304 0.8582 0.4936 0.8858 0.2565 0.5117 0.6234 0.7728
0.6019 0.4870 0.5794 0.7044 0.4712 0.8440 0.6210 0.1594 0.8026 0.3926 0.2770 0.5411 0.4870 0.8440 0.8606 0.8863 0.7565 0.8436
0.1951 0.3327 0.5819 0.5714 0.1124 0.2720 0.3843 0.6046 0.6871 0.5789 0.2529 0.7413 0.6058 0.3534 0.5569 0.1294 0.2160 0.5289
0.6017 0.8474 0.7712 0.6587 0.2315 0.6114 0.7988 0.3996 0.8310 0.6697 0.3172 0.6383 0.8692 0.8267 0.3139 0.4498 0.2719 0.8018
0.8935 0.2174 0.8038 0.4081 0.6842 0.7603 0.2059 0.6359 0.5963 0.7918 0.6133 0.2947 0.4246 0.6182 0.1143 0.1527 0.6681 0.3376
0.5436 0.7156 0.4324 0.5046 0.4654 0.7858 0.8872 0.7982 0.3186 0.6640 0.5979 0.5475 0.2247 0.1970 0.5170 0.8449 0.5711 0.1622
0.5662 0.5446 0.4545 0.1743 0.5684 0.2916 0.5789 0.1957 0.3169 0.5513 0.4573 0.3146 0.4940 0.8731 0.7843 0.3269 0.3534 0.5270
0.1231 0.5177 0.3951 0.2456 0.8671 0.1326 0.5431 0.3623 0.2553 0.6092 0.3350 0.2107 0.2383 0.5636 0.3784 0.3347 0.5333 0.1116
0.1361 0.3459 0.5110 0.1129 0.1691 0.3306 0.5879 0.7220 0.1082 0.6506 0.4053 0.2490 0.4656 0.7061 0.7094 0.5723 0.4183 0.3429
0.3180 0.2807 0.3068 0.3622 0.1764 0.7291 0.6801 0.3515 0.8377 0.8400 0.3344 0.8324 0.6768 0.8884 0.8611 0.3106 0.5023 0.1418
