10 487 40
4108 9962
5102 8233
1848 8469
4023 3981
704 1716
288 8894
4336 541
747 7363
4377 2903
7740 9884
6471 3470
5535 473
2779 5216
6328 1647
1872 4541
2551 367
4130 1023
4961 1353
8818 8555
8803 7252
1917 165
5089 912
8090 9091
6579 4988
6533 7707
3599 8722
4632 8470
6536 2227
9396 6439
5787 6810
6142 5872
9800 527
7215 5190
209 3482
5043 5394
8754 3540
5388 8648
6105 5258
4214 5769
1227 7703
9440 4878
2837 8087
4565 1225
3355 6133
9596 4211
7641 9781
8974 2869
2349 8898
3503 8632
662 3989
2295 303
8311 7907
1721 4207
775 2406
1590 2483
2153 9677
1536 8203
5488 5403
3456 5329
6336 4374
9985 6306
4103 5623
4316 2459
6440 7843
5845 4769
109 496
9993 2820
7145 3080
5300 7901
7297 9974
5873 8204
5131 6535
2958 3853
7264 9217
3346 804
1232 2357
7588 2774
2859 5632
5539 2827
4547 3876
8629 7819
4710 3863
3844 5858
6130 9630
9736 6355
7248 1917
4757 7524
1445 1735
8846 8305
2013 3622
1957 6994
8212 329
4525 7326
8953 7504
7416 7405
4484 2358
3019 3403
5705 3326
395 3855
8577 68
9419 1865
5786 528
467 9160
6321 4668
743 4629
3257 9952
6801 988
4669 3495
971 5335
9080 9516
4040 9011
9901 1200
9283 8582
2899 3552
8702 7149
7308 345
7882 4941
9649 6525
2369 3161
4909 6323
9930 5858
2062 4855
556 7519
2668 5988
6341 9586
6927 5559
8135 8712
7836 7413
9959 974
7204 6647
7276 9813
3752 927
4206 4317
3154 2137
9859 8540
3895 2131
8314 9637
3125 2937
7059 7926
5246 3449
9362 5506
9386 4364
2261 6095
3813 8858
1423 3006
8968 4319
1331 594
5512 8217
8679 6913
6855 7114
1259 4052
8058 2324
3967 8664
2972 5226
8524 7783
4138 5194
3791 637
6134 2402
2503 2714
9525 531
5662 8378
4125 7422
5791 1779
2495 5012
1414 2627
3901 716
1238 5575
1493 7001
3029 8857
4479 57
8709 4405
2019 2174
1671 92
9114 7715
4076 3743
5517 8405
4194 912
653 6482
7791 2341
8448 3072
1785 5357
1766 8888
4155 3862
2482 5776
7778 6548
8045 2580
8045 7361
7954 6463
1563 1568
3277 3878
231 8564
2112 2098
5935 1920
7297 8158
5181 6880
5546 1501
246 4908
492 7709
1187 3702
4476 6255
8552 4969
6642 6819
8248 2310
3914 8503
321 436
8744 59
7865 5844
9418 9796
2116 4959
6972 4983
3293 4954
7417 156
5890 2818
7984 9042
1380 9386
3495 7900
9188 1411
7009 5823
693 6173
3223 9001
8731 1926
3501 8482
594 5833
1618 895
6661 596
883 654
4390 5656
1154 2645
3352 2419
5132 8953
3228 524
3301 2582
9379 8964
7625 9424
5340 5733
6072 7406
21 1141
4735 1909
9978 6461
3820 6120
8134 3481
3422 1649
8231 7457
4848 4935
759 7818
4573 8591
1578 7624
2136 6157
5852 881
5824 4188
4580 1536
5182 5725
6733 3351
7065 7202
8582 4804
4478 733
2328 1790
2247 8778
9758 1216
1565 4251
9943 8196
7028 9658
3738 2214
4393 7892
5793 5827
9739 878
7750 4330
9643 4617
3295 3652
6229 2245
6168 8515
9184 587
3816 7499
3762 9524
268 7015
3083 8404
4546 9465
2637 9406
475 2174
6838 8879
5051 9387
6198 9080
5877 8915
990 4327
5214 5565
5995 3944
1329 7183
133 3276
7399 4064
8114 9299
3984 1748
3444 5902
1226 4710
2009 8972
2854 269
4692 8261
5593 2293
7674 647
6223 8401
9193 7635
2256 9100
5035 2294
6144 7481
107 1905
5312 341
299 4220
7795 9048
6000 179
5778 1382
4645 7942
4935 3072
7547 2501
2862 6343
9266 4882
5823 4987
9218 6273
1771 7970
4377 8902
3553 5059
7222 6494
5038 3108
785 8938
5511 5125
5838 6252
38 657
6683 842
6964 8026
3637 2927
6795 2555
796 3876
8935 9034
1987 8481
9768 9086
3917 7507
1683 2409
7050 5928
6102 50
3609 9459
8550 8315
3446 7149
1176 6097
6172 3996
7129 7738
3862 9578
4474 3618
3710 7833
7125 8971
1887 6318
9916 9314
1352 2385
9141 2256
5570 4608
9064 1644
2177 5
280 6197
5305 8193
382 4299
9448 2933
1023 1073
6069 1168
6603 9067
7338 9617
4783 2966
4628 9750
3671 5177
3271 2179
627 481
483 3452
8938 9282
5461 6663
2683 3694
6487 1071
7560 6560
3725 3396
1965 7623
1639 2934
6424 787
79 8912
9868 9600
8765 5704
8924 2178
4943 944
6562 5830
6337 5496
8594 5168
5731 2145
1922 4338
1679 4563
2869 8251
5626 276
5796 9703
2529 9895
4838 39
9026 1106
7191 4706
173 7807
9606 5829
5129 1551
511 330
5159 776
3023 8615
6262 7442
5973 2288
9754 4345
4911 7981
8003 3308
4589 74
6018 4580
4890 9206
6248 1907
1454 6513
6823 8022
2735 9525
1032 4208
3167 1249
3140 7930
5834 6485
3014 1441
1669 9310
8366 4486
4720 9864
6767 7421
474 6063
7344 3227
6596 9813
3037 4845
578 7794
4130 4085
6209 805
9566 203
6410 7002
3841 2271
8606 2523
1975 404
4064 5821
1422 2462
7967 5338
422 5
2317 1066
5486 1799
432 2990
7948 6646
30 5593
1490 9423
7783 5253
9539 3028
4001 4116
9832 130
3200 5605
6460 9129
6272 3136
9851 9803
7286 5733
1320 8276
396 7928
7528 512
6443 6312
3029 7125
990 3883
1509 4707
6774 9887
2673 4405
4391 9508
9755 363
6951 7600
984 4506
9362 921
2395 2307
8440 5580
8332 6995
5130 1151
4127 9774
7842 3792
4267 689
4793 1683
2661 9705
7801 818
4485 3749
2791 4687
9648 5516
2070 1622
2103 1791
8293 9160
114 9255
2570 3831
1926 2012
6519 6702
419 9062
7759 4505
3764 3837
7157 4582
880 5592
154 602
3201 6788
2116 2435
2240 7733
5900 9390
0.6116 0.8295 0.5186 0.4291 0.3408 0.3359 0.2939 0.6281 0.1311 0.6728
0.2068 0.1300 0.6513 0.1101 0.8048 0.2714 0.6111 0.3825 0.4419 0.3838
0.2910 0.5720 0.5956 0.5753 0.1983 0.5958 0.7589 0.4653 0.2471 0.7588
0.8953 0.8311 0.5668 0.1377 0.4809 0.7222 0.2956 0.3631 0.1085 0.5463
0.6519 0.7726 0.4943 0.2775 0.4296 0.8942 0.5456 0.8254 0.5474 0.6211
0.7147 0.2682 0.4687 0.8314 0.1271 0.8523 0.7502 0.2374 0.2819 0.8867
0.3745 0.7117 0.3906 0.8785 0.5445 0.3328 0.7625 0.3227 0.8503 0.5575
0.6396 0.2965 0.8482 0.8705 0.4038 0.5475 0.7882 0.2966 0.8153 0.7363
0.1963 0.8803 0.5121 0.8442 0.4279 0.4066 0.2219 0.2513 0.5127 0.7276
0.8103 0.8229 0.3233 0.8072 0.5709 0.3883 0.7387 0.6824 0.7889 0.3980
0.8540 0.7262 0.2459 0.5743 0.5588 0.3328 0.5568 0.8822 0.1640 0.6049
0.3388 0.6460 0.4851 0.6126 0.4397 0.3610 0.4173 0.2231 0.3543 0.2257
0.5800 0.3235 0.2866 0.8428 0.5226 0.5416 0.5206 0.3327 0.3689 0.5975
0.2309 0.6051 0.8693 0.1287 0.7130 0.8495 0.7754 0.4611 0.4548 0.4456
0.4234 0.7109 0.5974 0.8605 0.5365 0.8557 0.3932 0.8416 0.5086 0.8080
0.1119 0.2322 0.8179 0.2949 0.5106 0.4066 0.3676 0.5462 0.1503 0.8207
0.3985 0.8158 0.4440 0.1220 0.2344 0.4281 0.5770 0.5222 0.1838 0.7804
0.7395 0.5928 0.7904 0.6284 0.4420 0.2295 0.1695 0.2501 0.4425 0.7077
0.2861 0.3517 0.7379 0.2471 0.3720 0.5150 0.4954 0.8991 0.8754 0.7763
0.7499 0.1024 0.7029 0.6312 0.5431 0.2639 0.2849 0.8968 0.5289 0.1207
0.5968 0.2211 0.7183 0.1439 0.4791 0.4187 0.2383 0.4438 0.4087 0.3240
0.4233 0.5102 0.8441 0.1973 0.7875 0.5687 0.1610 0.1739 0.2690 0.1729
0.3350 0.4623 0.7330 0.7004 0.4829 0.5394 0.7445 0.1268 0.5842 0.2327
0.8049 0.6177 0.3254 0.6206 0.1907 0.8829 0.6314 0.1638 0.3511 0.6571
0.8107 0.1694 0.3408 0.7967 0.2333 0.3768 0.5280 0.7140 0.5646 0.7223
0.5810 0.6169 0.8987 0.7543 0.8523 0.6888 0.8367 0.6741 0.5282 0.1933
0.5920 0.3809 0.4673 0.6586 0.5667 0.6063 0.7201 0.4224 0.4066 0.3234
0.5848 0.8793 0.8760 0.5846 0.4518 0.7433 0.8992 0.7427 0.3593 0.5257
0.4842 0.8296 0.1923 0.1334 0.4375 0.5911 0.3060 0.6826 0.1749 0.7376
0.5353 0.6448 0.6458 0.7590 0.7238 0.3048 0.2595 0.4439 0.2960 0.3458
0.4515 0.5219 0.3619 0.8345 0.5945 0.6718 0.6654 0.7432 0.4621 0.8545
0.6828 0.5648 0.2615 0.4888 0.2133 0.7671 0.5480 0.4644 0.6330 0.2610
0.4880 0.2696 0.2542 0.5134 0.4632 0.7862 0.6042 0.2806 0.8225 0.5162
0.8372 0.6568 0.2191 0.4870 0.6807 0.8874 0.7952 0.5886 0.4430 0.4096
0.4315 0.8443 0.5156 0.4391 0.3247 0.1622 0.1593 0.2906 0.7103 0.5220
0.8090 0.5179 0.6917 0.1229 0.7912 0.6418 0.4683 0.6392 0.4561 0.5224
0.6151 0.2165 0.8979 0.2373 0.3193 0.4118 0.6741 0.8341 0.8091 0.4526
0.3357 0.6283 0.5007 0.2826 0.2053 0.5705 0.8652 0.5923 0.6806 0.5147
0.4060 0.2968 0.6746 0.4371 0.4651 0.3263 0.7757 0.4463 0.2401 0.5732
0.3544 0.3160 0.6973 0.4041 0.8547 0.8222 0.2893 0.6637 0.5873 0.3363
