14 317 56
6040 9043
4698 9445
5277 7055
737 1488
1757 4177
7410 1768
4422 4645
9873 7584
8265 4950
6967 2729
1585 3992
7764 5253
401 8460
4575 2235
3898 4454
9447 3216
1428 1269
6728 3015
8465 3489
615 9061
3886 2793
8921 3214
2362 7644
1452 7533
110 9552
7753 1476
2543 9099
8676 1962
810 3287
9743 4265
4835 9335
2843 491
897 9817
4486 1918
4422 7494
8035 863
5166 5493
6903 4167
5567 2720
7118 4613
9033 6445
4064 609
4407 1779
5358 2887
7487 1621
4904 5961
4603 415
1669 5405
3 9351
1818 6170
2238 6069
1023 4945
2594 275
6767 5509
5592 5052
2791 1297
2038 7586
8945 4795
5325 9613
9692 5710
722 7695
5754 5480
686 8870
4159 7531
629 9576
6134 2922
7229 7443
974 1631
9175 148
3121 5813
634 412
1364 7745
619 6322
7849 146
3169 3242
2359 137
1741 6753
4212 566
8017 2958
1255 6667
9129 2538
7449 4551
8031 572
6137 1184
2141 6487
2194 7708
3638 2759
8153 2095
9695 8129
4181 915
6791 1920
9647 9426
2316 6451
2651 4438
8031 6356
6570 9305
6380 3471
1804 6312
4011 7987
1214 7876
2362 7362
9630 9744
8600 4256
9986 53
3992 3431
8873 7898
8455 8945
492 125
1928 6495
5585 1809
7813 1667
8050 3356
562 2708
7272 8048
6112 9422
1492 4840
5419 9962
4624 6728
457 4270
5394 4977
5505 8579
4519 5995
3205 8349
9480 100
4056 9423
6246 7888
9181 5770
9485 2822
8617 2631
9487 4248
3116 1052
9073 1201
5867 1423
8843 4544
9191 7370
2827 4793
9909 3572
6602 4912
9331 7344
1574 9994
8272 4092
6976 8623
4492 8324
8216 4220
1256 4442
3782 9462
9555 2527
9853 9483
9543 7702
6373 4802
9981 4185
4104 5945
9500 1806
5732 7981
9524 8721
4800 1505
550 6840
5630 6576
3462 9159
5170 2657
1100 7284
8762 3342
6645 607
7089 1266
3522 5433
3712 7176
4894 1170
3291 8739
7817 5888
4288 3932
2398 1100
4179 2073
3614 6986
541 5984
1833 4712
1695 8422
4818 2514
2422 5766
4501 7040
5395 9097
5700 2070
9480 4365
8914 8659
9924 6177
3034 2717
3918 5127
3168 4503
7290 3479
3805 1481
5686 5854
8544 3344
847 3452
2885 4146
8049 8983
776 4231
4184 6990
9120 7092
2307 450
1770 5071
8754 8503
5684 2310
308 8374
5059 521
8367 9749
6403 9605
9041 9030
3687 8011
8968 596
6864 5648
7011 971
9727 6220
1940 2149
3165 5307
7514 4025
8945 8127
9843 2648
5901 5759
1961 8094
7828 2439
7673 9982
5416 5883
3984 5616
1109 9527
6323 5063
1455 182
9145 3047
7695 745
7629 7459
1514 9570
6138 5242
4664 2080
9320 3268
5905 8625
2311 3529
1949 1842
7861 838
6239 8740
4750 1703
6235 989
8921 7338
2765 4415
6152 2758
430 9817
3813 1315
1419 8387
4076 1209
9289 1325
3869 9872
9801 2063
5503 2618
2936 1783
1126 3247
8055 6115
6609 1453
6942 8224
5506 589
5788 4100
8537 232
3062 3335
6007 1734
3465 1584
6647 502
4524 9802
5893 4682
5913 155
1530 1208
7866 1568
157 8641
5390 8081
4054 4036
4435 8869
2449 1746
5385 6539
2545 8427
2312 1922
4519 9939
9802 7447
5990 4425
9715 4626
9650 9597
1768 562
9578 4783
8183 5218
9530 387
1867 2245
1880 2002
1665 5763
2775 1807
738 7901
539 4178
6040 3240
9017 3157
6517 6180
517 9645
4447 5693
6571 9876
2836 287
318 288
8842 9148
7382 7407
3081 4568
479 7380
7407 6071
3070 6935
9219 3945
2518 5607
3129 7292
5488 8338
5061 4711
7315 8984
763 8430
7188 5668
7983 7392
7633 1097
1859 880
3832 1802
9107 8300
143 5090
8822 3772
6840 7675
678 3252
5608 8941
8862 3108
2013 5191
9459 3020
8732 8616
7769 6447
7072 777
5548 1904
3243 304
6378 4557
0.3628 0.1740 0.5172 0.4394 0.3758 0.4341 0.6284 0.1350 0.7387 0.8179 0.8239 0.5643 0.8794 0.2566
0.5028 0.8410 0.2404 0.2919 0.8212 0.3096 0.2546 0.8731 0.6756 0.3176 0.4127 0.6428 0.4796 0.6587
0.8009 0.2061 0.7029 0.8128 0.2304 0.4713 0.4154 0.1786 0.5684 0.2006 0.4560 0.4304 0.1658 0.5480
0.3777 0.4095 0.5087 0.3082 0.4078 0.2981 0.7932 0.7878 0.8049 0.4299 0.2252 0.6724 0.2376 0.4271
0.6699 0.3070 0.3140 0.8163 0.6876 0.7070 0.4403 0.3346 0.3125 0.8689 0.5540 0.8178 0.3955 0.2856
0.1767 0.1223 0.8890 0.5507 0.5581 0.1141 0.4112 0.6759 0.2926 0.1224 0.7470 0.7109 0.2456 0.2101
0.5649 0.7124 0.1469 0.5066 0.7960 0.8816 0.3796 0.7433 0.1804 0.5345 0.2940 0.4137 0.1988 0.7903
0.3405 0.4556 0.6722 0.2241 0.1938 0.7346 0.2180 0.3911 0.1795 0.8318 0.6030 0.5651 0.1929 0.6636
0.2381 0.7844 0.5914 0.6228 0.6478 0.3402 0.4635 0.2998 0.3907 0.6500 0.4660 0.6993 0.4888 0.4047
0.6931 0.8197 0.3391 0.8557 0.8664 0.6217 0.7349 0.7327 0.6337 0.2688 0.2369 0.1463 0.2169 0.6591
0.8173 0.7195 0.7919 0.1644 0.3654 0.6909 0.3403 0.8979 0.3731 0.5345 0.6352 0.4465 0.1968 0.3959
0.5542 0.5135 0.6851 0.5418 0.8078 0.1225 0.8411 0.2505 0.5872 0.5031 0.4187 0.5836 0.8452 0.7694
0.4184 0.4141 0.6131 0.3373 0.2562 0.1866 0.6318 0.2385 0.3776 0.4066 0.7723 0.8776 0.8973 0.5314
0.3830 0.7352 0.1488 0.2908 0.8418 0.5516 0.3427 0.4861 0.8809 0.6520 0.1814 0.6978 0.8631 0.3902
0.3963 0.5306 0.2303 0.7063 0.3271 0.2067 0.4277 0.4162 0.5346 0.4115 0.5045 0.2754 0.8005 0.8256
0.5648 0.7138 0.5692 0.7487 0.2633 0.8260 0.3976 0.2958 0.2142 0.4917 0.5274 0.6737 0.3670 0.6663
0.1955 0.1693 0.3966 0.3960 0.6849 0.6080 0.3237 0.2483 0.1384 0.5054 0.3604 0.5810 0.1755 0.4124
0.4033 0.2091 0.4320 0.6184 0.1590 0.2371 0.2981 0.6610 0.3203 0.6246 0.3924 0.8651 0.3333 0.4032
0.3578 0.2956 0.5924 0.3055 0.4655 0.7633 0.7732 0.7290 0.2985 0.8293 0.2383 0.8397 0.1048 0.6069
0.2792 0.5756 0.5300 0.7236 0.5533 0.3472 0.3452 0.1349 0.5176 0.5975 0.8138 0.4375 0.3487 0.6851
0.6410 0.4161 0.2001 0.6547 0.8614 0.4983 0.1210 0.3439 0.5245 0.2157 0.6637 0.3250 0.4332 0.7497
0.6997 0.3535 0.8132 0.8859 0.7837 0.5134 0.7048 0.8874 0.6467 0.6916 0.2049 0.2387 0.4082 0.1393
0.3302 0.7797 0.2546 0.4896 0.6696 0.3465 0.3426 0.7958 0.1330 0.1139 0.8813 0.5012 0.1456 0.5930
0.4786 0.3802 0.8611 0.8932 0.4324 0.3548 0.5779 0.1143 0.6922 0.2428 0.7347 0.8187 0.2946 0.3549
0.3079 0.4970 0.5355 0.8927 0.2988 0.3313 0.3501 0.3954 0.8295 0.4019 0.3300 0.2383 0.5724 0.8495
0.4814 0.6251 0.8936 0.2534 0.1091 0.1636 0.5877 0.2499 0.5123 0.6197 0.2221 0.7091 0.8136 0.2128
0.1074 0.4069 0.5535 0.2217 0.8292 0.3399 0.2121 0.7528 0.6965 0.1034 0.8589 0.8420 0.1968 0.4533
0.8983 0.7462 0.1794 0.8670 0.5968 0.7048 0.8241 0.8394 0.6189 0.7358 0.4981 0.2243 0.2010 0.3567
0.8783 0.3234 0.6954 0.5217 0.5739 0.6847 0.5067 0.6712 0.4512 0.7825 0.1669 0.5976 0.8321 0.5161
0.6866 0.7506 0.8812 0.3279 0.3771 0.6863 0.5064 0.7418 0.3157 0.8974 0.3155 0.3577 0.8422 0.8938
0.8700 0.8923 0.1807 0.1070 0.2686 0.6868 0.5457 0.7808 0.5208 0.1917 0.3436 0.4909 0.3301 0.3999
0.7183 0.7870 0.2602 0.5631 0.5337 0.8676 0.8611 0.6806 0.6845 0.4928 0.1750 0.2857 0.2857 0.6591
0.2398 0.7224 0.3263 0.1488 0.6839 0.3911 0.4157 0.6852 0.6583 0.7002 0.2047 0.2701 0.4820 0.8176
0.8685 0.3234 0.3384 0.2503 0.5462 0.3217 0.3171 0.5158 0.5565 0.2507 0.2686 0.4466 0.3933 0.3830
0.1768 0.2237 0.4915 0.2640 0.3680 0.7313 0.7333 0.2533 0.4865 0.6322 0.1363 0.8021 0.7989 0.1606
0.5112 0.5082 0.8847 0.4941 0.4034 0.3717 0.6133 0.5712 0.3668 0.7652 0.8047 0.2987 0.3129 0.5990
0.8260 0.8414 0.8006 0.7093 0.5275 0.3882 0.7685 0.3271 0.8796 0.7811 0.7899 0.6121 0.7775 0.2429
0.7118 0.2863 0.3669 0.8500 0.2266 0.4324 0.8690 0.3312 0.2437 0.6870 0.2167 0.4821 0.8992 0.1925
0.3088 0.6807 0.3848 0.8863 0.5522 0.5490 0.3514 0.4398 0.5133 0.3658 0.7448 0.1361 0.2012 0.6233
0.4995 0.8638 0.8127 0.4493 0.5531 0.5800 0.8553 0.6283 0.1912 0.2059 0.7446 0.1288 0.2768 0.6559
0.2753 0.5955 0.2440 0.1403 0.7326 0.3165 0.7724 0.2510 0.6178 0.1348 0.2542 0.7375 0.7869 0.7117
0.2319 0.5578 0.3166 0.6147 0.2923 0.4923 0.4812 0.4893 0.6240 0.3114 0.5223 0.1072 0.1075 0.4812
0.2135 0.5248 0.7154 0.1620 0.6943 0.7376 0.4102 0.1271 0.1657 0.3281 0.5582 0.7978 0.6305 0.7863
0.6688 0.4798 0.7175 0.6351 0.1959 0.6966 0.6643 0.1637 0.7346 0.4636 0.3818 0.5384 0.8565 0.3158
0.5768 0.2548 0.6752 0.8734 0.4932 0.1129 0.8027 0.8483 0.3842 0.3809 0.8308 0.5277 0.1336 0.8632
0.2207 0.5415 0.4408 0.1890 0.5064 0.3297 0.4882 0.3424 0.1038 0.5897 0.7130 0.2956 0.3024 0.6726
0.4005 0.7158 0.2704 0.6124 0.4783 0.5751 0.4621 0.2954 0.3651 0.1027 0.1656 0.8677 0.4273 0.7540
0.7004 0.7484 0.6420 0.5400 0.7786 0.4675 0.5861 0.7453 0.3685 0.6517 0.7525 0.6738 0.7668 0.1369
0.2295 0.5423 0.4708 0.8565 0.4260 0.7804 0.6173 0.2818 0.4462 0.2834 0.1417 0.3066 0.6116 0.4127
0.7454 0.8807 0.2613 0.8220 0.7716 0.2731 0.3713 0.2513 0.3831 0.8388 0.2100 0.8131 0.1299 0.6394
0.2882 0.5371 0.1674 0.8228 0.5509 0.5426 0.3637 0.2063 0.8131 0.6361 0.1347 0.5591 0.4519 0.4620
0.6217 0.5121 0.3946 0.3172 0.7352 0.1577 0.3614 0.5986 0.4178 0.7317 0.1949 0.8201 0.3668 0.6216
0.3618 0.1367 0.8297 0.6629 0.4380 0.3234 0.4044 0.8465 0.7720 0.6669 0.8160 0.4602 0.6315 0.7996
0.7127 0.7213 0.2906 0.1501 0.3556 0.8025 0.3636 0.5635 0.4825 0.3373 0.8720 0.1648 0.3569 0.5091
0.4581 0.3066 0.8504 0.6057 0.2018 0.8701 0.3229 0.4386 0.7603 0.4720 0.6422 0.3742 0.2436 0.3933
0.5214 0.2522 0.8657 0.2170 0.1568 0.8497 0.8384 0.1381 0.7766 0.8529 0.3935 0.1416 0.5803 0.1401
