8 176 32
841 4775
3284 4630
1506 6831
9056 3802
7180 6898
6453 1743
9212 441
2767 3376
2510 5720
4689 6602
8944 7046
4549 1404
4296 8575
9432 9676
7534 8856
4157 1045
1625 1858
4095 6778
239 2674
9815 4176
8809 5719
4192 6664
2937 1129
9697 1699
8295 4601
5782 2395
9847 980
9685 720
2520 2187
5037 3199
8385 9474
9632 6381
2754 5330
7109 2994
9645 1266
1458 2003
991 6750
4359 6949
994 6626
9645 6988
5002 8124
6518 4748
3178 4016
9353 3589
4372 9517
7536 5716
8836 2335
4287 5642
7423 2460
4514 3443
8529 8790
9413 2358
6203 5145
3771 2795
5043 9318
9327 8483
6680 7268
3467 2887
68 2379
1452 6517
5707 9488
9103 9271
4074 2832
2612 5115
7838 9002
4534 5713
7659 7850
9679 7371
3242 463
3273 9456
6774 6482
7395 124
5082 3611
5485 1548
8868 7564
1536 3001
667 5836
3476 7353
7236 7777
8812 7185
3149 7658
2390 5482
7095 5845
4642 1922
483 6508
6840 986
7039 3257
4015 9190
7655 4748
5108 2642
6827 9170
8600 6119
7943 5496
6490 1878
9011 9346
6673 7933
2745 262
732 3867
800 7398
687 6917
8802 6494
4945 6665
2636 4061
1894 2784
7473 1004
5680 479
3832 1544
6604 3356
3971 2103
1387 7349
3222 1385
1321 4939
7441 1261
7483 1555
5206 6790
5117 7182
3942 4459
5741 4634
5975 3348
1436 401
1948 712
325 3573
1147 8161
4047 8296
9897 9363
501 2846
6374 9370
6164 8132
3 6782
2863 4218
4954 5731
2629 2337
874 9587
6186 1883
3442 9524
9533 3920
7290 45
3580 4474
6308 1755
106 1070
8335 3531
8396 7282
8472 5536
4120 899
7081 3783
6418 399
9993 9298
5891 4491
4243 9901
579 3008
3090 6874
9880 1617
9486 8231
8064 6261
1738 1381
3531 5139
5475 9427
3934 8210
3022 3717
2675 7859
6434 7154
4824 7757
8328 377
4417 6078
1122 6130
1035 2011
5556 8560
2288 8167
3969 9300
8165 3242
788 1650
3438 5738
4492 6530
511 5126
5831 4327
7906 4331
453 5876
7602 5888
4496 4143
8506 3972
3513 6042
4792 5784
9016 374
356 4527
0.5336 0.2652 0.2466 0.5233 0.4554 0.5951 0.8176 0.1852
0.7617 0.6127 0.2838 0.8744 0.3028 0.1922 0.6047 0.7463
0.8888 0.6130 0.5825 0.1379 0.2369 0.1878 0.2972 0.6052
0.8707 0.8510 0.3980 0.4499 0.1814 0.4271 0.5804 0.4803
0.4307 0.5040 0.6367 0.6617 0.1924 0.2287 0.5186 0.5168
0.1949 0.2605 0.5537 0.1143 0.3704 0.1617 0.4659 0.3671
0.4890 0.7493 0.7849 0.1786 0.7457 0.8626 0.5478 0.7705
0.7931 0.5928 0.4715 0.1456 0.7429 0.4946 0.1219 0.3984
0.2223 0.8607 0.6993 0.4720 0.1126 0.5184 0.7316 0.2043
0.7707 0.6279 0.4069 0.3640 0.6203 0.8345 0.6409 0.1228
0.4578 0.1246 0.3793 0.4435 0.2102 0.6207 0.7335 0.2489
0.8871 0.4909 0.5111 0.4853 0.4136 0.3279 0.3148 0.5924
0.4769 0.5654 0.6738 0.6122 0.8694 0.8441 0.7575 0.4791
0.1763 0.4777 0.8988 0.3304 0.3848 0.7205 0.4156 0.1963
0.1590 0.3644 0.8165 0.8092 0.4798 0.7652 0.5104 0.8519
0.3516 0.5136 0.7422 0.4752 0.8626 0.5168 0.5643 0.7114
0.1071 0.2705 0.3020 0.8565 0.3305 0.1186 0.8053 0.7196
0.2058 0.2454 0.3544 0.8960 0.8225 0.5373 0.6859 0.8455
0.4620 0.8178 0.6581 0.4119 0.1088 0.2741 0.5849 0.4890
0.4200 0.2897 0.5957 0.4627 0.6017 0.2110 0.2462 0.3894
0.3413 0.6274 0.5994 0.1320 0.7926 0.2693 0.1523 0.6927
0.4022 0.8022 0.5935 0.8857 0.3308 0.1345 0.2378 0.5259
0.7358 0.1819 0.5021 0.7977 0.3015 0.3582 0.6193 0.6560
0.5210 0.5184 0.2254 0.5788 0.8740 0.3842 0.6342 0.8547
0.7019 0.3823 0.4480 0.6104 0.8459 0.1662 0.8216 0.2154
0.4205 0.8890 0.5406 0.5185 0.1024 0.1134 0.5838 0.2628
0.7004 0.1833 0.8323 0.4000 0.3624 0.1992 0.5157 0.2211
0.2272 0.3228 0.4611 0.6394 0.3585 0.4895 0.6113 0.3210
0.2279 0.5021 0.4361 0.3452 0.1791 0.5264 0.2857 0.8868
0.1292 0.7091 0.3565 0.6811 0.6864 0.4011 0.2326 0.5792
0.7205 0.7584 0.1439 0.4560 0.7314 0.5706 0.3996 0.8824
0.7273 0.5992 0.5936 0.1675 0.5236 0.7186 0.6390 0.1463
