11 182 43
1419 9869
9189 2721
5381 6832
4737 2027
9354 3914
2552 4854
2356 7582
8071 2231
3000 2424
3481 1271
2003 580
8003 1008
3318 3907
7243 7897
8358 2078
9941 6144
5422 4508
66 5974
3129 7687
2224 4791
6279 7019
6489 6441
2787 9331
8989 1197
4134 8678
6723 4843
3263 9416
9396 9081
3690 8769
1704 6169
1384 4085
5416 9797
2094 4833
8387 7889
3644 6869
1527 1216
9062 2899
3364 6008
1577 3053
8706 9986
1859 4092
1810 9852
3076 7547
8252 53
4457 7193
9833 4965
10000 1287
7364 1005
9066 9285
7708 1235
4143 7318
2438 5475
6177 6934
5823 8235
4697 4843
6311 5308
4923 2392
3318 3309
8438 8862
5603 5852
5230 242
6737 9613
5804 4634
2042 1353
3790 7319
9748 851
2689 5824
7410 4067
99 2320
4527 4995
2827 6416
3975 4364
9192 2511
5655 987
3025 4869
6142 8928
5201 9678
4668 275
6545 7037
5279 4673
8956 9029
8135 5595
8138 6098
9833 6184
48 9735
1264 9922
5259 734
6143 1274
414 5362
3800 1480
6801 3836
5462 4774
1455 7547
6021 8475
9252 6091
7716 1082
6136 5325
23 3698
4071 4292
9006 5416
4902 6034
1007 6705
4241 6836
1865 6175
4716 2434
8515 9867
3108 6147
8389 1018
6811 2239
1569 8800
8770 5094
4490 5990
8985 4343
4243 5901
9252 8861
4476 4194
5668 7460
6912 6296
849 3522
1175 8949
1079 9255
9778 3998
6504 1881
4341 9718
854 7092
4604 5858
9032 4070
3473 7438
1710 8866
6479 651
164 6498
2337 8664
5167 8940
8976 4601
9789 8304
5156 2448
2460 559
5523 1722
2730 2939
6824 8320
1363 8833
7446 8067
1637 2673
9528 8836
1582 814
2009 8124
7381 6595
4201 3957
8035 3161
5539 6533
9538 9668
2748 50
8689 1562
7965 5273
3028 1946
4808 7331
5579 2032
3005 4197
8944 5921
342 8802
2444 1192
3206 3149
1333 1935
341 5736
8833 6801
6598 241
8668 5707
6663 5183
3369 9788
4442 1218
9705 2130
5805 7027
2268 9669
6375 7928
9110 6218
4148 9853
7072 6672
2448 9143
1177 37
790 5218
4523 5294
9944 1907
5933 8427
7399 6953
1405 7350
5373 7471
2473 4415
4237 5506
200 1257
2244 4203
5631 6653
8400 2325
7008 395
0.6561 0.2298 0.4064 0.5420 0.4826 0.4098 0.3423 0.3342 0.1339 0.7641 0.2143
0.8903 0.6339 0.8523 0.3286 0.3013 0.1975 0.6839 0.7994 0.1080 0.8740 0.7096
0.8773 0.5830 0.7360 0.3777 0.3744 0.7308 0.7955 0.8357 0.8054 0.8743 0.4882
0.3227 0.2427 0.4709 0.7758 0.8956 0.8789 0.6679 0.1323 0.2815 0.7091 0.2788
0.5874 0.3020 0.5064 0.1026 0.5458 0.2471 0.5377 0.8619 0.4006 0.8434 0.3124
0.7552 0.7418 0.5107 0.3737 0.3529 0.5830 0.8391 0.1710 0.1720 0.2396 0.5069
0.4034 0.1831 0.1863 0.7809 0.2378 0.5476 0.1701 0.2849 0.3017 0.2847 0.3218
0.4335 0.7888 0.5806 0.3966 0.4511 0.8343 0.4869 0.3713 0.4339 0.3815 0.5031
0.6917 0.4120 0.8464 0.3470 0.7402 0.6812 0.1607 0.8657 0.4730 0.5576 0.3819
0.8094 0.7341 0.8873 0.6281 0.7714 0.5366 0.6435 0.5232 0.2825 0.2898 0.4664
0.6599 0.1937 0.4863 0.8144 0.3208 0.2986 0.3267 0.7534 0.3373 0.3566 0.3723
0.4834 0.5072 0.3980 0.4467 0.1676 0.6357 0.7674 0.7004 0.2830 0.7540 0.5874
0.1344 0.1293 0.2785 0.8381 0.8385 0.1923 0.5984 0.3237 0.3106 0.3180 0.5561
0.5578 0.4101 0.5896 0.2693 0.1487 0.2512 0.6620 0.4080 0.6926 0.3053 0.7924
0.1079 0.2092 0.3267 0.6879 0.5922 0.8824 0.5609 0.4731 0.8934 0.1632 0.8988
0.3451 0.3328 0.4135 0.4735 0.6115 0.7014 0.5717 0.2809 0.6124 0.1659 0.5966
0.1843 0.3222 0.3098 0.6047 0.8676 0.6994 0.7766 0.3193 0.8973 0.3104 0.8478
0.7446 0.2181 0.4324 0.7413 0.6042 0.2145 0.4087 0.7569 0.3314 0.8032 0.2155
0.6753 0.8782 0.2804 0.2110 0.3995 0.4655 0.7450 0.7620 0.3160 0.1280 0.5933
0.3015 0.4008 0.6701 0.5500 0.4618 0.3533 0.5138 0.4957 0.6494 0.6043 0.7251
0.6826 0.7521 0.1448 0.5563 0.2729 0.7032 0.3828 0.5188 0.4831 0.5896 0.4125
0.2628 0.2920 0.6314 0.5750 0.1964 0.2718 0.6176 0.5004 0.8763 0.4205 0.2640
0.4891 0.4216 0.6814 0.4757 0.7578 0.8677 0.7891 0.4275 0.4094 0.5042 0.7565
0.8070 0.3760 0.5776 0.5182 0.2487 0.7580 0.6300 0.2150 0.6230 0.6166 0.8866
0.7501 0.4050 0.8864 0.4567 0.1865 0.4663 0.7966 0.8753 0.2535 0.7446 0.5899
0.4492 0.1807 0.7008 0.6702 0.1923 0.4434 0.2204 0.1676 0.8060 0.1106 0.4262
0.4899 0.4461 0.3618 0.5243 0.2610 0.1702 0.7582 0.2336 0.6153 0.4783 0.6451
0.6706 0.4201 0.4767 0.3238 0.7014 0.4426 0.4236 0.8570 0.7769 0.6214 0.2200
0.2652 0.7875 0.7776 0.8442 0.7298 0.5232 0.1911 0.1041 0.6304 0.7454 0.3266
0.8987 0.1554 0.8874 0.1481 0.8657 0.6683 0.6814 0.8715 0.2933 0.5122 0.3350
0.3730 0.1910 0.7218 0.2885 0.6645 0.2702 0.2538 0.5862 0.3629 0.6010 0.5087
0.4848 0.3487 0.7950 0.3123 0.8334 0.5700 0.3616 0.8043 0.2298 0.4301 0.3614
0.3164 0.1441 0.8988 0.5243 0.4084 0.5721 0.8208 0.3439 0.7573 0.7729 0.7266
0.4389 0.7805 0.7057 0.5211 0.8591 0.5058 0.1066 0.2856 0.8356 0.8546 0.7084
0.8126 0.3886 0.8916 0.2683 0.8757 0.3899 0.2015 0.8039 0.7495 0.3992 0.6569
0.5689 0.4243 0.4556 0.1745 0.8990 0.8405 0.8669 0.4614 0.7683 0.3883 0.6617
0.1675 0.1731 0.8902 0.3020 0.8238 0.2836 0.8524 0.3064 0.8729 0.6845 0.6246
0.6119 0.2775 0.8745 0.3349 0.4637 0.7643 0.4809 0.6687 0.8741 0.8666 0.7898
0.4091 0.2511 0.6387 0.1489 0.7263 0.6358 0.3555 0.4453 0.2864 0.3293 0.4226
0.3789 0.7727 0.6173 0.5688 0.3196 0.4031 0.1864 0.2337 0.3372 0.5778 0.5296
0.6594 0.3087 0.7732 0.6507 0.2488 0.5471 0.7702 0.7525 0.1435 0.2278 0.8710
0.7317 0.8297 0.8428 0.4196 0.5939 0.8834 0.2996 0.8656 0.6795 0.3554 0.6340
0.6112 0.6500 0.8814 0.1935 0.1968 0.7214 0.1901 0.6550 0.4710 0.8537 0.5761
