5 226 14
9777 7313
4933 9099
6960 4128
9800 4250
5930 3330
9652 4373
5719 8162
35 3342
2539 6961
1351 9072
8010 6232
6454 5469
9508 3469
1068 446
9885 2959
7437 4999
581 1376
6305 569
9677 8522
1198 988
9209 4805
3484 5434
2437 2215
5710 8806
2029 5808
2868 6606
8104 1214
7262 8647
7665 4540
7468 5327
9311 5110
2756 5508
3923 4559
1338 550
4723 3724
5923 1813
6184 2792
5978 2546
4911 839
8687 815
6617 1280
3302 363
1085 9341
4937 4007
6795 5466
835 1346
3971 9922
2478 9304
4192 9110
7571 9130
5462 1014
8928 1700
7067 9961
9806 8971
9470 2507
2148 9532
8908 8774
7821 88
5521 7559
4796 5752
9886 6471
6376 9298
3807 4423
5804 816
1448 8546
8842 8481
7021 3313
9059 4514
4975 9470
5937 9744
6954 7983
9268 5781
5675 6167
2993 1369
8529 7559
9751 8790
3607 8011
4523 4118
2838 5196
9668 1205
250 3749
7625 2689
4929 7605
8646 6751
6447 1577
6209 7742
2394 6702
4344 2880
7077 6772
1893 5247
5089 2338
2103 3466
8797 107
7950 4547
3468 8279
8254 1611
1314 9184
9096 1035
8618 6075
9020 6609
5859 1441
2092 9121
2251 8527
7339 374
5633 4549
9434 7593
6567 3961
2083 7837
1775 516
5930 3830
1991 2285
8014 296
2658 7942
1053 4710
9517 6372
2951 4685
6749 3566
1505 4740
49 7392
2366 8566
1498 7699
552 272
9687 6289
4310 4436
3796 5936
8714 1454
6398 2309
2021 3554
6482 4809
3367 5825
1640 4544
1796 7371
7523 9429
8806 6317
9905 1357
6710 6580
6892 6487
2743 7057
3452 826
3528 2023
3273 1106
8357 9479
2717 5725
6897 8903
4982 3574
5807 4885
5749 9307
375 5936
9129 853
4045 6723
4031 5070
3900 9656
4028 1353
7381 9095
998 4823
4054 539
7411 3623
1505 6638
306 2850
5858 3579
3960 7407
8657 30
2784 3787
4507 4646
8479 3360
7789 552
43 521
3911 1207
2285 3049
9983 9511
8224 8447
8119 8374
8169 4959
3626 1987
8634 729
888 9535
3896 3363
1943 588
6582 2114
2133 4845
4142 653
6689 3362
1521 889
5416 9217
4104 8419
6876 9035
6934 961
5144 2463
2589 8212
1302 215
2826 8003
7531 3304
1163 4216
7025 4797
9751 2950
1200 400
8784 1204
4738 1953
4180 7852
4549 3833
7287 5583
7157 1687
7537 8276
4794 235
4537 7832
2529 5696
7297 2749
8456 9623
5093 4933
6177 7461
2384 7378
9508 9238
9334 862
1351 8890
9991 90
1036 3351
6974 1344
694 1512
4643 1515
228 2484
1880 6798
8797 7716
831 5174
9987 7537
5033 5901
5393 2648
3713 8387
5887 8549
8577 330
6458 1434
9621 7045
0.1111 0.3733 0.8867 0.6684 0.8972
0.7871 0.2266 0.6992 0.8777 0.1917
0.6463 0.8404 0.3937 0.3405 0.1293
0.1116 0.1672 0.5574 0.1259 0.4489
0.8925 0.8243 0.7825 0.6069 0.7929
0.1602 0.8405 0.4198 0.7980 0.3845
0.4752 0.7088 0.8072 0.4033 0.7698
0.5499 0.6204 0.2712 0.8466 0.6237
0.8242 0.4892 0.6633 0.4770 0.3717
0.3385 0.4389 0.4879 0.5542 0.8779
0.5598 0.2776 0.2819 0.1462 0.6235
0.5278 0.2515 0.1067 0.1938 0.8953
0.8581 0.1498 0.3193 0.6485 0.7519
0.2758 0.5432 0.4053 0.3572 0.6265
