5 165 11
855 2275
7809 9555
879 9035
5428 5966
8134 899
4083 6106
2871 4913
1115 4426
5536 2213
9467 6276
2182 3189
5705 5027
662 1093
1270 3445
3798 9254
8100 5762
8437 2843
8095 4064
2181 35
7970 9751
8167 3849
5097 7775
3185 322
6851 5242
3454 6116
4883 2710
1793 2333
1692 8618
7968 4809
3962 4014
5529 81
1131 6119
7829 4333
685 5322
3209 2432
8886 8807
6906 8316
5598 3932
9192 6500
417 156
4928 1882
9175 2041
2992 7096
3731 9785
6084 2145
6385 9265
7486 8644
2023 3922
8801 966
583 7079
2652 1485
9599 9934
1504 5419
8 5723
5866 4895
9093 3093
4 2354
4196 8488
5216 4791
4946 6935
4148 6464
6690 1514
1574 7053
9890 2149
9996 6620
5216 2222
8916 3468
6532 211
5206 5578
8950 5163
8261 5932
2337 1692
7377 1355
5622 2561
5712 4149
3694 7631
142 3477
831 5552
2497 8438
8613 6562
5238 8491
9721 3066
9898 3316
4611 9811
828 2131
9338 2925
5331 1434
6191 3716
1371 1795
4411 3587
1725 1463
8980 7354
9202 1840
4502 9192
8468 4454
4320 8318
3181 2629
790 8582
8366 8016
9957 361
3301 5363
711 1793
3597 3454
1819 6737
1293 6539
9905 647
7823 8825
4089 6896
9447 8187
5535 748
1920 2552
3444 4441
3505 2336
2625 1995
2968 9621
4406 7919
9761 7040
4425 6221
2844 6035
9611 7686
6134 1108
7463 4668
7185 1448
631 2453
7853 7432
6617 5967
4338 5012
6977 5398
594 6320
8157 6477
6465 1726
1998 7934
2611 536
5892 2981
4334 1083
8864 2279
5192 3960
9127 4027
7902 736
7057 5328
1734 4715
7597 9799
8966 2475
960 3066
3517 7658
2702 5848
3469 5102
3819 7998
9519 202
94 2025
2142 610
142 7445
6776 3944
1435 5950
5121 1649
2363 7945
7336 8899
3319 671
257 9388
2356 9085
4872 5694
9034 3500
1991 5935
4597 6383
2080 2175
7447 9896
9931 3478
9907 5927
2193 7607
216 2468
0.7902 0.4692 0.7029 0.8115 0.3141
0.5100 0.5564 0.3956 0.8320 0.3481
0.1672 0.6740 0.3784 0.7563 0.7077
0.8571 0.5103 0.1552 0.1218 0.2569
0.7247 0.3330 0.8820 0.1259 0.7091
0.4848 0.4738 0.1294 0.4563 0.3658
0.7528 0.2289 0.6963 0.4491 0.2295
0.1064 0.7681 0.2771 0.7107 0.4882
0.1251 0.6185 0.7538 0.7139 0.5918
0.4714 0.4027 0.2367 0.4401 0.1624
0.7920 0.6982 0.4799 0.8405 0.1908
