13 510 32
5266 5940
8423 9017
4787 4194
9843 1142
1478 5482
5421 9148
4159 6938
7739 5834
4028 4196
3552 6210
393 4640
7293 2927
3258 8995
7421 1094
3976 3116
2709 6348
3077 8862
7242 9104
272 3191
1898 3139
3407 7932
2026 6322
1393 3108
2874 1599
4225 8971
7587 6672
6696 9794
1764 2893
8590 9026
1460 5975
5321 3089
8791 4312
5160 4681
2591 4600
3354 8877
6051 4206
2768 2014
9449 3089
658 7887
6515 1154
8566 2077
5067 7535
1413 9319
4646 8678
3968 9190
2509 3911
2564 9758
2686 8036
6264 7878
2934 5163
8370 6329
7307 7264
5813 3952
8285 8954
1589 5882
7073 8065
8245 1507
8924 9834
7873 4149
6040 6021
7298 9538
8380 3359
8014 5654
528 3354
6164 4866
207 33
1583 4680
5119 3496
3264 1167
9601 8982
2200 6821
5361 8632
1666 7029
5530 9729
7137 9564
6133 9914
675 2113
6444 8971
434 2021
6540 8196
4450 6309
5534 7176
2264 4926
186 3008
1669 1865
2040 6188
8283 3508
276 5959
669 8290
7217 236
6099 4997
2373 271
2251 3542
6454 7565
1343 1939
8157 6116
2563 6666
687 6598
1436 1400
234 9548
9281 7822
2706 3109
4779 9375
5141 233
2183 6198
4540 5821
3299 1350
5305 7012
9811 7913
8512 6421
7349 3689
4698 8214
3761 2307
3354 1985
8075 7718
100 6467
3475 9434
7695 3017
6146 3661
6227 9179
5875 6419
5815 6603
342 2628
9997 7496
8299 3164
7015 610
6627 6009
313 7207
6670 4982
5031 9387
2925 6371
9738 8839
4266 2433
2465 903
2675 779
2981 3696
8615 2933
5080 90
2352 1993
2876 500
8949 7785
7089 5430
3327 7513
471 4865
4228 5
9492 2855
1089 6749
5766 1290
6034 8695
206 2858
1670 7525
3626 7090
9133 2425
6049 6484
7789 3373
7177 9327
5648 9380
5985 7656
8466 9486
615 70
8610 8485
6686 6984
822 5811
8039 342
7419 489
9161 8613
68 2100
2731 2442
7921 3858
8288 9370
6845 1533
3777 8140
3916 1176
6769 6108
1702 2418
9296 3318
5301 5426
116 9721
2931 5029
7276 1136
2687 4030
68 3093
5679 9840
3700 4083
6370 4285
4181 7462
5702 593
5576 2187
2277 6455
2433 6344
7995 1695
1327 1067
904 5149
8656 2804
6169 2397
3391 1654
7592 366
4202 3116
9129 5273
3753 3302
8364 2079
6407 7977
6672 3038
9638 6839
587 5564
2327 8876
2005 7807
9031 2728
2976 9858
1530 9199
4353 7419
8574 636
9193 4507
7708 6168
330 3722
2176 8112
9330 65
4479 3964
6130 3080
8846 9897
2268 7464
7136 8944
4319 1058
7947 4298
2678 5024
9382 8270
645 2656
3586 3038
9478 606
2745 4224
7637 4911
6758 8166
2998 9356
955 7395
9179 1814
6356 4074
2084 1191
9445 7619
8855 601
6013 7526
1245 9428
2105 4634
266 6413
4320 4123
3265 5564
9078 9960
5185 8065
9294 7499
7493 1404
6830 4616
6943 9866
6163 3361
9614 3975
9733 3988
9827 7699
9393 4765
7681 7912
7218 8119
8699 8971
564 2079
9956 8461
7519 7825
5282 8317
6777 2395
9769 1757
7877 6661
2273 1929
7719 5475
5909 4688
1533 2097
905 1326
8141 7143
7460 593
4222 4279
212 4373
4487 4542
2385 4722
1756 7884
1487 6681
5029 3815
6298 8476
625 4830
5168 695
2646 7026
4014 6618
4421 4915
127 7670
1359 3560
3973 2551
4474 8725
1842 5497
4559 1027
8508 9927
4540 2028
6406 5872
447 4195
7397 2074
7401 1923
9957 3695
4743 7649
3790 800
5846 8102
867 3724
2041 1443
2793 1741
2178 4380
1694 4836
330 2413
2355 2530
6951 7657
9768 4222
9867 2776
5993 3658
2911 3010
6732 4846
2294 3280
2611 1942
3200 5464
8686 9483
7035 3970
8955 6898
4503 3476
4163 9464
3332 6987
6161 3192
2813 8766
3398 8075
3675 8715
7555 4570
88 8750
7611 1455
3022 4148
7445 5839
8401 4228
5871 7992
2143 2263
2301 6795
5183 8780
5471 157
2372 713
1205 4441
4966 1531
126 5985
690 292
4664 1894
1922 8492
5237 1246
2956 5986
9890 16
8606 4517
879 4738
2946 7745
1258 6892
4374 1398
4853 2244
7844 6262
9382 1969
8567 8847
8764 8076
9193 1143
5888 2089
2274 593
4886 2640
3379 9027
5599 2396
8748 486
6555 5725
2796 2143
9835 143
9833 757
4416 3588
9061 6099
3310 9495
4057 5210
8012 1218
7575 9208
1304 6187
9902 5026
8708 8643
6875 9172
6567 4486
4471 9769
3311 3913
1707 1067
7899 2024
3697 5963
7577 3868
2111 8638
6547 9169
5341 1834
6525 6950
3039 6627
1533 2345
7422 89
9270 4705
3950 8694
504 940
7232 4367
7841 9331
9184 4039
6731 9475
7535 7652
8812 6282
9558 8542
6001 5429
9505 1156
4240 4470
1590 9117
1130 9141
3573 3959
6419 4954
6887 2593
8201 5566
7652 3601
4162 1339
9905 2663
6125 7904
6361 1052
1528 3084
8325 8516
862 7077
2086 5144
5986 2551
9059 934
8166 4858
2293 5175
8183 3493
2845 7577
1981 7569
4579 3768
8267 8229
5805 2819
5721 6421
1808 293
1066 8861
1333 6556
7093 2545
9091 8333
6231 2610
7754 9500
348 7485
8249 2588
4927 1139
2804 9793
2845 7207
5202 1111
9272 5761
8825 8336
4549 8568
2749 7393
5798 3012
4588 2621
5057 657
5905 4224
7471 8363
3039 5741
4432 6483
2071 3758
8217 9893
9336 2984
4304 8123
6967 351
385 3421
4036 5584
7351 6814
9017 9417
1224 1284
4998 4959
2551 5113
8540 3163
411 5056
100 9889
2685 3515
7886 5913
6851 3028
8834 3084
4834 3131
3450 573
1223 6095
7476 337
3619 1859
7313 6287
8409 4447
5604 6317
4903 266
5436 2916
9259 825
1436 5752
6971 2052
1453 1280
6307 2382
4042 8775
3863 7632
3477 442
2665 8596
1058 170
4226 7614
5451 6199
7479 867
6823 9078
5761 5786
2184 8255
8897 3176
8640 5149
3497 2648
3986 7525
4745 7775
795 9377
5309 7427
551 470
9764 4755
5064 6993
1302 2310
8797 7581
5881 198
7239 7417
5610 5629
6040 715
8808 2387
5097 5933
4143 4843
352 1000
7285 1014
0.4597 0.4946 0.1595 0.3251 0.1049 0.7017 0.3212 0.4868 0.2230 0.1723 0.6176 0.5696 0.8112
0.7410 0.8540 0.5572 0.8287 0.8137 0.1457 0.7657 0.6762 0.3618 0.6417 0.1440 0.2639 0.8584
0.2193 0.4747 0.6844 0.7763 0.3644 0.7258 0.1755 0.5556 0.5036 0.4187 0.8624 0.1463 0.8763
0.1625 0.5158 0.8271 0.3035 0.1050 0.6521 0.5649 0.4882 0.8834 0.6070 0.7884 0.2893 0.1046
0.8209 0.7866 0.1826 0.2936 0.8900 0.4264 0.7572 0.4274 0.3496 0.7200 0.6060 0.5812 0.6405
0.4527 0.6582 0.5473 0.6062 0.8794 0.1932 0.6090 0.1498 0.1632 0.5700 0.6511 0.7302 0.6076
0.4314 0.2455 0.4397 0.7238 0.1681 0.6480 0.3186 0.2105 0.3698 0.7522 0.5371 0.3493 0.2760
0.7292 0.5032 0.1200 0.4744 0.2313 0.4692 0.2650 0.8363 0.6738 0.2902 0.3357 0.8193 0.2311
0.5781 0.7364 0.6984 0.5681 0.8092 0.8125 0.7895 0.7418 0.7085 0.1512 0.5178 0.8597 0.7793
0.3852 0.4585 0.7467 0.3185 0.2884 0.8833 0.2797 0.7698 0.8629 0.8261 0.3671 0.5614 0.3066
0.5246 0.5377 0.7658 0.7343 0.1028 0.5969 0.1462 0.1387 0.1665 0.6411 0.1982 0.6236 0.2196
0.3591 0.7886 0.7157 0.5710 0.2772 0.3558 0.7552 0.4696 0.8781 0.7073 0.3795 0.8481 0.2598
0.3337 0.6400 0.5588 0.4537 0.5283 0.1639 0.5584 0.6409 0.3677 0.4191 0.6650 0.6385 0.7566
0.6097 0.8183 0.7774 0.5447 0.4914 0.2001 0.6346 0.1222 0.7307 0.5423 0.5448 0.2204 0.6636
0.7089 0.2370 0.4802 0.8804 0.3949 0.3658 0.7132 0.1323 0.2640 0.1973 0.2707 0.7518 0.3410
0.5206 0.3126 0.4904 0.1577 0.3216 0.1042 0.7232 0.3529 0.6270 0.4437 0.4530 0.7101 0.4647
0.5956 0.5974 0.3852 0.2560 0.6300 0.1546 0.8649 0.6390 0.3840 0.8612 0.7883 0.2478 0.8209
0.8050 0.1562 0.3137 0.6164 0.2435 0.5291 0.8754 0.8021 0.7340 0.8824 0.6896 0.3341 0.2710
0.8421 0.1319 0.8719 0.7739 0.8081 0.8735 0.7292 0.1716 0.4270 0.2056 0.8380 0.5931 0.4728
0.1596 0.2994 0.7768 0.8141 0.4567 0.5985 0.4702 0.7127 0.1156 0.2518 0.5134 0.7389 0.6907
0.2423 0.1798 0.3206 0.6354 0.1595 0.8248 0.2141 0.3778 0.8187 0.6851 0.7055 0.5853 0.7963
0.4598 0.7757 0.2774 0.3655 0.3408 0.7236 0.5065 0.4751 0.8469 0.4169 0.5914 0.2820 0.8544
0.7100 0.4391 0.7524 0.7013 0.6336 0.5854 0.7677 0.2103 0.1046 0.7088 0.4788 0.1241 0.2550
0.7672 0.8544 0.8402 0.6408 0.5260 0.5505 0.7391 0.1162 0.5706 0.1648 0.4260 0.3048 0.3662
0.4944 0.6438 0.8512 0.6187 0.7275 0.6770 0.8755 0.8907 0.2337 0.7844 0.2326 0.3307 0.1148
0.3486 0.2997 0.3072 0.6357 0.4917 0.1519 0.7934 0.5029 0.7144 0.7542 0.7131 0.3766 0.6372
0.7355 0.4746 0.3035 0.2415 0.5507 0.7038 0.8163 0.5158 0.6403 0.2645 0.6467 0.6111 0.6154
0.6988 0.7369 0.1421 0.2194 0.2561 0.1172 0.3418 0.1557 0.8029 0.6365 0.3851 0.2170 0.4066
0.2449 0.5584 0.2296 0.1988 0.6725 0.2606 0.2081 0.8525 0.4771 0.1535 0.2599 0.8765 0.4234
0.4198 0.3993 0.3707 0.8159 0.8376 0.8236 0.7350 0.6795 0.5131 0.7878 0.5929 0.2415 0.5926
0.1352 0.2821 0.8319 0.4312 0.7386 0.6436 0.2860 0.5366 0.5973 0.8162 0.5595 0.8891 0.8084
0.7965 0.7709 0.5552 0.5747 0.2748 0.8268 0.8003 0.4851 0.5592 0.4255 0.2493 0.3776 0.4901
