12 154 34
6598 3397
6679 7781
1906 6128
9649 4539
266 6186
9109 1119
9042 2141
8973 659
4047 518
4969 2529
4333 2006
80 9735
2502 6652
4237 4941
7615 9622
2955 3192
4914 3654
9284 6513
1448 5876
9790 6771
1878 8497
9766 1171
1606 4779
6277 9554
4262 2476
714 2579
3839 8874
5848 9497
75 743
9387 5003
8045 9797
3985 5503
4255 4324
9673 8655
6659 203
656 3294
5416 8406
1382 1962
4807 2445
3004 3664
7279 9862
767 6954
7102 2361
7514 4966
857 35
2276 8693
2728 1048
9284 7532
8964 8191
1813 6090
2127 9713
1479 2980
7774 1664
5984 707
7961 350
5901 5021
4481 7451
2266 3659
7682 4126
6283 3806
2051 7358
39 1513
7158 9404
9580 3180
1657 382
9643 9354
2830 3238
9764 1863
8983 7451
3623 7620
659 9432
5205 8479
2382 2586
4685 212
7894 4641
8837 788
4894 6686
2047 5719
4968 8140
8041 414
9467 5930
8554 5712
2186 8019
8446 2290
2836 1585
2870 9656
4074 8227
391 1770
7196 7722
5718 9832
1242 1829
3325 6199
8976 6017
241 735
9124 6838
363 4562
1425 9253
6272 4666
5216 8276
8364 441
6662 9057
8660 7511
2201 7436
6917 256
1360 5822
3540 1173
1797 7
7353 7777
8609 1786
3430 7652
3758 1676
5151 944
2848 4522
1699 927
2308 4612
2421 3933
8434 3864
8750 9465
1365 1730
12 6485
5350 5040
6064 8663
3362 8710
7074 1710
1573 8058
7536 4216
2709 5375
6832 5533
3958 6960
8233 3085
967 5126
737 8905
9301 1274
8734 1552
9986 9940
7351 6826
5552 5954
1446 8104
3400 1158
822 1403
6820 3606
3306 3417
8887 138
6012 3865
654 935
6439 5643
8151 5523
8260 7546
3945 3407
7023 4976
3732 8586
2307 821
8684 3571
5699 580
6729 354
8809 5517
5348 1416
2766 2268
1610 1870
1535 7212
5167 6913
5739 6883
3184 4344
3497 8298
7287 1053
1676 6108
0.6382 0.3238 0.8195 0.7925 0.4462 0.6412 0.3951 0.3829 0.6887 0.6962 0.5699 0.5740
0.3073 0.4701 0.6900 0.6343 0.3282 0.5330 0.7145 0.6975 0.3493 0.2742 0.6123 0.2178
0.8163 0.6251 0.1552 0.5655 0.3072 0.1555 0.4718 0.7641 0.5403 0.6785 0.2076 0.2789
0.4639 0.7812 0.1629 0.6791 0.8958 0.7835 0.8475 0.3416 0.4326 0.2851 0.2837 0.2582
0.4406 0.3043 0.5217 0.8931 0.4225 0.4398 0.7086 0.6046 0.2248 0.8369 0.2718 0.8037
0.7843 0.7538 0.8269 0.1641 0.7033 0.7917 0.8799 0.6015 0.1297 0.2349 0.4409 0.8043
0.5926 0.4209 0.5974 0.5340 0.2460 0.3849 0.6590 0.8554 0.8048 0.3544 0.3925 0.6018
0.8431 0.5278 0.1067 0.6206 0.8566 0.8838 0.4838 0.2620 0.4791 0.1539 0.8158 0.6869
0.8057 0.4502 0.2588 0.4353 0.3963 0.3523 0.8014 0.4288 0.4701 0.1225 0.8917 0.4517
0.2313 0.7098 0.8761 0.5164 0.4861 0.1534 0.3164 0.4601 0.5855 0.7704 0.3088 0.6258
0.7877 0.5658 0.6574 0.1638 0.3404 0.8902 0.3040 0.6229 0.8950 0.7914 0.8278 0.3963
0.3246 0.6069 0.6991 0.4344 0.2269 0.3428 0.5694 0.3789 0.7241 0.4750 0.5789 0.6111
0.1422 0.2987 0.6414 0.1609 0.8459 0.3838 0.2587 0.6679 0.1245 0.2887 0.7491 0.3002
0.6545 0.3010 0.7294 0.3412 0.5875 0.8942 0.2588 0.3992 0.1330 0.7654 0.3026 0.8498
0.8703 0.7452 0.8900 0.3504 0.5292 0.4214 0.7941 0.2637 0.2752 0.2622 0.8640 0.3313
0.7589 0.2929 0.6378 0.4604 0.5676 0.1290 0.5544 0.6897 0.2150 0.6565 0.5173 0.7929
0.5696 0.8151 0.5911 0.3551 0.4530 0.8824 0.4316 0.5363 0.2060 0.6000 0.1482 0.5637
0.5021 0.7069 0.4355 0.1697 0.4140 0.5087 0.6415 0.1206 0.8867 0.5134 0.7925 0.7819
0.2765 0.5860 0.7475 0.7677 0.6004 0.6299 0.6218 0.2283 0.6956 0.4984 0.4476 0.2286
0.6571 0.5919 0.7630 0.4348 0.6143 0.5394 0.7793 0.7102 0.1862 0.4533 0.3904 0.3965
0.6209 0.3444 0.1542 0.7400 0.2370 0.8251 0.1715 0.6955 0.7760 0.2955 0.1470 0.2051
0.7369 0.1563 0.2074 0.2078 0.8488 0.7009 0.5553 0.6525 0.8538 0.4297 0.4280 0.1491
0.3337 0.7980 0.5321 0.8097 0.4575 0.8946 0.4582 0.2700 0.1167 0.5943 0.6528 0.3721
0.4899 0.4450 0.1980 0.5412 0.4762 0.6390 0.6855 0.5636 0.5769 0.4591 0.1129 0.6849
0.2543 0.8282 0.6112 0.7460 0.2697 0.3902 0.1398 0.6956 0.4006 0.1784 0.5213 0.8655
0.4557 0.6466 0.5328 0.1511 0.4015 0.1581 0.8167 0.7319 0.3417 0.1406 0.3409 0.1828
0.6903 0.5906 0.8670 0.7997 0.5226 0.2424 0.1998 0.7871 0.7090 0.3024 0.2047 0.1663
0.4493 0.6490 0.3388 0.3005 0.3646 0.1943 0.4198 0.4498 0.2161 0.8166 0.8330 0.7136
0.1613 0.3553 0.8468 0.4394 0.8269 0.6120 0.5142 0.7793 0.5317 0.2159 0.7978 0.1832
0.4005 0.7674 0.1287 0.1287 0.5895 0.5320 0.8367 0.8575 0.3619 0.3073 0.6251 0.7276
0.2479 0.7297 0.7797 0.6737 0.7193 0.8257 0.4259 0.3160 0.8865 0.1476 0.6069 0.8778
0.6854 0.7898 0.7350 0.6171 0.6872 0.7374 0.1661 0.1823 0.8866 0.7506 0.8054 0.5921
0.8985 0.2121 0.2991 0.3797 0.4953 0.1700 0.5588 0.6692 0.2098 0.8070 0.1868 0.3734
0.1050 0.1444 0.8507 0.7342 0.8335 0.3512 0.4021 0.8440 0.1325 0.4212 0.7419 0.6236
