17 430 40
2942 5191
6821 4301
1558 5288
7235 2276
119 5791
7425 1738
7674 2852
9141 2479
9823 8226
965 369
4299 385
4467 7369
5175 6400
3162 7656
3085 8634
1258 6186
8754 662
6166 2348
1650 7133
7962 5944
1149 5135
428 8218
3053 1747
8966 803
6407 924
4938 2480
1972 2143
8989 1167
183 1573
3029 2299
8714 939
8895 2632
4827 5759
7301 1252
2037 9427
8661 9900
5882 3568
2320 5761
1253 9946
5635 2119
1852 9038
4166 5410
4326 8059
7150 4487
1548 1680
8633 4638
7489 105
4647 5452
5020 5993
1217 4030
457 1798
161 2548
5417 1758
832 7181
9555 3733
7068 293
1811 6915
5019 1191
6673 4856
9904 6822
1569 9712
4943 8692
9655 7509
7268 8696
4058 6256
2254 48
9190 7775
2970 8148
8376 9159
9024 556
2936 1794
4782 1800
1705 7514
9620 4536
4758 2551
6202 6339
3560 906
7038 6667
8599 1686
986 2201
5216 3448
3458 9968
6465 1109
7939 4823
9600 1917
641 5748
6545 2748
7061 8313
9591 2912
3723 6989
1001 1099
6759 3359
5561 3360
3580 64
8132 5741
487 7940
7819 5474
2117 7050
9821 3069
695 8170
9846 8464
2688 8611
9830 1951
6667 9535
8472 7836
9621 9935
4377 5316
3434 3794
7651 6680
2912 7883
5554 115
7495 5640
9907 6306
5754 5197
4905 9049
6259 9444
8793 9960
2641 8101
2801 9376
2434 3539
4639 9997
7849 7654
4951 5379
8981 9199
936 5676
6175 7799
5025 2887
760 4040
3662 8320
2220 7022
9438 9055
5933 7747
2302 8356
3757 1335
8137 8076
7639 4768
3817 447
7201 1714
4697 495
4632 3259
2959 9947
9470 8665
3307 2143
6466 6264
6643 1743
9012 9058
7738 8647
7950 4944
9772 3985
5425 23
5526 7522
6057 5519
9431 3615
5285 9379
3684 7300
5092 5175
6483 6593
1282 5837
2739 815
335 4331
2545 2808
4830 1285
6613 3738
53 6618
552 249
8095 3674
7607 9306
7946 6888
263 9173
7683 7308
1238 7668
1155 4878
9948 5908
835 199
8027 6596
5587 1114
8040 9837
214 988
3566 6135
9446 4675
8784 4512
1829 1806
9045 3320
8243 6977
491 1925
253 4886
1180 5829
5202 7674
3280 6976
6442 4379
1935 4862
9297 2843
4701 1444
8314 1485
785 8559
3520 3148
9358 6642
7805 798
4764 2916
7553 2214
6795 5100
4717 4157
3061 6013
5091 8747
8695 3041
1477 2728
9285 1979
831 5774
4952 6188
8474 4762
3139 3179
1141 7148
7066 1512
4230 6955
6066 4970
4222 6754
8140 4189
4667 9880
9540 3216
9638 3260
6999 5974
6954 7899
9102 3475
42 3889
2462 956
6615 2050
5790 9927
4120 3231
5313 7601
3638 9053
6641 8573
2198 3959
2531 8938
9043 8632
3181 9590
4023 488
2374 2368
629 6568
5089 413
3778 6025
5112 3751
7000 926
8665 62
8936 7045
3100 3704
7188 6628
1424 3447
835 4117
9453 4826
683 2740
9913 7190
5339 4057
2873 2277
4884 257
9328 9117
1739 4408
5804 8253
8930 2779
4015 5699
387 99
4477 8518
7856 5779
343 390
6380 5107
7477 2137
2692 6393
9650 4440
5629 3820
9666 3520
8463 4531
6968 782
5567 4363
2572 8777
4271 8932
9166 8686
8377 4653
4011 6056
8500 1733
836 716
2160 8878
9788 5154
3155 1512
5557 1779
526 4889
3266 1843
8761 2842
9990 837
9558 7923
6544 256
3449 4524
7800 4980
1889 5287
2892 4757
3480 4230
1311 2420
9045 7605
6582 8126
2007 622
2327 1440
2260 3437
2367 5908
9638 414
5950 2763
2354 6568
9353 6323
3 667
429 908
6738 9701
4415 6241
9900 5245
92 17
2027 7216
6501 8576
3992 374
3669 4929
9186 4741
3857 1530
2856 670
7604 6812
4365 960
8326 159
6324 208
1330 4952
3540 5108
8582 3973
2054 5436
464 1460
3960 239
8067 1388
5277 9875
3490 1948
5869 8078
5197 3301
2873 2724
1114 7485
6083 4248
908 3367
9205 2946
1574 8730
1999 483
8200 1283
4517 608
9001 6874
8513 8090
3458 6793
4771 7331
9397 6200
2193 1156
3767 8809
353 9492
7088 1722
8765 6634
5512 5135
8000 2073
2932 8841
1414 4167
8893 9855
9913 8740
1057 2879
268 5546
2230 4065
2939 418
1679 5990
3756 4434
8738 1984
4773 698
8100 1849
9686 6255
7684 7966
1879 9800
5508 7701
174 6457
2939 6981
9021 86
6628 6383
8718 2471
8446 8007
9361 5852
9681 1269
2208 3321
5588 7333
7572 7693
2052 1371
5797 9709
8527 7350
6607 7993
9391 3165
944 8604
9204 718
8646 7722
79 4818
996 5987
6569 7726
9660 3631
6704 3065
2316 4794
4016 5094
4931 905
3970 1882
8112 682
2709 1942
5049 6448
7457 4523
9713 9492
8337 7068
6483 1852
6298 972
8518 3514
4316 4220
1690 527
4047 3316
1230 1799
3397 2805
1159 5457
4796 5219
5247 8004
7947 596
6322 4721
3914 5285
2791 5778
4045 8494
9701 7144
2026 8754
5643 3559
3007 4517
4690 4352
3347 1252
5318 2778
7457 1239
2289 4177
7338 7555
2144 8574
1887 4041
6153 6578
2057 4039
1821 1377
5414 6520
9297 8691
3164 702
1896 2398
9598 846
4212 4031
9938 2407
3788 6810
5050 2072
3258 5530
2758 630
0.6226 0.1250 0.1642 0.7918 0.2639 0.1777 0.3839 0.7890 0.5407 0.7931 0.8441 0.7243 0.3185 0.8202 0.4967 0.4098 0.5816
0.6138 0.6978 0.5690 0.6954 0.6598 0.1510 0.8269 0.4634 0.6120 0.6233 0.3970 0.3779 0.3421 0.3061 0.7378 0.7865 0.6386
0.5375 0.5741 0.4194 0.4490 0.4849 0.4510 0.7206 0.5626 0.2292 0.7538 0.2302 0.1347 0.2678 0.6357 0.4918 0.1582 0.3214
0.2391 0.8914 0.7891 0.5242 0.7781 0.4717 0.3192 0.7775 0.1359 0.8963 0.4169 0.3979 0.3261 0.2161 0.7860 0.1626 0.4219
0.5819 0.2374 0.4060 0.7782 0.6032 0.4955 0.8499 0.4047 0.4594 0.2154 0.5644 0.8640 0.8246 0.8938 0.8715 0.5632 0.2123
0.3804 0.4411 0.3818 0.1345 0.2035 0.7991 0.1499 0.3959 0.6934 0.2246 0.6254 0.8215 0.2706 0.2809 0.8948 0.1350 0.7499
0.6560 0.8039 0.4966 0.4106 0.8830 0.5370 0.3584 0.5553 0.7157 0.7833 0.1585 0.1521 0.8958 0.6757 0.7966 0.4155 0.7654
0.6339 0.6934 0.4098 0.2611 0.8586 0.2152 0.1106 0.7903 0.3724 0.6831 0.7638 0.7375 0.2936 0.7028 0.3902 0.4854 0.6572
0.5461 0.7226 0.3515 0.4096 0.1327 0.1164 0.8085 0.6029 0.1012 0.3678 0.1715 0.4900 0.5475 0.3660 0.1080 0.8150 0.5731
0.6252 0.2875 0.8746 0.4013 0.4287 0.8075 0.5056 0.2770 0.8345 0.6182 0.6691 0.7085 0.7778 0.4853 0.3007 0.8146 0.2101
0.4387 0.2917 0.8507 0.8504 0.6281 0.4351 0.6681 0.7137 0.7167 0.7363 0.2598 0.5409 0.8959 0.6213 0.7944 0.3279 0.6009
0.3009 0.5391 0.8956 0.2400 0.7091 0.6809 0.7315 0.4681 0.5167 0.1048 0.5261 0.2689 0.2224 0.2688 0.8395 0.4252 0.2603
0.3558 0.1340 0.2600 0.8267 0.5155 0.8772 0.4828 0.5704 0.7715 0.1801 0.5125 0.7924 0.3731 0.2823 0.7433 0.2070 0.1496
0.2662 0.4325 0.8429 0.8752 0.4978 0.4874 0.5546 0.1277 0.7596 0.3822 0.6349 0.6084 0.1485 0.4063 0.7892 0.1269 0.1743
0.6456 0.6286 0.5366 0.7644 0.8501 0.4280 0.6436 0.2135 0.1053 0.2278 0.8263 0.2266 0.3534 0.2022 0.1241 0.6269 0.7972
0.4707 0.1940 0.5954 0.5576 0.4624 0.4203 0.1846 0.3135 0.5488 0.7085 0.1761 0.4737 0.6150 0.7033 0.1989 0.1143 0.7917
0.6348 0.8883 0.4451 0.3352 0.8520 0.6735 0.5772 0.7862 0.7813 0.2334 0.5502 0.8653 0.1978 0.4243 0.7777 0.1373 0.2090
0.7538 0.7879 0.2912 0.7351 0.5008 0.2464 0.3667 0.1179 0.1738 0.5445 0.7792 0.3283 0.7896 0.7146 0.7419 0.8803 0.5821
0.8164 0.3249 0.4225 0.8984 0.6497 0.4041 0.1455 0.6200 0.8951 0.7760 0.1528 0.7260 0.2180 0.7091 0.3772 0.4328 0.3236
0.8644 0.4331 0.7307 0.8903 0.4700 0.6559 0.5295 0.7553 0.2700 0.2146 0.1928 0.6240 0.5588 0.6506 0.3383 0.3821 0.2217
0.4554 0.6277 0.1938 0.2802 0.3219 0.6670 0.1116 0.2598 0.2562 0.4633 0.3166 0.2536 0.5630 0.4891 0.1258 0.5102 0.2712
0.8321 0.3644 0.7658 0.8202 0.7252 0.1773 0.1317 0.1257 0.1502 0.4806 0.4582 0.4227 0.8090 0.3446 0.3750 0.2996 0.4972
0.1912 0.2397 0.5631 0.8222 0.4253 0.7339 0.8966 0.4042 0.2910 0.3854 0.3151 0.2456 0.7786 0.3721 0.6874 0.1949 0.4195
0.6819 0.6834 0.4397 0.4160 0.3336 0.5735 0.7229 0.1282 0.2562 0.7716 0.6278 0.1311 0.8477 0.7295 0.1459 0.4970 0.2817
0.3209 0.1493 0.2522 0.8198 0.6794 0.4559 0.5189 0.6345 0.5382 0.4796 0.8249 0.2442 0.8469 0.8587 0.8090 0.3361 0.3298
0.6738 0.2749 0.8990 0.4239 0.6180 0.3343 0.4321 0.4683 0.8431 0.5339 0.3477 0.7136 0.1445 0.6316 0.8195 0.2176 0.6097
0.5225 0.7398 0.7511 0.6426 0.1892 0.6904 0.4445 0.7452 0.5772 0.5468 0.2455 0.7139 0.6447 0.1837 0.7291 0.4259 0.1198
0.4429 0.4876 0.1194 0.1303 0.8968 0.6964 0.4145 0.8223 0.7526 0.7447 0.6357 0.4229 0.2240 0.8076 0.4198 0.6066 0.1512
0.6426 0.3504 0.8657 0.1744 0.4572 0.8483 0.8094 0.8207 0.2550 0.7476 0.4099 0.3077 0.5203 0.5305 0.3083 0.5051 0.4902
0.1427 0.1690 0.8928 0.5889 0.4238 0.3562 0.7665 0.5933 0.5058 0.1273 0.8431 0.8079 0.5008 0.1538 0.8962 0.6919 0.2121
0.1587 0.1470 0.3999 0.1581 0.8399 0.1716 0.7141 0.7860 0.1040 0.2765 0.6210 0.8843 0.3005 0.7954 0.5346 0.4778 0.3678
0.2196 0.5194 0.6852 0.4497 0.2396 0.1502 0.6371 0.3670 0.1326 0.1251 0.6199 0.6101 0.1373 0.4446 0.7446 0.2918 0.3575
0.4000 0.1028 0.5571 0.7771 0.5118 0.8310 0.3372 0.7938 0.4282 0.6499 0.6640 0.4936 0.2427 0.7476 0.4520 0.8333 0.8274
0.6623 0.4338 0.1681 0.7537 0.7834 0.8616 0.3176 0.8011 0.4051 0.4352 0.1218 0.5658 0.6645 0.4887 0.5827 0.7648 0.5393
0.8626 0.4072 0.7928 0.5712 0.4394 0.6474 0.6568 0.4021 0.2031 0.1380 0.3254 0.4386 0.6258 0.8151 0.7995 0.5460 0.8882
0.6765 0.1938 0.5747 0.2441 0.7297 0.2836 0.2090 0.3222 0.7714 0.6077 0.3173 0.1590 0.5054 0.8298 0.2139 0.3037 0.1619
0.8282 0.7153 0.1843 0.6729 0.7859 0.7911 0.5586 0.4574 0.2239 0.2243 0.4523 0.1002 0.5081 0.2206 0.6180 0.3919 0.7412
0.5038 0.6557 0.5086 0.7561 0.2669 0.8487 0.6930 0.7555 0.2918 0.4155 0.5623 0.7695 0.2940 0.4241 0.7438 0.1519 0.7518
0.8529 0.2763 0.8265 0.2476 0.8657 0.1766 0.1075 0.7238 0.1601 0.6490 0.2776 0.7460 0.7131 0.6301 0.4232 0.7448 0.8196
0.2662 0.5251 0.7795 0.3498 0.4840 0.6884 0.6559 0.7164 0.5546 0.2975 0.1926 0.6609 0.7150 0.5190 0.7231 0.4358 0.6643
