11 396 27
2827 2581
4610 423
2439 3971
2646 3186
3734 5606
1275 245
3327 1030
7868 3388
9298 127
179 5992
624 3476
9479 7191
8027 1497
6535 9654
5620 8241
504 2643
9146 6433
9396 5916
6977 6052
1803 3173
9437 4829
5719 6009
6837 966
3120 9811
2751 9142
86 7600
3281 8505
5467 4272
2843 8918
5154 1240
3592 1850
9656 9106
7067 1041
8636 8264
2206 9446
6778 83
2815 9512
3538 8153
2857 81
2503 5705
3728 2162
4018 733
5331 9345
2666 1459
4851 6682
2689 6394
4797 2742
5282 5341
7281 6421
3454 3526
5081 224
956 3028
7675 5280
2775 672
7036 7980
3671 8804
8432 6252
4430 1300
7305 1063
8812 2128
2381 7939
1294 6866
5899 1965
5768 5547
9296 9640
7074 2184
2130 3966
1472 2171
7374 9421
5558 6385
3640 9773
8893 1597
9487 6647
5763 664
1218 6061
413 1308
1058 8543
342 4381
941 5395
823 2508
1848 9023
5523 4057
9277 8628
9243 8450
9077 2347
3229 6026
9617 1205
2377 8755
3192 6305
5638 2803
4929 2693
3195 4391
8192 8197
7086 6978
6129 7038
71 4774
4656 5344
9396 31
2248 521
2116 8412
5117 9559
3673 349
3401 1118
7788 3923
2693 2302
7028 6552
5318 2610
3646 4447
8940 6002
4844 2885
8924 3815
9289 745
5389 2915
5609 5888
8101 6125
3581 4264
8198 3908
4447 8387
854 7520
5179 2916
5732 969
8078 9924
9228 4620
4938 9529
5274 2843
5818 2969
9667 3972
9340 1905
8882 5500
9365 8095
9851 954
9523 9213
2032 4415
642 4272
4778 2617
1199 2643
6892 1990
7876 1669
6751 4204
5558 6856
9599 8448
3924 1594
1372 2995
5440 5015
4546 6307
1124 3727
8410 8102
9627 8050
6704 5297
9185 2909
6732 4803
9794 7698
6479 3509
3922 521
9638 2380
7977 6338
1069 1253
2884 737
4654 4400
8271 1645
4678 4712
418 6634
4616 581
6372 8895
4371 8259
590 2589
9212 7894
9328 1109
3631 470
70 6771
6142 7811
7272 8978
3424 4715
8662 5254
5891 6298
2308 4557
2706 2668
6369 8644
9647 794
6488 5002
9468 4717
3051 5247
2414 6139
7021 2730
1896 7438
4742 201
198 7728
8766 3811
9984 8360
7686 5928
2120 6496
1499 7353
9007 239
9224 1427
6080 6401
7289 5531
6731 1876
7495 5947
8374 7610
7838 6860
9226 7271
9517 2363
8032 7698
2881 987
7102 8831
4738 5678
1675 2582
5852 1400
6641 6058
7973 1723
454 7176
2783 4330
2148 9259
8677 4604
6915 8868
2414 8560
4441 9625
4531 726
6945 7819
4530 2488
5905 4635
8477 100
1174 7158
6962 1276
5832 3223
509 9302
3568 3876
6539 9356
6044 8623
1825 8630
8263 8784
2795 5780
741 7542
7590 185
4761 1545
447 2392
1589 3810
447 5919
6707 8145
7364 3137
8111 5692
7837 3721
7853 2513
2648 6200
4849 3514
9708 28
1784 6987
3937 8793
9735 3654
7493 351
7294 2909
3728 941
5426 9983
5756 8392
6253 3283
8828 5403
4238 1100
8857 4998
789 9513
5356 886
2395 5498
3964 638
9613 6147
9084 8807
12 3325
5092 6725
2700 9917
6825 2622
3681 2982
478 1455
9285 9902
1336 8130
6794 6707
2563 8934
5418 55
3693 3671
6033 5528
916 388
2980 8101
8373 4472
1286 7799
7083 8182
7022 9438
6955 3778
4947 371
3446 1985
856 81
6119 4150
362 61
3992 9040
6821 7927
8601 4116
9604 4494
4454 9025
5343 8838
7738 4786
8557 6507
1989 4747
9447 1240
3558 4581
3480 6880
7741 7218
5115 3929
5876 7137
6638 6939
6082 850
5487 2131
976 8382
4140 4082
9305 4324
4313 6074
6136 3555
1129 633
2445 6297
2333 2123
5485 1886
904 6899
9002 967
3741 7171
4567 4835
6938 809
4634 4943
3077 3754
5977 8048
3419 2816
1665 3598
4195 5601
2453 1579
2569 3570
5471 9210
6835 2967
5693 5048
1674 1369
2404 7705
1372 30
9058 1252
7778 8925
6892 3874
1981 7334
7456 545
2237 7231
4645 1001
3554 4033
4252 2175
9787 9082
8807 7874
7479 3730
571 7304
1414 6547
2052 227
4955 4199
8023 668
2811 2946
4038 3532
2648 7550
6383 1128
6231 7387
6439 3651
7939 5621
8027 4829
320 3353
1761 902
2709 4465
2737 5480
706 7852
6085 2763
8159 892
8076 1403
7203 447
8898 2658
9745 1134
9018 6292
5978 618
4670 8005
3743 5237
1364 5721
6727 3496
7738 3516
1268 1491
1832 7122
5589 2914
8416 1947
5561 8774
9326 6034
3015 3556
1037 5165
6571 249
8661 2212
1067 3812
2303 8501
8737 4251
3427 7810
1525 3931
6063 7585
3348 9017
8779 6820
2268 1789
38 3218
8314 9122
309 9959
9830 5159
1260 8513
7536 2606
9646 1018
7890 6077
6901 8425
5038 3410
0.1804 0.3737 0.2984 0.5604 0.4200 0.5004 0.5908 0.4098 0.7156 0.2590 0.2843
0.7702 0.7841 0.5535 0.7828 0.6192 0.8286 0.6543 0.8004 0.7465 0.8060 0.8058
0.3091 0.4978 0.7755 0.6256 0.7611 0.6646 0.5950 0.3802 0.2996 0.5502 0.1245
0.3469 0.4253 0.6722 0.5480 0.6249 0.1345 0.6490 0.6439 0.7889 0.3434 0.6003
0.1367 0.6494 0.6705 0.6726 0.4045 0.5551 0.3354 0.1653 0.3175 0.4100 0.2300
0.1963 0.1354 0.3718 0.3738 0.7226 0.4598 0.1935 0.4318 0.4310 0.1590 0.3632
0.7139 0.8337 0.1157 0.4828 0.2598 0.8032 0.2551 0.6934 0.5551 0.3593 0.3945
0.5229 0.2193 0.1030 0.6338 0.8275 0.6641 0.2284 0.5172 0.3050 0.4030 0.5942
0.7345 0.1548 0.8179 0.3104 0.8256 0.8349 0.5680 0.3822 0.1946 0.3822 0.2388
0.2172 0.1945 0.4152 0.6055 0.4992 0.3433 0.2681 0.8980 0.1146 0.5387 0.4124
0.7855 0.4254 0.8333 0.2342 0.8382 0.1289 0.8874 0.3565 0.5853 0.3463 0.2293
0.8991 0.8209 0.3815 0.7201 0.3686 0.2735 0.2852 0.5829 0.5184 0.2123 0.8430
0.5919 0.6924 0.6427 0.1348 0.1953 0.7668 0.8717 0.1245 0.6020 0.3410 0.2302
0.5938 0.1851 0.7604 0.6626 0.6066 0.5383 0.3713 0.3544 0.7606 0.1404 0.3428
0.5500 0.5348 0.3607 0.7748 0.2482 0.7169 0.3012 0.4605 0.8590 0.1984 0.3734
0.2242 0.5003 0.1613 0.3655 0.5857 0.3004 0.1395 0.4041 0.8993 0.3089 0.3953
0.1580 0.2728 0.3570 0.7216 0.1454 0.3209 0.7889 0.5603 0.3220 0.6352 0.8981
0.6602 0.8306 0.5609 0.2920 0.7508 0.3936 0.3843 0.7702 0.7358 0.3208 0.8870
0.5138 0.3231 0.8932 0.8826 0.4148 0.7808 0.2658 0.8880 0.3195 0.3769 0.5610
0.6138 0.7305 0.4596 0.4602 0.1293 0.7753 0.2146 0.6384 0.1921 0.2158 0.6279
0.5941 0.3830 0.6384 0.7516 0.3002 0.6403 0.3371 0.2315 0.3376 0.3534 0.3310
0.3270 0.4785 0.2914 0.2677 0.6264 0.6167 0.6278 0.1340 0.8372 0.8290 0.7015
0.6114 0.7510 0.1983 0.5561 0.8354 0.5732 0.5587 0.5184 0.2419 0.8386 0.4106
0.1348 0.6973 0.8753 0.8886 0.3239 0.8113 0.5354 0.8505 0.6951 0.8095 0.4685
0.6680 0.4781 0.4071 0.4003 0.2150 0.3880 0.5171 0.7024 0.1596 0.8906 0.1063
0.3112 0.4679 0.6067 0.3635 0.1767 0.8780 0.4750 0.4009 0.8571 0.7038 0.3801
0.5966 0.5855 0.4595 0.6615 0.4888 0.1770 0.3862 0.1441 0.8920 0.8647 0.4767
