19 922 68
8945 1877
4828 5736
9828 7964
3015 1588
3483 290
5963 3276
7097 7383
560 1146
4742 472
7930 925
7940 7555
8318 984
4597 4893
7367 5026
7399 1785
2117 6777
779 2548
5908 9950
1013 6213
4468 9559
1108 3332
4180 7028
9306 5031
8816 6254
8052 8626
7896 2548
4032 7058
553 2358
8444 5832
4876 276
6375 2761
920 8125
6228 9118
3049 1769
5879 8260
7755 8775
6340 792
7847 1389
4030 8552
3303 5573
1706 2856
1067 1909
8310 514
985 7708
4247 3379
9667 7472
1165 1117
5063 2533
6894 4171
8722 3647
2926 2403
8822 3634
9138 9924
9706 9083
3228 7055
4388 7242
3842 1740
6407 236
9704 2032
5692 2644
6701 3833
712 5909
1746 8121
9625 8872
6215 3745
6381 5246
6841 4326
9536 2513
6665 1323
3016 2305
2546 9655
6105 8861
1136 813
9086 1256
9698 3703
9893 3505
744 7162
7744 7214
8060 1725
9916 663
7854 8118
105 1312
6254 724
3037 8773
2750 4723
2283 4647
4154 3831
5168 4486
782 2284
2614 1584
5383 8317
4155 514
5354 9052
2275 5895
6289 5529
348 5187
8160 4620
4307 3477
1236 9738
2928 3816
1629 8329
8703 1713
139 492
3669 8423
431 3249
3245 4519
5504 9797
6275 2034
6554 787
4216 1363
7547 1055
7205 5464
3934 7587
9659 6164
7476 6588
1834 3443
3642 5166
5656 8277
9811 3689
5248 3202
3249 7462
8228 9052
3081 9184
3955 8044
3424 848
7823 4532
9214 7456
2564 5782
6138 5712
2912 4644
4567 6704
9242 7750
9013 6597
7037 3173
2229 9234
5010 1957
8712 938
8583 1648
6852 5900
1431 9820
3898 2027
1960 1624
3360 8549
7936 5906
6949 1996
3050 9432
9930 3050
790 7070
9498 2223
4296 1166
3435 2320
2297 1257
8051 2291
7442 6276
8184 5266
7161 7477
4446 281
9501 3439
4410 5918
2381 2564
1114 6764
4456 5549
9362 3668
9292 114
5724 7723
5532 9925
4874 921
810 2727
7346 9971
713 5088
7494 4613
5748 1997
8965 4117
1063 4657
6562 2388
6980 2481
3974 609
9214 3542
3326 1762
9741 8851
9093 4755
3897 7700
3762 1528
8719 9244
2562 3317
8254 1393
6613 5344
8227 0
4175 4696
4641 9404
7086 9856
943 5409
7813 828
5569 863
6073 8164
2029 604
6414 1804
7659 5217
396 9898
9595 1833
8001 8768
5428 2341
1791 8658
2327 3941
7547 3118
6823 7078
5296 2763
7546 8960
8437 8793
1583 9094
2767 5112
350 1382
9139 7667
7857 9559
7807 484
2928 3231
7513 220
2463 3523
4603 1872
6506 4784
3840 2470
3946 2832
4582 6140
7969 5641
7580 9613
461 7470
1331 5556
813 7861
6918 7207
8969 7939
1111 4117
4938 6694
1035 4799
1244 6512
2677 9792
8187 1523
3484 1879
8667 4420
5297 9325
9956 3936
1541 5825
7906 5224
3456 5291
2113 4879
8019 4173
3447 6446
6894 5472
9662 4431
7155 8169
4777 8582
4954 3161
2360 2723
9635 367
5743 432
3999 5998
9193 5477
3255 3201
6698 7014
2466 962
3120 8117
157 8584
2444 3179
640 6741
5130 5429
8994 3769
2252 8102
6683 6761
178 9434
9274 1764
8744 3338
1754 772
119 7805
10000 981
8250 879
1235 3045
3579 1043
7726 7935
3729 551
7878 1868
7485 4141
3434 3157
4858 9624
7725 3349
3792 2223
8743 6077
2313 7119
7058 3328
2830 8283
1518 8832
6623 4438
9950 8516
4618 9607
2018 5726
6687 3039
8381 2853
3856 718
2943 3650
7333 3246
737 3
8050 5387
4274 2974
7950 1780
96 1645
9160 4033
1769 2528
5465 1771
3683 9805
1446 7109
8304 4462
9112 3872
3953 1428
1288 1355
44 828
3488 5703
252 4015
9751 5540
9467 4615
2312 9792
7612 1560
9408 6886
78 4539
2058 3571
9252 9662
8563 2007
8589 9269
6085 9711
8329 1117
3959 5370
1404 2324
2360 6918
9350 5332
961 6349
2024 5151
5549 7871
1330 243
2960 2633
8180 4871
7190 3797
4493 6910
1469 9023
2742 7379
9975 5270
4728 9209
8582 5729
3722 5638
8142 855
907 1431
9927 6551
2436 4490
9655 5778
3119 4798
347 3625
3427 6819
6790 5228
7922 5464
4980 7229
6631 2833
3742 8110
6752 2115
1469 8594
5868 9422
1610 8533
4599 5631
2843 5797
4741 3713
2950 2087
5572 2011
2547 1051
3754 2354
2715 3915
2281 6727
2869 1783
9303 1085
55 6423
9027 5330
8385 158
7521 5880
7374 7742
4255 5257
8575 7015
9729 4075
2399 378
3361 9193
3130 2096
7162 8631
5343 3383
5861 279
7440 9114
3613 4819
1924 1097
9183 2699
2986 994
4901 518
8492 6450
652 2222
5961 7482
4819 7095
3595 9949
328 669
493 9769
5978 6055
4899 2440
7711 9627
9731 8419
8703 4649
3154 3194
6411 4540
6580 3020
423 3784
2732 8234
5816 6939
9334 8924
5782 5345
1770 5571
7977 6882
2104 5032
8550 9976
979 4913
9427 2460
7512 3381
234 6560
6445 9412
9293 518
9092 6933
622 3109
5092 3304
6923 9460
8821 6828
8474 1717
9578 3959
48 7142
1284 8342
431 6869
5604 7248
2752 1802
1811 396
4883 1843
1040 8680
7650 3593
6608 7384
8823 6566
637 5786
9405 5518
308 4840
1902 6256
9984 2416
4855 3543
5417 2139
2460 2688
4342 4341
2747 4049
2545 9789
7848 4848
8922 8672
151 1085
7720 536
7674 9086
3806 7309
5328 2639
4522 6584
1325 4319
2196 2250
7854 2193
8438 3800
5240 846
3346 5817
5923 1628
7017 4220
8442 9732
4737 4250
6181 6238
9180 2194
3768 892
2232 7008
713 1985
5191 7174
9225 7282
8240 3938
2452 8155
4488 4341
5176 2091
2847 6482
9296 4646
9008 422
3 8251
2815 8751
3358 3071
1468 8106
4262 3186
1835 5222
2227 7832
5886 540
1186 8945
9285 6399
9274 2778
8237 434
2335 88
45 6190
8259 4220
3978 4070
9469 2035
6917 780
3110 7493
7618 3411
4289 1620
5126 6542
5057 4611
4950 9580
1105 9381
9724 1919
5135 8154
3785 7201
922 9559
4909 8140
3248 6740
7777 5362
2389 2363
6715 848
4449 5237
6777 2526
5819 2330
2711 8837
4027 1236
5646 400
5413 8698
8485 5536
2490 6463
8085 3190
7448 7411
8761 529
7357 7553
2653 8611
727 9255
3820 1958
7693 2832
9290 6233
9031 4552
5424 7261
1117 6063
9040 8713
3388 1377
5432 3550
2934 1945
9828 5704
2574 861
3146 4107
8638 7326
7699 7003
5292 2008
1503 6345
7921 232
7907 9224
6699 9333
8640 1936
6275 1927
4072 4328
7055 8244
2789 6389
5018 6347
736 8565
1582 7634
1858 6734
3309 8964
2209 994
1039 3422
7208 5949
7065 9167
4350 6529
9291 5669
3537 4728
7230 8342
2185 8186
9549 5932
4099 8668
3585 1683
7294 2029
5960 1067
9713 550
8603 5275
1194 2626
1454 1992
6296 6294
2462 7842
805 1491
4788 4573
6662 7643
4692 6765
9767 7340
3821 9370
106 9597
958 1551
613 4057
6479 7874
9808 2541
87 8345
7301 5157
4541 2585
7244 9494
934 8610
1209 6629
327 5863
3966 5112
2361 5710
1410 3255
7404 4734
5658 3217
6135 5935
0 7652
9102 2544
2833 10
7070 6622
1236 1927
8807 1432
8976 2666
1600 4721
5170 5013
1149 3919
3713 656
3920 6102
4523 1992
196 7081
9764 8645
127 8889
5622 9236
2111 5780
6622 9752
7028 7305
9891 7036
3925 9528
7722 6758
7689 2409
3449 4369
9644 1308
6639 9952
6524 9994
8005 7259
8191 5375
4006 9110
65 6571
8811 2511
638 6566
4589 7199
9383 9373
250 2949
5932 5546
8323 8581
6841 4605
2753 7135
178 5137
1726 5017
7556 8318
1332 5701
3539 6634
3909 7810
5276 5379
177 1937
6009 8340
4186 623
7777 4109
1093 8381
7548 7390
6120 44
5685 6366
7743 8380
2685 484
2833 4506
3178 4999
4211 8548
8695 6896
9119 4295
4796 7855
8834 7593
8481 7709
326 7249
2239 1764
9477 8430
8686 4917
5681 2233
5119 2176
9190 5164
7839 4378
2266 9622
8132 3856
480 9271
9557 5707
4168 2887
4033 4601
8909 960
2439 7127
5345 7608
7230 1739
6451 5079
9283 8083
1546 582
4366 730
5925 1511
2442 9170
9219 2975
9645 7883
8489 4850
2282 7300
9301 1289
708 1766
2013 6493
1678 5520
4082 6872
761 1610
2646 6745
6605 2273
4491 3345
5087 9986
1771 7545
2659 3647
5142 7710
9918 9728
8584 7569
4693 3107
1160 109
4772 9911
3345 2069
5930 8162
5138 784
8568 9515
8030 8281
8282 8781
1009 6876
5685 6202
1947 6417
6139 1083
8690 9395
8082 728
5447 1382
2357 8895
8585 4241
570 3918
3822 8847
9040 6288
2448 3054
2899 9504
879 210
9771 6803
2263 2974
4447 5113
4956 7997
7270 5606
6127 4513
1976 4133
4218 5426
723 3459
6906 9937
9220 9848
5794 4637
6574 3197
7182 4629
9287 1523
197 8155
5373 7723
8276 2762
4555 2701
4101 4928
7007 2829
2712 752
4481 1204
5301 7429
838 7452
9142 7152
5971 1409
6261 6796
8139 9634
9162 1338
4260 9223
7844 8605
4112 5252
5390 5354
9642 9205
6851 7786
396 2978
4165 1743
7785 9815
6743 8848
8391 276
9844 2949
8234 8024
3247 2535
9679 9600
4039 7843
4935 4173
1338 1590
6215 1660
7965 8056
4407 1808
3614 7718
8081 7965
7538 8822
4064 6295
7379 2478
6535 1757
5066 2953
1743 9201
2095 7631
5302 4123
4654 2256
3583 1326
1043 6579
151 3468
3719 1053
6902 2714
1891 1809
6006 3993
1788 3231
8895 9621
483 7733
3805 4468
5211 5642
1949 806
527 6732
5611 3681
7091 5482
6236 610
2640 7965
2410 733
1344 5813
5495 1544
8054 9209
8811 772
9126 6628
835 6183
1658 9779
3963 3931
3718 6410
1584 3428
1779 3844
7595 9753
9359 9661
6427 2197
3502 9210
7946 5105
6175 9869
4425 2924
662 135
7293 7071
7709 9307
9685 1201
9803 5805
8296 3836
1615 3191
5339 5635
1900 6563
6285 2931
5945 6813
315 8201
3307 493
2166 6637
8050 5115
2900 9132
1156 7637
2914 5602
2455 1896
1260 3223
9296 4756
2551 7768
4799 2793
6236 5856
9984 4647
8889 2247
6459 1502
7357 4899
4302 9444
1089 1346
7904 2318
8708 5536
924 2870
8685 7735
6392 8867
9104 192
9877 9412
9436 8744
4855 6076
7003 5641
4954 6920
9764 7835
1695 4198
3705 1867
2065 1822
4198 851
1796 9685
612 8674
4336 1506
6399 624
157 5366
5885 3995
7000 6537
348 2571
7134 4327
4191 4484
4884 5891
297 5033
2751 9140
6298 1049
34 591
6340 2649
4601 3990
9016 7697
2789 7768
4795 8398
6825 2935
930 594
4100 8823
3586 3032
5124 4700
7908 3746
6631 111
4102 2397
502 3417
5348 8139
2328 538
2455 52
1152 6944
660 4563
1721 7771
2547 6320
1630 1202
5955 7661
1602 9553
9801 4857
2078 9855
3191 9444
3254 2932
8246 1810
2344 4121
2078 9616
383 4925
3933 4865
572 4450
3867 3788
3202 5110
3240 8385
1794 7197
980 9719
3758 6622
4627 5841
0.3848 0.7600 0.2119 0.6174 0.3810 0.3713 0.7348 0.8564 0.6572 0.1537 0.6618 0.1369 0.4679 0.7401 0.1122 0.4463 0.1141 0.5738 0.7398
0.8369 0.2413 0.1181 0.6890 0.7028 0.2285 0.7826 0.6576 0.2381 0.4161 0.8299 0.7961 0.2900 0.6735 0.3903 0.6515 0.2228 0.4185 0.1308
0.5011 0.8896 0.2926 0.3832 0.3945 0.8115 0.6426 0.6400 0.1609 0.4853 0.5586 0.4905 0.5666 0.2747 0.2438 0.1551 0.6105 0.2418 0.8119
0.7921 0.6017 0.2520 0.1908 0.3603 0.2118 0.2115 0.2448 0.2319 0.5364 0.1984 0.4268 0.5870 0.5694 0.7809 0.1768 0.6750 0.7231 0.3117
0.4025 0.5624 0.2473 0.7003 0.3098 0.2156 0.2550 0.3218 0.4672 0.2235 0.6926 0.4302 0.3514 0.3347 0.7352 0.5146 0.2627 0.8430 0.5221
0.6677 0.5899 0.1981 0.3238 0.4729 0.1523 0.7356 0.8680 0.2570 0.6758 0.4289 0.6412 0.6459 0.5979 0.3971 0.4773 0.4999 0.4917 0.4529
0.4890 0.2692 0.4976 0.5370 0.1707 0.5285 0.7634 0.2177 0.4490 0.2746 0.3640 0.8855 0.3827 0.5617 0.3239 0.2204 0.3395 0.7320 0.2047
0.5477 0.7956 0.5106 0.8304 0.8602 0.1108 0.7463 0.3385 0.1820 0.5412 0.3944 0.7774 0.3631 0.3148 0.8469 0.4225 0.5259 0.5795 0.6367
0.8734 0.6493 0.6874 0.1377 0.7638 0.4164 0.1612 0.3393 0.6531 0.3114 0.5031 0.5474 0.5149 0.4336 0.4896 0.2340 0.7621 0.3819 0.3227
0.8585 0.7135 0.3273 0.7917 0.8069 0.4055 0.5870 0.2757 0.6363 0.6052 0.8601 0.6433 0.8614 0.7146 0.6997 0.6792 0.7484 0.4214 0.5420
0.6278 0.3990 0.4053 0.3873 0.6515 0.2285 0.7099 0.8745 0.6207 0.4340 0.3147 0.8698 0.4103 0.2808 0.7686 0.1525 0.8166 0.5355 0.1716
0.8914 0.7611 0.4079 0.2187 0.4832 0.3233 0.5744 0.7012 0.7311 0.8292 0.3588 0.4389 0.3466 0.7681 0.3780 0.8807 0.8824 0.8137 0.1763
0.8160 0.8499 0.7512 0.8070 0.2168 0.8937 0.1436 0.2279 0.8127 0.2591 0.2824 0.8948 0.3328 0.7631 0.7162 0.2840 0.6025 0.3868 0.2838
0.5757 0.1902 0.5603 0.8218 0.5253 0.6871 0.6396 0.1453 0.3343 0.6592 0.3953 0.5201 0.2753 0.8559 0.2262 0.4946 0.5676 0.1288 0.5458
0.3268 0.4370 0.2812 0.8693 0.4293 0.3081 0.5001 0.6637 0.3269 0.8290 0.1998 0.2984 0.8325 0.4758 0.6382 0.4457 0.1034 0.2206 0.2716
0.4851 0.3399 0.6542 0.1329 0.7571 0.2953 0.8228 0.5537 0.8569 0.7705 0.2211 0.8222 0.4574 0.3619 0.4095 0.2706 0.6071 0.5377 0.7344
0.2288 0.5660 0.2920 0.1548 0.2800 0.4245 0.5007 0.5314 0.2157 0.4632 0.2108 0.3590 0.7709 0.6266 0.5542 0.2004 0.7158 0.7246 0.1499
0.6482 0.3415 0.4314 0.6203 0.2007 0.4128 0.4145 0.8240 0.2411 0.1181 0.4913 0.7462 0.8995 0.3165 0.7196 0.4383 0.6012 0.8268 0.3023
0.1128 0.1804 0.5439 0.2819 0.4418 0.7371 0.3180 0.3738 0.3579 0.4032 0.2551 0.7720 0.4438 0.7001 0.2034 0.4306 0.3675 0.1562 0.7178
0.3465 0.4087 0.5321 0.7006 0.5375 0.7618 0.4117 0.1660 0.4717 0.3548 0.8218 0.8762 0.4967 0.8388 0.3800 0.2692 0.3121 0.6845 0.7976
0.5992 0.1342 0.1398 0.6294 0.2284 0.6527 0.1402 0.6145 0.6885 0.4853 0.3281 0.1742 0.2317 0.2453 0.8665 0.5787 0.2291 0.6752 0.4665
0.2731 0.5337 0.7822 0.5923 0.5760 0.1958 0.4372 0.6085 0.6732 0.8730 0.3758 0.4269 0.3903 0.1702 0.4375 0.1289 0.5130 0.4740 0.2873
0.5955 0.6222 0.6621 0.8443 0.6519 0.6420 0.1750 0.7143 0.8426 0.7379 0.3041 0.5941 0.8748 0.2949 0.7001 0.3380 0.4806 0.5454 0.5876
0.4289 0.3558 0.6776 0.8090 0.4056 0.6072 0.7779 0.3249 0.5102 0.1884 0.6449 0.2700 0.2626 0.5952 0.4459 0.7829 0.1522 0.4216 0.4921
0.1485 0.8945 0.5256 0.6635 0.7143 0.1638 0.3687 0.2527 0.7081 0.3392 0.8700 0.3090 0.8177 0.6785 0.7369 0.5023 0.6692 0.7360 0.5731
0.1593 0.8167 0.7968 0.8950 0.1106 0.6441 0.4387 0.3692 0.4897 0.6658 0.8647 0.3860 0.8293 0.1744 0.2199 0.5457 0.3960 0.7044 0.2522
0.7419 0.3394 0.8580 0.6412 0.2270 0.6472 0.2324 0.3532 0.6859 0.3791 0.8394 0.3789 0.2728 0.3647 0.1691 0.3106 0.8106 0.1559 0.1007
0.1554 0.8967 0.4050 0.4874 0.4782 0.5600 0.8261 0.1106 0.6254 0.8090 0.8332 0.7144 0.8141 0.3845 0.2600 0.8746 0.5812 0.3776 0.3080
0.8656 0.7493 0.6392 0.4106 0.2165 0.4805 0.5190 0.1199 0.6416 0.4454 0.8405 0.1017 0.4199 0.6220 0.8511 0.1768 0.8563 0.4288 0.1148
0.5195 0.1788 0.6471 0.6965 0.7181 0.7595 0.8819 0.6783 0.6685 0.8218 0.4460 0.2061 0.4977 0.2420 0.8818 0.8503 0.7239 0.3378 0.3684
0.3213 0.1718 0.8954 0.3664 0.5739 0.5465 0.4938 0.1871 0.8480 0.8930 0.1762 0.6108 0.1453 0.1716 0.2604 0.1100 0.4555 0.8346 0.5885
0.4871 0.3958 0.2608 0.6092 0.2801 0.4141 0.3372 0.7639 0.5375 0.8510 0.5093 0.3195 0.8610 0.4436 0.3014 0.5992 0.6937 0.2635 0.7825
0.1661 0.2649 0.6602 0.1481 0.1583 0.3314 0.2383 0.1603 0.5149 0.8184 0.7409 0.6723 0.6118 0.3933 0.7336 0.2167 0.8436 0.2081 0.5445
0.6849 0.6569 0.4935 0.4064 0.1376 0.2897 0.4407 0.6043 0.8614 0.4672 0.3490 0.5605 0.3366 0.3118 0.3810 0.3980 0.3385 0.3252 0.1076
0.6873 0.4232 0.8276 0.7490 0.5706 0.4435 0.7905 0.1581 0.2378 0.7089 0.6814 0.6296 0.2473 0.1571 0.3319 0.3071 0.1075 0.6620 0.7834
0.6185 0.6590 0.4740 0.1104 0.6683 0.8124 0.7064 0.1902 0.6215 0.6367 0.2590 0.3000 0.3276 0.7205 0.4778 0.2073 0.4128 0.4678 0.6110
0.3672 0.4694 0.5748 0.8304 0.5285 0.2050 0.3600 0.4637 0.5813 0.4910 0.4483 0.6868 0.4209 0.7372 0.2085 0.3079 0.4957 0.4922 0.3790
0.8535 0.1268 0.8328 0.8448 0.5225 0.7946 0.6282 0.8269 0.6071 0.6314 0.4805 0.1232 0.1315 0.2263 0.6399 0.3899 0.8148 0.6124 0.8190
0.5575 0.6021 0.4268 0.2896 0.2750 0.2731 0.6095 0.4862 0.1493 0.4293 0.8738 0.2337 0.1990 0.4582 0.5559 0.3460 0.3660 0.7460 0.7984
0.4347 0.3042 0.8804 0.2567 0.4374 0.5995 0.3404 0.5314 0.8706 0.3167 0.6628 0.1242 0.5222 0.6696 0.2722 0.3106 0.1480 0.3430 0.6424
0.7000 0.3083 0.5415 0.7534 0.1819 0.8477 0.1054 0.4967 0.4141 0.8666 0.6729 0.6817 0.4141 0.3615 0.1913 0.6353 0.6888 0.3320 0.3857
0.2473 0.5745 0.1618 0.2596 0.5384 0.2804 0.4694 0.1035 0.5847 0.2094 0.4028 0.5147 0.8022 0.1116 0.3090 0.8825 0.8082 0.8528 0.2940
0.5681 0.3297 0.7992 0.6989 0.6163 0.3809 0.1778 0.1331 0.3177 0.6008 0.3758 0.6594 0.6866 0.3910 0.6659 0.7839 0.7718 0.1149 0.3154
0.7368 0.1022 0.2113 0.7614 0.8743 0.8387 0.3639 0.7757 0.2011 0.1768 0.4418 0.7125 0.2179 0.2771 0.7195 0.7056 0.7987 0.6728 0.8064
0.7737 0.4689 0.7052 0.1190 0.3034 0.1061 0.2417 0.7031 0.1981 0.2764 0.1542 0.6774 0.7305 0.6726 0.4584 0.2666 0.2885 0.7950 0.6019
0.7322 0.3800 0.1406 0.2098 0.1662 0.6076 0.2370 0.3388 0.6702 0.7200 0.2309 0.8501 0.5080 0.7269 0.8507 0.2540 0.3500 0.7462 0.3485
0.7454 0.6825 0.3737 0.5283 0.8157 0.3123 0.2912 0.6827 0.8820 0.8418 0.8858 0.3920 0.5881 0.1084 0.3870 0.5085 0.3420 0.2451 0.4720
0.5425 0.5049 0.6761 0.3981 0.2547 0.5687 0.7349 0.8254 0.8716 0.4247 0.3167 0.1765 0.8603 0.8578 0.4681 0.5795 0.1785 0.6030 0.6546
0.4557 0.3123 0.5512 0.1220 0.1768 0.1609 0.8991 0.6239 0.3987 0.7733 0.4255 0.5277 0.2108 0.5470 0.6041 0.5983 0.2402 0.2306 0.7349
0.5035 0.2429 0.5953 0.1807 0.4221 0.2288 0.3809 0.6369 0.4931 0.8034 0.6276 0.8996 0.7640 0.8614 0.3346 0.7395 0.1063 0.6934 0.7049
0.8676 0.2740 0.5629 0.3937 0.5682 0.1014 0.7329 0.5685 0.4293 0.5497 0.4615 0.7690 0.7724 0.2875 0.1259 0.7741 0.1267 0.3363 0.7832
0.4139 0.8595 0.4526 0.1045 0.1271 0.7508 0.4743 0.7052 0.5560 0.7504 0.8133 0.1785 0.3291 0.1893 0.8791 0.6266 0.1088 0.8987 0.1458
0.2616 0.1598 0.2432 0.1396 0.6036 0.1716 0.6712 0.4178 0.8247 0.5551 0.7599 0.7780 0.1789 0.4918 0.4932 0.5481 0.5686 0.6673 0.6498
0.3580 0.8789 0.7663 0.8907 0.1640 0.4179 0.7489 0.5826 0.7957 0.8784 0.1922 0.4644 0.6814 0.6745 0.2352 0.2043 0.5162 0.2988 0.8380
0.7959 0.8599 0.3397 0.4272 0.7246 0.5525 0.7730 0.1138 0.7647 0.7228 0.6219 0.8474 0.2106 0.5258 0.5901 0.4692 0.5899 0.5635 0.3330
0.4322 0.5440 0.3728 0.3305 0.2379 0.3081 0.7702 0.6844 0.7387 0.5672 0.1043 0.6140 0.8626 0.1955 0.1526 0.6435 0.8584 0.6538 0.7483
0.2641 0.8421 0.3710 0.6057 0.6196 0.7841 0.4544 0.7534 0.3024 0.1972 0.6764 0.2684 0.2224 0.4663 0.8581 0.1545 0.8330 0.7094 0.4012
0.2135 0.5246 0.3514 0.5668 0.6292 0.5709 0.8016 0.4296 0.8695 0.8425 0.1383 0.2762 0.4312 0.1020 0.7217 0.4012 0.3290 0.3197 0.5846
0.8207 0.5079 0.5827 0.8393 0.8245 0.3965 0.5963 0.1750 0.3868 0.6661 0.4225 0.5124 0.8285 0.7468 0.8067 0.5088 0.5583 0.6507 0.5880
0.2021 0.2220 0.6126 0.7289 0.2952 0.1656 0.6772 0.8012 0.2591 0.3990 0.5914 0.7060 0.3951 0.2603 0.2151 0.2166 0.3883 0.3931 0.4740
0.2069 0.3681 0.5017 0.1797 0.3512 0.7206 0.2393 0.3797 0.5428 0.4174 0.8403 0.6049 0.4348 0.7033 0.1301 0.7118 0.2973 0.1589 0.8374
0.7379 0.5368 0.3730 0.7051 0.5761 0.1330 0.7783 0.5907 0.2916 0.2931 0.8495 0.4154 0.2667 0.2004 0.7056 0.6248 0.4600 0.2577 0.2037
0.3250 0.1496 0.4696 0.7032 0.8537 0.8615 0.3937 0.2486 0.2268 0.6930 0.3657 0.2047 0.2599 0.5048 0.5509 0.5641 0.3619 0.3096 0.7450
0.5172 0.7942 0.8044 0.6871 0.2983 0.4577 0.8323 0.6683 0.2989 0.2848 0.2034 0.1366 0.4139 0.3215 0.7446 0.2054 0.2374 0.6442 0.6244
0.7305 0.5921 0.3533 0.4419 0.2598 0.6412 0.5860 0.3055 0.6970 0.2336 0.6055 0.2876 0.6613 0.5584 0.5359 0.1897 0.7979 0.7786 0.7578
0.5586 0.4029 0.1414 0.1322 0.5830 0.4244 0.1385 0.3700 0.2620 0.4127 0.3504 0.4854 0.6862 0.2561 0.5690 0.8492 0.1834 0.7075 0.1154
0.7050 0.4280 0.5607 0.7192 0.8732 0.5343 0.1469 0.4956 0.5595 0.6949 0.6125 0.6863 0.7278 0.5691 0.6027 0.4470 0.1865 0.7130 0.3739
0.2766 0.7214 0.1349 0.3357 0.3721 0.6053 0.6682 0.4362 0.4378 0.3897 0.1316 0.5071 0.8793 0.7612 0.7721 0.8069 0.7925 0.6230 0.1778
