8 360 19
300 9514
8926 1105
3930 5886
3527 6516
2516 4442
5690 7780
6211 5160
3544 780
2867 9832
2083 5905
7469 5068
7092 602
6933 8259
7461 112
4214 2306
4065 1221
2770 4860
7456 2909
2482 8147
938 2868
6198 7171
8692 9585
4453 3521
8436 4542
4878 1736
1752 4114
4438 7371
7744 5950
8202 2331
6263 377
990 3537
4302 7134
3387 614
8832 5394
8396 6456
6761 237
564 5969
1251 4568
2906 9307
2055 7255
1993 3260
980 9301
6109 4477
7827 5637
3855 3344
5026 954
9288 2188
8253 6492
6103 4732
2756 2688
7900 5274
6835 5782
5777 4040
5125 6913
9806 4369
7746 8028
5437 6835
3750 1795
5409 2692
9400 8228
303 8878
2370 4957
875 9741
7347 8412
8049 5307
6032 4854
2613 4909
9466 5577
8947 343
5967 7306
3358 4398
7322 1530
1853 7214
595 2519
2976 9426
4490 7879
6446 5517
1865 658
3337 3715
6915 7795
1620 7396
4836 5422
6172 1498
7820 5183
2018 3671
8913 7358
653 9814
555 447
1197 3709
6108 3284
4342 6811
4372 6923
2410 1028
3935 7620
3247 3814
7264 9611
7440 1654
3565 7392
4386 6695
1381 3166
3873 3661
8350 6241
9120 8930
1433 8344
6195 6073
472 8166
3534 1301
9168 3851
4637 1881
8839 1665
1204 8325
7543 5628
4287 8759
6531 4581
1547 7983
5220 5949
9733 9863
5864 4353
8779 9643
9460 736
6842 2683
8967 78
4065 4311
9505 5030
4273 2546
727 6582
4881 9646
4941 773
9760 2686
2072 6901
9955 1416
4109 6378
8618 457
4090 2858
9415 7110
9913 7336
172 5827
8441 3256
5106 4252
1707 5234
1212 3395
8669 8671
7848 2035
600 7069
8003 7047
3256 941
7574 6905
944 8745
9423 6867
5162 436
2940 3251
1575 6097
5668 2054
1129 7222
2554 6609
5368 4445
9051 4349
400 5245
3986 2636
9334 5147
6 3341
5836 2391
8721 6982
7433 9789
9114 53
7815 4300
4598 5932
7692 5215
1747 2981
7365 7803
7038 950
2328 487
5881 3465
6982 9560
4576 2051
2474 9771
4185 385
984 6473
7090 9433
5130 6033
2507 4892
190 9747
6658 1794
9167 5640
64 2143
2954 9914
9917 4501
5500 7450
6944 2764
6037 7425
5109 8370
2323 5177
6069 876
8081 264
1003 9186
2099 8976
587 2279
8296 8380
2898 1377
3921 4693
2453 7294
3759 6445
3485 1426
9304 3637
9658 1099
3697 7203
8382 511
6206 8183
8113 8476
4571 2926
9563 7474
2420 3342
2228 3671
2192 2923
4690 7496
7887 2221
7869 6501
5411 47
506 3747
845 260
2592 5020
7522 1742
2305 1598
8534 1178
9827 6365
8883 2286
8504 1851
5595 9181
400 1258
281 7246
7483 4208
708 471
1194 6802
2326 717
7599 8924
3548 8958
5309 5093
2772 36
873 5776
7614 3688
399 6699
79 8096
1268 8171
9432 2504
6608 9380
2771 6835
9789 3435
3301 3341
8013 6103
7464 8772
1841 1108
1809 5959
73 3554
7678 664
6804 5484
6490 9112
3498 1621
4048 2107
8176 695
7070 7212
2999 564
5814 1884
6095 2557
3563 3534
3804 4413
8477 8715
5943 3850
8002 1167
1731 5355
656 4034
957 2401
7885 2862
9670 4855
86 9163
8443 4662
4069 3862
2480 5165
9435 5465
1360 7011
7599 8723
6773 4174
126 5285
4537 7389
7446 4788
8941 1484
7499 5513
8267 4910
2084 4771
1890 1648
956 8849
2676 8527
133 3051
7652 2573
8545 9995
6365 684
7745 1654
4410 2392
2654 5167
7563 571
5973 9126
7928 3102
6382 9794
1999 3403
7495 7259
6818 843
5492 3374
38 1782
7080 7812
8781 5569
3670 3668
3036 3650
1962 1859
5422 9023
2641 340
438 7840
5707 8999
5490 6435
9432 639
1579 5295
9173 654
3499 8029
302 7666
7592 3813
5085 9264
3480 5019
3801 7443
9679 8014
7349 2549
1295 602
8611 5689
2453 4717
9749 5752
3694 7503
3265 8268
1020 7743
843 4010
6382 5059
6087 9665
3031 9206
8036 5000
4706 9509
4741 5162
9407 2027
5556 5071
1685 8256
5404 6692
3834 3996
6000 5315
6598 1000
1779 6625
7230 3948
1137 4739
7815 3018
9600 9331
1499 8260
5131 7512
1391 9120
3374 2491
5418 4816
439 511
9481 3525
3164 1483
3364 9392
8057 8866
4166 5527
1425 7633
6699 1580
921 6124
0.7426 0.6920 0.4115 0.1795 0.5839 0.4824 0.7684 0.4632
0.3725 0.6523 0.4385 0.7568 0.6897 0.7597 0.6082 0.8967
0.3681 0.4702 0.5480 0.3960 0.3311 0.8776 0.5189 0.8595
0.7509 0.6567 0.2727 0.6611 0.1963 0.3552 0.8862 0.4677
0.5958 0.2308 0.1121 0.6096 0.1294 0.8355 0.2355 0.5758
0.1562 0.3998 0.3162 0.3937 0.1228 0.7507 0.4257 0.1901
0.1816 0.7861 0.7336 0.6737 0.6615 0.3308 0.1213 0.2035
0.8265 0.3275 0.1750 0.4244 0.2798 0.8553 0.3703 0.2621
0.7890 0.7767 0.4784 0.6670 0.3552 0.3990 0.8225 0.5949
0.1356 0.3804 0.6875 0.1962 0.3440 0.5367 0.1599 0.2778
0.6601 0.8651 0.2636 0.8506 0.5294 0.3319 0.4523 0.4841
0.1089 0.8664 0.7518 0.8482 0.5730 0.1787 0.3286 0.8266
0.1451 0.2000 0.5009 0.6903 0.6854 0.2025 0.2579 0.7440
0.5749 0.1122 0.4977 0.8217 0.5218 0.5152 0.7772 0.6018
0.7526 0.3554 0.1525 0.8458 0.3119 0.3147 0.6335 0.4694
0.5488 0.4141 0.7209 0.4567 0.3690 0.7769 0.2323 0.7310
0.5084 0.7464 0.2757 0.8328 0.4427 0.4750 0.7168 0.2564
0.8978 0.4845 0.3895 0.1723 0.7230 0.1239 0.6188 0.3448
0.3799 0.6191 0.6521 0.6421 0.5049 0.5665 0.2332 0.5695
