12 213 18
5112 7447
7271 6287
8759 98
9350 868
8856 5796
3519 1573
320 6969
763 6256
836 5033
6061 9621
4111 1349
8416 4015
3612 6194
6451 6708
5084 1955
5038 2388
6454 4538
6038 9333
8036 2750
481 8951
5163 6707
1989 7094
3893 1120
7196 2114
1496 5501
7903 5982
4315 2742
5315 5889
2475 2307
2543 6204
9600 9810
5335 5117
4062 8581
5220 4340
8358 7351
4318 7477
9213 9139
9233 3151
3233 6642
7089 2478
7248 8194
1863 9304
6552 3388
8222 7768
6635 6298
2849 705
4212 3968
9418 6334
245 7640
9724 8652
6917 5102
9262 5912
9090 1927
7922 7089
6981 3276
7677 2630
546 9715
6923 958
6426 4119
3685 1095
9018 8181
9270 1294
9955 9662
6058 6249
29 8996
6145 925
3707 6845
7364 6721
726 8064
2936 7656
9888 7620
3023 4365
6935 9264
2846 7055
3206 8525
2368 6922
8911 5529
1825 4961
5645 9038
6751 1486
556 139
7331 8009
600 3175
4976 3344
7614 164
92 483
2930 4891
8927 3836
5327 1759
5646 5896
7366 644
5225 1767
8164 7227
4919 630
1248 7811
296 1875
9633 9518
9843 9902
7570 9426
1745 8767
580 9189
6237 4533
5736 9773
5268 4097
8200 3608
9314 6395
5943 9962
9447 3509
3213 3588
7826 756
3971 1526
996 675
3570 9590
6798 3455
9129 4556
1903 4221
9229 3841
9187 7821
3141 262
6467 8336
4517 5503
7625 8897
4628 2974
5059 229
1740 2885
168 6571
494 8222
5544 3401
1484 691
5381 8023
6651 2529
9928 4218
5627 4059
8062 6320
1703 9112
7974 306
4848 315
5725 3782
1393 5452
5367 8420
807 1529
7495 8184
4111 6779
3655 9165
1905 8288
6375 4608
3339 6899
8114 4592
8068 4000
6014 5399
1013 3682
538 2107
1606 9932
9898 3673
1606 6298
1648 6124
784 0
471 4462
4210 8624
2549 6600
2197 7573
6509 3005
8436 7902
1780 4697
9268 4975
8065 4853
1158 9285
7655 6910
92 4686
1680 1380
4798 7369
7018 358
7670 786
9397 5575
5740 1456
3987 5662
3485 1158
4662 8115
8844 1200
4687 5497
2489 3919
8795 6938
8087 2488
4473 3791
9703 3577
3955 6965
6252 3225
3982 462
899 7960
9065 6436
8331 217
4555 7913
1737 1990
8894 8640
695 4362
1941 8595
8920 6568
1458 1395
673 1561
235 7286
7959 1808
6523 8146
3252 8224
3305 3991
5775 3258
5146 4444
1588 6660
8500 4636
3758 6469
2529 8277
4702 2081
4481 1758
2018 4243
5110 6548
394 6200
2473 5615
8403 6346
2962 9681
7887 9199
1841 2774
6573 2126
5720 2971
1402 7690
335 4527
1507 5811
0.7333 0.4144 0.5671 0.8393 0.1512 0.1779 0.8929 0.4454 0.5378 0.6749 0.5926 0.3571
0.6693 0.6420 0.2751 0.3906 0.6543 0.5561 0.1889 0.7620 0.7041 0.5155 0.1049 0.4210
0.3021 0.5767 0.4576 0.7861 0.3487 0.2659 0.5300 0.6581 0.6246 0.6760 0.3076 0.7219
0.1200 0.3802 0.1449 0.1668 0.5144 0.7266 0.3361 0.4286 0.8164 0.2430 0.4163 0.8229
0.2944 0.5917 0.4653 0.6433 0.6583 0.2247 0.3365 0.1600 0.8465 0.1197 0.5635 0.4840
0.7748 0.4234 0.4971 0.3028 0.1533 0.3390 0.2052 0.3655 0.2262 0.8003 0.8900 0.2201
0.2764 0.7513 0.6884 0.5657 0.8085 0.4417 0.7570 0.7001 0.5130 0.7458 0.3889 0.5764
0.2344 0.5273 0.7147 0.3837 0.6424 0.4917 0.1396 0.1752 0.2369 0.6438 0.6662 0.3146
0.2793 0.8076 0.1149 0.1601 0.6254 0.2168 0.4528 0.7604 0.2943 0.6021 0.1690 0.3906
0.5260 0.8912 0.3834 0.4540 0.4559 0.5972 0.2210 0.4925 0.4509 0.2094 0.8567 0.1971
0.4843 0.5477 0.4942 0.8256 0.8241 0.6417 0.4007 0.5462 0.2539 0.4140 0.6769 0.1368
0.7627 0.3055 0.2259 0.5126 0.7639 0.7959 0.7116 0.1896 0.7352 0.6053 0.2679 0.5540
0.2828 0.4344 0.6757 0.1233 0.1149 0.7875 0.1333 0.2471 0.1100 0.8422 0.6300 0.5953
0.5545 0.5778 0.7185 0.4162 0.6625 0.7140 0.6147 0.7413 0.4110 0.2734 0.3540 0.5057
0.5048 0.1093 0.1495 0.5609 0.5659 0.6638 0.6799 0.8355 0.6003 0.5948 0.2748 0.7228
0.4631 0.3184 0.4953 0.2675 0.6260 0.6597 0.4987 0.5847 0.1777 0.5562 0.8737 0.6938
0.6600 0.3546 0.7395 0.2981 0.1903 0.1841 0.6583 0.6894 0.4582 0.2995 0.2549 0.5985
0.8607 0.6275 0.2285 0.4781 0.8441 0.4259 0.1091 0.8939 0.7574 0.8114 0.7102 0.2038
