6 154 19
3273 2670
1101 4116
9502 4319
57 190
5534 599
6508 6047
7135 9242
7012 9911
5987 1421
5962 3941
4945 4105
5370 6991
5373 9475
7374 8952
5994 7506
3515 2314
582 7355
5348 2124
3537 6419
2491 5433
5547 9768
3220 3737
2250 5402
4908 6846
9946 1897
2581 9507
4230 4937
340 6445
1285 6651
7702 2006
3215 5533
9892 388
4674 3785
7719 6028
1726 5751
3596 9875
9622 6571
4670 5749
8561 8223
6802 9265
3522 9020
2019 4947
2685 4561
8481 3606
5694 438
6792 7224
8124 8338
4979 9690
1606 6781
4573 7025
7112 5129
3610 8135
8453 9892
3419 9842
6361 9948
3259 1633
487 8956
3560 7236
3968 6351
3191 8808
7690 5268
8508 9629
3295 9101
7749 437
9093 7705
7188 3512
7735 2605
4243 519
8231 2143
9954 2376
9675 2107
8383 6530
8819 9193
2479 8115
5058 8075
5588 7635
7071 6081
8773 5645
4804 4483
1084 3818
9980 1389
3320 4362
8598 4210
7340 6750
5130 9737
2775 7587
9983 8570
3996 8958
1651 5191
5193 8097
7031 7856
9975 478
3818 5519
6660 5058
8861 4654
6055 4597
599 3637
5819 5051
4136 4559
3106 7940
9943 8122
9545 9193
2224 5
9279 4710
9887 4008
3325 556
7356 1622
523 7206
8 2400
9378 7679
1510 6289
5917 2263
8978 3717
8623 1877
6909 7030
3692 3919
397 9409
3647 6040
181 8885
5374 4205
2005 100
8247 5791
8070 4777
7856 4994
4934 9024
2136 890
9868 2654
9787 9279
5650 9107
4853 2861
3580 6538
2919 3746
3325 7596
884 10000
7882 7603
1212 9303
1943 873
5654 5674
4860 1608
3865 4896
9097 3820
2663 3916
4852 9666
7217 6848
4078 7220
2619 7499
6510 5134
9803 8485
5464 936
2481 4853
189 9106
2865 8762
5441 5728
7199 7403
2739 6692
2307 8455
8774 5498
8509 601
468 166
9319 3241
0.7963 0.7378 0.8126 0.2085 0.2286 0.2225
0.7248 0.7875 0.4012 0.7180 0.2600 0.5497
0.8427 0.2523 0.7781 0.7758 0.1110 0.1692
0.8780 0.3436 0.2886 0.4343 0.2831 0.3065
0.4272 0.5865 0.3381 0.5673 0.2036 0.8777
0.5339 0.1236 0.6118 0.1229 0.4312 0.2827
0.4493 0.8769 0.1882 0.4818 0.8617 0.4699
0.4275 0.8039 0.6013 0.7843 0.8580 0.6744
0.3839 0.3046 0.2741 0.2386 0.8955 0.8642
0.6349 0.5183 0.7844 0.4409 0.8063 0.5757
0.1320 0.6983 0.1922 0.7925 0.1714 0.5242
0.7835 0.2323 0.3914 0.2436 0.1279 0.4789
0.5459 0.1663 0.4903 0.7972 0.1257 0.2392
0.5757 0.8133 0.4853 0.1978 0.8304 0.7088
0.3559 0.2741 0.5471 0.6862 0.4059 0.3319
0.7410 0.3585 0.5923 0.4689 0.6458 0.8900
0.3753 0.4125 0.8966 0.6878 0.2920 0.4736
0.5324 0.3107 0.2186 0.3379 0.1786 0.6494
0.7269 0.5024 0.1664 0.8508 0.5909 0.8646
