5 65 19
3166 2170
6465 5088
9262 6806
1989 7334
6116 8466
406 5282
3295 2927
1172 4784
8551 9956
5889 6021
3092 3694
1778 1668
4764 1356
8355 1096
9517 1339
6567 6670
7276 2695
3465 5021
1930 1186
7953 244
815 5652
9176 5838
6620 6802
8025 2019
263 4467
6798 1386
4533 8941
8872 4667
126 8495
6544 1704
287 5326
1298 7135
2325 7504
4511 2584
516 553
9121 2302
5811 1437
4293 981
2832 711
2370 4124
7245 8744
3258 5158
4375 245
8674 4657
2780 2720
3564 2578
730 1460
1976 3909
5415 1684
6307 5049
4575 1606
5154 9068
5506 4010
2668 6855
8144 4300
4169 5166
3617 4582
585 4603
6107 2995
7774 9249
799 3216
8074 8899
9620 2256
8381 4092
6195 5811
3060 8646
4069 9271
3118 6871
1453 9385
1844 8347
0.1023 0.4010 0.4261 0.6417 0.2550
0.4664 0.6432 0.5371 0.3923 0.8394
0.5176 0.8319 0.1247 0.1391 0.6592
0.5635 0.2237 0.6159 0.2956 0.4268
0.3296 0.6639 0.5911 0.5350 0.6363
0.1653 0.7860 0.8065 0.5843 0.1721
0.5945 0.8559 0.6578 0.7705 0.2800
0.2483 0.4881 0.5453 0.6681 0.8553
0.4763 0.3339 0.4946 0.2775 0.5873
0.8665 0.8578 0.2146 0.8687 0.5505
0.6251 0.7623 0.6605 0.2788 0.1511
0.2285 0.6933 0.7699 0.4784 0.3809
0.3966 0.4681 0.2231 0.7766 0.7739
0.2599 0.2700 0.3342 0.5176 0.4873
0.3719 0.6637 0.8793 0.4671 0.1497
0.7908 0.8172 0.3619 0.8891 0.3402
0.5893 0.1429 0.5862 0.1391 0.2200
0.8681 0.7637 0.8078 0.6447 0.1230
0.4937 0.2828 0.7070 0.2566 0.5316
