16 740 37
3519 6620
3958 3582
2391 6145
1664 4975
8983 8076
9531 1413
3841 6987
7309 1965
4950 3598
1089 7110
4328 4412
3778 6715
6661 8669
9141 8782
2392 5899
4456 3947
9092 7131
2647 5431
8111 6337
669 928
6369 4199
5982 4671
4493 6794
6828 6316
5397 2950
3061 8905
5724 7791
1135 8745
7926 6855
8229 3472
9768 7935
5925 6658
824 8979
1301 6877
1606 279
3963 687
4831 268
5841 1492
774 210
4999 2825
9777 9058
4919 5430
96 2810
7261 5530
4190 5130
5012 5709
7058 9277
5657 2835
2694 80
996 5878
2088 3759
3436 5222
481 7387
2797 1605
368 1204
5726 6883
5016 27
5358 8264
4010 4929
2365 4208
7339 6762
2169 8673
470 1854
4303 794
2240 9650
6030 8059
4228 3668
7473 1025
4108 4098
4009 4522
348 8067
864 3347
4182 7927
915 205
2476 1039
4765 8590
5182 8704
4367 4580
7413 6298
1792 6246
9490 7319
5116 6672
1473 182
6746 1268
1690 1728
3059 3534
4155 2682
8938 3455
4063 8142
1993 867
9203 5598
8704 9805
5454 2109
7809 2480
8117 8389
7093 3719
9192 8156
9629 4700
621 3044
7034 5710
1431 7202
3438 8790
1716 7517
5878 2237
3530 1334
3142 1192
838 1184
6069 1567
7690 1794
751 1389
3409 9621
4739 5739
8297 6112
1935 46
2210 3507
3948 3107
7466 9161
9284 9641
1695 9363
1594 6838
6227 4257
8365 2906
5042 5064
3355 6159
9617 5415
789 623
6169 1516
4366 7383
7785 2118
5928 8610
6890 5083
644 4638
4753 4511
8927 3094
6211 9578
7518 8805
3771 6360
5806 2737
6276 3023
8878 8536
7620 7476
1649 7276
9650 3420
6985 6990
8969 1508
3913 953
1743 6634
2445 6046
1938 9574
6124 3845
3024 8311
3682 5874
232 9792
9655 4822
7212 8390
5086 1300
9484 3689
1530 8241
3313 3463
1054 3292
7326 84
6089 7862
8957 2481
8294 8522
2918 8509
6656 3783
707 3212
814 2057
2861 3699
7421 7555
6889 7554
1070 4831
7229 1001
6816 3024
1005 4518
7772 5507
6550 5247
6101 2633
1002 4909
3033 6634
4306 9019
3230 7502
9094 4495
9343 6453
2851 3095
8711 1227
6566 6122
581 9230
9568 834
3604 2586
7402 4104
2369 2135
8990 4564
9926 5783
9338 8366
3148 2079
3649 9611
4923 7797
3899 7178
6038 4979
4652 1844
2938 1146
6974 4801
6460 4320
6091 9645
8454 9858
9147 4166
274 130
9624 6099
1574 2809
8289 7775
4619 8446
7283 5873
4518 6937
5047 8756
2523 1730
4691 7838
1561 9296
608 8410
531 2342
5452 2421
5178 1970
5319 3146
4212 8928
5451 5850
5287 7544
1134 4657
7232 9531
6570 7129
893 476
819 7578
9371 3748
6870 9430
2443 9278
8072 6471
1482 1490
1801 436
7294 6951
2222 4582
6368 1251
9312 1722
8396 5202
3957 6968
5536 9421
5203 9100
1443 1861
939 1889
4393 2297
4615 6912
5475 9733
7804 6212
1441 5582
5691 5920
5357 14
4803 7010
9163 9036
9408 4312
2415 6982
8728 8965
8585 9665
4776 2494
8904 5119
8362 3840
964 2079
5162 106
2466 5575
5979 7775
4820 2758
5276 9882
1779 8499
4905 4135
1946 4921
9883 9969
907 2507
1331 9265
7582 1051
9577 6353
7132 3243
7679 5025
9715 1269
3003 6226
4069 4372
4235 5354
7164 2738
2197 757
3577 3147
9230 7820
491 4272
26 758
8243 2103
5164 2924
2046 8046
5265 6909
7778 7147
2933 1017
7207 1170
4504 379
1399 8268
9937 5105
7996 3861
4915 3470
7171 6230
9421 3432
2640 637
3438 6342
3888 9947
5417 4754
2386 6569
7759 5867
631 599
3918 7911
6218 350
1236 4853
3962 422
933 4688
6070 6629
5090 7899
7402 6008
6127 6018
8780 8811
3545 5621
8917 990
1729 7728
4938 1288
5274 3026
6131 8488
6808 3970
1 2488
6913 7349
2672 4015
7667 938
4605 5695
9529 6661
5668 6146
8801 5760
2242 5681
8069 7300
9252 9507
1536 2684
9445 9511
7144 3115
5997 9478
3166 9872
266 1744
358 3764
7394 696
4141 3439
6530 7317
1627 3169
9713 8404
4575 3809
62 9045
2607 3221
57 1021
5910 3363
4480 6516
2543 5219
198 5224
4227 1730
8975 5767
301 6813
4671 151
7046 2583
605 3460
6584 5894
9373 6921
2908 3605
5519 6137
3740 2517
6875 3158
2354 4419
7612 193
285 2804
6138 2365
5738 3820
1676 4175
5974 7103
5425 4471
2725 9971
5951 1111
7278 2292
2756 5410
3746 5353
437 2204
8167 630
2365 3323
6061 6906
2989 9782
6380 7736
8498 1092
7579 5685
5935 1618
5190 5934
3316 8853
6499 5832
3849 7564
7298 1786
4458 5101
4560 5428
1626 4508
7325 3025
3946 1931
1731 8260
2222 1792
5130 3106
2366 2636
2908 3372
4540 9489
4217 15
3560 4579
788 7369
5798 3218
782 2659
5211 2543
6103 7238
1268 704
5253 1294
2668 4308
9172 6183
2464 3101
5523 1633
6030 9751
1396 1559
1972 7397
488 1418
517 8855
7787 9259
4679 4659
6448 5609
7406 916
5443 5632
9909 8897
8234 7073
1330 1039
3331 2736
8881 8318
3125 6180
6456 9450
9097 3270
8196 7284
1741 861
1972 7153
4157 9916
8777 8184
6000 383
1036 3588
7771 8241
3308 4525
6250 3925
8432 619
855 5143
7347 4459
298 4561
7965 1037
6460 4437
7393 9855
9671 1044
5664 598
8945 6957
7381 2221
942 8252
7224 5778
3515 7080
3995 3875
5233 8938
661 3338
6558 3428
8647 7463
9115 1178
8939 2359
5065 2305
2921 8138
3933 5501
7287 4127
549 1788
1817 1933
5169 702
4424 2763
8310 4654
4044 8757
2370 1695
2201 1175
5852 710
3232 1291
6209 4133
3133 478
5661 2483
9399 3026
8799 4228
8021 249
3105 8756
4088 7648
1969 7588
4803 3570
9451 8351
8641 4855
20 2641
2199 6087
1931 7850
6028 3599
9530 48
6895 3881
8483 3193
3571 3873
6638 3179
8173 4327
5255 5665
9193 1591
8759 1334
7764 1234
5537 6720
413 7979
588 1396
4178 837
1848 3958
3412 4351
4721 6565
1883 8728
1540 7844
3136 3095
2849 5744
4171 5452
3447 715
2592 2548
3435 7430
2241 2872
5129 9337
1246 9889
936 3863
1347 417
3366 1102
8239 9709
4456 7987
8547 5928
8293 7589
1833 7120
1950 8254
2984 4202
9718 3746
8745 387
4828 697
4809 3463
8566 319
9435 1945
973 9446
978 3745
1102 624
5827 4229
2149 5396
9672 7129
5882 3602
3394 600
19 8874
5056 9627
2946 9051
6630 1501
188 8661
6429 5386
9285 9058
2082 2156
4461 1325
7536 5022
190 8982
7075 6288
8025 8500
1716 5959
9835 9506
9926 8194
7724 6520
3397 9435
6930 2162
7595 533
904 4020
5056 2664
3327 8565
6557 2125
7859 9612
6805 9968
6840 910
8157 3398
3060 7858
8647 4046
4290 6076
5373 9393
1078 5065
3316 442
6194 3765
4464 6199
1490 9397
6522 844
3105 9186
8592 5833
4066 2550
8168 6184
4506 3432
9289 2871
1621 5614
8584 4450
4668 1030
9554 3265
6954 258
5499 3121
1724 1062
9368 3258
1830 6765
9617 3664
4451 6628
7521 1851
9860 3432
8183 3011
5188 1542
6578 8753
7693 9302
3270 4019
4163 7164
9273 3080
3217 2558
3241 3554
1963 5857
9705 8741
3774 8707
3629 1895
7666 6256
1509 1030
6088 1728
886 3562
3150 4866
9989 727
2541 7265
432 9601
2116 5603
4142 7739
452 7093
4587 9159
3167 1009
8433 9145
5744 5760
9625 9802
2463 8967
8605 5479
5642 8029
7219 116
6415 5211
3921 80
6171 9179
7564 8904
83 6918
1608 1878
701 9327
324 9260
9040 9492
9916 576
1497 3736
6440 4019
2101 9883
2691 4183
6463 6247
336 3660
4640 4018
7583 6604
4715 1463
1579 6619
8053 6001
8721 4338
7047 777
8000 650
4143 8696
2045 1769
8536 9322
8674 7963
491 4162
4879 4877
1993 526
2581 3590
7978 5084
9421 7138
4148 4975
6693 1972
3293 2134
2903 5882
2167 9255
7668 7900
1572 5796
9782 2693
2039 1085
8588 6020
7783 2715
4203 5703
5852 3822
3305 5947
1446 4729
6060 7606
6015 2419
3440 840
7857 1176
4716 3288
5446 2569
1862 4979
8871 708
9277 4043
8428 4072
2782 3237
5903 3215
7338 6623
2279 5099
4389 2519
8748 4770
1619 7489
8598 1226
9426 4934
6798 22
5680 6557
862 9831
8991 7374
8470 6779
7265 8248
7047 2422
1284 7387
1510 830
6963 6807
622 9575
3179 5813
2234 4009
9062 1731
4036 5895
5062 7654
7247 4947
4840 7689
7035 9846
9976 7032
3804 2805
4639 6059
4003 19
6743 5627
6982 4920
9094 655
145 9973
9918 6235
5864 555
4972 7138
2273 3710
3491 550
126 2508
4514 1526
3906 1830
3834 7308
6779 4813
1040 4195
3351 3312
3459 9005
1840 9981
9497 2930
4139 1126
2869 1899
5461 5302
375 4670
0.7352 0.8273 0.4010 0.3308 0.3933 0.3353 0.1605 0.2684 0.8435 0.3366 0.1205 0.6316 0.3653 0.6352 0.7467 0.7695
0.8966 0.2265 0.4364 0.4423 0.3340 0.4730 0.8928 0.1893 0.7832 0.1461 0.3141 0.1672 0.8417 0.3212 0.1039 0.4492
0.6059 0.4243 0.5059 0.7127 0.4023 0.2745 0.3664 0.3572 0.7572 0.5386 0.7333 0.4610 0.6332 0.4265 0.6683 0.3064
0.3672 0.6773 0.6465 0.7728 0.4510 0.7765 0.2521 0.7441 0.4422 0.7321 0.1790 0.2157 0.7110 0.7770 0.4775 0.1181
0.3783 0.2084 0.8115 0.6465 0.8644 0.6948 0.3263 0.1429 0.6402 0.6005 0.6806 0.1869 0.5558 0.6168 0.1859 0.3231
0.1813 0.8295 0.7712 0.2628 0.1707 0.7955 0.1946 0.7249 0.3713 0.3546 0.3822 0.4603 0.2791 0.8488 0.8885 0.1454
0.8379 0.2848 0.8607 0.6192 0.2538 0.5824 0.6222 0.8639 0.7825 0.5461 0.2960 0.4703 0.6264 0.5195 0.1614 0.1577
0.3705 0.1437 0.5313 0.4722 0.1505 0.4611 0.7780 0.3823 0.6099 0.4292 0.2836 0.3403 0.1763 0.4345 0.6896 0.3879
0.8753 0.7260 0.5489 0.7229 0.7240 0.6860 0.7065 0.2820 0.4111 0.4767 0.5139 0.2970 0.6837 0.8611 0.8599 0.6804
0.2290 0.8204 0.4146 0.5128 0.3583 0.4169 0.5135 0.6109 0.5154 0.5919 0.1354 0.7205 0.2282 0.5364 0.2592 0.8907
0.3206 0.8876 0.1289 0.3085 0.3344 0.1039 0.4347 0.8013 0.5865 0.7502 0.3425 0.2381 0.1638 0.7767 0.1932 0.1497
0.5035 0.3359 0.2899 0.5161 0.5128 0.8317 0.6994 0.6558 0.6928 0.4675 0.2270 0.4450 0.4947 0.5193 0.8634 0.8942
0.1485 0.1020 0.1931 0.3867 0.3126 0.6636 0.4062 0.8929 0.1936 0.6433 0.5162 0.2253 0.7539 0.2649 0.5219 0.3512
0.7055 0.4997 0.2591 0.5281 0.8962 0.8883 0.2438 0.3424 0.4279 0.5543 0.1236 0.7566 0.3028 0.3001 0.5455 0.1536
0.3398 0.5540 0.8899 0.2422 0.7332 0.6730 0.1070 0.2292 0.3528 0.1141 0.2731 0.3861 0.4595 0.5759 0.7677 0.4912
0.2884 0.1436 0.1204 0.1254 0.8369 0.7741 0.6337 0.7546 0.5664 0.8720 0.1247 0.3379 0.1947 0.2948 0.6451 0.5922
0.6267 0.5262 0.7037 0.3678 0.4369 0.1071 0.8533 0.8328 0.7104 0.1783 0.7892 0.2511 0.2299 0.6524 0.7351 0.4106
0.2998 0.2071 0.6949 0.4089 0.6141 0.1824 0.3430 0.6555 0.2473 0.3247 0.6791 0.7599 0.2901 0.5838 0.4201 0.4093
0.8401 0.2966 0.2427 0.3222 0.2793 0.6269 0.8028 0.4549 0.1876 0.6584 0.2061 0.5183 0.5736 0.7138 0.5533 0.1904
0.7239 0.6644 0.5812 0.8742 0.2117 0.6794 0.6684 0.7760 0.2792 0.7371 0.2655 0.3337 0.5986 0.3278 0.1367 0.1723
0.2944 0.2245 0.2088 0.8211 0.7855 0.3679 0.4842 0.2951 0.7274 0.7318 0.1750 0.7081 0.7896 0.1257 0.4070 0.1941
0.8326 0.8733 0.7464 0.4320 0.1912 0.3948 0.4552 0.5836 0.3659 0.4269 0.1835 0.7438 0.1450 0.2316 0.2087 0.8334
0.3556 0.3240 0.4437 0.4684 0.7683 0.3175 0.5388 0.5103 0.3601 0.6927 0.2578 0.7489 0.2870 0.3662 0.5221 0.3501
0.5934 0.2239 0.5511 0.8491 0.6196 0.1065 0.5481 0.6976 0.3818 0.4740 0.7053 0.8329 0.3041 0.2966 0.8601 0.3061
0.2495 0.8203 0.2447 0.2433 0.3186 0.7590 0.5479 0.1462 0.4422 0.3518 0.6070 0.4903 0.2799 0.8721 0.2619 0.6034
0.7118 0.5972 0.5137 0.4632 0.7010 0.3258 0.8159 0.5886 0.6157 0.3128 0.6509 0.2235 0.5209 0.1783 0.1156 0.6956
0.1237 0.2707 0.5793 0.7325 0.4547 0.5042 0.8974 0.6442 0.4503 0.7898 0.1960 0.1170 0.3034 0.3199 0.8832 0.4479
0.1155 0.5256 0.1574 0.4130 0.3619 0.3138 0.2453 0.5891 0.4624 0.2989 0.4201 0.8175 0.2129 0.8542 0.7920 0.4786
0.1880 0.5924 0.6362 0.1524 0.3847 0.4098 0.2796 0.5777 0.5634 0.2631 0.2649 0.1602 0.4387 0.2539 0.4862 0.5507
0.5199 0.7440 0.2994 0.5805 0.2231 0.2642 0.1351 0.6051 0.1957 0.3573 0.5263 0.8677 0.2059 0.2493 0.4202 0.8684
0.8426 0.1651 0.2032 0.6185 0.7257 0.7113 0.2635 0.6513 0.8298 0.2024 0.1953 0.6800 0.8880 0.1934 0.8803 0.3639
0.7766 0.8887 0.6193 0.6795 0.7114 0.7425 0.2867 0.6153 0.5608 0.1354 0.1384 0.1806 0.4807 0.6079 0.2415 0.3223
0.6222 0.7016 0.7814 0.4360 0.2875 0.2000 0.2336 0.1974 0.1056 0.7156 0.6613 0.3548 0.1307 0.5099 0.5316 0.3054
0.3444 0.1676 0.4577 0.4372 0.5185 0.4243 0.2761 0.8768 0.1355 0.1884 0.6956 0.8087 0.6463 0.7640 0.8268 0.2159
0.8547 0.4722 0.1020 0.7630 0.3136 0.7926 0.6692 0.4889 0.5920 0.7369 0.5856 0.3497 0.7700 0.2048 0.2816 0.3303
0.5626 0.6152 0.2201 0.2366 0.5281 0.1529 0.7268 0.7499 0.1470 0.4727 0.5577 0.3135 0.7178 0.8743 0.6925 0.8170
0.4092 0.6120 0.2178 0.7537 0.8426 0.8003 0.2703 0.3450 0.5202 0.4732 0.7547 0.6422 0.7699 0.7128 0.8224 0.7443
