11 504 32
2767 3040
66 6031
4233 7865
1284 1923
5778 5515
719 1602
9219 2888
4303 1602
7989 6169
206 8725
7751 351
1333 8621
3592 1739
8012 2869
274 6934
6265 5759
8757 2661
5554 7953
4624 9961
8343 7481
6301 4917
8318 9556
8869 4327
6232 293
2409 2746
3040 3568
1611 4481
4948 5985
2334 1731
6666 7122
5814 6362
4485 3494
1660 1739
7405 91
8627 8123
215 6113
9037 3447
649 1902
1006 9113
482 9611
2762 9412
7640 235
6636 4606
5026 9308
965 5508
5818 7787
5501 2495
734 4363
4529 8703
6719 867
7651 4236
7235 6526
7696 7482
5321 7455
7970 8787
9783 221
1607 6902
1116 3185
5204 8679
8880 5858
5243 306
3278 1451
7942 5801
49 27
7851 6001
9945 6268
719 2820
4417 7609
3116 5007
9009 1517
5660 4058
4699 8491
8315 3404
7619 6895
2618 7972
5254 6395
853 6545
8627 9586
7155 5660
7770 3538
2294 4797
5989 7471
7253 8601
2600 6142
5907 2776
2209 4365
2257 8818
9406 4870
3947 9024
3908 7964
845 6944
7816 9986
2795 3650
9578 7316
1859 2360
226 3611
9018 6822
1481 183
853 2957
445 8736
5833 3535
8161 4815
44 2159
4590 2039
7389 9836
4314 8408
9791 926
6132 1830
5373 7796
5084 5421
1038 2736
4039 2414
3516 310
5296 7725
7270 4847
9439 5462
2305 6958
7381 8441
7251 9109
4664 6789
2668 391
3205 6983
1529 3331
1297 6238
2489 1657
9860 3652
2075 2495
1613 8667
2815 1608
5953 674
1109 8338
3309 6088
2909 8332
9548 5435
430 2924
4463 128
16 4088
1175 4367
4672 3358
9162 8204
2164 4702
7258 8936
2993 8101
7037 4059
164 3986
894 2076
9347 3718
153 4462
4174 92
2915 8545
5423 5793
3226 9928
3304 1330
5671 8338
1751 5109
9872 3249
8219 8999
3426 4083
7974 2472
7483 2340
3778 9154
4821 9944
1993 5227
2128 7794
6052 6042
377 7931
8199 4207
9850 392
5916 33
9710 2198
8016 1052
2384 2914
4274 6639
5537 3473
8030 3765
2044 1813
4353 8287
2568 8404
9153 4
2691 1590
3415 2733
2718 7947
5245 2803
7689 8279
9559 9779
519 6799
992 213
4455 4222
1139 1752
6663 1134
2567 9553
8814 9873
855 2753
8828 1979
5150 4093
6574 7794
7982 7860
3126 758
2855 4525
423 9204
9585 8474
7107 6183
7913 5608
4425 7028
6507 3316
9147 4146
7725 514
6905 6123
4488 2887
8897 1716
4200 8167
2391 9192
9505 8825
5409 1322
4767 7787
6981 2299
7282 2420
1472 1037
2729 8285
9860 526
890 4803
4605 8834
7019 8887
435 6152
3662 886
2894 4110
6966 4811
302 2964
3942 70
5744 9459
3404 9639
6771 3400
7763 4148
8854 414
6307 3439
2672 1959
9210 5536
2698 8933
7442 8790
6602 4484
2251 5921
9581 8164
4143 8007
6845 8490
561 6417
5350 9652
8640 3300
4501 1453
3861 1308
6170 6981
7062 994
583 7345
3223 8376
8261 4351
2885 9143
6781 4187
5519 7767
3714 3692
985 5966
951 5686
3144 7691
3802 2849
5041 9580
5544 5153
5615 850
1294 7012
3465 2391
3701 2730
6415 7792
8575 835
1170 8669
3209 7279
8896 2793
466 2237
2243 5182
5348 3817
120 779
5376 952
3884 5459
6289 6859
9721 5021
8059 5777
6741 299
1319 1323
8713 5374
6761 1328
6713 4840
5829 7494
6149 6561
5412 7318
1796 341
1600 5536
9278 2784
416 4821
5722 5226
5530 5636
2608 3296
2941 7966
7050 8712
5270 5294
5037 7186
1807 8730
4304 3204
6420 8802
5742 4126
8442 1966
7443 6777
3264 6352
161 8455
5633 8133
4096 1629
6940 3609
7054 4601
6041 2991
2749 9613
304 5982
3574 2837
2499 7284
1407 4959
6273 1519
8472 8957
7335 9470
8149 8048
5177 9546
7171 7489
1033 1968
7829 70
9465 6176
3238 8094
9339 7252
4939 2744
6835 5258
3811 9044
7676 419
9606 4338
7622 5075
8027 8389
2721 588
775 2611
9920 8326
528 1872
701 554
5274 3632
9062 5534
2740 1861
9274 6976
6314 9056
4702 2900
6132 680
5788 2235
4951 7021
706 8546
9984 4593
5843 4681
3752 8638
9531 6935
3685 1622
9713 2324
5111 9846
5916 9767
6028 4194
5030 7632
2572 8837
6868 3016
6369 3256
8307 6818
4599 8120
9143 7679
8511 8345
4004 348
4799 1138
7326 657
8066 5278
5370 3158
6795 7776
9757 6115
6923 4530
8876 1367
2521 1012
5344 504
9779 6989
3360 8154
7663 4515
7178 3250
4802 6692
8995 5136
1392 5490
4108 7289
4820 9156
1496 4157
1550 8406
7777 7201
9914 5513
5061 1543
8058 9760
2651 1329
5418 7186
2375 2125
7490 3032
7960 9642
8939 7101
6104 816
4442 1558
8414 6997
4153 2540
4991 4580
6580 1563
3119 5154
2147 314
8809 4061
3047 242
3020 8276
8221 3995
1638 5693
591 2721
4818 171
7569 6760
1728 9325
6000 4759
2897 1531
8338 1592
3658 279
3210 1167
9917 1913
1871 7336
7055 4719
1592 4899
1978 1571
2266 6752
7367 4547
130 4225
7869 5094
4141 318
4442 2245
9527 2341
1381 4837
6412 9349
9755 1464
434 1189
169 2275
2406 3409
3058 7203
1266 9830
6553 6150
5821 4883
2802 5529
8968 7972
1771 9232
56 6799
716 3618
8327 1032
905 3353
617 9224
4001 1523
5409 210
2136 3720
4303 9315
4055 5746
326 7415
2351 3321
7710 3181
7263 7800
3937 1852
4302 815
1095 235
5312 2279
1176 804
8611 2023
5534 9426
1804 3773
4770 2644
3884 1994
8030 5132
1010 2252
3949 5828
3788 4779
4476 276
2160 8721
6877 7866
3518 4562
4049 9640
9618 4102
6408 691
8890 9752
8512 9508
6920 9477
719 6037
9980 3096
3713 6627
4800 4257
2516 3781
2151 6114
731 76
8763 5884
8016 3622
165 6848
17 5228
2920 353
3922 8212
9204 9633
9799 7796
7015 5215
4226 4551
6968 1390
3158 6453
9963 2864
683 5776
9118 4406
8692 8436
4679 3786
2252 7108
2323 1002
6791 9050
296 2099
438 5692
0.7012 0.7040 0.7958 0.4605 0.5023 0.7512 0.6882 0.3271 0.4471 0.3941 0.7819
0.5440 0.6960 0.6554 0.8285 0.8015 0.3441 0.4017 0.8936 0.2109 0.7483 0.8126
0.2944 0.8392 0.2390 0.5091 0.7556 0.7042 0.1828 0.8386 0.8947 0.4154 0.3743
0.7886 0.1735 0.1814 0.3739 0.2883 0.8558 0.8742 0.7321 0.1834 0.7670 0.6488
0.4461 0.6806 0.6326 0.8440 0.5380 0.3524 0.3069 0.8312 0.2962 0.6962 0.4617
0.2926 0.5946 0.8374 0.2625 0.4107 0.7965 0.3855 0.7043 0.5588 0.8349 0.7594
0.5583 0.8256 0.7095 0.5533 0.1066 0.1834 0.6592 0.2774 0.2351 0.5214 0.7190
0.6059 0.7767 0.2614 0.7541 0.7009 0.4749 0.8663 0.7525 0.3349 0.6302 0.1334
0.8477 0.7441 0.4913 0.4053 0.2978 0.4840 0.8377 0.1455 0.3787 0.3209 0.5763
0.6664 0.2677 0.2939 0.2869 0.2277 0.1001 0.3480 0.2592 0.4075 0.1425 0.8757
0.7686 0.6565 0.7184 0.5113 0.7290 0.2798 0.7510 0.7679 0.7051 0.4667 0.3830
0.1909 0.6279 0.2505 0.3122 0.2469 0.4657 0.6547 0.8237 0.7380 0.1334 0.4847
0.7036 0.8397 0.3013 0.3315 0.6162 0.4485 0.1468 0.4254 0.8966 0.7484 0.7860
0.1823 0.7431 0.2980 0.2690 0.3691 0.3783 0.3562 0.7913 0.1949 0.4330 0.5374
0.3258 0.7257 0.3774 0.4516 0.4765 0.3811 0.8380 0.8882 0.8182 0.3374 0.2475
0.1942 0.8325 0.8072 0.2662 0.1950 0.4414 0.7538 0.6912 0.1914 0.1395 0.1422
0.5271 0.6798 0.8240 0.7324 0.4976 0.8702 0.7952 0.7770 0.2946 0.5954 0.1436
0.8235 0.3024 0.2549 0.2871 0.4581 0.3127 0.8500 0.4636 0.7206 0.5832 0.6990
0.1414 0.7161 0.4973 0.7391 0.3218 0.6938 0.8418 0.5313 0.8914 0.4566 0.7406
0.5826 0.5506 0.3609 0.4452 0.2718 0.4952 0.6004 0.8642 0.1466 0.7075 0.7796
0.5442 0.1629 0.3654 0.8860 0.5703 0.1611 0.3501 0.1253 0.5872 0.7443 0.4126
0.7710 0.2253 0.6812 0.6007 0.1084 0.5664 0.3191 0.4505 0.7730 0.1874 0.3949
0.5973 0.7401 0.3159 0.3267 0.4191 0.5385 0.5797 0.7358 0.6327 0.1344 0.7863
0.2700 0.7042 0.6054 0.6129 0.6133 0.6904 0.3774 0.4175 0.1190 0.8837 0.1280
0.6955 0.3140 0.3555 0.4771 0.3516 0.7211 0.6599 0.4293 0.8660 0.7931 0.1124
0.5324 0.4187 0.4190 0.1642 0.6075 0.3596 0.3182 0.6624 0.2473 0.5655 0.6004
0.2311 0.8114 0.2048 0.4099 0.7109 0.1899 0.5525 0.6092 0.8120 0.1504 0.1892
0.5926 0.4620 0.5233 0.4411 0.2588 0.7802 0.2228 0.1763 0.3512 0.5669 0.6484
0.6566 0.7055 0.7469 0.5760 0.2424 0.2207 0.3954 0.1555 0.1175 0.8504 0.2229
0.5166 0.4422 0.4862 0.6464 0.6003 0.5636 0.4622 0.6889 0.2843 0.6073 0.1467
0.8030 0.8586 0.5390 0.7829 0.1218 0.1715 0.6863 0.3100 0.5518 0.4232 0.1061
0.2712 0.3029 0.7711 0.8872 0.8725 0.7382 0.8902 0.1164 0.7528 0.2829 0.5576
