11 113 16
9491 8882
6079 6417
7184 5682
2610 736
4655 6187
7643 2580
8843 3757
7591 8952
5945 1789
8176 9022
5892 1556
6771 2090
9484 6216
3883 1994
9173 7934
7339 3873
8873 660
4441 3703
3908 5952
4568 9086
3374 9351
471 4624
67 2892
3254 5557
9855 8138
6440 5317
1208 4494
9804 9995
5887 7122
2285 7891
676 169
7629 9494
9325 1790
5676 4080
8952 2253
559 4533
8363 6636
2130 7822
1037 7944
5232 9631
4589 9653
8305 2025
1651 8319
5981 8407
9471 1692
6516 9536
2003 8238
7001 9415
5718 4936
4207 4377
5711 6143
502 6332
1338 8272
2172 577
9845 2850
4196 8747
2865 6930
8004 1470
6660 594
4725 9826
2854 320
7367 2367
3825 6279
9934 5616
9841 9602
7957 1987
1334 9816
7072 8028
1836 6182
5778 4246
9587 7576
66 9773
1815 8675
4238 7677
2525 5681
9565 6008
7298 8566
3664 8871
211 128
9749 4956
7024 2949
7596 9759
2431 2221
3656 3357
4039 8058
8565 8852
8386 1394
9513 9463
458 3880
1837 9865
7034 8559
1029 3338
1634 3986
2652 7406
6339 3336
8322 888
2544 3692
662 2759
2282 2316
5944 7030
1974 6134
5717 3412
5020 6201
4797 7955
6775 4054
4592 3247
3197 5010
5637 7587
1548 7968
1140 1366
7580 6280
6573 7974
7419 9069
9283 5849
1480 8525
6351 1534
7311 4253
1909 4308
4224 1933
1749 7208
3072 7492
3106 8801
3846 8785
2635 6108
0.7295 0.5230 0.1560 0.3786 0.8040 0.2956 0.6249 0.3619 0.7509 0.6883 0.4108
0.8090 0.6504 0.1533 0.8221 0.7321 0.4500 0.6388 0.5928 0.3736 0.7914 0.8172
0.4537 0.2623 0.2118 0.1536 0.6513 0.8451 0.1721 0.5969 0.8364 0.5420 0.6230
0.4135 0.8461 0.6594 0.2265 0.2106 0.5034 0.6176 0.1742 0.5153 0.3304 0.6782
0.1453 0.3194 0.4612 0.8690 0.7924 0.7935 0.3643 0.2835 0.3689 0.4998 0.1347
0.1202 0.2215 0.4322 0.7877 0.2324 0.3732 0.2344 0.6563 0.1548 0.6960 0.8239
0.3772 0.5978 0.3486 0.4421 0.2111 0.1973 0.2136 0.1512 0.3243 0.5020 0.8416
0.7520 0.1508 0.1928 0.8090 0.8862 0.5998 0.5350 0.8847 0.5781 0.2908 0.2365
0.7532 0.6728 0.1039 0.2580 0.1773 0.3659 0.4881 0.3182 0.3376 0.6244 0.3266
0.2609 0.3522 0.6426 0.7440 0.3234 0.1942 0.3700 0.5704 0.5123 0.3860 0.1879
0.7991 0.3670 0.3398 0.8302 0.5936 0.1211 0.3589 0.3521 0.2019 0.4836 0.5076
0.5251 0.5540 0.2781 0.6392 0.4286 0.5051 0.4328 0.3544 0.2776 0.8735 0.3165
0.2763 0.6251 0.6315 0.6002 0.6614 0.8244 0.8828 0.6715 0.8586 0.7468 0.3937
0.2332 0.2427 0.4462 0.7137 0.5552 0.3161 0.2428 0.8241 0.1477 0.6280 0.8793
0.7302 0.5040 0.1904 0.5394 0.2560 0.4964 0.1527 0.4998 0.5799 0.7227 0.4229
0.2011 0.8396 0.4490 0.2451 0.6140 0.7476 0.3582 0.6921 0.3596 0.4456 0.1021
