14 231 27
1564 3353
9709 9196
8570 6992
6013 1840
2487 4888
5924 9867
3990 617
4519 823
6940 3025
8055 5566
6962 9006
7416 9879
7704 7834
492 5226
210 9217
5970 288
6743 7507
8060 5123
1326 3683
1931 3084
5392 7570
9008 3115
114 8142
8090 8412
3776 8080
1851 6594
7249 6466
1188 8364
9665 5270
6109 378
1983 6050
4682 9801
4646 6621
1062 2661
6294 1980
7809 7634
954 949
1225 3646
4886 7206
4280 8020
7155 1770
1540 7808
6238 1722
9913 7577
4054 2577
8288 6882
7498 8520
1494 4167
1172 4739
8956 7006
2999 6804
8281 2203
955 2548
8084 7825
3246 9882
8220 5969
101 7845
5854 413
5162 5591
5908 1990
7921 5895
3637 1855
3947 5074
8253 5738
2838 2723
9496 7512
6995 140
585 6252
5926 8837
6107 8760
1451 5482
4326 1207
3294 5067
5378 8617
9684 8435
1920 4960
5260 4606
8096 2010
5636 852
9901 6323
9883 4578
1256 9220
2918 1205
2581 650
8254 6988
2315 288
4781 7183
3638 4338
9430 5244
6778 418
8107 2956
7785 9584
5836 5075
6199 7263
9096 6435
5844 1717
3124 8470
7120 7277
7096 2573
140 6335
7169 2109
3316 2743
7092 1094
136 4334
2415 9604
8911 2755
4760 4475
1986 6994
6162 7036
7241 9667
2536 8521
6410 7740
128 3857
2351 2013
3621 627
5091 2074
6348 8655
4150 550
635 2289
9301 1480
4089 205
365 1080
7363 2423
2815 4704
3949 5945
9708 5934
7274 9191
8 7994
5608 2296
716 9065
1220 3929
7669 8915
4419 5057
8259 669
522 5898
3737 5847
725 8192
1539 6253
3143 3712
3698 6828
3626 2800
5622 9521
7897 5086
4485 2465
8655 4060
158 1983
1109 3076
415 1338
5341 4073
8428 2791
5877 6092
996 7877
4725 5902
4248 6024
9379 3402
7940 6209
8888 3178
9161 6292
9115 9963
8528 1310
1855 5772
8599 5458
2816 347
6577 3326
8774 4729
754 2344
9985 3011
6964 3935
6840 714
1117 6134
139 6147
7053 6510
3068 6661
8815 9178
5210 620
5993 3136
2500 8976
1434 9222
6067 9350
6420 9429
9222 1718
8344 1406
8717 3864
6710 7934
3305 2955
8673 1753
105 4947
2557 6908
422 3926
1740 8009
4917 1972
6113 3316
5008 5767
6462 4120
9720 9645
2401 5666
7831 5704
6335 4228
1047 1326
5452 4700
1577 8629
2243 9654
8794 9368
9081 5628
7432 2018
4557 3163
3403 5621
4035 6296
244 1177
7637 5400
6413 4761
9657 1223
6570 7945
4185 7947
5319 7769
294 2623
3858 2530
4491 8910
8051 4213
407 9324
7876 1178
2820 3490
9481 1045
54 4442
961 9261
7304 7841
8716 3381
8090 9682
5173 2416
2510 5438
1510 7287
1805 3315
2275 8502
7546 2938
9954 1568
669 3813
2222 7705
1407 8924
7006 8152
8232 5518
3554 6852
4484 5894
9292 6394
3253 2082
881 9456
0.1482 0.2212 0.7782 0.6743 0.6705 0.6795 0.7421 0.6989 0.1908 0.7302 0.8412 0.4243 0.2492 0.6961
0.5304 0.2769 0.7614 0.2222 0.1222 0.3987 0.9000 0.8364 0.7979 0.5910 0.2027 0.5778 0.7962 0.1029
0.4658 0.5938 0.5358 0.2734 0.7232 0.6593 0.1713 0.8565 0.5622 0.3376 0.1141 0.6728 0.7765 0.4854
0.1987 0.8950 0.8000 0.5585 0.7038 0.1221 0.5850 0.5468 0.6150 0.4505 0.5477 0.2686 0.3046 0.5474
0.3783 0.2669 0.3998 0.6632 0.6244 0.8110 0.6506 0.7611 0.7480 0.5325 0.5773 0.6884 0.3353 0.3784
0.3766 0.4474 0.8076 0.7874 0.1138 0.3137 0.2272 0.7454 0.1846 0.3816 0.4069 0.5123 0.8946 0.4740
0.1607 0.6614 0.6515 0.8987 0.3176 0.1781 0.4492 0.6543 0.7119 0.3740 0.8119 0.1813 0.3080 0.4821
0.2224 0.4747 0.3926 0.7311 0.2498 0.4676 0.1384 0.1999 0.5125 0.8921 0.3731 0.1131 0.6020 0.5787
0.4081 0.4953 0.4649 0.6089 0.6761 0.4841 0.4717 0.2604 0.8843 0.1630 0.6471 0.5461 0.8988 0.3255
0.4200 0.4650 0.7577 0.3321 0.2523 0.6017 0.3854 0.7232 0.3571 0.8158 0.6405 0.6112 0.2476 0.3632
0.8988 0.6827 0.2326 0.8493 0.3964 0.5967 0.1528 0.3580 0.7558 0.7946 0.1021 0.8032 0.1644 0.7618
0.8771 0.6100 0.3476 0.8463 0.1085 0.1414 0.2304 0.3495 0.7602 0.7898 0.8916 0.7346 0.1127 0.6054
0.5772 0.4767 0.1890 0.5777 0.8292 0.1879 0.7433 0.5223 0.4047 0.7570 0.2828 0.6548 0.1184 0.4557
0.7620 0.4926 0.6311 0.6955 0.6559 0.5630 0.8243 0.4094 0.8605 0.8147 0.2364 0.5522 0.1656 0.5959
0.3725 0.4999 0.1382 0.6552 0.1613 0.7535 0.4334 0.7149 0.8558 0.6294 0.6931 0.1191 0.1391 0.7308
0.6312 0.4245 0.3286 0.5737 0.5296 0.2026 0.2589 0.4207 0.5948 0.7461 0.8509 0.3361 0.4148 0.7426
0.6949 0.6745 0.3237 0.2445 0.6696 0.2164 0.2130 0.7579 0.3905 0.4707 0.2167 0.6613 0.6437 0.2383
0.6673 0.7268 0.8086 0.2898 0.2788 0.7501 0.7786 0.6357 0.6614 0.1949 0.3137 0.2137 0.4716 0.3568
0.2240 0.1738 0.8201 0.7101 0.7769 0.4151 0.7802 0.2152 0.3351 0.8200 0.3771 0.7182 0.4904 0.4305
0.3002 0.3244 0.3277 0.1845 0.4202 0.8378 0.6011 0.5313 0.3878 0.2862 0.6917 0.1349 0.5123 0.7427
0.2511 0.1672 0.7441 0.8993 0.1767 0.2716 0.4644 0.7134 0.7114 0.1579 0.7491 0.3500 0.1089 0.8783
0.5471 0.1609 0.7340 0.6458 0.1157 0.2483 0.5988 0.4503 0.1103 0.5644 0.3936 0.2072 0.5314 0.2304
0.7345 0.1407 0.3089 0.1513 0.6796 0.7988 0.7071 0.5719 0.3450 0.1120 0.6973 0.1364 0.4005 0.8548
0.4480 0.8764 0.4254 0.1452 0.4758 0.5443 0.3261 0.6673 0.1707 0.2154 0.4323 0.8934 0.4426 0.2569
0.7712 0.2937 0.3327 0.3654 0.7342 0.1516 0.6179 0.4799 0.8607 0.4491 0.4532 0.5042 0.8729 0.6376
0.1001 0.5369 0.2825 0.3596 0.5839 0.1046 0.1165 0.4287 0.8721 0.1921 0.8943 0.4816 0.5468 0.2557
0.2754 0.7403 0.3860 0.2017 0.7414 0.4048 0.8656 0.6262 0.4224 0.6234 0.7092 0.5161 0.8790 0.3619
