13 529 36
1495 8445
7817 6414
4438 1650
8899 5768
4701 364
5475 1137
2487 2866
6874 9477
5228 1096
9067 6774
3262 1367
7958 8911
1848 5769
9819 968
1351 9042
1663 6859
9065 5179
1957 5574
7251 6325
7091 3976
1972 9928
5785 2344
9972 5690
2827 7076
5316 4653
2511 1796
8630 437
5945 7333
2553 4012
7372 5778
5117 9389
9144 2018
386 8047
1563 6775
918 5243
59 9594
2316 6246
605 4402
6440 7956
2102 6951
9168 6928
805 3207
2447 5781
6007 5053
902 4581
1382 7404
7496 1515
1713 7410
5068 6107
6218 1723
2275 9572
4078 3440
8568 7044
6110 3687
4378 829
8513 658
5775 1307
8104 6732
5013 5182
4865 8009
8459 2898
1296 8918
1191 1563
8976 6234
2935 3882
5449 6960
3807 1050
4789 1252
4064 2689
4577 5474
1081 6546
5681 482
1928 8315
684 5285
5563 8632
6760 2414
5744 3554
1295 1875
8433 2364
8794 3413
4301 1603
9219 30
1532 5456
2603 7403
8464 2496
9845 9656
4151 3622
4487 1437
2594 7908
3637 7973
2520 4498
8665 1043
5118 8785
1871 9162
3344 9301
8259 2126
9301 5110
2673 7994
4256 4621
2259 7506
7999 3161
3679 2939
1719 4285
7448 8194
2462 533
9234 4036
8756 2522
4398 3588
6539 8832
4800 8835
7532 8099
848 555
4209 1198
5828 7269
24 5183
1650 5016
8395 4675
2511 5176
1528 6973
1865 4056
557 7356
5983 6297
6041 9659
9279 7176
5426 5842
659 8508
9463 6104
3058 2577
2167 2488
1897 4366
2700 3533
9302 7332
1081 4078
9829 2221
8352 1111
6755 3608
8745 9157
1043 2159
4168 7997
452 2360
8160 4605
9437 9518
2746 681
4363 3064
3702 7091
4318 7604
1651 8392
5129 4745
366 9381
6399 5883
468 9495
6857 1442
8946 3535
696 1068
540 5826
5878 8655
6604 9532
3665 2040
573 9564
3033 362
2204 2780
7292 3575
2617 2901
3959 7836
9825 7244
8695 1838
9837 2936
568 9138
245 2291
4398 5613
2976 6912
6037 4271
2637 525
2081 2900
9110 3287
5285 4926
6203 3624
8252 9534
4826 6776
8411 6320
9613 2782
9233 188
7781 8717
9046 4488
8430 740
2793 1062
196 7505
408 8959
931 9173
7312 8625
2246 6565
2943 6572
3072 8016
165 5260
251 2916
8645 4212
2486 8895
9415 7272
3606 9023
2968 4829
6630 929
7528 4258
5742 120
6320 6697
3855 8198
7833 3721
9684 7344
7159 609
4254 5270
7706 6843
6547 271
2596 4618
1421 4020
5499 9462
2513 9675
7967 881
1469 29
1087 8808
187 5083
1333 3000
4235 7225
1914 3683
2302 7798
1372 7590
5285 8501
3830 6007
9355 1087
1582 5812
2252 5610
6262 7066
7065 9966
1883 2560
4943 5567
5254 2639
8993 1282
6707 2572
1622 935
4911 7226
1666 9684
4928 1086
8607 9285
7039 9208
953 3928
7740 8948
374 8409
6274 3749
2601 8486
734 3695
8132 1987
3911 5529
7933 1933
8590 3460
5351 6540
8394 5798
626 2837
585 5555
1695 7845
6766 9697
505 1596
9982 5194
5607 8909
4371 950
3318 9763
1710 4635
4837 3797
4646 7540
7068 4943
8288 3311
4716 1557
5976 4516
121 9742
3335 9956
2377 3132
9153 8058
6502 4135
6608 8422
5222 5875
1157 9949
3283 2685
2900 6310
7692 5906
5303 7769
7280 5076
1628 5973
8664 3734
631 6076
8786 583
8417 5651
8769 5280
2594 1025
7922 9688
9767 3582
780 5576
6123 6192
4489 9026
7042 4178
5335 289
3471 1064
5157 6654
4580 5991
9530 519
1350 6350
4415 2276
3213 4753
3291 5524
2030 6133
7211 2629
4825 4238
5087 5693
3350 8
2741 5118
8976 1824
2415 4620
6344 2273
1930 2849
6260 2548
616 1853
6192 4847
3625 9539
3147 3722
3132 916
713 7776
8032 4900
9716 3406
6115 9156
8511 2594
1789 2779
2302 1209
2798 9685
1766 8005
2286 2151
4125 5567
1155 3435
4704 1891
4289 3166
4528 9503
6671 9836
9655 1251
526 8434
4873 2207
9639 9965
8073 6988
5845 2027
5174 6252
3178 1064
9958 4709
620 7156
1686 7285
1622 7107
9349 1264
1386 1323
7738 288
7524 2083
355 8256
9834 4974
2307 6902
2003 1855
1527 2164
3063 4324
5530 510
3759 6737
6568 4604
4178 797
605 6259
3515 4597
9504 9361
5109 2585
8915 4666
3655 6982
7835 7222
7614 7468
3701 8199
9091 3617
4441 6263
8287 1877
9095 574
6753 773
7868 9267
111 1116
819 2452
2513 2554
2049 4467
8561 4617
5501 7905
7778 1872
4177 175
9748 5519
6323 9716
3878 4849
2802 60
1872 7686
458 8327
8312 4300
4494 5831
8093 2847
167 3195
2302 785
3258 4239
3692 7610
6592 1712
2048 6726
4094 2810
8159 7930
5767 6193
1238 2258
6211 545
935 5617
2327 7395
1215 2495
2612 4124
3435 1928
6012 680
8731 8905
1213 9480
944 3660
7062 1407
8594 5228
7370 7595
132 6923
5200 3852
8905 8355
6316 3849
4046 1044
4925 9395
6227 2935
3120 7797
8284 2263
9204 4722
7362 817
9963 150
602 7528
9653 3621
4125 1683
5083 1121
9077 6199
8922 667
2709 7548
1801 5876
6936 2900
8556 6552
5104 9191
9441 3949
6609 6745
484 74
6054 2004
9167 2774
2766 1637
2005 9490
3179 8883
7851 4581
8726 4768
5432 8668
2664 2172
13 7629
8801 9742
7080 2278
9300 7734
3893 1617
6329 1617
6617 3512
7138 3005
4296 2081
5840 2668
3702 9306
5410 4612
853 8093
3422 6645
5987 1102
8208 235
502 9965
3364 3276
5044 2868
3585 2715
4131 3058
6225 8414
4534 3678
4616 4447
8511 3855
3564 7729
7353 4595
3012 6479
5860 3449
8994 2180
3288 8985
7646 7092
1554 320
7067 6138
6530 8524
8323 7374
2373 4255
8530 6099
6664 9972
6938 8952
4783 4372
4483 4451
3013 2810
552 3627
1517 4382
9620 6781
4898 5178
8422 5399
4203 1468
2719 4012
6470 7260
2801 4588
4935 1993
5135 3051
6557 4706
6444 3614
9791 6233
2704 9746
4528 9266
8859 9176
699 5490
1160 7099
6457 3902
5529 9333
9780 526
468 608
5926 371
8313 8273
450 4753
3470 4880
7968 343
4029 8617
1992 3285
7118 9596
6398 6607
5420 3712
9625 9036
9710 7748
8968 5152
6891 4134
7631 1474
6557 837
6541 2897
8183 861
9541 4508
8104 6467
4648 6731
4575 2741
9464 2082
0.8465 0.6482 0.3919 0.5176 0.7752 0.8575 0.5489 0.1796 0.5822 0.6813 0.8271 0.1556 0.4977
0.3665 0.5108 0.3313 0.7033 0.8474 0.5657 0.8736 0.1055 0.4402 0.8373 0.8201 0.7296 0.3768
0.7518 0.3997 0.7424 0.4985 0.3489 0.5641 0.1432 0.2473 0.6162 0.2606 0.6247 0.2220 0.6719
0.5828 0.6522 0.4561 0.4687 0.8686 0.3931 0.2846 0.3829 0.1083 0.3680 0.5372 0.2627 0.3568
0.2298 0.3582 0.7478 0.5619 0.1617 0.3853 0.3537 0.2377 0.7335 0.6857 0.8066 0.6244 0.8627
0.3644 0.4282 0.7552 0.3128 0.4437 0.7578 0.1594 0.4419 0.8816 0.1715 0.2060 0.7935 0.8289
0.6394 0.6242 0.4509 0.6273 0.3738 0.3109 0.7590 0.7823 0.3709 0.1449 0.3117 0.8187 0.7796
0.8370 0.6655 0.8442 0.5534 0.3232 0.2316 0.7724 0.6019 0.2500 0.2121 0.8388 0.8184 0.8667
0.2241 0.3131 0.4621 0.4042 0.4706 0.2412 0.1477 0.3272 0.6156 0.8691 0.5691 0.1627 0.4921
0.1872 0.4733 0.2945 0.4823 0.6757 0.7582 0.7364 0.3621 0.5756 0.6235 0.5724 0.3238 0.5249
0.8526 0.1045 0.4896 0.1961 0.1412 0.6387 0.4517 0.2388 0.2214 0.1278 0.3370 0.5415 0.8910
0.3185 0.1514 0.5803 0.1309 0.7299 0.4935 0.3828 0.2587 0.1570 0.8684 0.7568 0.5499 0.7374
0.1462 0.5561 0.6627 0.8024 0.2938 0.6046 0.3807 0.5631 0.5564 0.7715 0.4088 0.1344 0.6947
0.2871 0.3247 0.3297 0.4813 0.2163 0.2453 0.6172 0.2892 0.2352 0.5535 0.6419 0.4415 0.1579
0.5300 0.2480 0.6217 0.7331 0.3316 0.6601 0.2045 0.3279 0.4469 0.1927 0.3674 0.4508 0.6340
0.7357 0.1245 0.8840 0.1605 0.3238 0.7077 0.4807 0.8341 0.3344 0.2601 0.1770 0.5721 0.5667
0.7671 0.4021 0.7576 0.4258 0.2737 0.4156 0.5929 0.5856 0.7129 0.6546 0.1361 0.3257 0.7179
0.5578 0.5317 0.8708 0.2845 0.6516 0.8165 0.4859 0.2557 0.3610 0.5921 0.7473 0.6489 0.4506
0.4741 0.4815 0.2955 0.6420 0.1644 0.2562 0.1392 0.4028 0.6269 0.4708 0.3180 0.4410 0.8336
0.5428 0.6997 0.4574 0.5974 0.5572 0.2173 0.5000 0.2341 0.7378 0.5703 0.5758 0.7938 0.2021
0.4756 0.4982 0.8566 0.2726 0.2086 0.2947 0.4515 0.5124 0.4517 0.4583 0.5068 0.4392 0.7884
0.7370 0.7209 0.2291 0.1307 0.8070 0.5176 0.3267 0.5879 0.3086 0.5246 0.3674 0.4538 0.2116
0.6684 0.4400 0.2426 0.7853 0.3047 0.5147 0.5092 0.7894 0.2046 0.7712 0.7124 0.5873 0.8582
0.6964 0.4652 0.2693 0.4496 0.2421 0.8944 0.2595 0.1092 0.8656 0.6373 0.4884 0.3850 0.7728
0.1464 0.2812 0.2439 0.5386 0.7599 0.2509 0.6735 0.1285 0.3026 0.3258 0.6563 0.3222 0.5266
0.3269 0.2662 0.7670 0.1461 0.3153 0.8149 0.7962 0.3279 0.3244 0.7367 0.5197 0.7623 0.2002
0.5679 0.5912 0.3560 0.8998 0.4875 0.2473 0.8950 0.4063 0.4118 0.7255 0.6728 0.2787 0.2244
0.7632 0.6433 0.5601 0.8347 0.2444 0.4423 0.1292 0.5482 0.8375 0.3154 0.6631 0.5750 0.4672
0.2012 0.4595 0.1825 0.7735 0.1939 0.6270 0.6756 0.2306 0.6372 0.6258 0.8321 0.5047 0.5381
0.5718 0.6623 0.7716 0.7499 0.3712 0.3201 0.3277 0.4770 0.6171 0.2785 0.3274 0.7429 0.5608
0.7107 0.7282 0.1312 0.5052 0.5688 0.8573 0.2282 0.2434 0.8884 0.2880 0.1176 0.2238 0.7786
0.8734 0.5187 0.6035 0.8983 0.5478 0.6636 0.8762 0.8113 0.3861 0.6464 0.4109 0.3903 0.6895
0.1353 0.5006 0.6935 0.4948 0.2553 0.5160 0.8030 0.5845 0.8319 0.7058 0.2570 0.3639 0.1749
0.8238 0.1410 0.4266 0.3952 0.6308 0.4134 0.7509 0.2004 0.1512 0.1291 0.2233 0.8230 0.8566
0.4636 0.4289 0.2388 0.8997 0.1058 0.7019 0.2995 0.4827 0.1692 0.3996 0.7777 0.8920 0.3208
0.7052 0.1485 0.7264 0.4184 0.4791 0.7023 0.5801 0.2409 0.3213 0.1076 0.1949 0.5118 0.8762
