6 67 7
1245 8816
3727 9205
9940 6400
135 4784
2020 444
5295 1450
3225 5802
9429 7186
7414 9598
7905 4978
7778 3545
8808 1594
7857 6514
2817 4712
6014 7173
422 2877
4185 4931
3363 9872
608 5068
9276 3722
5532 9635
3509 3357
1008 3447
1594 5666
1371 8827
8540 5462
6574 3961
1616 801
9458 9191
9662 2076
3477 7948
6738 5513
2101 8222
5622 5748
5536 8539
1346 522
7355 7578
424 1294
8302 8844
112 3095
4034 9106
658 3511
6975 8359
1901 9742
7115 6958
2236 8311
2258 3389
3496 5355
3369 9389
5913 6665
2863 8513
5979 3968
7105 8042
4740 8273
3383 5162
8002 8782
4876 2221
7678 5495
103 1782
6419 2973
284 3272
3383 2298
417 5348
9874 5680
5358 3854
2248 3038
5504 488
9267 4700
8705 9438
9104 9024
911 4839
5854 4077
8948 7463
0.4642 0.7758 0.3152 0.6301 0.8011 0.6506
0.1170 0.1550 0.3119 0.5230 0.4376 0.7570
0.3414 0.1888 0.7716 0.4893 0.8445 0.8994
0.1316 0.5943 0.7724 0.3274 0.5364 0.5647
0.5862 0.3468 0.8128 0.1010 0.1227 0.4624
0.2618 0.3857 0.2348 0.2643 0.8706 0.2026
0.3743 0.8409 0.8021 0.6403 0.4001 0.5711
