9 338 10
6725 8648
6109 9719
6831 2090
9611 2552
6211 612
4542 5069
587 5423
1899 6762
616 4134
7080 1718
9650 755
5482 859
4579 8754
9446 734
6357 5912
2815 9410
5419 1880
4368 1734
9187 2772
8392 1018
8545 7608
8193 18
7396 1350
5751 5417
2725 6556
1997 6811
3611 26
9972 7871
7486 9658
6073 4031
2531 9171
9096 6131
5348 7226
8608 7899
7527 531
6238 8657
8249 8333
9538 2357
5804 756
9757 8054
7961 8838
3894 6869
2399 5962
8094 439
8083 2754
949 6573
3294 7255
5968 8738
8478 6668
1515 6476
9497 8114
6469 6934
7017 3347
2095 482
1678 8824
866 7858
5996 888
2750 6727
8041 4546
6969 6048
6475 2395
2477 7509
7878 6300
5861 7685
6810 9890
1568 5667
147 3957
1717 7365
3237 5063
2746 7730
354 9083
175 6065
1294 3062
4740 3298
5775 9583
92 1560
3229 9150
1100 3371
8256 2827
223 9441
1244 7270
8328 6789
1399 1715
1746 3171
3012 9498
2594 6317
9074 6580
2779 9549
4913 7504
2253 7058
8657 2383
8932 4185
3635 4852
8952 5144
3259 6883
8577 3563
4934 767
5751 3087
1647 5991
3094 1464
7699 5787
3271 3267
7832 2967
7130 5215
1052 162
5736 388
1832 6297
6929 4930
7210 4389
6219 2922
4174 9565
2281 5133
6679 4215
7075 6501
3819 9854
2702 2365
6730 5601
7241 391
9620 6892
7829 5786
6522 1302
9541 6636
2010 7138
2494 4485
9676 6077
2776 1832
7817 2670
5197 5942
6563 8303
6415 6820
2639 5474
990 5265
3363 9560
8042 8566
5601 2129
7707 6738
7644 7390
9330 3711
8848 4512
8217 4653
1261 9512
1014 7624
4614 450
6427 8365
2186 8926
7583 7860
8871 4334
7106 6749
5464 1193
7050 5984
4171 3507
9309 6017
3010 427
9969 1199
9780 7418
5860 523
2000 8991
5056 7704
8105 2210
1024 5053
2718 1469
8864 7200
784 2693
1366 4726
2274 7719
2778 5092
1019 8616
6298 4188
1749 7163
7907 6124
3781 5227
1140 4188
2144 5395
2275 3100
291 5184
1358 5834
8106 8918
7658 8638
566 614
4420 4530
3673 3356
3104 3980
5131 8300
9046 3940
5873 5332
9078 7228
1569 1014
4456 2366
5118 7119
2248 5747
7660 9038
8775 78
1866 5487
6433 8548
5827 3813
4698 6303
6483 5040
5040 5030
9399 8011
1216 3502
267 8422
1331 2193
9530 3459
851 600
9523 983
4834 671
1509 9253
6252 2572
482 7413
9702 6364
6448 8244
502 8750
5180 5569
2788 646
2241 6116
7580 9796
7809 2134
5422 5092
7272 9260
975 3011
8753 3182
6000 4476
2771 3570
9992 658
7292 5822
7589 6465
2056 4808
6514 6805
572 5189
5286 9621
8803 5489
8033 6346
7819 5542
9534 157
6676 7959
9722 461
6890 3523
3547 2044
5553 5207
9233 581
5322 6789
3113 695
4101 6550
5512 1470
2302 4020
3032 1814
3687 2080
3179 4886
7855 7218
7597 5522
2975 9345
7526 1417
6682 6059
3486 4499
6834 7214
1756 9915
508 2540
6241 9438
7944 2068
1928 1596
1393 8957
789 7079
2498 9285
3393 3220
8014 3402
4798 2124
2350 8568
2291 3438
1778 940
767 9136
4224 3671
5893 2059
1566 1220
9449 2983
5171 447
8670 4856
5374 2264
9749 86
163 154
5335 4989
2578 5291
6974 6964
8962 8755
9655 1229
1755 5316
2764 6177
6624 7346
9817 6291
2265 2624
9421 3980
4367 6990
7119 3984
7411 7819
1039 6207
9146 4276
2194 638
3726 869
1194 7856
8592 5545
4484 7418
9184 8757
1456 6162
4471 1254
3596 9934
6865 9191
6328 8242
5831 2513
7910 33
448 6692
1049 2503
7269 3526
140 7975
8577 58
5658 4607
3615 335
5368 9181
6318 7635
9996 250
2803 8492
6341 9076
1197 702
1128 9587
285 9673
1414 9766
7877 2385
1938 1306
6943 2646
7641 1968
3075 8725
2547 7117
8303 3107
1675 4595
4191 720
245 6547
4889 231
139 8437
9731 6470
8478 5620
3637 8241
1754 7961
4592 7826
2169 3301
7676 8935
7158 6879
1374 9580
9585 6991
8536 8218
0.2866 0.4819 0.8229 0.4202 0.6893 0.6610 0.1982 0.8115 0.7807
0.8100 0.3753 0.1744 0.2211 0.4048 0.4631 0.1363 0.8451 0.5974
0.2053 0.4778 0.2751 0.8790 0.3505 0.6284 0.4785 0.5346 0.5386
0.7884 0.3910 0.2328 0.1952 0.3915 0.2053 0.1437 0.2039 0.6133
0.1717 0.5034 0.1285 0.8609 0.3868 0.7744 0.1083 0.6071 0.5043
0.5067 0.2623 0.7845 0.8009 0.1686 0.5852 0.2116 0.8264 0.2174
0.3629 0.8910 0.8578 0.1999 0.8821 0.2813 0.6501 0.7021 0.7239
0.4352 0.4116 0.3000 0.1308 0.5716 0.4862 0.8286 0.5012 0.7767
0.5716 0.8453 0.3037 0.4977 0.8327 0.3102 0.1662 0.7393 0.3084
0.6247 0.8226 0.4292 0.4398 0.8343 0.6969 0.5454 0.4905 0.1120
