12 455 34
2927 4916
8997 4204
7573 2707
1934 5490
376 9780
6474 3887
2404 4767
6788 7360
1454 6257
6975 5172
6856 4881
150 5055
8442 6197
4814 384
9394 4830
2598 3885
248 5821
5257 6505
7097 8018
4813 2078
2463 7461
7743 5639
2381 1802
2155 2681
7882 1297
2592 9047
893 4338
4631 909
7299 870
3825 590
7645 108
4905 8548
5473 742
9712 8411
601 6469
5278 3565
832 6369
9445 1955
8342 4535
8737 173
3107 6986
9193 8008
5227 3468
7778 2304
3812 8428
9931 2493
6072 1315
6681 3760
4546 7245
6167 3370
2357 380
5395 902
3081 8188
7692 3970
3858 3453
3357 1333
2880 4113
3665 2775
565 2963
2861 9794
4267 9991
2261 31
1898 1332
7414 4499
9065 4600
9756 6689
7283 1196
725 7663
8810 6225
9143 1529
3577 5925
6750 5665
1203 8250
895 7731
8653 2025
5066 5985
7641 5278
5549 8003
2508 8048
119 4157
2189 9560
8880 2914
6029 7113
8025 2279
4263 8224
3562 3697
5388 7069
6573 2651
9252 7538
2828 3845
201 8223
9212 4969
2726 2114
2970 1045
8482 6692
9019 1804
9824 6234
3597 4084
1967 7049
243 8430
1046 131
4938 9869
2019 2519
2729 2680
1695 3983
7101 7748
3386 2622
7788 8918
1449 1158
5727 3215
9501 9614
7400 2776
3070 1519
7404 5398
7704 9251
3841 900
6373 5637
2174 6176
6986 6765
846 3035
49 3684
1842 9779
8996 2590
7666 7612
4403 5496
4413 8703
2169 9210
4330 6757
2047 2914
819 4842
4870 1039
3285 1561
2805 161
1094 9574
3952 8380
4948 9663
2683 5798
4034 9972
7214 9365
7438 8744
1084 4244
7679 3584
4991 8696
1932 8479
6932 3325
3594 3449
7963 691
391 4307
9883 8851
9341 2342
9905 3227
1343 8021
8930 5434
198 3968
8993 9194
5392 1496
6206 46
2378 3095
903 6119
3547 8550
3670 9603
1629 3597
9781 7074
5287 9272
2905 7873
4578 2962
5064 7060
4751 5048
6956 1316
790 9458
2870 2612
6501 5724
9334 9622
3993 6512
6990 7599
2359 4591
8432 987
6888 19
4975 2354
740 3984
6953 3110
3490 7224
7962 9103
4869 5328
4047 4905
7765 1368
386 3340
9681 4311
9329 243
1451 7486
4696 6298
471 4120
5624 3171
2113 7786
4438 3984
9152 2756
491 3933
6019 2431
5666 9809
5744 5653
6924 7719
4956 4644
9358 3693
2411 3985
1298 4655
1028 5980
2771 7502
2137 1080
952 2656
2874 7227
5205 2892
6638 1766
4661 3517
7254 6492
8165 9142
9860 412
8597 568
8782 798
1751 6254
3457 6868
1430 3200
6809 6932
6520 4305
5063 3731
7754 9975
7888 6662
6260 6230
1234 3746
6731 3094
675 3858
7071 2601
1230 6624
4768 7875
9063 6131
1522 8042
9843 7368
2626 4252
6986 1469
2157 8193
1570 9546
8325 5939
1978 5733
7407 3723
7163 8953
4915 872
7706 6963
161 1383
9070 4375
3414 8549
426 8496
4031 7145
9793 9226
2580 7157
2222 1783
5643 6465
1410 8603
4082 278
5279 9376
2420 1414
2178 5942
9486 1704
7078 3835
4909 1273
5763 9071
4008 1167
5752 9194
4343 2835
6877 7932
3469 5610
1960 6938
1023 5192
937 5523
9994 1306
6441 1956
7241 4065
6598 8367
5244 81
1193 5562
8319 4395
5076 1644
433 4783
6852 8574
2688 5629
801 4156
601 857
9461 7952
9678 3257
5343 8484
6085 8287
7894 4242
335 4601
1291 8658
5645 9311
4374 150
3251 9642
9921 1435
2948 3947
2967 9712
8871 5879
6505 7844
4763 1080
8291 1089
1202 5270
507 7824
5229 5658
6455 6596
334 7989
2249 145
1186 8719
2207 5600
5709 8382
1679 5005
8854 4525
1601 5433
8504 7152
8018 3144
2580 8432
2114 1232
9382 5540
2813 902
5625 5017
8080 5880
4666 9653
3936 2454
6168 1954
7650 1064
1852 489
1751 5238
4656 7603
3668 1882
4488 1426
1128 7702
4313 5336
6118 5716
1077 2629
3249 7144
6704 6979
9487 910
2923 6375
2192 4017
5118 29
7576 6025
2314 4230
1420 1026
9709 2186
7203 5030
2295 8011
7609 2151
7763 2177
9543 1550
9804 4214
9801 6905
3048 7473
8563 9697
9507 9873
1134 3276
1527 8964
7237 332
3445 4852
821 6975
2984 1966
2699 8890
4527 5961
479 8874
6943 211
7295 5230
2348 1097
7990 8232
5843 5818
5167 5558
4038 9309
7409 8986
5971 5165
8045 133
4788 3517
4072 2274
6743 766
5034 4507
9141 5361
6451 7943
9753 9751
4558 4672
9963 463
5469 2674
3000 2112
3251 1814
9718 1112
836 2451
3893 8775
4341 5725
4486 1606
4427 4495
2240 660
9335 2610
8984 5849
1570 4757
246 3131
6993 9983
7027 8951
7047 2385
5391 6616
2587 4154
1645 9864
7755 3798
8121 7158
8647 709
768 9260
4013 2119
6423 428
9694 7533
9806 634
7708 8152
4857 5178
2380 9955
5807 4391
9449 6698
7536 4819
2927 1732
2841 1257
1204 7388
2049 4688
6257 7111
297 9600
457 7587
7324 2118
7643 6408
3290 186
9444 7789
4272 9719
2720 7404
1201 80
4956 2903
337 4110
6717 5939
4167 6785
717 6488
4440 3848
1746 1736
8146 3562
4027 8111
8915 1537
4200 7768
1900 4895
8663 3660
1094 9985
2745 601
8777 5502
7819 7874
6043 8822
1100 6542
9792 1559
5582 6099
8196 2213
2694 1297
1108 9424
4444 9212
8295 7062
3392 3657
9864 4986
9456 8309
6293 5384
8015 1270
8967 4834
6975 107
2870 573
7639 6519
294 8953
0.2766 0.3026 0.7387 0.6017 0.1893 0.6940 0.5225 0.3634 0.4737 0.7198 0.2069 0.7273
0.4225 0.4760 0.1781 0.3566 0.1399 0.7352 0.8145 0.5801 0.6253 0.7363 0.2476 0.6060
0.3068 0.8640 0.1604 0.3664 0.5816 0.6423 0.8691 0.3776 0.1738 0.1019 0.4154 0.8758
0.8325 0.6584 0.7229 0.4386 0.8943 0.6012 0.5205 0.2536 0.2728 0.6174 0.5185 0.6651
0.5778 0.3767 0.7381 0.6365 0.7967 0.6377 0.2012 0.2827 0.4839 0.1410 0.7276 0.6007
0.6000 0.2222 0.2862 0.5971 0.2591 0.7807 0.2243 0.4042 0.2184 0.2273 0.1538 0.4255
0.5144 0.7530 0.5260 0.5980 0.3160 0.8935 0.4613 0.7839 0.2307 0.5001 0.4233 0.2464
0.3856 0.3509 0.7817 0.2298 0.2833 0.4221 0.8474 0.2550 0.3421 0.5895 0.5061 0.6529
0.1470 0.3901 0.8106 0.5709 0.2448 0.7605 0.5029 0.1478 0.7172 0.8302 0.1374 0.8530
0.2209 0.1613 0.6505 0.2836 0.2201 0.1604 0.5606 0.2024 0.5137 0.8607 0.8470 0.2596
0.5908 0.1337 0.4870 0.4953 0.8130 0.6136 0.3479 0.2803 0.2376 0.8626 0.6184 0.2624
0.1501 0.5172 0.4406 0.2309 0.7016 0.3261 0.1831 0.8187 0.1401 0.3753 0.8913 0.6982
0.2190 0.8825 0.1537 0.6857 0.5676 0.1036 0.4222 0.4577 0.6660 0.7135 0.3424 0.1708
0.6238 0.1079 0.7766 0.7410 0.3170 0.8406 0.4660 0.7477 0.8077 0.7943 0.4544 0.2879
0.6571 0.3517 0.1822 0.4050 0.3804 0.4294 0.4738 0.1230 0.4170 0.8393 0.1706 0.4541
0.4557 0.8072 0.7499 0.6293 0.5914 0.6040 0.8115 0.2666 0.5697 0.7401 0.2082 0.2624
0.2911 0.1993 0.5941 0.8081 0.1764 0.5938 0.1513 0.2256 0.8737 0.6078 0.6506 0.2739
0.1352 0.3432 0.3726 0.2340 0.6281 0.1428 0.7815 0.5044 0.8537 0.6868 0.2444 0.4152
0.1378 0.6701 0.4783 0.5214 0.8735 0.2234 0.3305 0.2621 0.7455 0.2000 0.3815 0.6742
0.2205 0.6304 0.7278 0.6935 0.4772 0.8996 0.5534 0.5048 0.2196 0.5360 0.6132 0.7263
0.1293 0.3919 0.2505 0.7839 0.2878 0.1329 0.8876 0.6408 0.4913 0.4575 0.7550 0.3559
0.3575 0.5071 0.6511 0.7151 0.2716 0.2725 0.5632 0.8999 0.5030 0.4561 0.7414 0.7290
0.2810 0.1769 0.8886 0.8491 0.8010 0.4249 0.1756 0.6692 0.4267 0.1014 0.7972 0.3432
0.2592 0.1562 0.7886 0.4027 0.2400 0.8239 0.5712 0.6628 0.7540 0.8813 0.2048 0.3267
0.7671 0.7875 0.4674 0.4001 0.2403 0.6203 0.8472 0.7267 0.5061 0.2500 0.4592 0.5072
0.7723 0.1599 0.7608 0.1430 0.8670 0.5815 0.2049 0.5529 0.5364 0.7579 0.4872 0.3758
0.3787 0.7365 0.7992 0.5441 0.1444 0.4865 0.7650 0.3481 0.8107 0.4854 0.8348 0.7834
0.4551 0.8194 0.6424 0.4544 0.1540 0.2495 0.4868 0.8410 0.6567 0.2583 0.6509 0.8651
0.3073 0.5927 0.4782 0.3265 0.2656 0.4379 0.4177 0.8818 0.8477 0.2712 0.8717 0.2052
0.6649 0.6718 0.4558 0.1923 0.4132 0.6607 0.1847 0.7754 0.5519 0.6030 0.5570 0.3778
0.8055 0.5836 0.2140 0.5572 0.8657 0.6252 0.3233 0.2510 0.7450 0.7039 0.4155 0.7048
0.2977 0.6796 0.3471 0.1116 0.2134 0.5396 0.6661 0.3870 0.7846 0.2201 0.4411 0.7533
0.7947 0.5521 0.5187 0.5259 0.8175 0.6769 0.1267 0.4506 0.1915 0.6511 0.1507 0.1330
0.2541 0.6208 0.5754 0.8314 0.4655 0.8213 0.6821 0.7670 0.3115 0.8959 0.3241 0.2103
