13 520 37
245 7925
5238 9776
2737 830
2057 5252
2273 5050
1462 8715
8524 5491
4566 1797
8997 5746
2496 4735
5765 19
225 2737
8565 694
6314 8419
7756 2569
502 6784
5648 5148
5337 9503
7636 3367
3187 2041
3061 9765
8669 5687
8687 2714
9322 6118
489 3350
5186 2065
5948 8345
5381 1809
5458 9355
5615 789
5774 1069
679 8860
4193 8563
5409 7416
2402 1862
3379 5991
1913 6850
7108 7962
7793 5647
7956 4106
56 1293
3559 6166
8079 1310
6456 4734
6836 8661
2964 1162
1986 851
8863 8120
8584 4457
6741 8070
2850 5880
3974 6089
3946 337
2908 9349
8767 9172
836 6423
4827 890
4698 3399
938 7809
18 2305
820 1723
1138 5250
4687 9298
2235 7625
5255 6575
3814 2007
7407 2100
976 3739
2511 3077
6444 8074
2661 4939
4659 5031
9824 2180
6907 4594
3707 6633
7954 613
3369 766
3498 7435
2514 8093
4791 1460
2464 8503
8781 444
2060 3170
1545 7495
1318 7393
2756 2585
2700 5700
9070 5079
5514 8395
8189 4700
6904 1538
8532 5015
1163 8488
6269 4314
7304 4499
4807 6346
6429 7574
5727 5336
2276 6899
8802 2581
7674 4007
1954 8159
8061 2528
6239 7184
4058 6305
2832 8314
4281 3496
9955 2135
6479 6352
3474 2121
2576 2016
5796 8342
9403 6872
6015 2066
9663 7708
3556 670
7445 6025
2484 7209
623 2813
9846 2052
3921 916
3477 8086
5828 2061
6821 199
7413 859
8911 3139
5944 2332
974 9333
2760 1603
5771 1728
184 7811
8920 7974
4472 2286
8182 3959
9717 1542
6241 1651
5016 8386
8334 8154
9645 8485
7271 5879
1518 7995
2689 5399
3963 3434
4262 114
5054 8907
1384 9943
1415 5392
9266 5716
3467 1133
4925 4
4398 5276
9416 3641
7909 2837
7565 4726
3889 2262
6443 1365
9390 1643
9614 2715
1676 7772
702 7054
7740 9671
258 2620
2311 663
6709 4312
9098 6675
1640 8662
6347 7292
2829 9493
5963 9659
4322 1743
4592 940
3193 4531
1600 9617
6414 9484
265 4459
2046 7933
6768 6063
4235 7004
1043 8699
7845 182
1416 4207
6489 709
8768 1338
7963 1164
3941 8060
3436 4825
4339 2762
626 5829
40 6416
566 974
5222 3082
8086 3273
8612 3657
7607 6192
3098 6682
8873 250
7354 8606
5648 3223
7770 2453
4558 7193
52 5403
3010 1719
7007 6674
779 4440
5056 5981
4220 1790
7427 1410
2280 2914
4141 1445
504 6970
7413 1665
8400 9941
3563 3911
659 3495
5026 3295
8857 4803
909 1178
2636 4314
5238 8523
367 4144
7599 7244
2481 7024
3444 2796
4630 6681
3026 6055
9500 1376
1460 3454
9481 6290
1932 3502
9000 1175
2441 5178
4636 7129
812 1135
9085 1302
8585 7267
7958 5316
2444 4359
6859 1083
1758 8442
4249 9177
3991 9285
8993 6479
6560 8579
1230 5890
5575 356
2510 2152
1747 874
1025 5538
4738 4282
25 107
8539 1012
3705 2183
6004 859
9495 302
6750 9192
3168 9300
1748 6033
6959 5611
4406 108
6899 4784
7295 1791
7465 3106
6718 1910
5599 7741
2219 7770
1789 8283
108 992
1047 1166
6869 8043
9422 7752
7395 3496
4450 1019
6167 4354
2505 2628
267 9590
3034 7268
5912 8018
2015 7061
8783 6178
8051 5467
265 6275
7564 4402
5532 4321
9149 9200
2574 7733
3647 8840
7708 439
8694 9789
903 8348
826 9567
265 7418
7770 6879
6073 8708
4705 8552
271 1782
7922 4274
3709 952
8806 6910
7498 8639
3910 3095
2422 8861
1963 8365
5330 2321
2909 9078
4829 9349
2220 4200
8074 6119
9757 6874
2447 6047
7754 4628
1072 4877
5569 6749
5539 2272
6536 6569
1346 3093
6509 4605
149 9440
3700 8377
7846 3908
1482 1586
5842 7134
7573 5661
4818 2409
7807 362
3424 8544
6292 6221
4412 2451
146 7200
1603 4996
782 8604
4102 3453
9893 7370
7324 9223
3551 278
1776 6528
9998 3088
1364 8558
8886 6018
1278 8422
9860 9374
8994 7578
7069 8232
5068 2189
3864 3548
9794 7349
8046 9024
8519 1219
6418 282
706 4813
6890 4941
1414 3754
73 7285
4861 3001
9479 882
9883 7131
4734 9129
7594 2255
3461 9941
9508 3481
9934 1641
734 3798
115 4278
3982 5641
9231 3685
7590 5974
737 7880
1892 4874
3135 1827
5228 6308
6700 7153
8983 9996
3900 6763
3780 139
8573 5120
4983 3933
6599 8196
22 5533
1845 914
482 6526
166 3303
279 1386
8789 4951
8853 7896
3554 4515
4933 9265
3884 6140
2087 7793
9021 6980
7905 6618
5103 515
8503 8392
2254 1304
6683 9477
1420 6755
5268 2987
1502 3963
1978 8948
1280 5049
101 8903
565 6620
3526 9003
2424 1046
6253 4878
8883 8814
5452 1006
6707 5275
4422 9233
3330 1244
5971 3534
2528 9512
9973 5270
4623 517
4060 4167
6057 5828
8550 3433
6744 2930
3383 5309
2902 7932
7170 1798
9879 6482
1061 6752
5935 8939
771 2712
5937 5741
8975 3445
2090 7544
7894 8908
7737 7112
3600 3640
8559 1683
6566 4143
7565 9014
1714 5759
8598 7604
3914 9782
7740 6775
7349 3585
4944 5270
974 7031
3077 4916
8736 8082
3513 8689
8028 7823
790 1386
2630 9862
9787 9232
9499 1621
7404 7407
6227 9763
8590 2957
6693 4448
1725 4491
6946 6501
8299 7406
1983 594
2779 8881
5399 5980
2294 6340
646 9905
2170 1660
5208 410
4004 7283
5385 9162
4354 8004
534 4477
7561 4879
7997 7667
8093 1475
625 5675
927 5372
7611 4106
3725 7712
4188 1652
2113 4233
982 3984
3133 3110
553 2212
9703 2939
5390 6190
233 7707
9691 9532
1664 2597
5856 2428
48 2874
2213 247
6450 8629
2600 344
484 1683
2790 7546
2524 1025
3407 1616
918 1308
9 7895
6674 5433
8482 4401
9109 864
6077 3742
5891 1515
8861 2921
1196 5450
2850 3883
3956 6973
3288 8767
7761 4937
9451 8841
935 7386
333 8841
405 7875
8984 3745
7588 7933
1990 5800
9317 8461
8587 1955
4282 9777
1182 1762
2921 4441
6395 6162
802 4617
311 2376
8788 2241
7805 1266
2578 6107
4731 8732
3740 9212
3637 4389
2983 9615
4027 1073
2951 4592
2235 961
6272 5675
5130 7607
4905 568
2373 200
0.8074 0.7472 0.6928 0.1829 0.6944 0.4553 0.2590 0.2623 0.7672 0.2202 0.7068 0.7676 0.8786
0.7648 0.1275 0.8156 0.1854 0.2261 0.3439 0.7952 0.1751 0.8890 0.1248 0.1698 0.8120 0.8858
0.4742 0.5409 0.4201 0.2137 0.3917 0.2138 0.3062 0.8165 0.4494 0.6626 0.1046 0.8645 0.4312
0.4617 0.7686 0.5659 0.7198 0.6434 0.5786 0.3395 0.1419 0.2807 0.2627 0.8804 0.4129 0.2625
0.2229 0.7326 0.4915 0.1241 0.7658 0.5629 0.7160 0.4523 0.6381 0.6942 0.1734 0.5312 0.5307
0.2087 0.8697 0.6579 0.5969 0.2296 0.7518 0.8413 0.5689 0.2178 0.3874 0.1980 0.6622 0.5006
0.2897 0.7938 0.5182 0.6991 0.2149 0.3623 0.5482 0.6054 0.3592 0.6608 0.8125 0.5384 0.4921
0.1605 0.1721 0.1950 0.7753 0.6078 0.4929 0.4827 0.1362 0.7837 0.3407 0.2743 0.3792 0.4345
0.3242 0.7102 0.7694 0.5463 0.6764 0.2453 0.8104 0.7068 0.3434 0.6662 0.3292 0.5136 0.1371
0.6607 0.2070 0.5983 0.3103 0.6660 0.8665 0.1067 0.7735 0.4955 0.2599 0.6577 0.6981 0.1373
0.8467 0.3435 0.7694 0.1048 0.4121 0.6413 0.6678 0.1431 0.6494 0.4848 0.6567 0.7298 0.6784
0.8516 0.4900 0.8834 0.3527 0.4496 0.2992 0.7026 0.7659 0.2067 0.5976 0.6171 0.3253 0.7888
0.5414 0.4662 0.4757 0.7707 0.7702 0.5303 0.6150 0.3562 0.4774 0.1383 0.3389 0.6691 0.5329
0.7185 0.1102 0.7453 0.8858 0.4113 0.1667 0.7903 0.7205 0.8911 0.4976 0.3031 0.7564 0.4618
0.1658 0.7935 0.4896 0.8699 0.4442 0.4571 0.1845 0.5144 0.3035 0.7514 0.5234 0.8781 0.8780
0.1855 0.3718 0.5596 0.1069 0.8966 0.8925 0.7235 0.7965 0.4790 0.6399 0.2273 0.3191 0.2455
0.5812 0.4994 0.3726 0.3942 0.4797 0.7490 0.1034 0.7406 0.2262 0.2303 0.1271 0.8648 0.6184
0.3593 0.1297 0.3607 0.5465 0.6820 0.6332 0.8370 0.7423 0.4508 0.5163 0.8457 0.6288 0.1841
0.1428 0.1481 0.3803 0.5000 0.8374 0.2158 0.7298 0.3709 0.2174 0.1232 0.6908 0.2336 0.2885
0.8881 0.5578 0.6216 0.7613 0.4246 0.5231 0.5767 0.8676 0.7231 0.7372 0.4345 0.4378 0.5066
0.7538 0.3534 0.5005 0.6950 0.5354 0.1209 0.8396 0.5041 0.2937 0.3474 0.7599 0.4614 0.4559
0.3345 0.8283 0.5585 0.3453 0.2174 0.4584 0.4416 0.4255 0.6844 0.8003 0.3446 0.2399 0.8357
0.5616 0.7166 0.1790 0.3041 0.3730 0.4356 0.1883 0.7059 0.1387 0.5838 0.5012 0.1156 0.2042
0.1135 0.1055 0.7398 0.7415 0.6831 0.2879 0.1906 0.8905 0.8862 0.6874 0.7379 0.3539 0.3738
0.7573 0.3997 0.2628 0.8016 0.6120 0.2228 0.4980 0.2258 0.2358 0.8726 0.5415 0.2267 0.2105
0.2773 0.4599 0.7926 0.1638 0.8768 0.8876 0.6284 0.7283 0.3816 0.2519 0.2487 0.6747 0.4539
0.3476 0.7945 0.7987 0.3905 0.3920 0.5014 0.8203 0.5688 0.4549 0.5414 0.6072 0.3854 0.6808
0.1815 0.5833 0.1293 0.4823 0.4999 0.6077 0.5349 0.6296 0.6442 0.1954 0.1935 0.7464 0.6874
0.6163 0.6566 0.8557 0.3648 0.8942 0.4410 0.4834 0.5723 0.4112 0.3791 0.6319 0.7512 0.6694
0.2178 0.2952 0.4396 0.6241 0.2273 0.6163 0.8327 0.8312 0.8408 0.8795 0.6154 0.7906 0.2978
0.6648 0.5662 0.1160 0.3527 0.7366 0.1132 0.8775 0.5505 0.1576 0.8946 0.2660 0.2145 0.2187
0.7932 0.4007 0.1904 0.1105 0.1044 0.1662 0.8677 0.7217 0.1602 0.2249 0.2232 0.8265 0.1396
0.2697 0.7732 0.1406 0.3202 0.7708 0.1628 0.5789 0.6006 0.8896 0.1626 0.5181 0.6288 0.2775
0.4584 0.8881 0.6267 0.5478 0.5287 0.3069 0.1079 0.1503 0.1445 0.6254 0.1767 0.8116 0.2506
0.2635 0.2535 0.3259 0.7946 0.6839 0.5667 0.3476 0.6483 0.4396 0.5169 0.7353 0.8760 0.1142
0.2656 0.8159 0.6298 0.5967 0.6515 0.2607 0.7313 0.7646 0.1150 0.1622 0.2777 0.6819 0.2412
0.8532 0.3622 0.8706 0.4663 0.4608 0.1688 0.2605 0.7782 0.5484 0.8298 0.8170 0.8712 0.6124
