7 284 11
4641 5660
9909 2200
6332 3258
9146 8623
2383 3303
5888 5012
7951 3978
1043 4026
829 1392
4128 3818
4230 8773
5011 2461
9478 6353
1217 6580
9558 3218
8422 9033
824 576
9678 4547
2380 6944
8613 6803
9852 976
7493 6278
5574 6601
5111 7112
6007 229
6003 9556
7980 9802
8094 392
7703 2818
4702 8454
92 3497
9006 6749
6198 5513
9801 6473
7464 4747
5759 1411
7812 2292
933 7459
6271 9852
2530 9437
1191 5990
9631 3693
5 2006
7053 5270
7005 5770
9946 4261
2927 976
346 5085
3386 6363
4435 1755
3710 598
980 5409
6413 6489
8400 5964
1090 5447
1481 5969
5430 6586
2248 2745
510 5815
24 4544
6457 2251
8389 3297
1763 9329
7426 852
7834 3430
6459 8382
7719 174
1169 505
6129 5269
750 2282
7945 7749
1846 4323
94 1041
6184 2338
4285 8564
8066 9238
9952 8609
2659 708
6226 6949
9657 8508
2385 4596
7069 135
1582 226
7042 1657
3114 7686
5231 5397
6413 3167
2490 8238
5473 7058
7743 7333
2808 7485
3893 8210
4831 7640
6502 8541
6042 8553
5435 4215
33 927
9154 8127
276 9482
4067 8269
7025 4552
4568 8163
1666 7093
6689 2393
8393 6596
4241 7035
7666 4527
972 8836
2834 2651
4994 5110
6421 4277
9324 1692
7409 9524
1341 3276
3685 965
2736 5511
6981 6659
7656 7561
4036 4133
4372 988
1565 4099
9681 1693
9606 4388
6130 4008
3129 655
8311 3216
7424 6442
6372 6619
1670 6887
3807 1031
3941 8379
4831 261
7833 2933
3393 421
8222 1091
1429 9644
8658 7366
4977 8867
8386 8837
3265 9492
7584 8387
3957 1342
5363 6942
7648 2200
3834 4351
2857 160
1009 7543
8737 4712
5141 674
9749 9743
2069 393
4909 6760
5228 6994
8503 6527
2404 2880
1934 5120
4080 2290
9934 6932
5795 8316
6696 6989
6005 6519
3039 2565
4549 5800
5084 9402
7144 7991
8932 9561
5771 5501
3178 42
6610 7608
2011 6615
5451 534
3512 6007
7723 4210
3453 8090
3245 3539
7284 8399
1912 6272
579 2601
1928 6877
8080 5730
6947 7517
1506 752
9679 42
3641 4928
9857 2861
8704 9363
7451 7097
6421 3046
8094 3960
3881 3402
3434 2991
7195 7466
6988 7319
1446 235
1884 4869
5442 640
2538 3345
1811 6146
1343 7408
2 5927
5040 3401
7871 5638
1341 9891
3671 7149
5488 1170
6090 1858
9866 9445
2056 4255
3542 8406
2175 2079
8658 1766
9795 1960
6047 828
4902 4389
7313 1312
9184 2285
5630 9086
6244 2770
3922 262
7366 5628
1397 441
572 8797
5455 3761
2531 2144
7133 6873
2727 795
6503 5447
2236 5677
2606 5689
1938 854
6231 7739
8553 2826
6509 7832
116 6046
6553 9860
7087 5845
6700 1990
8029 3755
3005 6316
4736 9431
7915 20
1891 7603
414 4240
8365 9996
7738 5742
1793 91
2613 9259
7947 4538
894 2577
4323 2429
815 2194
4351 8270
9411 9370
3680 5186
7877 943
1326 8435
6845 5178
4423 3676
3521 2271
5965 7709
387 2237
9207 2673
6988 4697
992 2020
114 4099
2476 4663
238 5009
2577 5231
3825 2264
8231 7172
8 9263
4835 2699
5287 5283
9834 9614
3687 3724
1202 9724
4983 3940
1647 6132
9469 7106
2534 7789
8532 4238
9682 4065
1980 5860
8161 5606
7367 5907
6379 4748
4943 1009
6262 4071
6743 8457
1950 7906
7887 8794
0.6025 0.6353 0.1930 0.6766 0.3475 0.5413 0.2864
0.7334 0.7429 0.2750 0.3919 0.5672 0.5112 0.5505
0.1205 0.1889 0.1764 0.6680 0.3669 0.4202 0.5562
0.1889 0.3603 0.4787 0.2253 0.7922 0.6267 0.2225
0.2603 0.5047 0.4858 0.1471 0.6720 0.2159 0.8832
0.7103 0.4543 0.6113 0.6660 0.4051 0.3542 0.4953
0.8118 0.6043 0.3753 0.3240 0.7518 0.8975 0.5908
0.4970 0.8463 0.3027 0.2819 0.4969 0.7126 0.7741
0.2705 0.5716 0.3905 0.3536 0.2458 0.8201 0.7175
0.5242 0.8721 0.7070 0.1622 0.6623 0.1997 0.4219
0.4205 0.4401 0.5937 0.4840 0.8042 0.3548 0.4000
