20 306 66
3941 812
4859 8860
475 5159
2038 6194
9371 2469
5467 2906
2284 8093
3057 882
8720 7454
3743 1523
4435 7844
5953 3284
7052 9859
7346 8352
3868 5980
4058 582
6912 5499
7064 2642
4116 1708
3883 2870
4125 9576
7056 1171
5368 7239
8860 7898
8574 1131
7937 6334
9753 6901
4111 7098
4446 4706
2699 2512
1664 8937
7929 5232
3274 6945
9127 7635
9257 6659
7772 3890
9075 577
5380 4572
2250 4543
9129 7004
4684 4464
2224 2672
1106 3914
5020 4194
1467 1705
1384 4316
2009 2877
1597 3422
5762 2540
6637 5757
1903 1013
2648 4438
3453 3878
48 5690
1707 1711
5997 2893
7630 9905
5676 6604
7892 8450
3972 5334
3616 5764
2615 8630
1155 7970
2986 6282
2574 9459
8932 52
2555 174
9759 4073
405 7132
5395 2318
4697 7053
4126 988
8266 8787
6897 8634
17 5315
1765 7199
8268 6518
1297 9238
4952 6209
1909 5628
8503 7651
3272 4155
5319 273
1247 8025
8233 2800
6163 7939
3697 8987
4517 1424
4995 2569
9495 9638
2855 7011
9663 9536
3113 3920
4786 5710
8484 7391
7237 4491
6813 2722
8980 5109
1925 3688
5513 468
1908 2011
7959 4042
3040 597
1675 6007
5916 8777
5499 2014
2699 9077
4993 7270
6997 2009
5874 6624
5530 9199
9455 269
2174 4270
6135 8078
3037 3800
3478 9843
5241 685
9024 3653
987 7358
835 4465
6325 9408
4085 7471
9805 5798
6737 5048
3672 2425
4248 6941
7593 5547
8348 8671
2291 7253
9772 6346
7219 4815
599 2317
9703 3816
8704 3231
8901 9820
649 3110
7892 1549
3431 1698
8516 2163
8282 1183
9005 8337
7413 9007
3217 938
9280 8126
525 255
4713 3271
4869 3963
925 2157
5630 5960
1710 9125
6302 723
5601 1073
8255 9830
9637 3187
135 4202
9323 6990
3639 1388
787 5728
907 4318
806 6304
156 2053
3187 6378
2944 2390
1128 1641
9769 7512
3713 2731
6090 647
6713 987
8705 7117
5129 5255
7745 7435
140 3106
9898 7991
5727 5250
2262 5153
3921 1052
6864 9168
6887 8055
4914 4899
6649 7856
8474 1215
426 9149
2824 8499
5773 995
6659 6862
8514 3139
7336 6380
2965 7939
9210 4714
7995 9981
7485 3482
2241 9761
9119 8208
3945 7087
2027 134
7759 1328
1741 3535
7075 9219
4488 8615
4333 6084
1805 9471
2276 3814
2415 3683
7053 433
2525 1243
870 1306
9712 3102
273 609
1591 6571
5599 9527
5326 9535
9493 9035
9435 6041
8989 5572
6223 4402
3833 2013
6852 4873
2819 312
2613 3343
7855 9491
81 1542
2896 6581
158 6459
2799 1651
5931 5829
5005 1888
9174 2123
5103 1318
6154 4904
9644 5152
1812 8272
4835 3227
6411 1229
9235 2338
6626 5978
8131 5506
2276 3461
4387 1684
6748 8478
2737 1845
5269 7669
6245 9469
6682 3318
8128 2946
41 6071
7838 9271
4239 7468
8463 4191
9217 4940
276 8458
7667 437
7754 3465
1801 702
7969 6897
9651 8712
2934 6402
9428 9315
5489 1201
9974 4295
800 5905
3056 8487
6750 1094
3692 5973
3662 263
4774 2972
2827 3836
9798 1013
7629 5327
734 2358
1311 6111
4960 7120
1942 445
1613 5662
5765 7371
8100 385
830 8559
6919 6282
3655 975
4362 7477
2565 5043
5234 5520
6809 6531
7813 6340
9389 8796
6217 2377
7426 5237
450 2766
8754 8050
4013 1848
1578 4346
8050 4821
7107 6696
655 5938
6077 9997
5141 5401
6847 7854
1287 1721
1808 1794
8150 3754
2755 3186
9358 3401
812 4871
7728 561
7888 6006
7832 3993
7688 9542
3672 839
8423 2250
6536 7270
8093 7481
4441 425
82 5181
694 1028
6844 3747
1496 9077
8290 5471
501 6631
3800 4677
6071 1062
6075 6562
4131 1246
6506 6871
1100 4710
7392 2644
9928 5652
3891 5550
0.3861 0.4220 0.7885 0.7504 0.3451 0.8702 0.2528 0.2174 0.6988 0.4189 0.8757 0.6764 0.2064 0.3835 0.6436 0.7959 0.2507 0.2504 0.4034 0.6652
0.1992 0.2671 0.6808 0.8565 0.2182 0.4653 0.4818 0.4282 0.1910 0.5177 0.1228 0.2427 0.6226 0.7905 0.8521 0.4635 0.6236 0.3853 0.3517 0.5305
0.3831 0.2517 0.8683 0.4921 0.7352 0.2167 0.4548 0.7509 0.1717 0.6031 0.2137 0.8649 0.7607 0.5845 0.3887 0.8163 0.7147 0.4428 0.5638 0.1603
0.1086 0.3791 0.7150 0.8409 0.5477 0.8678 0.2084 0.5968 0.4910 0.1393 0.2266 0.5879 0.8258 0.7245 0.4481 0.3355 0.2060 0.6860 0.6826 0.6097
0.1788 0.7336 0.2126 0.3255 0.4357 0.7697 0.1029 0.8542 0.2107 0.2559 0.1989 0.2086 0.7863 0.8964 0.6677 0.6426 0.7135 0.6254 0.8647 0.1854
0.6066 0.7682 0.1986 0.2447 0.3674 0.1272 0.3669 0.6850 0.4745 0.5762 0.5806 0.5330 0.5925 0.7275 0.8679 0.3654 0.1845 0.8300 0.2692 0.1436
0.3561 0.1641 0.2696 0.2023 0.1604 0.4183 0.4212 0.1516 0.2259 0.8344 0.5607 0.7433 0.7654 0.4336 0.6727 0.2785 0.6519 0.8411 0.7456 0.2802
0.5267 0.6089 0.1387 0.7953 0.2474 0.8335 0.6817 0.4973 0.7532 0.3874 0.5942 0.6742 0.7159 0.1058 0.3033 0.8769 0.5498 0.5754 0.7087 0.1312
0.3308 0.4843 0.2955 0.5214 0.6893 0.1578 0.2027 0.5586 0.7823 0.8392 0.8101 0.4690 0.4295 0.3693 0.8242 0.3014 0.7752 0.2542 0.5265 0.3014
0.2867 0.5038 0.7255 0.4360 0.6914 0.5198 0.2943 0.8791 0.7664 0.2724 0.7839 0.2015 0.1669 0.5652 0.4036 0.1968 0.2885 0.5524 0.6914 0.1605
0.7522 0.5277 0.6972 0.5955 0.3737 0.6644 0.6050 0.6452 0.1774 0.1416 0.6970 0.6650 0.3697 0.3401 0.2441 0.8898 0.3057 0.2178 0.1167 0.7564
0.2200 0.4778 0.3067 0.7739 0.7400 0.3099 0.5642 0.6486 0.2774 0.4946 0.8259 0.6708 0.5682 0.1307 0.4518 0.3750 0.5318 0.1752 0.1390 0.3175
0.8645 0.7752 0.8032 0.4202 0.8888 0.6797 0.7098 0.1751 0.2545 0.2259 0.2200 0.1053 0.2614 0.3512 0.8312 0.1488 0.4168 0.6909 0.5606 0.3887
0.2310 0.2679 0.6762 0.1961 0.3677 0.1206 0.3851 0.6692 0.4133 0.5140 0.7541 0.5836 0.6075 0.4357 0.2502 0.1230 0.3890 0.1428 0.5420 0.3784
0.4727 0.7133 0.6959 0.1677 0.1280 0.6625 0.4780 0.2992 0.7280 0.3710 0.7247 0.1476 0.2296 0.7495 0.6025 0.7031 0.1210 0.7955 0.3648 0.4303
0.1099 0.6894 0.6812 0.2577 0.3766 0.3413 0.5011 0.6831 0.6080 0.5625 0.7688 0.8911 0.7889 0.8432 0.1564 0.1902 0.2928 0.3606 0.6350 0.4781
0.2690 0.2084 0.4605 0.4615 0.5316 0.1923 0.4960 0.8743 0.5158 0.1857 0.2980 0.3914 0.2362 0.1227 0.7110 0.4206 0.6556 0.2325 0.4696 0.5329
0.2827 0.7934 0.5784 0.3594 0.6478 0.8745 0.7580 0.6116 0.4359 0.2670 0.5034 0.2477 0.8779 0.8113 0.1107 0.6889 0.1233 0.7208 0.7906 0.1215
0.4160 0.7150 0.3201 0.2526 0.1984 0.1314 0.6975 0.2042 0.1155 0.7651 0.3799 0.8765 0.6931 0.7380 0.6880 0.3552 0.8572 0.4978 0.5585 0.8594
0.7275 0.2015 0.7054 0.5146 0.1904 0.6949 0.5003 0.3904 0.2755 0.1758 0.6368 0.2380 0.7181 0.3422 0.3270 0.1172 0.2693 0.4275 0.2765 0.6144
0.6401 0.3797 0.8037 0.4174 0.3057 0.8322 0.4200 0.8323 0.4168 0.2915 0.1359 0.4179 0.3363 0.8852 0.8438 0.1167 0.2359 0.4855 0.7384 0.2911
0.3931 0.1169 0.3976 0.3076 0.6552 0.8093 0.5412 0.5493 0.2940 0.8208 0.8902 0.7211 0.2207 0.1477 0.3335 0.1183 0.7273 0.2274 0.2154 0.3723
0.5774 0.3519 0.4527 0.6129 0.3622 0.3719 0.3381 0.7602 0.4761 0.1227 0.5945 0.5307 0.2925 0.4933 0.6743 0.2803 0.8382 0.1084 0.6592 0.3383
0.3605 0.6095 0.4299 0.3088 0.7478 0.2438 0.1702 0.1120 0.4288 0.4095 0.7530 0.7720 0.3984 0.4452 0.1865 0.2079 0.5375 0.4982 0.2404 0.6385
0.7367 0.1916 0.2036 0.4443 0.8994 0.2578 0.2088 0.5501 0.7922 0.4911 0.6066 0.2746 0.5344 0.2094 0.5163 0.5746 0.4621 0.1579 0.6271 0.3989
0.4905 0.1619 0.1858 0.8049 0.8087 0.4009 0.8878 0.8982 0.3119 0.8935 0.7791 0.6948 0.6338 0.3583 0.2382 0.3752 0.6417 0.5971 0.4447 0.1211
0.2753 0.7755 0.1831 0.7844 0.3199 0.5536 0.4931 0.6066 0.4235 0.7599 0.7118 0.3748 0.4411 0.7790 0.2821 0.4283 0.1803 0.7697 0.7150 0.1189
0.7035 0.7026 0.8109 0.3545 0.5460 0.4381 0.6346 0.7140 0.8969 0.2415 0.2811 0.5795 0.2899 0.5449 0.5873 0.3346 0.2762 0.5854 0.7326 0.3294
0.5424 0.7227 0.5750 0.6376 0.1513 0.3010 0.4772 0.8064 0.2825 0.4799 0.7689 0.5792 0.6251 0.2343 0.2133 0.5832 0.6333 0.3307 0.4013 0.2206
0.6667 0.2261 0.4666 0.3334 0.2520 0.8754 0.6375 0.8127 0.2468 0.4439 0.3585 0.5423 0.8585 0.5075 0.8536 0.2413 0.3349 0.4458 0.3560 0.5791
0.8764 0.1688 0.7153 0.2051 0.1110 0.2152 0.1860 0.8655 0.4689 0.6008 0.3600 0.8588 0.2987 0.7087 0.6282 0.5689 0.8408 0.5093 0.3054 0.5373
0.8289 0.3601 0.5292 0.1664 0.1370 0.4292 0.3754 0.3389 0.7202 0.4014 0.7775 0.4732 0.7644 0.1149 0.4736 0.2904 0.2229 0.5263 0.1808 0.4554
0.2533 0.5646 0.8483 0.1080 0.3434 0.6712 0.8656 0.3724 0.1419 0.6937 0.1635 0.1961 0.6381 0.5600 0.7471 0.8945 0.5083 0.8904 0.7576 0.4242
0.8539 0.3317 0.5907 0.7850 0.1479 0.2169 0.8797 0.2597 0.6622 0.3599 0.5966 0.4028 0.5981 0.5809 0.1990 0.2262 0.1027 0.7140 0.1154 0.7047
0.6622 0.5518 0.8008 0.2816 0.4018 0.1863 0.7426 0.3615 0.5562 0.4305 0.3955 0.4602 0.2138 0.7962 0.3793 0.2228 0.2196 0.1685 0.5856 0.2057
0.2063 0.8964 0.5459 0.5304 0.5252 0.7214 0.5641 0.2982 0.4857 0.1026 0.4576 0.4640 0.1045 0.1328 0.5320 0.1032 0.2268 0.1473 0.2018 0.3998
0.3451 0.1045 0.8506 0.2124 0.7088 0.4087 0.5318 0.5101 0.4248 0.7793 0.8850 0.3155 0.3437 0.1541 0.6303 0.3534 0.4752 0.3424 0.7038 0.8612
0.1524 0.6347 0.2748 0.7793 0.2841 0.5956 0.3193 0.5938 0.7990 0.2382 0.4256 0.8258 0.2755 0.4113 0.7566 0.1023 0.3470 0.5559 0.4322 0.7245
0.3411 0.7281 0.3214 0.4829 0.4448 0.2485 0.6365 0.1295 0.1412 0.8686 0.3994 0.5650 0.2836 0.1145 0.8312 0.3834 0.3491 0.3543 0.3917 0.4364
0.6695 0.4385 0.4161 0.5631 0.2079 0.5078 0.1812 0.7377 0.4851 0.8260 0.6020 0.7193 0.2018 0.2136 0.7331 0.7909 0.6175 0.1236 0.6404 0.5027
0.6245 0.1488 0.1502 0.7007 0.1711 0.1356 0.7272 0.1103 0.5450 0.5318 0.3365 0.3956 0.4434 0.7269 0.6079 0.7251 0.6072 0.3391 0.7108 0.2275
0.5410 0.4284 0.6984 0.5432 0.7190 0.5230 0.1816 0.1710 0.5230 0.2810 0.3202 0.1625 0.6717 0.8133 0.3694 0.2892 0.2642 0.8530 0.4377 0.6500
0.3135 0.4769 0.1741 0.6886 0.2219 0.4115 0.6545 0.7098 0.7836 0.6979 0.5716 0.2244 0.7986 0.6848 0.8737 0.2695 0.7640 0.3249 0.4582 0.2656
0.7635 0.6228 0.2888 0.4098 0.4201 0.8282 0.8142 0.8422 0.2451 0.2151 0.7476 0.1145 0.5119 0.5007 0.1375 0.7782 0.6507 0.7713 0.5400 0.1492
0.2714 0.7498 0.4098 0.7441 0.7586 0.1605 0.4448 0.1944 0.2019 0.3034 0.7520 0.8874 0.4337 0.4140 0.7200 0.7531 0.7685 0.1204 0.8448 0.2072
0.1744 0.5791 0.2598 0.3471 0.7637 0.1948 0.5386 0.4763 0.8647 0.5952 0.4630 0.1658 0.4736 0.3042 0.8383 0.5652 0.8875 0.2122 0.3814 0.1956
0.8073 0.3654 0.8247 0.5122 0.4103 0.5894 0.2615 0.6955 0.3787 0.8110 0.7222 0.6105 0.4280 0.5966 0.1073 0.6326 0.6786 0.1793 0.6072 0.5312
0.7045 0.4659 0.5635 0.5318 0.3533 0.7209 0.8317 0.7446 0.8724 0.1665 0.2717 0.7208 0.3564 0.6108 0.2077 0.6126 0.4161 0.1981 0.8122 0.4609
0.1253 0.5462 0.4287 0.2666 0.1500 0.6113 0.8202 0.6040 0.1527 0.6311 0.6513 0.5431 0.5486 0.8087 0.3603 0.8813 0.7400 0.6981 0.7709 0.2348
0.6858 0.3113 0.3041 0.4528 0.2722 0.8930 0.4497 0.7411 0.7547 0.7283 0.2576 0.2556 0.1525 0.6748 0.2011 0.8754 0.7187 0.4210 0.3926 0.2775
0.8661 0.3542 0.3864 0.5952 0.4713 0.2643 0.4018 0.1305 0.8920 0.1711 0.4528 0.3931 0.6487 0.4443 0.2938 0.5786 0.2511 0.3331 0.4338 0.2581
0.1790 0.1152 0.2716 0.6780 0.3892 0.5650 0.5266 0.3782 0.3963 0.1278 0.8944 0.5464 0.6007 0.3256 0.8368 0.2061 0.3140 0.6678 0.1066 0.7762
0.8196 0.3398 0.1904 0.8208 0.6164 0.5245 0.4426 0.5364 0.2163 0.4341 0.7341 0.3815 0.6898 0.5643 0.4176 0.7531 0.2177 0.2155 0.1748 0.4330
0.6811 0.2190 0.8330 0.3662 0.8077 0.3624 0.7044 0.6215 0.8981 0.6554 0.7810 0.4253 0.1132 0.3900 0.4993 0.3531 0.6440 0.2646 0.5134 0.2930
0.2154 0.8030 0.7054 0.4180 0.2648 0.7445 0.6346 0.2759 0.7370 0.2865 0.6555 0.6891 0.2414 0.7014 0.1007 0.5809 0.2830 0.5220 0.1661 0.7991
0.2487 0.3062 0.6553 0.5041 0.4744 0.8817 0.3556 0.2035 0.6837 0.5107 0.3495 0.5644 0.8842 0.2528 0.4526 0.7431 0.3202 0.3495 0.7870 0.3072
0.1047 0.6796 0.7536 0.7225 0.1415 0.3172 0.3699 0.3974 0.5048 0.8730 0.5915 0.2003 0.2682 0.8060 0.8870 0.4321 0.1875 0.3830 0.1363 0.1486
0.8595 0.5626 0.5406 0.6867 0.1199 0.3226 0.8841 0.8299 0.8768 0.7046 0.5907 0.2571 0.5288 0.8146 0.7810 0.2896 0.8930 0.4788 0.6760 0.2165
0.6195 0.8163 0.8744 0.8906 0.3953 0.6783 0.3601 0.2328 0.7701 0.7104 0.1888 0.3580 0.3637 0.1086 0.4528 0.5935 0.4804 0.8618 0.2410 0.8429
0.1113 0.2811 0.7616 0.3813 0.8580 0.4978 0.6486 0.7580 0.3029 0.4182 0.5566 0.4850 0.3051 0.5842 0.1418 0.8428 0.1018 0.6102 0.8005 0.8240
0.3680 0.7032 0.1466 0.2712 0.4407 0.7226 0.4519 0.2536 0.6511 0.7414 0.8181 0.2625 0.2578 0.5816 0.7828 0.2015 0.3193 0.4382 0.6842 0.4022
0.5973 0.6172 0.4036 0.8046 0.2263 0.2882 0.5842 0.7997 0.8347 0.7463 0.4044 0.1523 0.5374 0.2755 0.5473 0.8086 0.6315 0.1823 0.8784 0.7234
0.7398 0.6708 0.3726 0.4148 0.6802 0.6021 0.6874 0.5752 0.6098 0.3232 0.6632 0.7628 0.4319 0.7039 0.2616 0.8302 0.5640 0.8343 0.1505 0.6981
0.8493 0.5990 0.5906 0.6788 0.5387 0.7820 0.2031 0.7967 0.6289 0.3451 0.4128 0.4187 0.8276 0.7168 0.6896 0.4677 0.2788 0.1168 0.3938 0.4675
0.1926 0.5875 0.8402 0.1061 0.7386 0.7322 0.8188 0.2211 0.3256 0.8635 0.2755 0.5297 0.7027 0.5806 0.5673 0.3188 0.4679 0.3255 0.8898 0.1350
0.8016 0.5622 0.2157 0.2386 0.6126 0.2068 0.1121 0.5812 0.1188 0.5712 0.7740 0.5145 0.6051 0.6145 0.7467 0.8321 0.7386 0.5039 0.4629 0.7978
