15 387 32
452 3912
3704 1827
5049 3603
3075 7412
4504 2507
9177 9063
104 3193
4828 956
2296 7398
2093 9981
2970 8462
5419 666
3865 9033
7658 3851
7945 4451
2605 1425
2042 8410
3946 113
1290 4515
1830 3645
2567 9048
5418 3257
9538 1439
585 1766
8871 4890
9096 9791
2396 5576
4515 544
6442 1862
7610 2721
4263 2277
4724 738
8995 4746
5438 1325
7357 5588
513 3063
8926 9744
4912 6127
832 6555
4048 1072
7568 7061
4837 4510
8414 38
6449 8049
5814 9741
7238 9745
5423 2520
3547 3376
9874 578
6113 1016
8073 4501
4221 6825
8381 7806
1639 3976
2685 9204
7626 803
8803 4234
5734 8517
3351 5135
9041 6006
297 132
2184 9325
1546 4365
1343 6137
3369 7459
5176 8837
2035 9140
7213 1759
1291 867
8336 2816
5365 9159
6691 2209
6447 8741
3116 5996
6208 8806
5768 5649
2149 8967
8330 3289
9176 5331
6175 6041
8399 5658
1020 9598
9298 583
7274 1032
3308 1747
4474 732
3142 1439
5502 7873
8379 2371
4083 8888
4063 7460
444 9576
3886 6142
7357 4612
3700 133
1913 9305
9326 693
3048 8627
9081 2900
1927 414
8711 8850
5085 418
3316 4188
3064 9155
9929 5269
3961 4412
1104 6126
989 5186
796 8084
7463 989
3850 1409
7257 2332
2349 7177
3698 7308
8190 7763
1518 6468
9005 5033
9843 1895
8852 6025
1153 8084
6468 3594
4387 6939
1953 5263
3259 5252
8992 8708
6895 8449
7696 6552
7554 8288
1452 9873
7926 6695
4858 8744
9434 8827
851 1357
9577 8977
5837 321
6768 8880
7638 4281
8381 8740
7848 7385
925 9843
7510 3401
160 6015
7187 7520
8678 3793
4729 1827
1302 3102
9625 5400
9252 3282
6076 8184
8977 6620
1154 289
5466 5838
5012 7145
9578 1265
2851 7352
2587 9997
1342 7764
2928 3987
6536 9995
1974 8696
8493 2697
2333 5794
7710 548
4278 3301
5677 2779
9528 9875
1514 4958
158 9456
9520 3539
4385 4608
8230 5880
5212 2808
3880 9935
6886 4995
2750 2616
9984 1038
7687 9039
9310 3036
8580 9052
3825 7946
2126 2532
8440 6621
2272 6731
5276 6887
7040 2654
9 645
4842 4275
8716 2631
6028 7812
3926 8057
9536 8204
6967 658
5298 3821
1178 7173
7759 3817
8625 6974
9462 6401
6491 135
9090 2005
9922 6766
5081 5930
7814 8030
1806 8978
1171 1518
9323 9167
1060 1331
5590 556
5554 7542
5594 5563
7604 1763
522 6829
2582 2485
9588 4636
6341 20
2430 8338
305 5302
66 4236
6547 4510
6526 1270
2482 3110
4500 7996
6806 1585
5450 3930
6071 3092
9692 9474
818 737
7955 4853
9275 7844
814 5241
6083 5833
8196 7293
1743 1637
5187 7933
2681 6770
7385 4273
5467 6565
1917 4891
3794 5087
3589 903
7872 8653
1189 2606
6632 9703
6900 3564
9990 9441
5604 1995
7098 1634
3693 8528
4809 7767
1056 2254
4951 5418
4141 1700
501 6129
2592 8309
617 5610
9113 5754
7732 4918
7681 6209
7058 4768
7941 9659
507 4388
6745 4053
477 4612
9999 1222
2751 2352
8988 678
1479 1484
8534 3118
6891 1134
3461 2730
7342 7554
9529 3353
1027 4276
4951 2177
2230 2232
2926 4234
4837 5305
5006 7389
9342 9763
9657 5042
211 1473
8309 1385
5247 1247
8057 7403
2333 628
2804 4758
2186 2687
8589 3745
7468 2658
8910 2855
2477 6929
1766 8144
7266 3502
3049 5801
4149 2486
8559 2982
7335 5314
1331 7111
1450 8753
8199 650
1370 1379
5317 7864
635 812
5443 6725
4540 2906
9937 2921
9817 6038
1494 5178
3016 6887
1172 9395
8991 4300
1156 568
2604 6386
4573 9779
1073 7450
8336 5393
9162 4633
2532 4992
3930 9484
7092 8718
5210 492
6204 5825
4734 2333
2447 6354
5610 9305
7617 2843
9346 7079
2819 2951
3992 2174
2464 4253
3941 4627
2634 8076
363 8706
8646 7249
5237 3209
3852 3360
6536 3967
9050 3682
9159 1869
4674 4571
593 9269
1476 7663
1159 6654
7183 3840
3828 6632
8000 5234
4674 8745
8303 7907
1936 7214
3822 5270
9293 7716
2343 9326
7799 4073
8422 9041
6847 3335
6593 3232
6680 1546
3228 5539
1496 9751
555 7533
4188 5505
2638 451
4710 53
1174 9530
1160 1139
8618 9511
1681 7032
5309 5108
9623 615
6371 9813
8497 8692
2673 8540
4681 4097
6276 590
1196 9135
1705 8983
2640 9555
8291 8619
3894 2982
1730 2475
2244 5461
791 2939
6490 606
6724 3188
4633 1145
1301 3739
3751 3956
8036 5127
2083 1222
3506 9147
9830 7289
511 849
9113 7485
3797 4821
1302 8874
6395 8857
4651 8937
3431 3266
2873 6252
2377 5447
8284 2951
5404 8834
7160 2675
0.6036 0.7533 0.5381 0.6851 0.1641 0.2442 0.5754 0.5898 0.3011 0.7749 0.1406 0.4878 0.4336 0.3578 0.1853
0.8206 0.8520 0.7142 0.2403 0.1302 0.4380 0.2269 0.1020 0.4411 0.5830 0.7502 0.8190 0.2957 0.6368 0.6770
0.5113 0.5184 0.7574 0.8043 0.2601 0.4951 0.7307 0.1064 0.4033 0.1337 0.6497 0.8884 0.5759 0.1705 0.5193
0.3786 0.8858 0.8449 0.2674 0.3790 0.6922 0.1997 0.8450 0.7996 0.6607 0.1294 0.5012 0.3437 0.1585 0.4578
0.8054 0.4843 0.2911 0.4489 0.7811 0.8300 0.5465 0.1361 0.8661 0.3385 0.4643 0.2063 0.1221 0.8344 0.1248
0.7116 0.1994 0.7178 0.4526 0.2682 0.1340 0.6692 0.7896 0.3390 0.1161 0.7157 0.2106 0.6040 0.4730 0.3377
0.2257 0.6278 0.8859 0.3734 0.2294 0.1029 0.2028 0.4011 0.4197 0.4267 0.8354 0.5497 0.2187 0.4043 0.5878
0.3768 0.1695 0.3732 0.5383 0.1348 0.5231 0.2676 0.7276 0.6038 0.4551 0.1978 0.3247 0.5886 0.8486 0.3000
0.2259 0.8061 0.5778 0.8173 0.7740 0.6710 0.3615 0.4080 0.3882 0.6266 0.4890 0.6194 0.1028 0.6283 0.4602
0.7709 0.1802 0.1476 0.8354 0.5606 0.6851 0.5101 0.3263 0.7176 0.7451 0.5730 0.3780 0.2947 0.7982 0.7535
0.6436 0.7397 0.4872 0.6253 0.5104 0.1671 0.8437 0.4961 0.6447 0.2905 0.4498 0.5110 0.1927 0.3269 0.6604
0.7283 0.8516 0.2280 0.3713 0.7118 0.3659 0.7334 0.6054 0.6354 0.4789 0.8214 0.2315 0.1470 0.1159 0.5641
0.7011 0.4147 0.2690 0.4689 0.4833 0.7489 0.7244 0.6576 0.3888 0.7725 0.6286 0.8395 0.1411 0.2142 0.1447
0.4459 0.1717 0.6613 0.8619 0.3101 0.6089 0.8462 0.3909 0.4817 0.4081 0.4601 0.1323 0.6080 0.6399 0.1798
0.2328 0.2671 0.6569 0.1079 0.7932 0.5461 0.2336 0.2553 0.4096 0.7006 0.5983 0.2218 0.5831 0.1988 0.4272
0.3172 0.7776 0.4217 0.4230 0.6710 0.2020 0.8586 0.6419 0.3568 0.7987 0.4534 0.7898 0.6414 0.2607 0.2892
0.3653 0.2677 0.6176 0.3712 0.6934 0.1688 0.2255 0.5628 0.5531 0.4267 0.6768 0.1363 0.5252 0.7041 0.1401
0.3906 0.3484 0.8927 0.6980 0.8310 0.7986 0.1793 0.1826 0.6115 0.5793 0.5781 0.6332 0.4598 0.1416 0.3544
0.8948 0.4171 0.4864 0.7646 0.8716 0.7880 0.6965 0.3627 0.7953 0.2910 0.5089 0.3557 0.5212 0.1691 0.4573
0.3144 0.4277 0.5227 0.1478 0.3383 0.8480 0.7747 0.7537 0.6487 0.8076 0.5763 0.5331 0.2682 0.3432 0.3028
0.2615 0.2138 0.7569 0.5460 0.3878 0.6419 0.7599 0.1037 0.3217 0.7450 0.8943 0.2785 0.8655 0.2141 0.1242
0.6213 0.5257 0.5187 0.1529 0.2415 0.8729 0.7491 0.7653 0.2909 0.5199 0.1044 0.3811 0.4345 0.6088 0.1026
0.6082 0.2432 0.1029 0.7260 0.1549 0.2808 0.8359 0.7793 0.8098 0.7678 0.6385 0.3636 0.2465 0.8176 0.7291
0.2062 0.5184 0.3043 0.7418 0.1598 0.7859 0.7290 0.4249 0.5608 0.3517 0.2490 0.8495 0.1676 0.7455 0.3438
0.1493 0.1246 0.1339 0.2292 0.1841 0.3655 0.2559 0.6688 0.4596 0.6340 0.3707 0.8092 0.1912 0.7211 0.4241
0.1039 0.5711 0.8954 0.1303 0.4245 0.3402 0.6556 0.5158 0.3653 0.7065 0.7203 0.2786 0.2389 0.6331 0.7333
0.5503 0.4459 0.4105 0.6374 0.2745 0.8703 0.3416 0.1171 0.7842 0.2793 0.6560 0.2243 0.6553 0.7900 0.8141
0.3292 0.7868 0.3136 0.2524 0.3955 0.2636 0.2952 0.5289 0.3080 0.2557 0.2772 0.8445 0.7145 0.3127 0.8449
0.6736 0.6631 0.6688 0.1124 0.2641 0.8478 0.1473 0.4353 0.7084 0.2398 0.5262 0.2973 0.4026 0.7433 0.3824
0.3784 0.5430 0.7230 0.4628 0.1671 0.6449 0.5495 0.3222 0.2783 0.7454 0.4152 0.2456 0.8050 0.3780 0.4922
0.3417 0.2475 0.6563 0.5916 0.5461 0.6223 0.3621 0.2130 0.3059 0.4835 0.7827 0.5707 0.8273 0.5795 0.1137
0.1188 0.1368 0.3999 0.1681 0.2888 0.3975 0.2155 0.5057 0.3988 0.1824 0.4453 0.4950 0.2064 0.7428 0.6778
