6 168 8
4617 8585
4879 6394
8343 4681
5999 4482
9401 6640
560 8165
8819 6014
2248 4819
903 2757
2948 3112
2817 613
4755 5045
7605 8341
2914 43
1938 3856
3644 1247
1560 5377
4649 2491
2785 768
3993 3970
332 8683
9678 7463
3202 4847
7501 4148
4655 3029
1648 6345
5411 8134
4933 488
687 8711
6343 8992
2072 4364
3749 3864
8959 7333
5749 6830
2403 7912
5768 5980
7948 8802
5914 5994
9201 857
6340 9625
1497 8568
8753 6565
9552 640
2080 9866
4290 8151
2016 218
1644 2359
4429 8588
6118 8304
1154 9621
4891 9850
9232 8847
244 4277
4383 7700
1326 7798
4304 4979
163 2931
849 6408
6596 1791
4750 1453
8660 3844
3173 6038
4138 4727
9925 6451
5178 3639
8329 3656
1466 1583
6271 9452
5409 2153
5465 2639
8552 7491
1731 6913
7578 9567
2159 8794
22 4028
6282 2187
9021 4518
7437 3873
9322 7540
1957 8053
1230 4493
2699 7360
6523 4620
3409 3116
6690 6673
5682 6702
2252 1217
2952 8017
382 9391
1347 2837
9952 7637
9070 7155
4844 7696
5779 5150
1066 8846
2003 7831
2145 6031
9801 6694
6153 1610
1493 7265
8581 8208
2627 652
3411 9945
477 3747
4690 6701
8794 1259
774 420
82 9594
5879 1268
4292 745
926 9499
9263 9968
1345 4468
2463 3150
3585 7806
1933 2349
367 9501
2821 1591
4061 7950
1855 8579
2913 5410
2391 3693
8821 2410
2608 7100
5642 3882
4460 6287
4676 7015
2550 7577
2193 7284
2936 9673
5908 9269
6827 1688
7514 3118
9394 5055
9427 5428
6393 1724
3350 7368
7661 672
7189 4946
2493 3562
3932 5171
2049 664
9274 249
3764 9927
7022 8140
6866 2732
8767 8451
3260 4422
7259 8382
5847 7945
5064 2922
5602 1989
3678 6525
5758 429
7866 7900
3007 4467
2386 6522
5464 946
4040 5961
1453 4040
3263 6444
944 3417
725 9472
1064 702
7448 5149
7491 791
7546 534
1025 8043
8565 3200
6698 8104
6209 1917
7008 3684
3556 5767
4371 4755
0.6296 0.1606 0.2490 0.1346 0.1928 0.1549
0.7860 0.4722 0.2255 0.5406 0.8692 0.3800
0.2354 0.1445 0.4964 0.8690 0.5574 0.8845
0.4964 0.2210 0.1571 0.3060 0.2280 0.3604
0.5197 0.2256 0.4407 0.7375 0.2941 0.5953
0.1661 0.8531 0.1288 0.5784 0.8766 0.4931
0.1047 0.8838 0.7512 0.2843 0.1034 0.7846
0.8602 0.2106 0.1955 0.1483 0.4628 0.6725
