7 310 17
9325 9311
2208 5797
8464 5727
2216 5008
4286 7226
3900 6397
1847 4945
5106 7508
2010 6825
9997 1910
3921 3532
1650 283
5301 8126
4739 4379
7123 1287
3552 5971
8316 7787
3589 1802
284 6039
7350 6783
1959 9403
3486 1856
5507 1688
2171 2054
2142 3097
3495 2939
2693 692
8955 2490
7523 8871
8701 2854
9567 3756
9875 6878
5627 2584
1279 3905
5707 8226
7476 6999
1073 716
8643 8702
5076 8327
6531 2379
4259 7830
2169 9699
652 3711
5101 3588
9341 7199
8391 3704
7538 7452
3344 7533
6625 1335
7131 7697
7429 3670
2069 1005
6359 9039
1282 967
4090 6469
9607 2711
8108 1472
4103 6644
7937 3040
3564 8141
9874 5674
2395 8255
7601 4499
9877 629
3072 7751
3790 1519
937 4829
2709 4231
3780 5440
135 4864
4158 7828
9998 792
1221 2736
2710 5688
9820 3979
4865 8879
7872 6086
764 5273
146 945
1440 7252
9454 7934
4786 2423
6073 9736
8952 1077
9788 2672
5447 9952
1369 4532
3527 9520
6065 4314
2712 2752
5030 5950
7493 8289
6532 8479
1806 1342
8494 1945
5304 5938
7256 4436
3752 4985
8981 27
8492 5177
1211 7079
6887 5106
8106 8214
4274 7644
7592 7240
8257 1223
2512 5331
1369 3415
734 2364
6253 2640
8401 8446
1055 7498
7880 1827
1410 4748
489 1005
1264 5039
8819 3734
3456 3500
958 810
1582 6727
7835 7657
7081 6903
7869 9399
5711 9144
6092 7072
2536 7919
3409 6616
1799 6888
7350 6217
6665 3086
1239 4592
1589 5047
1210 2844
3235 138
1142 6278
1917 5885
4853 5142
2763 3985
3467 6701
8278 4329
1237 2509
5137 6916
2794 104
3171 1195
8790 1677
7716 2008
6063 1679
4736 7407
4594 4361
202 4366
8594 6182
4571 7733
5676 3392
8193 6980
1209 7768
3653 3969
7062 1179
7979 9786
7616 2942
9356 7034
8699 7707
3085 1747
7229 4641
1684 854
8860 8173
8531 8125
375 5631
6944 179
7395 4949
8148 9236
1936 3820
933 5684
1072 9322
8294 8686
820 6752
2278 3076
7815 8541
2015 7582
3632 1066
1744 1582
7768 3672
4731 6921
967 2336
4629 2528
3300 1969
5380 5349
5662 174
9143 6989
882 6940
8826 5196
6769 6773
6644 4936
6773 585
587 2869
6768 1719
1759 7617
893 8568
6305 9221
8420 4050
3661 2896
4123 7925
4116 144
6333 1411
3738 7440
7002 5317
9801 256
1116 4788
3581 5614
6995 4273
8173 8641
1553 8789
5406 6027
9670 4719
8376 1514
7854 7070
1704 9352
7090 2496
4456 5016
8481 7717
3161 7177
6781 4005
7251 6854
8020 3137
2988 7310
247 3196
8043 2858
8934 845
4849 1143
9151 1778
1325 679
1141 5195
781 1944
9437 9622
1713 3384
3527 7358
956 2623
3865 7953
1983 6013
3689 8545
6609 8410
8184 4710
8060 1864
5023 8709
1061 7700
9041 3328
3253 3513
4665 9346
8940 9956
8469 8281
6958 918
3810 2972
659 4572
9730 5947
7709 7167
1911 4516
4417 749
3481 4760
2229 9518
7053 7102
5112 431
5497 1461
6000 2515
2744 8839
4890 892
9630 8676
6340 6386
8805 1436
194 4076
3605 3144
3751 6732
9656 9885
80 477
1165 8181
931 9952
2982 1968
6380 888
1210 835
1694 3691
1741 6455
8476 271
2074 4397
575 5872
3970 4542
7868 5360
3608 9931
5991 8770
5520 8559
8373 3108
9553 1729
4191 6921
5473 5873
7270 126
7107 3305
1286 3112
6407 2236
9797 1300
4 1309
6004 9457
2299 2059
2605 9309
9092 1446
102 2118
3762 6065
7598 8618
2959 2282
7151 9989
4870 4327
6532 6655
7940 8547
1220 3489
9515 2168
7121 1610
5504 790
5415 9695
5554 9529
7206 4086
4180 6266
0.7896 0.6489 0.8116 0.6069 0.5728 0.1162 0.5513
0.5081 0.1944 0.4168 0.8833 0.5412 0.1434 0.5281
0.5607 0.2074 0.2300 0.8443 0.4871 0.4642 0.6548
0.8753 0.4025 0.4315 0.4053 0.1052 0.5844 0.1179
0.3406 0.8228 0.2468 0.3171 0.8222 0.1815 0.5168
0.7565 0.5170 0.5259 0.3368 0.3833 0.5130 0.6793
0.6049 0.6591 0.1609 0.6270 0.3608 0.4681 0.7386
0.2967 0.5805 0.7612 0.5450 0.5645 0.3127 0.3263
0.6509 0.8883 0.7580 0.4460 0.7148 0.3334 0.8047
0.1296 0.8006 0.3792 0.5999 0.1789 0.2128 0.2912
0.7652 0.3081 0.3087 0.4092 0.8186 0.2106 0.2901
0.4753 0.8907 0.8264 0.8512 0.6416 0.5278 0.7315
0.4044 0.6862 0.3142 0.5081 0.4784 0.3813 0.1158
0.5872 0.7125 0.1292 0.2041 0.4475 0.3929 0.7811
0.6727 0.5182 0.6923 0.5788 0.7966 0.6189 0.2309
0.7275 0.4797 0.2897 0.6648 0.1833 0.5434 0.5458
0.6940 0.1813 0.5181 0.1032 0.2232 0.7491 0.8737
