17 641 52
6660 8147
9771 6606
1704 8474
7121 6156
6571 7585
7745 4712
7615 2303
3454 1041
2605 3048
3796 4206
4304 7504
2633 2036
8379 4692
6080 9081
5486 768
7430 6353
7850 1401
2169 3622
7294 3579
1507 8675
6709 1848
7557 8744
8279 6013
8927 435
3762 4922
2783 696
1470 2201
6184 1240
6487 6043
5624 1310
7950 6517
9832 378
6319 4285
5572 6540
6771 7791
5090 6149
6338 2675
7113 4963
4243 5954
5152 7725
1214 4309
678 553
6330 9131
6823 7034
4552 7643
6111 5163
4007 8552
4776 1753
7656 3418
195 6559
2489 6381
36 4505
355 1133
9664 9018
5737 2185
3082 2532
132 3364
7872 9145
7868 8308
249 5059
7640 3278
2388 2021
565 4139
9039 2392
4344 7730
2362 1202
6254 4594
9668 5418
3046 2340
1990 3444
5708 8046
8606 6812
1781 9017
8372 6288
5435 2326
9496 7565
8310 5358
1287 3960
8704 3648
2125 3888
6154 8370
7231 1074
2843 3591
4421 2526
2628 8477
4425 395
8571 2369
8485 2644
8858 6472
8530 1378
1417 1926
1314 2186
1441 4519
6708 6213
4444 2179
7005 6172
1545 6775
552 9053
1251 3422
171 7455
2794 78
7269 7460
8383 7968
358 8804
2295 2250
9985 7176
4970 2756
4113 1956
2622 652
4405 6132
4155 7260
5303 6502
1019 4731
6701 9808
3915 9021
7977 8848
1432 9487
740 8714
6696 9410
5429 4002
9887 7052
4020 2794
2077 4712
4549 7492
1860 5955
8366 4878
9151 5703
4974 2093
7135 3588
8163 4506
7352 506
1158 5156
9805 7394
2725 2632
4607 1282
9898 8511
894 9910
3408 7986
1346 323
698 5374
1901 6509
1972 8880
1618 3698
5800 3041
8836 4770
2715 4420
9870 1843
7358 9801
3096 245
7793 3315
9994 1024
1216 7741
2848 5045
2798 3901
1274 6639
4379 9538
6008 9294
3298 2790
6811 6132
8031 7370
7178 5514
5051 1077
1873 3089
1243 4882
5953 3996
7216 1239
365 9022
5920 6486
8404 9976
9235 1544
7399 5432
4452 5900
4768 739
595 7568
898 232
5778 3533
4386 4756
9721 3987
5909 1038
4897 7476
5550 3350
7966 124
8144 1602
6432 4959
755 6568
7819 3908
2351 5520
4865 7606
9193 5215
4333 5096
4623 3379
6112 9940
804 1046
5715 6911
5358 3469
217 7627
8692 4048
1943 5685
8423 2346
9573 944
7807 4936
7696 9156
3249 3326
1895 1347
3402 3193
5368 9937
7367 7266
9064 9167
709 8419
6660 812
6132 3242
1686 5176
932 9258
9559 3480
8222 2811
702 352
9145 8503
9171 6652
649 8039
6039 8761
6198 2133
7381 5074
7885 5533
3547 7706
3554 2490
520 8473
8435 824
8790 3498
4730 4498
5027 6276
9794 3544
5395 1381
5201 6055
6231 9256
4562 6598
3316 6482
5173 2165
7723 9921
9812 5615
8487 1808
170 9466
81 3893
223 5779
5022 325
4129 6812
855 2479
3726 2796
3292 5716
9293 4852
5160 5610
4532 4832
5678 7683
3721 9704
4061 7567
3608 4810
7694 4074
5675 4889
2407 3352
6132 7638
396 3852
569 227
2667 2938
3614 8778
2958 7661
8160 3742
4166 6096
970 7742
5593 9338
85 268
2741 6150
9588 9609
1269 9366
4614 2901
8975 6354
4121 9332
7247 8900
1592 6110
2323 6672
4264 1612
9549 6267
3756 5413
8927 3387
9419 1866
1703 1034
9232 9688
8850 1605
3120 3765
692 3949
2903 5657
9854 4618
307 9227
1379 9150
1086 3819
8043 3928
1120 5952
1011 6439
5325 6341
3194 5257
2675 4913
6146 4131
7763 2572
610 5035
6942 1578
1295 5355
2118 6647
3698 2288
4732 7436
9828 1069
6399 3739
786 2208
7902 7259
3523 5892
7867 3097
4342 6289
9648 467
8466 6198
7782 6389
5282 511
6427 7288
7125 4713
7877 4330
818 7495
5565 3987
3013 1291
2260 6074
9837 9260
2919 8738
3690 7318
3937 3936
405 226
1895 4203
3034 6839
1895 2973
1553 7854
5241 1609
6583 169
7155 6849
9432 4853
5167 9330
7047 6590
3736 2022
1918 6611
7505 2827
2699 1248
284 3637
9575 2177
70 6171
9459 724
8797 6235
2469 502
9213 2848
642 4288
2376 6821
2374 4263
1330 8006
3963 6629
4008 1048
5099 9840
8450 4603
5960 9394
3198 3836
5952 753
4841 7325
8485 5583
6544 1090
8978 5108
4993 7075
1419 7430
6824 237
9289 1975
6837 4807
6640 7833
6544 1815
8558 9693
4513 3554
9912 3979
5766 7137
7927 7965
3146 2736
4742 6776
4506 623
2835 5831
2597 849
9983 6560
8791 8563
3388 432
3371 7727
3842 1321
1888 7033
7187 8674
163 1247
1503 7485
8197 503
8254 8327
9355 7418
8470 679
2326 1687
5182 3610
849 3789
7982 2571
6211 6913
6471 2298
6602 8522
3219 2903
1423 4079
1045 6759
6564 328
7605 4968
5854 2035
7025 5152
9582 2069
4872 6572
87 6524
549 1544
9585 1126
7556 9718
2558 3390
9673 1562
4893 3308
5641 5518
7212 905
6154 5039
8980 3478
5236 5888
1579 297
38 5891
6147 6193
3865 2116
8876 203
9999 6119
763 35
5468 3264
3672 3119
1343 3093
5280 2001
1948 8998
3230 6160
6751 321
2523 1738
2639 5371
5137 6519
3250 1775
8086 7797
480 8074
3457 7329
1199 2384
9264 9804
7668 7810
6469 734
2860 9031
7230 5028
4352 5576
2933 5425
6581 6399
1038 8730
4255 5812
1188 863
5550 7083
1152 6367
5708 7525
1018 8411
176 1074
7366 3926
6943 6347
2621 5674
5862 7174
3905 774
3672 5165
5987 5474
4297 8228
2272 2019
5793 3260
3503 4955
2384 7641
7404 747
5932 7785
5707 4779
9551 9069
9899 9875
8605 8279
4570 8026
7972 5411
4261 693
6330 7983
9831 5958
4250 8503
999 872
6009 7883
5640 3561
772 3355
9463 6795
8531 7587
6748 9227
8971 9983
605 4381
9507 8177
6704 648
6249 6559
1590 5848
1680 4856
3118 374
487 486
7164 8089
3835 9265
266 9393
5656 321
9657 3765
4112 4217
7007 2902
5240 5366
1701 2691
7529 1129
9177 1054
3595 2139
467 659
5605 7381
9055 7686
228 5533
1851 4448
8590 1582
3545 1087
5765 2612
8828 2118
9252 6273
6386 7386
2864 1525
5303 4532
5592 4808
6413 6919
6155 4544
5534 2818
1121 7020
9888 6801
7302 3069
9179 0
8162 7686
4483 6404
8680 6060
364 1626
1525 1904
8513 9971
9950 7792
310 5361
2460 691
867 7174
5441 3592
3825 9480
4273 7292
4831 8509
4108 5478
4463 6670
6063 1714
3019 8174
794 7820
4121 3564
967 3233
8723 6500
6638 5711
9967 7964
9500 5939
152 3685
9034 2076
7542 170
2123 4251
5785 7741
6321 9598
2108 5083
7694 1874
5888 861
2174 242
6445 4815
5200 3976
3706 7116
386 5998
8394 7392
2473 3104
5915 5809
3898 1040
4040 5758
2399 2779
9075 6287
3984 1166
8402 3055
4572 9883
637 8573
6277 5553
9814 5717
1699 1853
5716 9132
4257 3703
9874 2691
5872 6085
6394 7038
4697 1960
2713 8148
4807 4316
5525 1090
7257 7167
4448 7820
2293 4469
6812 5482
3722 6799
3674 5018
8692 3841
6803 1447
9231 1193
754 770
528 8661
1428 5607
1356 454
5593 3027
8496 4013
1242 9076
7774 5587
4835 3400
5274 7960
1028 1000
5520 1420
7710 4806
7283 7568
9790 6998
4999 9328
5400 4273
6602 2929
337 4714
6590 3291
740 3767
6529 9223
3961 3120
2806 8653
5510 1757
5893 4280
2453 2425
823 3246
3744 2964
8629 1885
9464 873
9833 4274
1725 5533
9695 8131
9831 9155
4397 5691
7995 2469
8269 5484
945 2309
8373 3667
7821 899
7811 796
4020 6351
8635 4641
4445 4596
2233 6421
6659 272
91 8290
6479 2847
6281 4821
6873 2375
1374 9325
0.2827 0.1394 0.6850 0.5704 0.8274 0.4552 0.4257 0.8019 0.8387 0.8448 0.2407 0.6045 0.1157 0.8624 0.5949 0.5988 0.1069
0.6994 0.7388 0.8151 0.7530 0.8900 0.6182 0.6889 0.5190 0.5256 0.1418 0.4744 0.7855 0.4440 0.8702 0.4702 0.8385 0.6578
0.4945 0.8901 0.3354 0.4434 0.1701 0.8271 0.6144 0.6587 0.1152 0.3002 0.7584 0.7398 0.8522 0.2561 0.7991 0.5459 0.1871
0.5411 0.4927 0.7014 0.4475 0.4827 0.2957 0.6355 0.7193 0.1245 0.8136 0.3773 0.1016 0.6193 0.6563 0.1144 0.6527 0.5659
0.8768 0.7441 0.7529 0.5808 0.3659 0.1661 0.4988 0.1094 0.6303 0.8632 0.1734 0.5830 0.2901 0.6747 0.4104 0.7523 0.2360
0.2758 0.3671 0.4266 0.7336 0.4291 0.5725 0.4050 0.6094 0.2419 0.4683 0.7336 0.8496 0.4785 0.2879 0.4783 0.7802 0.6759
0.3416 0.6471 0.3415 0.4672 0.6682 0.4028 0.2678 0.3600 0.2272 0.1563 0.8160 0.6006 0.5265 0.7014 0.1607 0.6122 0.7362
0.5576 0.1161 0.6020 0.7130 0.1825 0.4217 0.7939 0.7214 0.4654 0.7824 0.6373 0.4718 0.4271 0.8926 0.8987 0.5120 0.4896
0.3749 0.4591 0.7621 0.5184 0.5714 0.5948 0.2872 0.4215 0.6494 0.3308 0.8216 0.4592 0.3562 0.5169 0.7730 0.5589 0.2492
0.4410 0.2669 0.7443 0.5523 0.1835 0.7783 0.5066 0.3871 0.1318 0.3368 0.5613 0.2063 0.1055 0.5900 0.2059 0.2642 0.8429
0.4235 0.4237 0.8190 0.1738 0.8722 0.3683 0.1063 0.4632 0.3036 0.8412 0.1689 0.8136 0.1368 0.5384 0.3949 0.8955 0.6667
0.6310 0.7106 0.2234 0.5534 0.3537 0.4504 0.2603 0.2617 0.4486 0.3341 0.4243 0.6210 0.3109 0.7935 0.3387 0.3903 0.3441
0.1475 0.1613 0.6779 0.7747 0.8682 0.6295 0.3020 0.8568 0.5991 0.5467 0.1429 0.5758 0.4326 0.4540 0.2409 0.3463 0.8915
0.2048 0.6705 0.2395 0.3166 0.6110 0.8038 0.2324 0.7001 0.3319 0.5814 0.3332 0.1495 0.6207 0.5993 0.4135 0.6436 0.5189
0.2052 0.1122 0.1382 0.4932 0.8706 0.8379 0.6856 0.5681 0.2447 0.7806 0.1732 0.5995 0.6095 0.3312 0.2492 0.2544 0.8333
0.4875 0.1795 0.5173 0.1465 0.8022 0.4761 0.6305 0.4913 0.1653 0.3159 0.3779 0.5031 0.1790 0.4102 0.7522 0.4171 0.7851
0.7300 0.1407 0.5864 0.2776 0.5407 0.6583 0.7965 0.1234 0.2836 0.1619 0.7707 0.6036 0.5841 0.1028 0.5789 0.3151 0.4278
0.7977 0.3735 0.6587 0.1897 0.6739 0.4013 0.5640 0.5694 0.7368 0.8646 0.8491 0.4169 0.5103 0.4250 0.5924 0.8894 0.5004
0.3078 0.2574 0.6133 0.7512 0.5906 0.7428 0.2653 0.2172 0.4215 0.2803 0.6478 0.4300 0.7408 0.8641 0.7794 0.4192 0.1681
0.3464 0.7389 0.3116 0.5355 0.2399 0.7600 0.6432 0.6975 0.4706 0.3703 0.5322 0.3532 0.6044 0.5524 0.4393 0.4471 0.6022
0.5494 0.2822 0.4444 0.8551 0.8808 0.5320 0.6305 0.1368 0.6521 0.8607 0.5595 0.4122 0.5905 0.3792 0.1521 0.4332 0.1354
0.6066 0.3206 0.5584 0.2469 0.3139 0.3604 0.8543 0.2889 0.5859 0.3633 0.4490 0.5102 0.5786 0.6559 0.8585 0.6334 0.1317
0.8814 0.8932 0.7645 0.5029 0.1251 0.6685 0.2078 0.3613 0.2271 0.8872 0.5117 0.7758 0.4730 0.3087 0.2892 0.2361 0.4996
0.8648 0.1296 0.5098 0.3851 0.5277 0.3352 0.1950 0.4636 0.4134 0.4184 0.2262 0.3131 0.6652 0.4342 0.8589 0.5928 0.1688
0.8264 0.2969 0.2432 0.8022 0.7077 0.4166 0.2073 0.1910 0.7674 0.1054 0.2252 0.7366 0.5646 0.5600 0.2915 0.5540 0.8641
0.5677 0.6682 0.7911 0.2654 0.3949 0.6210 0.8727 0.1627 0.2184 0.8781 0.8626 0.3309 0.8831 0.2140 0.4471 0.8823 0.5735
0.5797 0.8081 0.7258 0.7575 0.8970 0.7800 0.7732 0.8896 0.6665 0.1657 0.6499 0.5136 0.2632 0.7850 0.4170 0.3647 0.8421
0.4123 0.8646 0.5658 0.3125 0.4021 0.4680 0.6349 0.7911 0.1538 0.7487 0.5250 0.8806 0.4071 0.7215 0.6327 0.8067 0.3445
0.7842 0.8905 0.3244 0.2036 0.3382 0.2541 0.1115 0.3126 0.2425 0.1816 0.8409 0.1982 0.2845 0.6827 0.1858 0.3829 0.2168
0.1082 0.8270 0.7874 0.7306 0.4667 0.1554 0.2054 0.1053 0.6279 0.7337 0.6413 0.8527 0.3574 0.6682 0.5183 0.8925 0.2435
0.1336 0.5153 0.7354 0.8240 0.2041 0.6481 0.4929 0.2546 0.3571 0.6375 0.3772 0.3441 0.5538 0.2079 0.3952 0.6980 0.7463
0.7581 0.8417 0.3148 0.4724 0.4730 0.7807 0.3477 0.7549 0.6384 0.6340 0.1527 0.4235 0.8305 0.7080 0.5097 0.2166 0.2409
0.2184 0.4132 0.2241 0.3344 0.4170 0.4783 0.8500 0.1120 0.3814 0.4931 0.5637 0.4906 0.8515 0.6526 0.2981 0.3226 0.4424
0.1728 0.7088 0.2813 0.7999 0.2235 0.2466 0.2662 0.1866 0.6287 0.6475 0.7688 0.6935 0.1146 0.3016 0.4081 0.1424 0.8416
0.4674 0.2662 0.2960 0.5297 0.1229 0.2818 0.7272 0.1145 0.8136 0.4781 0.2893 0.6190 0.6257 0.3459 0.6929 0.1986 0.7745
0.8618 0.3842 0.1333 0.2806 0.4287 0.7428 0.7446 0.4924 0.1705 0.5199 0.3145 0.1060 0.3033 0.4273 0.7523 0.5588 0.2238
0.3666 0.5854 0.4536 0.2380 0.7659 0.1418 0.3231 0.2848 0.7064 0.6665 0.2760 0.1940 0.8804 0.8153 0.7206 0.7320 0.4176
0.4796 0.1786 0.1129 0.8577 0.3828 0.2122 0.8142 0.1062 0.3924 0.1838 0.4441 0.1901 0.5701 0.4068 0.5035 0.7063 0.7991
0.3173 0.6160 0.4489 0.5766 0.3288 0.8481 0.8143 0.6891 0.1242 0.5293 0.2094 0.3151 0.6439 0.2448 0.7903 0.7259 0.1071
0.5993 0.6140 0.5211 0.4357 0.1887 0.7360 0.7796 0.3679 0.8463 0.6987 0.5303 0.5741 0.4017 0.3559 0.4304 0.6110 0.4905
0.8823 0.1510 0.2007 0.6581 0.1217 0.2705 0.1420 0.2435 0.1722 0.1084 0.5578 0.2378 0.2732 0.3816 0.6372 0.7322 0.4719
0.8238 0.5942 0.3259 0.5803 0.7423 0.7921 0.2970 0.8993 0.5716 0.3044 0.3416 0.6402 0.4354 0.1068 0.5979 0.8868 0.7184
0.6217 0.5685 0.2107 0.5564 0.6269 0.3485 0.8207 0.5324 0.5942 0.2747 0.1051 0.6649 0.5821 0.5892 0.4975 0.3712 0.5015
0.5440 0.4770 0.1075 0.4740 0.6173 0.6419 0.7948 0.1258 0.2094 0.3229 0.6105 0.1146 0.8075 0.7148 0.2663 0.5353 0.5438
0.2681 0.2686 0.7533 0.1061 0.2100 0.7128 0.1782 0.1367 0.6029 0.1414 0.5579 0.6421 0.7891 0.3630 0.6426 0.6721 0.1344
0.7510 0.3907 0.7184 0.4401 0.4657 0.2385 0.8830 0.7916 0.5644 0.8352 0.4221 0.8196 0.8744 0.3824 0.7118 0.2868 0.5325
0.8228 0.6224 0.6803 0.3334 0.8477 0.7375 0.5166 0.5301 0.7276 0.6671 0.1363 0.2310 0.6005 0.1447 0.8584 0.1493 0.6073
0.5403 0.1321 0.6949 0.2421 0.3757 0.6862 0.5827 0.4608 0.6310 0.4246 0.5927 0.3803 0.2633 0.7586 0.5803 0.1923 0.2555
0.8173 0.8224 0.6076 0.8278 0.6817 0.2388 0.1459 0.5823 0.3449 0.8704 0.2620 0.8234 0.7691 0.3594 0.2730 0.3334 0.1453
0.6091 0.2588 0.5660 0.4558 0.3128 0.8770 0.6576 0.8669 0.7337 0.6950 0.2663 0.4088 0.4096 0.6115 0.8841 0.8505 0.8546
0.1976 0.7595 0.2051 0.5024 0.6377 0.7585 0.1655 0.8889 0.5395 0.3975 0.6641 0.1295 0.4426 0.1851 0.5474 0.3295 0.2220
0.7312 0.8686 0.8206 0.4689 0.8391 0.8743 0.2717 0.8322 0.8881 0.3048 0.3568 0.3782 0.8905 0.1187 0.7035 0.4625 0.4219
