14 495 16
8531 124
6870 6455
884 7140
2816 2103
5854 3629
2486 3777
3598 4721
2113 7596
7122 8108
5672 1868
2260 131
4916 5996
9993 1741
1143 4321
4203 9907
6240 5101
6548 2540
2662 4555
658 2056
6893 5163
7017 9070
2937 1759
6472 667
6009 2089
2701 6421
9830 3555
4337 6607
2978 6876
4562 1434
9558 852
8719 159
1023 5905
4570 8428
9976 2014
7700 5048
1063 6243
7706 6913
9869 1971
5677 8397
3010 5488
6552 4862
7375 1395
9176 3781
3447 3520
3293 6375
2098 9218
9768 8226
383 3655
5686 3338
5520 9956
4230 1296
515 5961
2089 4383
9671 6107
4064 8742
5494 460
8439 1906
459 2266
495 735
7767 5310
3066 1741
7510 5586
7992 8658
9770 3028
9658 3352
6384 6742
7921 45
4126 2025
9696 6923
4104 4719
2886 4348
1454 7031
3890 7664
6335 18
1487 2999
6098 9424
30 2097
3238 3617
8787 6912
7736 2753
6712 6106
5936 5293
9491 9015
9391 437
9303 8764
7463 3955
1535 2818
6418 8507
5008 2781
8817 5675
8364 5313
8305 5232
2023 9980
1091 677
2084 2240
2875 7766
6437 1141
6262 2310
2224 771
8890 7006
5860 2167
2018 9432
5673 1454
2638 6072
8399 5062
3546 9591
5897 6220
2445 5642
3570 6974
3274 8850
2522 8791
1760 3491
100 1696
9057 186
5886 2709
2908 4473
7205 9450
8790 1421
1536 6835
9016 8722
62 3743
9825 4245
4862 9158
8366 7298
7638 3191
1674 9376
2149 3296
3953 1884
5296 1580
6299 860
3381 6583
8493 1492
5575 2759
7313 7560
494 2042
7755 6362
198 8200
3811 1638
6084 8137
796 1776
5557 6702
3402 2002
9390 2233
858 9092
295 8727
327 2871
6856 5306
6868 3244
8462 814
2574 5242
4418 392
82 2802
7963 2085
7504 8017
813 3330
5031 700
3161 7303
2814 6030
3849 2425
7623 2892
729 2775
6861 7842
228 3094
8122 5393
755 6477
6913 842
9597 659
209 2511
7497 8639
6283 8870
1686 707
4050 6449
4596 9867
896 4250
7145 4087
6447 1720
2283 6444
990 2227
8888 8147
340 8862
9015 5749
2625 9634
2544 1285
35 4120
4941 9279
4444 8760
2019 4159
6897 4012
2224 3572
2883 2532
459 8228
1635 3506
8110 1660
3922 4114
7201 5650
1478 6002
4811 293
1943 548
2856 8473
2101 5912
8315 8841
6147 9733
4657 862
1212 6285
3659 5668
4340 5642
1099 1952
7086 9449
1994 237
7979 3239
8594 4855
6492 1987
3663 3023
7052 6296
4935 5213
5696 9204
9187 1884
5717 5494
7899 5082
7618 3431
8223 6831
8161 6714
3188 6605
8338 3771
16 7814
5872 9560
5182 9163
9813 1545
9701 1521
4865 616
2154 61
281 5680
608 4299
841 879
9383 2090
2854 6555
3503 2915
5302 5865
1684 2772
9002 1121
4697 1429
7319 7040
4810 184
9487 5494
432 3097
2949 9353
9911 379
2479 5066
8535 2080
7238 1571
4887 1363
7839 6763
887 8525
4989 5024
9022 4234
3935 1431
4156 2128
7569 4200
4812 5341
6520 8273
1847 2055
4875 3100
6946 3395
2258 5638
3130 4514
3901 645
1476 9080
1416 6146
4307 269
4175 4308
9676 999
3047 2345
6277 7048
6930 7742
3164 4245
3792 3496
1130 143
9580 3430
685 3260
7844 3852
9942 4550
16 9018
6203 1855
47 2404
738 3574
4878 6368
8823 7747
8614 4208
1604 4180
8085 7272
328 6158
7460 616
4745 6006
2260 9863
9340 7303
2031 8041
5621 9979
301 2414
7364 5777
6909 2965
9915 526
1469 4149
6926 4501
9974 2264
6552 5496
8307 4481
5705 6216
9899 2107
6023 3675
7866 6903
4442 6904
2895 368
3623 623
379 575
180 5100
5283 8328
3444 5368
1088 8183
9514 7817
3252 9709
5534 3616
8751 3376
5379 4051
2916 6227
3833 5010
600 1216
5429 45
7419 6901
2838 3613
2310 6877
128 8884
7505 1063
2608 622
1375 7765
6511 1036
6210 261
4648 5933
1993 1316
9950 1436
1826 6982
4872 8658
1647 487
8336 7173
448 2669
6620 9455
1965 2595
3166 3757
2353 5736
8512 2337
8981 2330
7230 4563
4120 7270
1943 5742
9219 7766
8546 374
7392 4426
6405 6053
3391 4424
2758 6206
6956 2410
2560 713
2352 4262
1331 1943
8756 6770
1855 7709
3297 5954
1510 9950
2654 5721
4820 1131
1312 8178
9796 5661
1545 7702
5479 9774
4222 8383
5230 3984
7175 6631
2131 439
1536 8114
6096 7776
9554 5261
5294 4419
5132 643
4437 8469
2414 8777
1380 4736
5055 9738
898 3402
1517 6641
3232 7835
9256 1602
974 635
5957 417
3400 7438
8092 573
3024 6038
1934 4811
2366 8627
2812 9576
7593 9908
2896 9197
4378 1681
5980 8932
1389 862
9835 3433
1154 6434
6965 9859
133 5944
9498 5088
3754 8624
690 9247
2500 9465
1260 1751
7325 5219
184 9164
7772 8374
4622 987
3260 959
5342 9948
7148 9896
5561 5522
5002 8662
7466 7624
8787 4823
1342 6285
3659 1563
2700 9518
359 914
6872 5658
1718 4293
4894 3575
3304 495
3419 4949
9466 2724
8043 9022
893 7821
2760 4895
1860 5318
5055 3214
1315 6566
9580 6176
5982 4637
2821 7247
4167 3855
8111 4988
4450 2427
3873 6577
7306 6878
2924 733
9545 9563
4655 6851
6301 3755
5281 2033
361 3226
749 85
4386 4816
6823 9807
2027 9302
9211 6763
4922 3690
9973 6511
7029 2045
261 1924
6895 7339
4979 4626
73 6395
6095 2580
3684 9685
5909 9814
3304 2651
3537 2617
4133 5580
5077 5389
8621 9465
5868 8582
7640 5547
373 1128
6813 2043
2420 1597
1960 6969
7953 3116
9010 3449
4704 3874
9458 5977
7011 5576
8378 6321
8803 6671
4780 9855
5490 2356
2532 69
7805 2935
2793 6656
6304 8245
8284 9306
7343 6098
2592 6760
2985 3175
246 6753
328 7113
8874 3516
2081 3941
3932 6000
8557 3977
5142 1520
3886 882
6223 5763
4251 4591
9169 2652
5957 3445
5983 5949
0.8921 0.1076 0.8214 0.2390 0.6560 0.5013 0.1229 0.8740 0.6707 0.1108 0.5933 0.2469 0.5873 0.7585
0.8061 0.6384 0.4973 0.1287 0.5792 0.6901 0.2906 0.4264 0.2127 0.6333 0.4081 0.7486 0.3807 0.7690
0.6026 0.6890 0.4004 0.1783 0.5855 0.4315 0.3639 0.4547 0.6336 0.7060 0.3144 0.4966 0.3099 0.6304
0.7875 0.4562 0.1689 0.8254 0.2211 0.1663 0.5972 0.5177 0.1932 0.8900 0.4267 0.7119 0.3357 0.7887
0.8344 0.4097 0.6414 0.6116 0.3898 0.3304 0.3054 0.5569 0.1646 0.5861 0.7994 0.3733 0.5911 0.8386
0.4296 0.4904 0.3859 0.3765 0.3089 0.6121 0.8210 0.2823 0.1284 0.6989 0.7297 0.3488 0.5287 0.8169
0.6695 0.3420 0.2240 0.4548 0.4447 0.6734 0.5168 0.2780 0.4716 0.1006 0.1316 0.2535 0.4824 0.6610
0.7512 0.1619 0.7792 0.7978 0.6194 0.6187 0.6519 0.1113 0.6449 0.3600 0.2457 0.4179 0.6467 0.3840
0.7383 0.8431 0.1503 0.6782 0.3640 0.4025 0.2016 0.6400 0.3335 0.7704 0.2306 0.2084 0.4370 0.5699
0.6821 0.6990 0.4487 0.4206 0.7164 0.3135 0.6209 0.7060 0.1500 0.8218 0.4755 0.2795 0.1043 0.2379
0.5822 0.7682 0.6258 0.3603 0.1663 0.6671 0.3772 0.3444 0.2563 0.6994 0.4737 0.6198 0.6747 0.8669
0.3695 0.5514 0.1076 0.6520 0.3856 0.4739 0.2261 0.1962 0.6606 0.3917 0.6067 0.1991 0.7747 0.3543
0.1893 0.6709 0.1573 0.1830 0.8126 0.2023 0.7656 0.5148 0.2383 0.5246 0.2735 0.5668 0.1626 0.7788
0.4212 0.3952 0.3593 0.6433 0.4752 0.7090 0.1192 0.1149 0.3064 0.7696 0.2355 0.2126 0.6278 0.2765
0.5863 0.4830 0.1175 0.1878 0.2810 0.2127 0.4542 0.8117 0.6486 0.6027 0.4832 0.8213 0.5522 0.3706
0.6541 0.6193 0.2570 0.4578 0.2387 0.1066 0.7825 0.8332 0.3970 0.5504 0.5133 0.3638 0.8138 0.4256
