7 90 12
2107 556
9634 9503
8847 1085
9516 5823
5271 6612
7337 5017
6364 3135
478 9206
7502 3221
9061 6194
3868 4199
1844 396
3605 4285
761 656
5469 4365
4658 8720
2840 8754
1056 2779
5931 2807
9119 5511
1119 9234
7478 4884
2309 1264
5753 4430
2722 1679
3005 2652
2241 2516
7241 218
9193 4369
1732 2773
5094 2717
6590 7711
1083 572
723 4858
197 450
6441 5802
1408 1811
6316 2612
7740 8893
3656 2543
3011 4982
6822 6469
2062 6871
7855 478
9821 6724
576 1520
8585 389
5625 3766
6707 8806
1896 7733
3239 3943
3152 53
1344 2129
9599 3787
2810 8445
4443 4969
902 3214
1363 9636
7207 6461
5604 8611
2962 231
1422 281
2128 4305
1345 3794
984 9812
1612 3367
8225 3316
5273 5479
5776 8272
7021 2412
3520 9869
588 2802
7398 5207
7893 4335
6715 3242
2744 1235
4252 2105
5306 9559
1521 422
810 2009
4850 6864
8045 947
6657 2079
6310 6911
3648 113
1610 539
1997 9320
1452 5710
8766 9313
2877 2128
9354 329
6348 1614
8883 6227
4957 577
5563 8380
4323 1782
2500 1823
0.6548 0.2554 0.5997 0.1119 0.8024 0.5472 0.6473
0.1370 0.6891 0.6055 0.8754 0.7032 0.2871 0.2737
0.4377 0.5057 0.7453 0.2719 0.6724 0.2956 0.1737
0.2638 0.3326 0.1834 0.5368 0.4386 0.2917 0.6247
0.7615 0.6284 0.5582 0.6552 0.1024 0.1542 0.1048
0.3242 0.6555 0.6684 0.1269 0.7392 0.8149 0.2559
0.8549 0.3043 0.6943 0.6032 0.5347 0.5759 0.2593
0.2879 0.4155 0.3446 0.1137 0.5605 0.4562 0.5993
0.3349 0.7704 0.1856 0.7053 0.1783 0.5687 0.4843
0.2332 0.8851 0.6465 0.2467 0.3425 0.2193 0.1687
0.6248 0.2157 0.4187 0.5102 0.3250 0.1862 0.8582
0.2721 0.1077 0.2031 0.7618 0.4368 0.5428 0.5132
