8 198 20
656 93
5196 3577
4000 6966
7410 5269
154 8261
9240 8502
3114 2354
2507 8763
5216 6287
914 7714
6288 9577
3004 8057
7314 626
1252 5886
6358 878
2470 9494
328 6512
502 2321
4737 4172
7817 5786
6926 1888
4820 7590
140 4883
4792 4721
8966 2199
4145 3745
460 1174
9528 9325
3269 6672
2768 3872
8573 2718
9367 9363
9404 7368
5412 8810
5680 5333
1648 2209
3300 6410
1846 8132
1644 9338
1019 4402
2261 3610
6769 2564
1795 3997
3307 2522
272 8347
8368 6200
1339 6166
5547 2118
1594 120
7137 2509
3730 3420
9617 4370
9376 4355
8735 8107
5330 9895
4657 4644
5007 5064
4325 8618
9197 7884
828 1488
9297 2650
9620 175
9020 7976
3217 1576
1081 9628
9995 4352
776 8034
5528 9846
8929 3433
6220 3227
2900 870
7124 3542
8037 467
9846 4751
5795 7379
9596 8835
3303 3446
4059 2516
3087 229
1684 5016
5610 8513
7176 3655
550 1008
4216 4245
5064 8521
6112 6192
8543 2282
6544 9164
7163 7962
1712 2438
7970 6858
2776 9353
4492 4303
7758 4203
5708 415
2019 3571
9715 7710
1010 5375
6741 8562
328 2150
2015 8431
8388 3819
1331 7371
1992 1413
1010 4600
8995 8978
9555 4678
665 1101
3264 256
3626 8758
1877 8356
138 466
4583 4820
8202 623
287 6323
2889 1197
7185 5850
9928 807
4266 566
3024 4132
2901 9190
8388 8617
4029 9300
6117 3523
2164 8369
2625 5383
2910 7909
494 7161
5740 9798
1956 302
4733 1497
898 9305
6023 9895
7875 7777
435 4858
7599 8953
4248 8179
9628 7999
1255 8103
8513 5626
3755 4552
7814 3261
4887 9320
895 3166
7977 7370
4934 3585
8571 4266
5482 4660
1341 8812
9533 4983
6699 1921
8757 5415
7474 6471
3667 6980
2106 3264
9820 8951
4937 8569
2554 3121
1996 9728
5346 6044
4624 9111
526 1300
7167 6723
2957 7485
6857 6031
3104 5351
8457 6427
244 5972
4241 3078
6436 5507
733 3912
8136 1649
2347 4222
8483 929
688 672
2602 6751
4027 7282
9700 443
995 9566
5240 5991
6205 9414
6013 1500
8861 6412
7485 2273
6887 9688
5162 6886
1165 1197
2637 820
2950 6800
7548 4720
1036 8807
4289 6486
1295 4469
115 8478
3474 3524
7563 7376
9654 5984
1595 1396
5397 7009
2863 5611
7606 5440
2480 4668
1570 3869
6846 7938
7568 1076
1412 7775
0.1616 0.4950 0.2804 0.4626 0.3919 0.1401 0.4351 0.1337
0.3129 0.2813 0.5845 0.6506 0.5850 0.5465 0.8497 0.6484
0.5419 0.8613 0.3819 0.7570 0.3578 0.3103 0.1651 0.5793
0.1346 0.1462 0.6158 0.4775 0.7920 0.1457 0.3459 0.4115
0.3663 0.8451 0.2242 0.6365 0.6894 0.3162 0.7291 0.3465
0.4104 0.3377 0.2078 0.1291 0.2653 0.3602 0.5308 0.7999
0.5887 0.3834 0.8155 0.8635 0.7669 0.1182 0.8019 0.3106
0.6396 0.7156 0.1831 0.2019 0.8436 0.4934 0.7133 0.7649
0.8608 0.4590 0.3283 0.5625 0.8066 0.2135 0.1870 0.1700
0.1094 0.8751 0.6818 0.5395 0.7051 0.3269 0.5712 0.1546
0.7269 0.1152 0.2878 0.7802 0.5600 0.1658 0.1820 0.6241
0.8464 0.6563 0.3174 0.5990 0.7317 0.5763 0.7498 0.5157
0.6918 0.5749 0.8580 0.4735 0.2631 0.4403 0.5243 0.2057
0.1545 0.8097 0.7523 0.6469 0.1844 0.4833 0.8815 0.8909
0.8786 0.4839 0.6451 0.4199 0.3820 0.3723 0.4783 0.8959
0.5216 0.1441 0.8130 0.2684 0.2316 0.4464 0.5542 0.5743
0.6381 0.5830 0.4217 0.2553 0.7533 0.2968 0.8487 0.2204
0.7736 0.1782 0.5760 0.4105 0.8906 0.7303 0.8487 0.7252
0.6293 0.3786 0.1961 0.4813 0.6028 0.6248 0.6291 0.1412
0.6528 0.4615 0.6938 0.5892 0.2418 0.3650 0.1353 0.1056
