20 387 71
9667 2439
974 1947
4966 6441
1080 2208
1884 4620
3041 6932
6958 9938
619 1583
244 9212
9892 3860
7813 2075
9167 8510
18 962
1209 8542
5687 8172
5061 2234
8083 4824
3120 2561
169 2084
399 6697
9581 1818
9326 6390
6106 7276
1361 2700
627 2552
8160 7982
6005 8545
1580 1565
1558 5288
3910 8874
9875 1866
3089 7487
1561 8872
1229 7446
360 6276
8935 2615
1343 7884
2615 1351
4977 5319
5972 5902
4003 9378
2496 2090
3303 6764
7144 1322
1043 9191
7668 7348
9670 8642
6898 6012
9814 4237
2234 7909
5699 5240
1988 846
8247 6359
5844 5091
218 3391
2863 7535
1764 7958
2206 3176
2715 8673
1797 8871
7706 6167
2504 9539
9513 5093
3138 3899
8237 1638
5793 8149
9094 1308
26 7660
9082 7030
1368 511
3346 7380
974 3886
4208 9840
7008 2038
6588 5017
1148 8646
5353 4733
5757 193
9686 7262
3017 6819
9364 9564
7514 3385
2610 430
8666 7060
9438 125
1663 3103
8069 753
316 4144
2816 7801
1193 7642
3534 9054
6317 3700
5120 6409
8272 5371
1153 2794
5493 3186
7902 7121
8001 3831
499 8507
4635 4016
1514 5063
4993 712
9111 5879
217 8620
2595 1730
5673 9866
8433 5680
1250 9261
4450 968
5938 9420
6055 8731
1469 3714
3762 9566
8408 6080
1344 7621
490 1781
6094 5044
231 7277
4775 1624
6237 1224
4419 7160
3432 246
8665 2039
4032 8941
2288 9819
6724 969
3768 4478
5001 7810
5482 896
6530 1226
5088 210
7675 3739
2464 6685
5186 446
5498 2483
1198 1138
2349 8645
5937 238
9539 2964
5958 7069
9512 5511
9372 5117
557 7864
70 4895
7434 1006
4189 4422
7232 871
5253 6442
6769 4657
2775 7940
79 3789
6243 5155
8004 1210
259 8504
4091 8694
1233 6960
6677 7087
5330 2420
4630 1447
510 2780
7215 8728
1549 9118
4535 7188
5328 190
9621 4978
3093 6102
9181 7838
6064 3007
5420 8987
783 9476
7648 4738
8758 5524
8102 1393
3147 113
2771 9431
285 6355
2779 3717
9056 7249
2225 8180
7169 5275
7968 8481
436 3216
407 2076
3445 9784
2685 4681
1701 2309
9566 8935
7962 5433
3237 4618
300 4849
2451 4499
1432 5620
5860 1952
8437 1088
6942 539
2772 1406
9208 376
932 1738
8000 2730
783 7756
6315 7898
702 8311
1475 1797
1921 1085
4897 4749
929 284
2724 1676
8937 1959
9411 5814
7211 1721
8323 8891
5098 9433
784 7032
656 1983
2264 600
9636 4248
4480 8874
5854 3998
7221 5603
7925 5833
5477 7962
2199 7417
9138 2633
2301 9021
3537 4345
5593 3983
2197 5046
6353 98
1193 4031
910 4382
1082 3485
529 507
5386 9246
8009 9208
1664 5449
1700 590
3825 1527
3712 3942
3725 5375
9959 3529
9952 5511
7812 345
9250 6066
9554 9049
8 6165
8163 6972
3210 9376
4145 9436
6115 2001
6570 9491
5232 8144
2357 534
9161 7607
334 1480
1748 1114
962 3153
4865 3149
2983 4903
7830 6381
5260 1465
7208 6016
3342 3405
5310 765
1959 1193
1295 9018
1809 7843
2370 6365
8170 3030
739 6499
1144 1787
6806 8318
8993 6956
1898 8373
1355 9458
2338 3668
5671 9101
9329 2244
9563 1490
327 2703
3066 239
478 8778
7388 9108
2272 4875
6665 7814
4541 6511
9280 8100
7722 9633
7407 2812
2644 4386
975 7190
6268 7704
4286 1979
1830 397
2910 8507
4507 450
3656 1705
5647 8056
1623 6786
8817 376
1295 2341
5126 3060
72 6028
3542 5366
6950 3325
9472 3197
202 9942
8356 8589
8287 6547
3940 3799
3557 1046
7622 3090
309 4949
3349 4807
4248 3264
8298 9062
6066 3616
8868 963
6488 6067
5366 9395
4223 141
6308 6307
5170 4734
8878 156
4667 3450
9826 7250
811 7952
2266 4537
2120 1181
3939 8155
6277 3960
1433 9869
8911 9504
7476 6823
899 131
3799 8687
5852 5422
9817 792
7167 7633
5902 1632
6186 9208
6400 4439
4601 7997
4289 7282
9905 9680
2191 8490
8756 775
7037 7623
5023 8852
4494 8557
690 6597
3998 9214
10 2881
232 6935
4874 908
1798 7653
2778 570
4264 745
9137 8843
3441 2597
866 9079
1440 3196
3147 8356
1136 9246
6714 2934
815 1087
2841 3598
9495 1018
2424 3041
1133 4903
8543 2277
4277 5516
7603 4218
3756 503
4145 6833
845 3859
9948 6883
1202 3537
8976 3753
5057 3395
7030 8247
7593 9980
9983 4680
9681 752
4437 7510
4617 4332
1544 6915
9536 7125
5682 3865
39 3349
2488 8007
1593 7708
2317 8374
3215 314
7956 9857
8332 906
6413 5068
1147 4755
4629 8829
4645 8528
5342 8141
5423 4022
6982 757
1251 571
1656 11
3344 3027
7248 1296
7455 421
0.7635 0.7641 0.5926 0.5795 0.8471 0.5154 0.4012 0.3350 0.3574 0.8117 0.1721 0.1549 0.2653 0.2573 0.5296 0.1263 0.4733 0.7543 0.7857 0.1857
0.4884 0.6116 0.2819 0.1050 0.2932 0.1067 0.5115 0.1093 0.3095 0.7292 0.1066 0.7862 0.4571 0.4795 0.4274 0.7517 0.1089 0.8506 0.6999 0.6473
0.3995 0.2005 0.7794 0.1680 0.1573 0.5263 0.4123 0.6366 0.1443 0.6391 0.7609 0.2061 0.1870 0.2080 0.1351 0.3943 0.3692 0.8183 0.1164 0.2503
0.2978 0.6614 0.1493 0.6456 0.3192 0.2867 0.3208 0.3283 0.6732 0.6561 0.5896 0.1962 0.1301 0.5076 0.5326 0.3863 0.8569 0.3411 0.8910 0.2749
0.7355 0.8928 0.1622 0.2124 0.6378 0.1693 0.7756 0.5066 0.2696 0.1311 0.2324 0.6934 0.3518 0.1379 0.5369 0.8567 0.4166 0.2818 0.4740 0.5037
0.1936 0.4160 0.4759 0.8982 0.2300 0.4166 0.7122 0.6821 0.2443 0.7030 0.5583 0.4810 0.4932 0.6602 0.6550 0.6124 0.3608 0.1155 0.6845 0.8359
0.3794 0.8799 0.5673 0.1027 0.6854 0.8197 0.1454 0.4960 0.1667 0.5023 0.7531 0.6983 0.2606 0.7536 0.7193 0.4834 0.6848 0.7661 0.7222 0.7945
0.7356 0.5041 0.1753 0.6717 0.7737 0.6782 0.8059 0.7085 0.2729 0.3627 0.3142 0.1494 0.6935 0.8485 0.1402 0.4879 0.4986 0.5923 0.8538 0.3777
0.6932 0.2408 0.5458 0.8023 0.1388 0.8646 0.3846 0.8914 0.4910 0.5413 0.4486 0.1998 0.6457 0.8028 0.5565 0.8254 0.7324 0.8895 0.8979 0.2757
0.8122 0.1822 0.5484 0.3261 0.6285 0.4431 0.4585 0.5247 0.3582 0.8640 0.6055 0.5689 0.7619 0.8631 0.8626 0.8543 0.3644 0.4142 0.1701 0.8128
0.7291 0.3139 0.5804 0.5284 0.1079 0.1577 0.3333 0.5519 0.2662 0.1919 0.8073 0.2373 0.4406 0.5056 0.5029 0.8079 0.8897 0.3857 0.8862 0.6004
0.6422 0.1289 0.8289 0.4304 0.7822 0.2546 0.5122 0.6657 0.4772 0.2492 0.1873 0.2183 0.4910 0.1486 0.7190 0.5175 0.5410 0.3777 0.2029 0.3835
0.3285 0.4500 0.5049 0.4339 0.5838 0.1310 0.5995 0.8354 0.3155 0.7881 0.5615 0.4976 0.1896 0.1172 0.7332 0.1648 0.1660 0.6101 0.8937 0.4445
0.7504 0.2518 0.4449 0.1748 0.4924 0.4669 0.7715 0.7884 0.2684 0.1937 0.1515 0.4988 0.7709 0.8747 0.6093 0.2410 0.4224 0.7811 0.7417 0.8771
0.5610 0.1971 0.6724 0.8347 0.6263 0.1564 0.4289 0.6234 0.6416 0.7486 0.8733 0.5285 0.5669 0.8411 0.8910 0.1078 0.4585 0.1307 0.2386 0.7338
0.5498 0.5524 0.5329 0.8313 0.6465 0.6121 0.3702 0.2713 0.4986 0.2765 0.2841 0.7752 0.2024 0.6689 0.4243 0.2531 0.6653 0.1791 0.2455 0.6688
0.1269 0.2784 0.4585 0.6153 0.8218 0.7061 0.3856 0.3165 0.5074 0.4379 0.5500 0.7905 0.4248 0.5370 0.4789 0.7017 0.7678 0.1016 0.8373 0.5054
0.4571 0.4898 0.5081 0.7979 0.2062 0.2805 0.6030 0.3510 0.4693 0.5601 0.3999 0.6091 0.8941 0.8504 0.5351 0.4032 0.4766 0.4223 0.7858 0.8869
0.7913 0.1638 0.4999 0.3849 0.3173 0.2611 0.8198 0.6037 0.6407 0.4691 0.3421 0.7507 0.4177 0.1514 0.8390 0.6020 0.4011 0.8388 0.6008 0.1636
0.8293 0.5604 0.2788 0.8678 0.8666 0.3599 0.5839 0.4237 0.2654 0.5610 0.6534 0.5267 0.7825 0.2727 0.2712 0.8849 0.4716 0.4534 0.7657 0.2835
0.7854 0.5221 0.6486 0.3568 0.3642 0.3609 0.7842 0.7175 0.5364 0.1685 0.5297 0.2164 0.8838 0.4659 0.3708 0.1084 0.6053 0.3302 0.2407 0.8954
0.2266 0.4859 0.8574 0.5340 0.7583 0.7590 0.4657 0.5785 0.6766 0.1897 0.1347 0.6935 0.5783 0.5989 0.7777 0.4852 0.1691 0.5185 0.4596 0.5264
0.1803 0.1710 0.3116 0.6331 0.4709 0.3867 0.3616 0.2732 0.2388 0.6208 0.2975 0.2008 0.4203 0.1486 0.3828 0.8893 0.6328 0.4200 0.2859 0.6550
0.6404 0.5433 0.1305 0.8971 0.3867 0.5915 0.7981 0.7137 0.7671 0.8783 0.2011 0.3709 0.4484 0.6438 0.5099 0.1602 0.7219 0.8871 0.4848 0.4475
0.6734 0.1264 0.7896 0.5661 0.4658 0.7001 0.1593 0.8242 0.5870 0.5360 0.8861 0.5388 0.2557 0.6178 0.2874 0.2883 0.1625 0.4636 0.8811 0.2500
0.1774 0.8010 0.7563 0.3226 0.5964 0.7124 0.7972 0.3562 0.5720 0.4074 0.6810 0.5445 0.6195 0.6527 0.3335 0.4426 0.7594 0.3348 0.4263 0.2092
0.3699 0.7004 0.7601 0.6034 0.3176 0.3783 0.1172 0.6353 0.6138 0.4985 0.5257 0.6505 0.3522 0.3574 0.1285 0.6958 0.8843 0.8107 0.6810 0.5656
0.1981 0.4799 0.4241 0.6027 0.4680 0.1243 0.1063 0.1132 0.2073 0.4041 0.3345 0.2109 0.7298 0.4660 0.2275 0.6432 0.2182 0.7598 0.3619 0.5933
0.8852 0.1463 0.4112 0.8860 0.6486 0.4050 0.6720 0.5920 0.3276 0.5553 0.5877 0.1668 0.4212 0.1021 0.8628 0.7849 0.1662 0.4746 0.2949 0.8369
0.3156 0.7899 0.4839 0.8069 0.1080 0.7021 0.1167 0.2798 0.2891 0.4426 0.6016 0.3607 0.4749 0.3463 0.6113 0.4036 0.5641 0.3396 0.4417 0.4257
0.1194 0.2717 0.1105 0.4553 0.8996 0.5857 0.7030 0.8146 0.1750 0.4759 0.3444 0.1692 0.4683 0.8003 0.6107 0.8426 0.4463 0.8426 0.5492 0.4578
0.2493 0.1672 0.1298 0.6107 0.3600 0.1291 0.2257 0.4011 0.2029 0.3832 0.2541 0.3473 0.8230 0.3800 0.4940 0.2417 0.2448 0.8523 0.8390 0.3270
0.8409 0.8809 0.1460 0.5402 0.4247 0.6932 0.8858 0.3446 0.8228 0.8548 0.5458 0.6395 0.4570 0.7931 0.1201 0.2588 0.7857 0.2077 0.5060 0.3470
0.6383 0.2232 0.7414 0.4480 0.2806 0.6003 0.4571 0.7486 0.2273 0.4388 0.8844 0.4258 0.4658 0.2925 0.7781 0.6497 0.2308 0.1754 0.6894 0.1865
0.1971 0.2708 0.3809 0.7860 0.4591 0.5467 0.6936 0.2359 0.8250 0.6288 0.2574 0.2538 0.6577 0.1379 0.6471 0.2707 0.8136 0.3819 0.4677 0.2012
0.6761 0.5789 0.7233 0.7489 0.1699 0.1144 0.4699 0.1721 0.4649 0.1057 0.6653 0.3685 0.2798 0.5394 0.2262 0.8898 0.2644 0.4515 0.6763 0.1125
0.8023 0.1169 0.8839 0.6228 0.7300 0.4164 0.4792 0.8780 0.6215 0.2596 0.6959 0.1335 0.2714 0.3175 0.5070 0.1669 0.3910 0.4329 0.8139 0.2331
0.4987 0.4178 0.7149 0.3455 0.4654 0.5128 0.5097 0.8768 0.7982 0.1969 0.3653 0.5779 0.3961 0.1213 0.7840 0.2731 0.8021 0.8504 0.6932 0.4498
0.4746 0.7179 0.1215 0.6785 0.8600 0.8660 0.1256 0.4291 0.6507 0.6576 0.2343 0.3724 0.6631 0.5021 0.2839 0.8115 0.5979 0.2916 0.1762 0.3286
0.8840 0.4689 0.8219 0.2937 0.8979 0.3563 0.5729 0.4510 0.5157 0.1904 0.1933 0.3529 0.8711 0.6015 0.1958 0.4432 0.3825 0.7232 0.6279 0.7610
0.1510 0.3217 0.3586 0.4975 0.6853 0.3928 0.4651 0.1357 0.4578 0.2588 0.3684 0.3440 0.5501 0.5802 0.2827 0.7005 0.4732 0.2031 0.7508 0.3499
0.5407 0.3951 0.3199 0.5934 0.5365 0.8360 0.8501 0.7724 0.2835 0.5089 0.3836 0.4124 0.5097 0.2376 0.4267 0.5857 0.1729 0.7075 0.7100 0.8491
0.8301 0.3683 0.7649 0.2795 0.7382 0.1710 0.8027 0.2190 0.7670 0.7182 0.1716 0.4845 0.7053 0.6546 0.5812 0.6793 0.7984 0.7304 0.5787 0.2139
0.6387 0.4916 0.1336 0.7964 0.5782 0.6083 0.4853 0.8785 0.2092 0.4276 0.7347 0.3131 0.3525 0.7438 0.8681 0.1282 0.1828 0.8884 0.7861 0.2400
0.3381 0.7753 0.5480 0.4420 0.2992 0.8247 0.7292 0.5733 0.5165 0.6059 0.1268 0.1013 0.1048 0.2658 0.1896 0.6156 0.4674 0.8763 0.6099 0.8362
0.1442 0.6969 0.2216 0.2501 0.1914 0.5842 0.3098 0.3708 0.2607 0.2647 0.1355 0.2693 0.6664 0.1758 0.7646 0.5815 0.4121 0.3298 0.7952 0.1229
0.8387 0.5660 0.1933 0.2905 0.6705 0.5805 0.8947 0.1399 0.5949 0.6877 0.2289 0.5468 0.7458 0.2385 0.1223 0.5557 0.4040 0.8749 0.8569 0.5870
0.4857 0.1621 0.5625 0.6893 0.7604 0.8431 0.8371 0.6708 0.8104 0.3570 0.4467 0.8233 0.4377 0.4416 0.2026 0.2542 0.1383 0.6674 0.8856 0.7391
0.1337 0.2585 0.3245 0.3514 0.7013 0.7963 0.3279 0.5096 0.6159 0.3735 0.4370 0.6810 0.1428 0.3034 0.6470 0.4274 0.5914 0.2695 0.5290 0.3605
0.5846 0.2136 0.2796 0.3410 0.6574 0.7291 0.7185 0.5048 0.5762 0.1006 0.7520 0.6409 0.7023 0.6123 0.8551 0.6887 0.1495 0.7880 0.8734 0.2524
0.2504 0.3475 0.7316 0.2991 0.5880 0.1835 0.2156 0.1279 0.5097 0.7548 0.4162 0.6522 0.8610 0.6814 0.4028 0.6067 0.5642 0.5405 0.4191 0.4645
0.3626 0.4465 0.6084 0.1393 0.7922 0.8113 0.5173 0.7324 0.1173 0.1577 0.1635 0.8416 0.6624 0.4339 0.5712 0.3139 0.7640 0.7405 0.3049 0.2525
0.3651 0.1517 0.2120 0.2872 0.7960 0.8454 0.4173 0.1804 0.5683 0.2811 0.7856 0.4525 0.8260 0.3093 0.8762 0.1484 0.5281 0.5953 0.8124 0.3404
0.5989 0.3702 0.4605 0.1894 0.5422 0.3653 0.5412 0.8056 0.8343 0.2802 0.3015 0.3483 0.2987 0.2058 0.1572 0.2399 0.8776 0.7723 0.1399 0.2416
0.4986 0.1768 0.7634 0.7831 0.6093 0.5794 0.5917 0.7277 0.3063 0.7290 0.2969 0.2087 0.6686 0.4917 0.7923 0.1291 0.3809 0.3223 0.3302 0.1141
0.3034 0.5699 0.1843 0.6605 0.1324 0.3762 0.4387 0.8827 0.1711 0.3664 0.3332 0.5880 0.7534 0.2147 0.4403 0.8419 0.1103 0.8877 0.2449 0.7349
0.8453 0.1528 0.3484 0.2194 0.8737 0.7824 0.4603 0.4893 0.8772 0.2250 0.3211 0.2976 0.2163 0.8908 0.2484 0.1127 0.8960 0.4545 0.4955 0.1453
0.2312 0.1086 0.7454 0.2988 0.3670 0.5335 0.1748 0.7335 0.8772 0.8914 0.1624 0.3460 0.8390 0.4739 0.3754 0.7972 0.4019 0.7476 0.3037 0.4385
0.3256 0.2352 0.1156 0.3108 0.1498 0.1689 0.4956 0.2338 0.6232 0.5005 0.4986 0.4595 0.1813 0.2775 0.8168 0.4790 0.2971 0.4763 0.3464 0.4303
0.7963 0.1204 0.8382 0.5337 0.8425 0.4923 0.4497 0.8807 0.5875 0.3835 0.2829 0.3134 0.2169 0.3657 0.3182 0.2324 0.3420 0.2006 0.4134 0.7777
0.8614 0.8973 0.6973 0.1460 0.3494 0.1596 0.1181 0.3852 0.4962 0.4737 0.8744 0.5531 0.6022 0.7286 0.7230 0.3769 0.3440 0.8467 0.3239 0.8376
0.4442 0.3022 0.2978 0.6844 0.3884 0.5783 0.6603 0.2126 0.1085 0.8088 0.5021 0.3676 0.3849 0.7138 0.4240 0.4212 0.8938 0.8892 0.7237 0.4247
0.2786 0.7276 0.4777 0.4581 0.8221 0.1724 0.2403 0.5767 0.2204 0.8828 0.2202 0.5017 0.7167 0.3111 0.6972 0.6760 0.5765 0.5085 0.4842 0.5619
0.1607 0.7392 0.4458 0.8910 0.2929 0.1709 0.3560 0.1918 0.7149 0.3097 0.7551 0.5734 0.3534 0.3371 0.5058 0.5316 0.6166 0.5942 0.5734 0.7297
0.7677 0.1139 0.7516 0.8978 0.1927 0.6283 0.4013 0.2301 0.6978 0.4455 0.6396 0.1824 0.1326 0.8732 0.3017 0.4980 0.3036 0.8438 0.8351 0.7970
0.3034 0.7398 0.7335 0.6151 0.1375 0.8414 0.5695 0.3527 0.7197 0.7945 0.5399 0.8738 0.2122 0.7525 0.7644 0.3538 0.7861 0.7511 0.6674 0.1154
0.3656 0.5969 0.2300 0.6325 0.3539 0.3167 0.8497 0.5496 0.8802 0.1707 0.2469 0.5412 0.6111 0.4612 0.8114 0.5998 0.8120 0.3415 0.7137 0.6053
0.3848 0.2738 0.6661 0.8991 0.3881 0.3162 0.8523 0.3275 0.1188 0.4972 0.8697 0.4004 0.8884 0.8759 0.8991 0.2666 0.3987 0.7158 0.5118 0.1033
0.2244 0.3246 0.8068 0.5986 0.1333 0.6974 0.1405 0.8931 0.5541 0.1874 0.8658 0.6735 0.5678 0.4931 0.5145 0.2049 0.5172 0.6083 0.2844 0.7739
0.8837 0.1181 0.1632 0.5227 0.5466 0.2485 0.1996 0.3725 0.7484 0.1501 0.5314 0.3631 0.6972 0.8944 0.3110 0.4772 0.4151 0.2489 0.2050 0.2888
0.3644 0.5600 0.2582 0.8122 0.8319 0.5472 0.8455 0.5907 0.7353 0.5833 0.3575 0.2541 0.8024 0.2524 0.6247 0.5058 0.5176 0.7628 0.1678 0.1184
