19 634 23
3981 3930
8249 4896
7373 6317
684 3567
5778 367
403 6373
7292 5209
1004 3085
8352 7901
5698 3511
519 4137
6497 5294
7659 5083
6490 1419
3024 5978
8317 8807
6151 2411
7323 7613
1806 2620
7653 1533
4150 8066
6058 5222
4369 6815
1480 2960
6873 2400
1689 950
4641 8480
3790 4784
787 8283
4546 4199
6730 2931
39 925
3913 7652
8666 6999
5032 4029
4276 4265
1740 303
4652 7247
6625 196
4616 7093
4817 9401
1459 6297
2498 6676
973 2072
8679 1957
8315 6999
3640 6305
7045 5753
2091 1439
251 9325
7721 7909
2720 6896
5565 2584
9172 6372
9365 522
3170 8008
1020 6426
755 2957
5870 842
9606 7089
779 1724
281 6501
7089 1359
3035 7973
5598 8185
9845 387
4976 1476
5083 3072
8489 3542
2777 6728
2528 2270
3429 5181
2989 6163
7620 623
1013 89
3330 1440
841 8142
7310 427
3027 4088
9436 7993
741 104
4588 6859
6755 1794
1344 5605
625 2224
5913 1240
528 1889
4493 8105
7580 1163
9879 2499
2682 8833
8323 3150
7417 2596
654 2897
6266 4001
5662 9422
5290 9310
4046 782
8011 500
8973 722
1083 6117
6427 6055
467 1740
9996 460
9716 1750
7801 61
9634 9116
1466 3271
6066 922
1218 4143
9116 5138
9084 8251
7123 7820
9917 2950
6247 2601
7749 9485
8940 2753
1514 5492
3748 1427
1190 2867
3696 4390
2494 6381
305 4554
7131 678
3595 8381
7773 4898
1043 8617
7609 8531
5876 9261
938 7338
6425 5497
596 1777
8227 4461
6490 2172
9350 162
4042 2448
6321 7728
3734 8253
9162 9451
4833 5124
7583 3000
847 4330
2556 5703
4446 9621
2582 3489
3057 1579
9359 793
2097 8711
2040 8810
392 9497
2096 9549
2239 3401
3044 1959
6001 8651
9373 4481
6816 5394
1923 3120
3991 1950
7396 8542
8800 5086
5453 737
4939 3330
2964 8214
4196 4664
1686 578
259 3477
8427 6732
9242 3037
412 4607
7014 8311
4519 5515
202 8220
1103 1553
5148 3517
8380 188
8826 7656
6597 9243
4544 3288
8244 7178
8000 8997
6754 2258
5485 8766
8849 5577
6405 2493
7352 9548
732 9624
8039 3863
7761 1306
37 744
3064 9478
7254 5095
7739 5688
7919 1008
910 4932
2807 5536
7230 9676
3884 4008
2134 9750
9309 5002
6337 7042
1710 8880
5927 615
9494 9087
2414 341
7274 1816
1332 8672
1547 7813
8427 2290
3953 9764
256 5993
2294 6917
2127 662
2816 6305
1795 9578
1278 4543
3185 432
9567 5505
8316 6056
716 6200
1439 2794
9014 8540
4935 3670
8664 3559
3010 4429
8400 1012
8554 3352
7515 3139
3465 8991
5364 1538
5275 7872
3028 8518
4111 2292
9621 703
5033 4845
42 6388
4837 145
4803 1900
8635 2613
4170 9976
4252 1738
3260 2326
7292 8586
1129 4722
665 9441
669 0
1680 1510
8572 8818
2093 7967
2832 6843
3873 1138
2811 3968
8314 6446
3434 2999
8198 1093
5971 1503
3735 3947
7615 8338
7516 9003
4933 6031
200 2402
3615 4948
5966 4902
8827 1639
3903 4226
4290 424
8121 5109
1432 3103
4604 1310
5467 9653
9576 9549
977 8726
6048 8080
9095 7667
8336 1598
1550 9852
5750 1265
3240 1613
3245 8867
3696 5724
2886 2878
4183 7954
8862 8138
5700 7340
6613 1459
3683 3596
9702 8198
7326 4302
6683 58
8741 8153
3360 8117
8204 2264
4368 2417
9725 3570
5674 8411
6893 2966
1496 7296
8015 9697
6651 2303
884 9908
7255 6674
6791 7868
9608 7968
8000 4891
1606 1986
4636 5544
7517 3742
624 7573
9311 1607
8417 1259
8933 8869
1914 7278
5894 6949
2024 9650
5416 8897
1721 3095
448 3376
1015 501
3914 5370
1772 8557
7799 339
2 5626
3904 8696
897 5969
1955 8067
5634 6486
8751 9687
7713 6672
7958 7153
904 9088
7531 5562
3474 8163
4847 3959
9128 9202
108 1491
826 4021
6104 4665
4432 1201
171 2077
4737 3698
5948 9948
8594 8523
8366 2814
2592 7128
1107 7672
3306 1920
5538 9882
8925 8994
893 414
4467 5197
7427 6955
5947 8433
5590 7941
8550 7448
1620 2
6628 9497
8047 1778
9627 9405
5444 4309
4587 5140
4993 8499
2719 9637
8229 2029
9086 9666
207 286
4466 9072
9866 4754
5994 474
1063 2604
9690 5032
1438 799
7783 5136
8208 7745
9806 3974
412 8087
7517 7969
9887 8982
8401 9869
9658 9787
1650 478
9450 9187
2667 3927
3866 8532
7102 5504
7341 5542
2704 9503
1274 1676
9455 206
5132 8071
3676 9915
9104 6663
1423 7879
9732 9629
5850 4061
7067 864
1523 2087
6365 6511
5715 2201
3175 2621
9376 1011
5805 8546
4525 2935
1822 7450
1267 8247
6014 3664
1583 3752
4860 934
9191 9857
7947 2812
7094 6598
8712 5708
8483 8653
6907 3541
9327 9549
833 8639
2715 1942
7613 3888
1963 3254
6359 638
4937 6455
4228 777
4619 4034
1698 818
1519 2258
3058 2619
2902 3758
218 9166
7181 6541
149 4202
10000 6628
3647 5907
4938 604
1697 1750
1102 1437
1656 2939
6213 4432
512 2834
8745 2276
4951 7984
7996 1471
6712 8308
4951 9721
2575 4269
2728 5399
1060 2460
9486 6542
6984 6590
8952 2532
2820 7050
4717 3259
6353 176
4248 5914
1402 9366
1383 5488
5162 8506
3859 3385
3221 4107
6731 5847
6665 7660
5252 238
3915 6279
7556 8177
2924 1231
2515 772
8918 3252
3920 2740
7923 5768
1988 4321
2197 3594
8314 5397
177 3790
5194 8208
2692 9788
1845 2524
7566 4299
7319 6039
866 3840
4004 4467
1828 2173
4713 1739
7013 9153
3906 281
5133 7232
7453 6690
1277 5311
9271 7553
1295 1376
2471 8835
8194 9901
2032 9820
2923 1477
9080 4127
8371 3290
1116 8417
5305 9209
5347 2719
9446 9955
2103 8493
6611 1125
7321 5362
6214 1695
9354 3743
5710 6008
6789 3188
5081 9386
4150 5385
2805 2466
5834 233
9668 6878
1336 8039
3557 976
6248 737
4756 6833
7025 6251
4236 4477
9383 4706
4441 4672
2323 1763
5040 8678
1813 4543
4097 9084
4988 3479
2822 2295
449 5290
9054 4814
3147 6007
5890 7387
7080 7989
45 5511
6637 5889
1081 5818
1864 3858
9046 1169
2870 2617
3837 7537
5469 3291
2945 6820
7222 5567
7985 5976
3331 3187
7236 7186
4589 7735
8441 4979
1957 9102
3978 6467
6866 5651
4136 2594
2860 217
4923 5420
9053 8775
841 1617
7770 6994
2800 1247
4142 7015
1368 6626
2978 8886
3539 3506
1601 4174
5104 7796
5536 5225
2 9185
9104 3945
9181 8957
9673 8409
9411 7070
8889 6131
2949 625
6319 5820
5016 3184
2965 4300
1710 1167
3286 53
4630 2996
3893 8308
2003 8283
2456 5647
8758 2517
2455 8566
5918 4209
681 7322
763 288
9708 570
2967 6600
2192 2827
2504 4196
129 4041
8635 982
6104 2018
3706 9059
5563 1979
7295 2898
1392 4130
8935 4409
7378 5787
3969 1267
6752 8744
7876 8090
639 2436
2326 6714
4142 4755
8584 2926
6172 1157
631 6577
7010 8608
1183 7790
6413 2912
5446 910
4993 2442
6923 8918
907 4561
8128 486
1351 1076
1098 5168
8489 8984
3108 5019
6286 4129
7447 718
8246 3385
5006 5942
922 6722
4875 7642
3650 52
9056 5933
8770 6800
4208 9746
6309 2332
456 9217
2901 7640
9940 749
9335 7741
2679 2531
5444 7207
8784 1062
6873 9300
2402 2868
7317 1420
6905 1194
8157 2624
6804 7565
1238 1261
4869 9257
3919 112
1286 6505
5263 393
9436 8278
3391 7442
949 7476
3829 7090
6754 453
293 5088
2806 8815
7205 454
4046 1119
5890 9023
0.4353 0.5838 0.2214 0.5533 0.8442 0.4010 0.6481 0.2056 0.6580 0.1465 0.3235 0.7624 0.5243 0.5081 0.8349 0.6183 0.7930 0.3409 0.7602
0.2772 0.3006 0.8269 0.3636 0.4104 0.4528 0.6248 0.7765 0.6717 0.7728 0.5833 0.6963 0.4788 0.2403 0.8953 0.5577 0.1999 0.3274 0.8562
0.4029 0.2683 0.8865 0.3575 0.2608 0.5108 0.5303 0.6035 0.4601 0.3472 0.4589 0.2491 0.3130 0.3628 0.4128 0.3802 0.4905 0.1902 0.1352
0.1946 0.7114 0.1543 0.6189 0.3931 0.1816 0.3254 0.4935 0.6662 0.4260 0.3914 0.3942 0.4266 0.8933 0.5958 0.5100 0.3283 0.3543 0.1274
0.3493 0.5286 0.2162 0.8197 0.4901 0.1051 0.6294 0.2673 0.4996 0.4221 0.4402 0.2285 0.3901 0.2309 0.2558 0.4936 0.4536 0.6299 0.3171
0.8084 0.6181 0.2935 0.1836 0.1443 0.1446 0.1008 0.1568 0.6763 0.3931 0.1666 0.7997 0.7476 0.1786 0.3334 0.2754 0.2569 0.1582 0.4007
0.1101 0.8031 0.3519 0.3308 0.1007 0.6467 0.5741 0.1356 0.2671 0.3427 0.3341 0.4918 0.8344 0.4855 0.1577 0.2225 0.5986 0.6985 0.1064
0.7014 0.4630 0.7870 0.2674 0.6556 0.6042 0.3864 0.7308 0.5531 0.5424 0.2987 0.8675 0.8285 0.2951 0.6236 0.2279 0.5491 0.2165 0.7110
0.8276 0.7534 0.7796 0.4565 0.3715 0.1556 0.7472 0.5395 0.3788 0.8842 0.1841 0.3254 0.4558 0.5337 0.8917 0.2749 0.2083 0.3026 0.7683
0.6795 0.7116 0.1035 0.8760 0.6120 0.5916 0.4706 0.8667 0.6609 0.4291 0.1581 0.2513 0.4221 0.4349 0.4108 0.8142 0.6854 0.7378 0.2820
0.1550 0.7757 0.7660 0.4160 0.3057 0.5226 0.5631 0.2000 0.6769 0.1055 0.8094 0.1530 0.6932 0.4105 0.3315 0.6551 0.8375 0.4413 0.6913
0.6895 0.7338 0.7485 0.6334 0.6211 0.3853 0.7307 0.2524 0.1964 0.3988 0.2325 0.2402 0.5306 0.7553 0.7186 0.2227 0.1550 0.7025 0.7891
0.4416 0.4171 0.5370 0.8650 0.3520 0.4444 0.2687 0.7193 0.1566 0.6089 0.8893 0.2907 0.8828 0.1817 0.2936 0.6556 0.8593 0.5638 0.5668
0.6280 0.2037 0.8931 0.1839 0.2789 0.2863 0.2883 0.5981 0.5178 0.4867 0.6353 0.2588 0.4683 0.4081 0.3640 0.3663 0.3434 0.2834 0.3290
0.4661 0.2201 0.8377 0.3516 0.2546 0.6991 0.5334 0.1789 0.1438 0.1654 0.2860 0.7899 0.6817 0.5552 0.5985 0.3928 0.3157 0.3136 0.8713
0.7483 0.1749 0.4287 0.8495 0.6812 0.5375 0.1921 0.3774 0.2154 0.3378 0.5091 0.7377 0.4663 0.8421 0.7647 0.4216 0.4169 0.7725 0.2850
0.5146 0.2974 0.4365 0.2269 0.5428 0.7575 0.6478 0.1543 0.3588 0.3360 0.3670 0.5239 0.3082 0.5982 0.8103 0.8535 0.1796 0.3221 0.6305
0.8482 0.3563 0.1563 0.4524 0.1977 0.1127 0.7242 0.3159 0.5235 0.8835 0.5436 0.2522 0.1741 0.1910 0.6745 0.4841 0.5629 0.7707 0.4708
0.7193 0.5363 0.3314 0.3761 0.7706 0.2284 0.8234 0.1418 0.1265 0.8435 0.4194 0.5422 0.3751 0.7390 0.5869 0.1558 0.5094 0.4781 0.5126
0.4930 0.1398 0.8554 0.6659 0.6472 0.7567 0.2386 0.4010 0.6364 0.4822 0.4437 0.2170 0.7525 0.8708 0.3336 0.5145 0.1004 0.6596 0.3689
0.6220 0.2221 0.5343 0.4034 0.6026 0.4232 0.7759 0.4729 0.1758 0.4760 0.6967 0.8054 0.7252 0.2010 0.5836 0.1534 0.8061 0.8720 0.8162
0.6298 0.2495 0.5898 0.6418 0.3915 0.8927 0.3807 0.6456 0.7451 0.8881 0.4045 0.1391 0.1332 0.6418 0.1854 0.2308 0.4464 0.5839 0.4278
0.8813 0.5257 0.4806 0.2058 0.6942 0.6679 0.2708 0.2082 0.5693 0.5358 0.8702 0.7296 0.4343 0.6345 0.6343 0.5951 0.1996 0.3830 0.5180
