15 414 22
2922 9816
7524 8371
3212 9049
7927 9557
3118 1413
3358 3317
8001 2153
550 5432
2272 1184
5424 7553
2640 7634
7340 5279
1912 1861
9484 7391
2477 8225
6108 1232
5890 8926
2735 5120
5318 7933
8660 7901
3126 7958
5339 3448
1191 728
6172 2502
641 1663
5002 9909
5887 8559
9296 408
8973 1039
7161 2359
8848 441
810 6491
4014 76
9607 8866
9031 8558
386 6007
4549 8198
3331 6623
9560 3992
7124 6367
1150 7768
1601 9771
2446 3943
9273 8235
1484 1364
2428 135
2037 2829
691 8819
289 3770
9790 8398
7396 3148
6259 9255
6274 686
1066 3778
7359 838
7240 7844
2232 8562
1345 6549
5106 4369
4438 2799
3872 304
4173 4201
9884 3436
1378 9076
6841 3810
9362 1029
2567 384
3419 4470
5899 3005
8478 4941
3223 1570
8066 2849
7117 1419
9023 2179
4340 2662
3273 99
5672 8443
995 4356
1825 5801
3172 1685
5387 7156
440 9545
4834 453
1133 2980
5943 8158
976 9356
3164 846
3087 9048
3061 3175
6166 5536
7725 3753
1933 9955
2304 8933
8322 6978
6617 8047
5000 3399
7428 2360
5141 3424
8544 7929
4634 1519
7889 8639
6389 3659
7401 8050
7822 3905
903 1263
7914 90
5628 4338
9623 6257
8248 246
2195 3410
8483 8482
8471 4534
4647 9820
5179 9563
7951 9062
6462 1126
6774 4276
7100 3279
4234 3267
5694 1284
4598 9021
8183 2929
7403 7333
6909 578
6866 4364
964 9924
5296 7525
3608 8716
2948 9975
4471 2599
9687 4197
6310 1393
1856 7143
1485 6779
3122 1070
3422 6441
7538 5720
8181 4208
4974 6415
6530 6406
8695 4610
1633 5408
3459 7249
4567 1185
9995 9339
5656 5451
7581 3065
6490 6202
79 569
2897 4628
7495 7169
2685 5975
1623 5118
3029 5020
3791 9940
9920 4602
5180 9259
7638 8432
4119 7557
4113 3036
9404 8917
3005 7041
924 8646
2803 7224
6717 3820
1011 7412
2952 1850
3354 7888
932 3116
9275 8075
1280 9730
4187 2224
8116 9087
1748 3906
3563 9942
3255 1339
4668 9260
9435 7115
5118 1735
4712 7485
4467 9617
9227 9222
8702 3342
1886 1640
3984 5500
2214 5447
7892 3065
6052 3677
6009 7162
7389 7547
4284 4132
8646 937
3033 9434
1161 891
8060 1258
8980 435
5821 5610
5611 7745
207 6977
4634 25
1436 8013
8018 4180
4233 5639
5766 5333
4710 5412
4508 5615
633 5512
3682 6033
42 6848
8568 2617
2605 3603
8040 9168
9411 2376
4403 7263
1221 8454
7373 4070
4296 3619
9535 5613
2774 3367
697 7413
5429 3903
3709 7739
9729 3341
2152 7014
3285 5636
3151 2738
4976 3288
5737 2527
9746 7028
9805 4826
9165 6673
9771 8296
5148 8471
8025 8634
4706 7056
4241 3394
4825 7024
9986 4820
2463 5219
1013 1267
8241 2034
3260 5162
8886 2537
7779 178
718 96
228 3384
5599 4765
2250 3639
1669 5651
5143 9131
8322 8450
917 2657
7676 2695
3852 7535
9404 9268
3420 1696
6097 9171
2828 6007
3000 1220
5979 2123
713 5033
637 1474
8458 9382
2581 2114
3901 8173
972 9172
5347 8975
1901 4581
4551 3353
1990 7940
8135 5906
7990 8836
9251 3741
8261 842
3746 9041
4836 2729
5238 8914
8644 1684
1087 6740
896 7615
7626 6174
8187 6067
2595 7169
6530 2625
2648 4270
6118 5837
6967 5228
557 1110
2210 332
6803 7557
5959 2857
5164 1306
248 2783
4295 8608
9510 6689
7440 5028
4673 4846
988 4247
4498 1594
3530 2745
5630 6783
407 6116
9345 5073
2533 6285
6384 9168
4843 3067
5952 5217
3224 346
3474 5050
5505 1067
9964 8664
4985 4872
339 8214
7379 6840
2478 7720
9324 8760
9640 2620
9533 8968
2119 7645
3016 1045
8249 15
326 9173
5583 3761
6677 5996
4752 903
9094 3673
1224 9937
5590 796
5299 6871
1595 448
1714 3699
1847 2173
2014 6577
7587 1566
3752 8871
8432 3158
8575 2868
9631 7968
5601 1804
8226 5391
2653 647
4498 4474
8883 325
756 1517
8546 101
2538 9019
5274 7146
1915 1273
4717 4694
7501 9312
624 4162
2118 951
2942 3004
4154 2608
3760 3140
158 9490
4720 8192
9899 8786
8443 9761
9919 9132
6092 3882
9030 7467
7003 5091
6802 587
7321 7448
7902 9908
8679 9330
7290 992
612 7861
6047 6580
1017 2435
1810 4478
6160 1456
6878 3247
3516 5509
9491 3580
8767 7467
4634 4314
1027 6344
7634 9923
2082 1927
1297 8535
3554 3731
191 8320
8803 4899
3917 4403
4105 9129
274 4055
2448 9610
9190 4413
661 754
1062 5363
3553 1025
4153 990
6560 8809
7531 7407
4340 6444
5578 6151
811 7011
1546 1068
3534 3972
5343 2206
5438 6348
2166 6290
842 8308
8632 3258
9182 7482
3528 8653
9401 7504
9097 5383
1371 4445
5322 5331
6146 8497
7101 5210
8757 6890
5968 6794
9230 4674
5827 9518
2426 7605
2916 2532
1586 1656
2497 2878
3020 680
722 6623
5163 1182
8298 3160
827 599
6549 1978
2339 2371
0.6426 0.2870 0.2956 0.4208 0.5564 0.8186 0.6393 0.2769 0.8959 0.5779 0.7607 0.3499 0.6764 0.3924 0.7750
0.4090 0.5810 0.2348 0.4001 0.1766 0.5195 0.7777 0.7378 0.8240 0.6419 0.5798 0.4735 0.2853 0.7172 0.6632
0.8918 0.1398 0.8715 0.3609 0.4766 0.1957 0.4687 0.5152 0.5660 0.4343 0.7304 0.3564 0.8856 0.7786 0.8146
0.4355 0.7099 0.4335 0.6243 0.7919 0.8793 0.8309 0.5943 0.8333 0.5480 0.1919 0.3351 0.4027 0.6355 0.8843
0.5263 0.4266 0.1327 0.3187 0.8938 0.8616 0.7885 0.5904 0.7682 0.3404 0.5879 0.6735 0.7592 0.2965 0.3316
0.4573 0.6517 0.3847 0.7119 0.7026 0.1784 0.4063 0.8615 0.5722 0.1746 0.5278 0.6220 0.7996 0.7757 0.5976
0.2087 0.1757 0.5901 0.1433 0.8407 0.3477 0.7202 0.3831 0.3605 0.3253 0.8255 0.7025 0.7643 0.7891 0.7482
0.6900 0.2203 0.8224 0.5331 0.3434 0.8124 0.1314 0.4427 0.6825 0.3997 0.8977 0.3876 0.7038 0.7856 0.1851
0.2766 0.8382 0.4646 0.3252 0.2083 0.7877 0.4343 0.8794 0.6552 0.6474 0.8636 0.7085 0.7037 0.8672 0.6490
0.8769 0.6657 0.8184 0.5999 0.6814 0.7954 0.1921 0.5187 0.7446 0.8245 0.2255 0.4959 0.7594 0.6484 0.8583
0.4589 0.4676 0.8740 0.3509 0.1767 0.3543 0.5657 0.3132 0.6107 0.5809 0.5307 0.1980 0.2206 0.4166 0.3873
0.2787 0.4621 0.4118 0.2279 0.4444 0.7041 0.5801 0.6070 0.2912 0.1533 0.1914 0.3766 0.2219 0.2927 0.7578
0.2877 0.5509 0.1457 0.8797 0.2124 0.2691 0.4422 0.4722 0.5584 0.3100 0.4090 0.8672 0.5754 0.6586 0.5677
0.4169 0.6811 0.2107 0.6150 0.2131 0.4736 0.3031 0.8970 0.1564 0.2568 0.6511 0.3521 0.7388 0.7217 0.3432
0.3935 0.5235 0.2928 0.2309 0.1800 0.1798 0.8290 0.4225 0.4714 0.2101 0.3712 0.4050 0.2067 0.3663 0.6020
0.3671 0.5462 0.1598 0.5388 0.6321 0.7505 0.8275 0.6231 0.7092 0.7603 0.8337 0.8816 0.5066 0.2759 0.4635
0.3087 0.5592 0.7203 0.2957 0.3467 0.7965 0.5209 0.4905 0.5343 0.1481 0.6482 0.4751 0.4953 0.8350 0.7089
0.8826 0.3658 0.5245 0.3697 0.1968 0.8108 0.3269 0.7553 0.6088 0.3877 0.8337 0.8412 0.3885 0.6774 0.8611
0.4931 0.3543 0.8561 0.8057 0.2050 0.4804 0.5217 0.1215 0.4405 0.6953 0.1302 0.4460 0.7840 0.8051 0.5675
0.7639 0.5047 0.6727 0.8888 0.3981 0.1681 0.7833 0.2808 0.4684 0.8774 0.7178 0.8434 0.8721 0.3765 0.4263
0.4166 0.5189 0.7406 0.1640 0.1479 0.7044 0.8181 0.5007 0.4306 0.6857 0.3927 0.4269 0.2237 0.8625 0.4373
0.4845 0.5626 0.5625 0.2873 0.7054 0.1336 0.4791 0.4263 0.4495 0.4351 0.8339 0.1421 0.1675 0.5287 0.2392
