5 78 10
9033 6547
8047 128
8147 9352
3387 4676
2764 3692
7203 6742
4875 3099
993 9975
8600 7540
7342 3818
5935 8022
2665 2772
1395 3156
1470 8476
9098 4044
4980 3881
3941 7992
8208 5383
4738 4513
2623 2499
9382 4537
2240 9437
7606 6947
858 2871
5255 9009
2519 6653
3381 8883
8418 3135
545 5693
3619 3410
3167 2997
6260 1315
7493 4674
3353 9053
1828 4639
4023 5986
7996 1095
5198 4588
7505 7377
1618 7193
9137 1394
8453 223
5615 851
5690 3004
3477 8620
1273 2556
2688 1745
8987 4166
8864 8852
1587 1547
9772 9617
7289 5589
6147 7087
4759 4226
9977 2107
3273 1033
8035 1392
7962 1541
1612 4981
9457 920
4080 8949
8731 6681
2212 3327
1615 6533
5326 3425
4203 8480
9167 7351
9937 78
2648 77
5703 9993
6385 9564
9331 2220
3691 7099
8144 6916
241 9081
1274 7457
6033 8286
3650 4346
8986 9214
7133 1703
54 3063
6011 3152
744 7098
0.5503 0.1440 0.7402 0.8056 0.2372
0.8674 0.3805 0.4595 0.8166 0.7539
0.2987 0.8646 0.7147 0.6578 0.5312
0.2348 0.7133 0.5722 0.6367 0.7143
0.1749 0.3029 0.2466 0.6978 0.4277
0.7393 0.2171 0.8089 0.7363 0.2461
0.3104 0.5103 0.8285 0.4071 0.4700
0.3196 0.1908 0.5654 0.2230 0.4619
0.3235 0.8314 0.3143 0.7052 0.6475
0.2035 0.8786 0.4884 0.4229 0.6892
