20 255 38
8999 4161
2273 1436
2926 8428
4972 9434
8687 1800
4595 859
4921 285
2534 4585
1902 6537
9123 2081
9084 7453
6202 8000
4880 1420
7047 5634
4926 6540
8589 9543
987 5386
7797 8467
2029 2902
2406 7064
1178 3211
8194 5114
9019 5080
9181 7485
9012 6387
1661 5595
1689 6401
7145 3599
2829 3641
5831 9113
8032 2039
2260 3019
1332 3002
2087 9034
8960 154
902 4188
7434 6572
2808 6093
9998 7957
2178 4609
4570 2360
1416 6725
3454 8676
7724 5093
4347 6193
2215 2811
839 7596
9507 8241
9981 350
635 7675
5614 6647
8916 4422
8816 1544
8251 1968
3696 5114
9659 5021
4623 6036
3256 3541
3795 2146
7820 7015
3086 6586
6658 6692
93 4597
3866 4084
1235 1237
6031 2123
5817 6311
8476 7849
3402 3835
5761 7945
8989 1965
2039 6009
5102 9268
7812 1451
1654 9999
5447 3837
7520 7013
2436 2767
5224 6538
3103 9633
1598 8921
3808 9532
3958 483
7545 2261
9446 5622
442 9957
2614 9195
990 711
3730 352
8443 3924
2230 9292
5500 8378
2291 9206
9035 574
8662 9338
4443 7771
4018 2121
9200 1701
3604 4377
6415 813
4607 5914
1239 1543
698 3049
5452 6359
343 3329
8785 9018
9709 627
2021 2770
5181 5954
3197 3042
7405 2741
7855 9272
1617 1614
7293 3216
8949 7654
8249 7707
6690 2092
932 6874
1284 7958
7333 5784
3689 5375
5989 9887
6720 6066
3906 4956
2293 8120
9608 1073
9431 2683
1503 6598
8381 1190
6119 6266
6886 3617
691 4257
4733 457
7425 2281
9878 4621
147 484
6611 579
3476 7142
5912 7454
262 3640
2347 5654
5067 6037
6835 4109
9419 4621
7413 2095
2910 6477
5466 5809
5153 7540
7145 1981
2122 2497
4660 1571
8021 5196
5078 2007
434 6868
7875 7498
757 7460
3087 9021
6719 1659
5861 920
2622 4690
5606 6290
1990 6191
7726 3
8749 5439
5824 3478
1364 946
2399 7663
756 350
5359 8668
9766 6063
5955 235
5891 8883
6257 6477
5167 2815
6379 1428
8965 6003
2973 3189
7888 1791
5107 2268
6147 6646
4055 5756
7498 2560
7602 7074
1729 9533
2026 1068
5524 43
7879 8334
2778 8212
1701 7110
5741 2913
4660 7266
6584 2240
6521 6056
1148 746
909 8110
5886 2363
5567 1319
5269 7330
5654 3175
575 1658
4220 7953
2706 7309
7718 4972
2143 9404
3346 4256
870 3191
5756 7714
9695 5958
8577 1543
4420 7442
5850 5619
5733 8044
3697 6667
2304 930
4432 7075
3410 9526
1647 3399
6269 9810
3460 1290
8920 52
8988 9591
6961 7380
8045 4662
9243 2658
7564 3546
3173 8468
235 8545
6301 8453
1038 1131
4130 2730
8582 1391
2444 3218
3920 4358
1263 6705
5921 1017
975 2465
9344 654
8225 8741
9648 9101
5648 5242
7413 7710
8834 6302
1432 3301
957 4797
8886 7925
6909 5971
7233 1355
3159 6499
1143 4984
7197 4117
3042 6183
694 3233
1091 6849
9110 7879
7738 7755
1300 3714
4620 8451
2806 2890
2980 9803
5311 4589
9851 8803
916 6154
9521 666
3565 8982
1466 9062
2344 8001
3014 1099
4960 1899
5542 4746
4444 1886
1853 8688
6107 4357
5 2971
4945 2586
1226 7100
0.5215 0.1520 0.4546 0.2548 0.8415 0.2003 0.4852 0.2309 0.4785 0.3362 0.2571 0.7080 0.4079 0.8235 0.1677 0.8742 0.8162 0.7168 0.3088 0.3834
0.4776 0.1910 0.4022 0.6589 0.6863 0.1670 0.1875 0.1900 0.5010 0.6088 0.4829 0.7650 0.1567 0.3220 0.3582 0.6476 0.7885 0.1478 0.7294 0.2533
0.3750 0.6428 0.4861 0.6813 0.8132 0.1023 0.2342 0.1974 0.1583 0.5148 0.7633 0.7829 0.3373 0.6396 0.3243 0.1944 0.3012 0.3398 0.7251 0.2923
0.2846 0.6549 0.6452 0.8728 0.8720 0.5887 0.8647 0.7833 0.2481 0.8536 0.1334 0.5027 0.7410 0.6307 0.1424 0.1661 0.8822 0.5222 0.6451 0.6315
0.7145 0.8000 0.6010 0.2787 0.5417 0.6525 0.2133 0.7131 0.4434 0.2645 0.1187 0.1235 0.7601 0.4170 0.8032 0.4206 0.8547 0.3886 0.4661 0.3883
0.3809 0.1853 0.5893 0.2473 0.5626 0.7281 0.2674 0.7894 0.2828 0.7576 0.4691 0.3918 0.4845 0.2610 0.5498 0.4777 0.7052 0.5234 0.5907 0.1851
0.4048 0.6245 0.8325 0.4306 0.3573 0.3358 0.4552 0.2461 0.8100 0.6861 0.7440 0.6470 0.8932 0.2902 0.4429 0.1408 0.1610 0.5408 0.7086 0.7739
0.4048 0.7619 0.2797 0.5623 0.3765 0.2238 0.1669 0.6545 0.3522 0.1301 0.3637 0.6916 0.2376 0.4159 0.2071 0.4928 0.1835 0.6221 0.5163 0.5323
0.7192 0.5059 0.2100 0.8987 0.1238 0.4043 0.7659 0.5454 0.8748 0.1816 0.1174 0.6990 0.1951 0.8637 0.2498 0.6870 0.8260 0.8851 0.2339 0.3355
0.6168 0.5562 0.5387 0.8691 0.2512 0.7769 0.6466 0.4930 0.6885 0.1057 0.8942 0.8000 0.1392 0.8118 0.6897 0.7281 0.1218 0.8733 0.7219 0.7967
0.7828 0.4843 0.3107 0.1742 0.3645 0.6449 0.4021 0.4491 0.1382 0.7433 0.2319 0.5075 0.6749 0.7786 0.3532 0.4467 0.1337 0.3365 0.8245 0.7497
0.3286 0.2132 0.1019 0.5514 0.3170 0.4149 0.5199 0.8952 0.7445 0.6763 0.6466 0.3528 0.5981 0.2587 0.6981 0.7733 0.2055 0.5253 0.8862 0.2688
0.6506 0.2617 0.7906 0.3369 0.3692 0.1922 0.3803 0.3245 0.7264 0.3759 0.2898 0.3028 0.7640 0.3598 0.4357 0.8022 0.2128 0.5978 0.7261 0.8358
0.8883 0.1756 0.7813 0.5541 0.1174 0.4265 0.2967 0.7498 0.1794 0.6591 0.3508 0.2110 0.5704 0.4878 0.4098 0.1325 0.8933 0.4475 0.8310 0.3016
0.7152 0.7002 0.8629 0.8200 0.6507 0.8215 0.6410 0.2952 0.2247 0.5352 0.5713 0.1211 0.5392 0.2993 0.8947 0.4234 0.6763 0.7035 0.2473 0.1276
0.8276 0.2143 0.1557 0.7246 0.8744 0.1550 0.2093 0.6270 0.4628 0.1371 0.2619 0.6966 0.7408 0.6608 0.2303 0.4674 0.6370 0.6890 0.1650 0.4908
0.5374 0.7955 0.4891 0.7399 0.7869 0.5236 0.1497 0.2651 0.3622 0.2513 0.6795 0.8082 0.6604 0.5584 0.6285 0.3859 0.6582 0.8989 0.8698 0.7426
0.7098 0.8139 0.2736 0.2058 0.7989 0.7282 0.2962 0.3620 0.4666 0.2422 0.6564 0.1408 0.5537 0.8143 0.1324 0.1487 0.6028 0.7662 0.2729 0.8364
0.3404 0.7075 0.5078 0.8781 0.5495 0.7442 0.8407 0.5305 0.5434 0.6917 0.8826 0.5466 0.5757 0.3002 0.2106 0.6110 0.2779 0.6275 0.1042 0.5431
0.6256 0.7962 0.3366 0.6292 0.6300 0.1951 0.1894 0.3183 0.6208 0.1125 0.7780 0.7744 0.1449 0.6405 0.1360 0.4505 0.2419 0.7134 0.6960 0.3749
0.8640 0.8518 0.6791 0.6256 0.2535 0.5943 0.1298 0.4666 0.2482 0.3327 0.1326 0.4365 0.7433 0.5506 0.1554 0.7059 0.5875 0.7624 0.4575 0.5290
0.3866 0.4350 0.5418 0.5306 0.6927 0.1459 0.5540 0.5779 0.2234 0.4237 0.2636 0.5123 0.6248 0.4837 0.4159 0.5138 0.3648 0.3775 0.3435 0.7205
0.2950 0.1911 0.2879 0.7427 0.1603 0.2919 0.2001 0.1036 0.5912 0.5693 0.6547 0.3055 0.4895 0.7849 0.6968 0.3145 0.2098 0.8670 0.2311 0.8330
0.4468 0.1435 0.3483 0.3736 0.2995 0.7780 0.6107 0.1018 0.3100 0.6869 0.8615 0.7875 0.2686 0.8371 0.6398 0.4148 0.3673 0.8028 0.7746 0.8565
0.8594 0.7028 0.2725 0.5812 0.6212 0.8924 0.6983 0.6214 0.4147 0.5181 0.4596 0.2249 0.1310 0.7592 0.8070 0.8522 0.4211 0.2204 0.4206 0.2329
0.5081 0.2349 0.6858 0.3725 0.2684 0.2662 0.5887 0.8194 0.1841 0.7424 0.6723 0.5419 0.4907 0.3501 0.6844 0.3459 0.5895 0.7316 0.8108 0.1794
0.7725 0.3298 0.6476 0.3689 0.3038 0.1666 0.8931 0.7213 0.3327 0.1079 0.4081 0.3340 0.4548 0.8232 0.7591 0.3994 0.3499 0.6437 0.8755 0.6304
0.4742 0.7122 0.4265 0.1609 0.7603 0.2366 0.1420 0.1838 0.8679 0.1710 0.5153 0.8015 0.4519 0.5537 0.3031 0.5086 0.4579 0.5277 0.7373 0.2548
0.6217 0.6165 0.1656 0.7297 0.1915 0.5588 0.5620 0.3053 0.4421 0.5644 0.6459 0.1256 0.4985 0.3699 0.8918 0.6634 0.5698 0.2528 0.2980 0.5524
0.8228 0.4998 0.8449 0.8905 0.5484 0.1423 0.1979 0.3672 0.5560 0.6035 0.6913 0.6279 0.1370 0.4306 0.5521 0.1310 0.5921 0.7964 0.5263 0.4417
0.7531 0.1775 0.8278 0.7173 0.8610 0.4178 0.6521 0.3531 0.5858 0.4264 0.8781 0.4220 0.6863 0.2886 0.3313 0.5504 0.3783 0.1549 0.3011 0.8872
0.2580 0.4253 0.4164 0.6175 0.7859 0.6804 0.8607 0.3185 0.8688 0.6494 0.2674 0.2138 0.2724 0.1978 0.4546 0.4005 0.8668 0.8178 0.5927 0.5430
0.3561 0.7608 0.5433 0.2720 0.4281 0.8574 0.8414 0.7675 0.4004 0.5726 0.3039 0.7082 0.7142 0.6491 0.4787 0.6447 0.8714 0.3997 0.3409 0.4162
0.8460 0.2475 0.5953 0.4603 0.4239 0.5760 0.6229 0.8558 0.8653 0.3096 0.2031 0.6808 0.4310 0.8083 0.2757 0.5662 0.8396 0.4728 0.1840 0.8654
0.7951 0.8642 0.8658 0.2576 0.3571 0.3419 0.4665 0.4985 0.3782 0.8834 0.1533 0.8190 0.8146 0.4722 0.2865 0.1292 0.6322 0.8209 0.2770 0.8273
0.6696 0.8149 0.3826 0.2783 0.8788 0.2834 0.3976 0.5035 0.4489 0.7077 0.6401 0.3812 0.3113 0.4705 0.7785 0.2132 0.1839 0.1641 0.5427 0.2569
0.1908 0.7524 0.7798 0.6680 0.3708 0.4169 0.7739 0.6203 0.6395 0.1705 0.7968 0.7269 0.8577 0.8192 0.6945 0.4533 0.8399 0.3242 0.1604 0.5146
0.5362 0.8322 0.3308 0.6374 0.5183 0.2921 0.6443 0.6453 0.7462 0.4199 0.4856 0.1266 0.3234 0.3615 0.1892 0.4369 0.2250 0.2956 0.1616 0.3812
