11 299 28
4255 4479
2556 5809
1062 1515
4429 4539
1699 1371
3397 7894
531 1962
9284 5208
6230 6441
8797 2564
731 765
3789 4366
98 4741
4808 7853
4561 2580
4664 4199
6239 7647
9117 3618
3305 1662
9367 8166
1731 8096
4379 1233
4120 3272
851 3551
992 9577
5801 824
4450 8752
843 9922
4787 7657
9615 3080
8237 1929
6438 6283
4248 8591
745 4317
807 655
6878 3998
7702 926
5076 3801
9183 7300
9925 5730
2140 4544
4628 1293
2348 6935
1790 8705
2654 9654
7182 875
324 5629
1727 9653
6296 4255
9739 7283
976 8799
8396 4544
7401 3046
1767 9892
1832 1145
6308 4134
2659 783
7522 7886
2084 6584
6358 1195
6519 4027
9041 1143
8764 3245
985 6838
2809 2245
4446 8935
9725 7173
7062 6858
575 253
7035 9087
3465 1392
5239 9774
1693 4102
1984 4635
7714 9730
8643 2368
5024 1626
840 2297
6880 491
7323 2116
8367 7725
9335 895
3504 1061
3825 2798
4344 6032
9725 8708
8558 6066
2431 1896
3475 4646
8853 3380
9822 2900
5306 8919
2374 9248
7141 5675
5463 6241
2118 6845
8642 5625
3008 5805
4589 7549
295 3660
751 3613
9469 9550
843 8834
4414 4209
1508 8049
2740 5556
8872 2119
6579 9311
3286 6868
1924 5621
8347 9859
5741 6371
6241 978
1199 2890
8067 7951
982 4767
6814 3893
4208 3575
625 1516
5523 8915
7002 3724
1862 8167
279 9162
5373 1753
2142 2920
1678 2634
8826 1689
142 3166
7592 8598
7175 9626
6015 7841
862 9375
2357 2636
1708 2308
8925 417
887 244
610 2504
5137 7200
6684 3560
9608 9370
6658 6307
9965 7513
5882 3230
3399 5044
6867 6368
6038 4568
7384 1165
8914 9633
517 55
1908 5391
2312 5360
9566 786
335 1717
6809 1789
3429 689
5116 1422
2322 324
2957 9467
5525 2132
391 8352
715 1837
8178 1301
8460 9804
462 7274
3262 3155
5967 211
8911 3486
3383 7387
2348 9636
4061 1651
3055 2401
7270 9030
8673 1202
3087 9271
5917 3708
7636 9826
4917 4852
5909 8526
7396 3693
8494 8874
1029 5210
9354 8031
3723 3687
8947 227
1039 8043
6039 1034
9337 5924
4037 7044
6707 1833
7496 7006
6538 5462
9232 8110
4182 4784
9861 3356
7290 6735
4627 8320
486 9661
9826 2342
3741 1458
6597 4858
7350 1715
947 4894
2667 4512
9190 7854
6107 9042
7371 7377
4376 7835
2193 4812
6587 8265
1761 1981
6371 5719
5521 1654
548 3723
529 1424
8499 9972
9624 2038
3768 1743
798 1573
6100 2591
2809 7593
9431 1156
7924 270
2035 8269
4488 2320
9783 8121
5995 6885
2220 6878
2656 9774
8946 6721
1519 9947
9887 6103
2221 7773
1422 9278
8765 3585
7643 4371
4424 9283
1296 6748
4788 636
2825 7108
4809 1218
3034 7483
1803 964
6234 5811
428 4134
4811 3144
2605 6287
7727 6874
7328 7592
2122 4379
4062 8233
6515 5160
3409 138
9176 264
7393 5104
7266 8233
1595 8899
9312 5405
805 4913
4163 3382
9968 6316
8792 2017
5813 5098
7581 7613
4804 9588
1818 2182
4145 6209
8524 4032
3335 4492
7122 3822
6522 5262
6209 5279
9887 6590
4725 6518
6850 3432
5216 7799
7593 5776
4861 1762
8872 3202
4015 6872
3542 1641
2145 8043
8351 932
8050 5911
9874 8742
6288 7532
5565 687
7567 6241
2895 9793
9158 4651
6743 5549
159 6228
3149 10000
9881 9819
6639 7405
8101 2028
4858 6830
2566 1699
4395 4361
1224 6132
5228 5376
1155 5879
1333 4484
1884 4006
2296 4532
1243 6575
7876 2053
4502 4107
7315 4722
5228 2986
4245 8008
0.5141 0.2569 0.1557 0.3913 0.1884 0.6725 0.8808 0.4206 0.5118 0.4242 0.3787
0.4635 0.7478 0.3704 0.3284 0.4221 0.4781 0.6765 0.3766 0.4546 0.2183 0.2610
0.5314 0.8992 0.5397 0.7334 0.1891 0.4486 0.8264 0.1291 0.6790 0.2502 0.6033
0.3595 0.1000 0.2072 0.5685 0.1075 0.8394 0.3336 0.8389 0.3300 0.8883 0.4810
0.8368 0.4381 0.3845 0.1584 0.4560 0.5054 0.6009 0.6404 0.1273 0.6824 0.5657
0.5022 0.7825 0.2519 0.1903 0.8085 0.5209 0.1703 0.3424 0.5303 0.3964 0.3652
0.2805 0.5533 0.7581 0.2668 0.4546 0.2167 0.5491 0.1020 0.4812 0.1666 0.4818
0.8507 0.8460 0.3570 0.5522 0.2763 0.8016 0.3109 0.8404 0.1714 0.7098 0.8651
0.3302 0.7531 0.7282 0.7149 0.2920 0.7772 0.7289 0.7219 0.1089 0.5530 0.6923
0.8791 0.2666 0.2038 0.6987 0.4517 0.7523 0.7620 0.4374 0.5549 0.1563 0.7331
0.8638 0.4053 0.7013 0.4881 0.3720 0.8721 0.7004 0.7141 0.1626 0.3778 0.7859
0.4863 0.6916 0.2726 0.3522 0.1915 0.8237 0.7419 0.1509 0.5834 0.5749 0.2038
0.3649 0.4327 0.6069 0.4205 0.7509 0.1405 0.1696 0.8689 0.7618 0.5775 0.4616
0.6121 0.1539 0.5436 0.3277 0.2694 0.5200 0.5567 0.2571 0.7051 0.2238 0.7190
0.7431 0.7604 0.4308 0.1231 0.2200 0.8829 0.7346 0.3260 0.8442 0.5384 0.5243
0.5100 0.2406 0.5225 0.2197 0.7685 0.6031 0.5917 0.5122 0.6435 0.1069 0.1587
0.3585 0.7045 0.3862 0.2136 0.5535 0.7358 0.6805 0.5838 0.6321 0.3838 0.3066
0.6140 0.2855 0.1591 0.6647 0.2043 0.8500 0.6902 0.5321 0.1931 0.3961 0.1284
0.8832 0.5026 0.5694 0.5102 0.5032 0.3682 0.3775 0.6482 0.4176 0.1217 0.3770
0.8946 0.2199 0.2925 0.7802 0.4039 0.5626 0.5067 0.2585 0.7097 0.1896 0.1865
0.1993 0.7995 0.1677 0.3195 0.3413 0.8895 0.6471 0.6345 0.3234 0.2949 0.1314
0.4194 0.3522 0.3524 0.2246 0.7617 0.4842 0.2513 0.1392 0.3309 0.4623 0.8696
0.3186 0.4492 0.2180 0.1068 0.4103 0.7047 0.7846 0.2276 0.6740 0.2472 0.7882
0.8163 0.4155 0.7868 0.3920 0.7066 0.3565 0.4960 0.3223 0.3687 0.2486 0.5839
0.6606 0.5026 0.2541 0.8357 0.8279 0.6826 0.1808 0.2528 0.5867 0.1547 0.5574
0.8313 0.5944 0.5551 0.6073 0.1013 0.8867 0.4176 0.5035 0.1636 0.5853 0.2932
0.7264 0.6374 0.5763 0.3405 0.8088 0.5017 0.5371 0.2789 0.6120 0.4375 0.8885
0.8639 0.2665 0.2138 0.3932 0.4260 0.8003 0.7552 0.4929 0.8113 0.3336 0.4674
