15 569 31
7461 8054
4254 5134
9246 3609
2095 7987
504 2500
7507 5117
8496 8426
5353 2622
822 6695
8933 2992
3743 7752
5731 6338
4583 1033
3714 7168
9313 1590
8308 1897
5039 4402
568 4284
865 5863
8322 1424
4818 989
3154 7959
4290 3711
6841 9680
5438 6316
3440 5997
797 5742
8789 4409
5693 3129
494 6864
8887 6250
5348 7802
5338 5829
9065 6478
4600 2360
1635 4819
4750 2279
9037 9496
9896 117
1182 3094
3376 2957
427 8334
2195 8127
55 3209
7301 6543
412 3817
8794 9205
9914 1510
8676 8049
1941 6014
3769 2204
5512 7331
6863 6833
3624 2530
4121 370
8164 9499
3212 8988
6008 9506
8727 9860
222 366
6887 7939
406 9550
8000 685
3016 802
5241 231
5796 981
2301 941
9200 9086
9680 1900
6633 4142
6032 1800
2386 2087
3556 8266
8154 4943
6686 3035
6669 6494
9161 5765
9668 2016
9372 6203
4035 4052
713 8289
7639 1816
8115 3390
4294 1387
4621 6671
1423 426
9361 5508
6710 324
4329 4581
7343 2842
761 8818
622 1933
2815 9908
3109 4191
7374 4690
2868 4609
4787 9588
7404 6252
6893 1924
5889 472
1401 768
6842 7818
3209 6026
1670 7338
6295 7147
7737 2745
351 3941
2892 8133
2727 332
4307 7205
2406 7602
8959 4676
5838 9148
1965 9786
8338 2215
8844 8267
9507 5064
7203 7856
26 68
7040 5094
2324 7363
1196 3755
690 3600
1254 6749
8937 279
2754 3132
5348 1398
5473 3891
9428 2603
1257 9621
2195 5883
1671 270
4407 370
4538 8618
1258 3228
7807 6955
7319 6896
5969 1258
7063 6769
6387 2317
2799 1836
3839 2020
2288 5965
2039 7030
4875 4021
7822 4243
4261 5992
2519 4269
8764 7039
546 7605
4170 6985
2548 1617
1712 1310
6756 3695
5315 6535
5363 6780
6764 7428
7908 8710
4657 5214
5982 3481
9949 4372
3271 7111
9237 5132
4129 5167
7380 2984
867 1076
5065 956
9756 5412
1182 3360
6800 4050
7350 4267
7838 8322
2328 8355
5807 8855
828 3816
8975 4113
7380 9965
5678 2451
4881 9455
3814 1695
2104 6069
5744 7382
5104 5174
4530 9231
9218 8110
103 7626
7509 5921
7955 4816
5677 9459
9640 5178
5307 3538
96 4476
718 1187
773 1592
2500 9605
3218 6310
7062 3791
4542 7720
180 2869
9695 6671
6209 1560
1186 4750
9398 8195
4857 223
2915 5434
5620 9678
4779 6246
8688 9480
852 2267
5448 1490
2300 7483
3920 6857
34 6122
474 8758
6880 228
3738 2458
272 1465
8040 5010
2904 2969
7122 521
7218 9933
777 7065
7592 1158
5015 2197
3871 9219
5055 9523
4200 2406
7997 2480
8415 7910
296 9032
6716 4942
4682 8168
2541 3367
5908 121
9643 3374
989 8813
3406 9972
9347 7142
9654 7326
1049 4815
2470 3018
5987 5300
5750 6986
1243 223
7474 1295
1944 7510
4356 7641
9952 5012
4179 4317
8788 8659
1825 2010
4783 6667
2537 6113
3159 4054
4582 6830
3141 2916
2032 1685
7438 7356
2217 2471
3349 5208
7192 4171
8432 7522
8473 1531
2842 1253
5569 4972
797 5571
7607 8264
273 7660
153 1567
4230 678
1621 2101
8182 4116
8092 2809
4517 6668
8998 5433
971 2184
5767 1753
8264 6226
6305 3810
2166 308
5940 2431
4218 8821
5643 237
3713 1296
4470 9610
3454 3635
4224 3
3665 8382
6183 8731
5106 7682
9389 2927
3494 6248
4039 3203
7812 9785
9222 9418
7749 6161
693 4925
9703 2157
8546 6568
23 6650
303 3391
6040 2852
692 3462
210 5936
5092 5007
7790 5691
6400 8679
8416 440
2118 3176
6008 7743
6891 8731
7715 772
310 729
3042 8812
7394 3526
1427 2849
4447 1767
6747 4147
8848 3821
8779 221
1125 8725
7460 4920
2438 3633
1734 3181
1817 5796
421 3591
7552 7797
3363 8558
3798 9437
574 7495
2464 4943
51 745
9706 1522
2658 8060
6863 8578
3979 8878
9085 1181
7927 4645
6034 1499
1808 4491
1035 8667
2751 3974
3210 60
3984 7962
9404 8659
6158 7172
8831 5117
1917 6312
906 9826
8285 8150
6742 1832
8490 1262
4625 6570
9911 7975
9724 4701
7707 1026
4289 6330
2764 8310
4817 4458
8200 8268
3276 8675
9979 6539
2611 826
8581 7024
6935 4124
4723 4682
2280 813
6718 7940
7075 1060
8952 1601
7072 7685
2329 6966
7237 8822
2148 7189
1238 81
4545 9450
5983 8624
3780 8707
9617 4629
110 3497
4161 1407
2196 1916
2512 4098
3161 5776
1819 123
4954 2587
534 7340
4436 7870
1630 5497
8871 1261
7518 9096
35 7059
1243 1045
2014 3607
7058 4221
3025 330
6742 855
511 5853
4715 3339
634 28
3472 3304
9916 1612
671 5167
6753 8728
1811 8405
3996 1221
4262 4197
670 5664
8813 1352
5428 6475
6500 7399
9039 5867
5523 2584
4104 9646
9780 4169
5169 4293
1019 1257
8418 5547
5062 9909
3538 1982
3098 6188
4838 5267
1671 2492
2413 4740
1558 957
2078 2057
4064 4774
4072 9249
6489 5845
2641 9350
3997 2809
8820 9677
2757 6440
1400 3011
6988 7487
471 702
4404 7125
3933 7139
2853 9355
1662 9742
6451 9186
9035 2831
2278 2345
8806 5525
8906 6004
4304 560
6511 8873
2102 4494
9071 9908
9751 4820
6207 1134
2235 6063
8869 8896
8449 5272
1795 1108
2871 7354
9778 3157
4234 2266
5952 8205
5274 6122
9148 2977
7015 547
179 5521
5786 6566
1110 5115
4263 3837
7076 6936
9332 5360
8620 738
5645 7602
8128 2102
9760 1054
4124 877
1045 4434
1314 7316
5973 6367
4334 6920
9265 3266
4598 7347
8736 4702
3773 5515
5013 8662
2207 2926
8721 4900
301 3283
7772 1342
5967 2244
3073 9314
9786 4935
8942 4881
950 321
3187 9371
5407 2836
6662 7773
8824 7371
5070 5660
1480 5195
7788 3828
8458 291
1079 3188
9733 8503
7776 8712
847 8663
6294 6140
9147 499
9773 8626
4022 2216
6198 4911
4364 3626
4445 8808
6753 5750
8448 3146
865 6370
2833 2291
2501 2364
3454 287
140 8664
6489 4451
4390 2599
3633 3022
2959 8466
2018 8826
9683 8015
9495 8354
9319 5253
2628 6866
2987 8262
8154 3576
6038 2479
5855 9881
7740 924
8208 1678
5888 2167
9100 5252
6141 9786
2624 7055
699 2314
8447 7229
2630 1034
1681 457
2375 8738
9085 5099
1890 4090
1455 8151
8156 8454
5524 2738
7282 5123
3977 6656
9662 5644
4517 4298
7610 4057
7276 4917
1324 6647
9466 646
3362 2401
7236 3442
97 2963
3775 888
7881 79
1850 4715
5586 6038
7917 6439
9951 8491
2436 3274
6384 7770
1553 497
8988 7646
9552 557
2869 5894
7266 1093
5621 7489
7401 4038
4140 6503
2913 4220
5493 3560
1534 4434
7718 5011
7530 8765
2475 8119
9684 9238
1137 216
5357 8619
4748 3185
3118 5125
0.4501 0.3475 0.5809 0.8826 0.5173 0.4859 0.7824 0.1733 0.2112 0.1185 0.6795 0.2327 0.1604 0.3925 0.8716
0.2961 0.2642 0.2198 0.6728 0.8090 0.4598 0.8555 0.8837 0.1430 0.3476 0.4036 0.8660 0.6082 0.3449 0.2450
0.1715 0.5391 0.5566 0.1132 0.3507 0.1901 0.4029 0.2666 0.4000 0.4079 0.8015 0.3348 0.3658 0.7824 0.2613
0.7077 0.8624 0.4387 0.6111 0.5077 0.9000 0.2083 0.5004 0.5631 0.4102 0.1023 0.2396 0.4023 0.3544 0.6236
0.7381 0.7531 0.5246 0.4146 0.3694 0.8576 0.3894 0.3709 0.1352 0.1734 0.1721 0.2291 0.3913 0.7364 0.5701
0.5340 0.5574 0.6021 0.7653 0.8791 0.8248 0.5372 0.6944 0.4292 0.3852 0.3660 0.5679 0.6750 0.1281 0.3089
0.5910 0.6182 0.5705 0.1894 0.5687 0.8348 0.7798 0.1349 0.8951 0.4827 0.8937 0.1019 0.3607 0.6989 0.2841
0.7186 0.6741 0.3049 0.5179 0.6600 0.7372 0.3938 0.7911 0.7758 0.6150 0.8204 0.8968 0.5333 0.6842 0.4430
0.6454 0.4467 0.5512 0.1765 0.6511 0.3866 0.5559 0.1395 0.7347 0.5631 0.3407 0.8252 0.7265 0.5826 0.1184
0.5372 0.8552 0.7456 0.2906 0.1541 0.7256 0.2891 0.3572 0.4773 0.1023 0.5441 0.6961 0.8977 0.4189 0.8485
0.3206 0.8943 0.6946 0.3257 0.2571 0.1804 0.2230 0.5833 0.6491 0.4921 0.5325 0.1833 0.5389 0.1459 0.8380
0.3108 0.1361 0.1129 0.6195 0.1104 0.8775 0.6912 0.4158 0.2188 0.7503 0.3455 0.3640 0.5691 0.2170 0.5637
0.2989 0.5606 0.4534 0.2344 0.6011 0.4783 0.3931 0.5810 0.8391 0.2991 0.3996 0.7241 0.4222 0.7989 0.5704
0.1275 0.7864 0.7496 0.1663 0.2177 0.2565 0.2600 0.1544 0.5405 0.3273 0.2092 0.2439 0.7219 0.6364 0.6351
0.3202 0.3522 0.7616 0.1925 0.7384 0.2501 0.1635 0.4794 0.3901 0.5966 0.2932 0.2966 0.5395 0.1406 0.6920
0.6488 0.6399 0.3052 0.1949 0.5168 0.8016 0.3156 0.4373 0.7141 0.4329 0.1312 0.4395 0.4045 0.2470 0.3603
0.5401 0.6287 0.7611 0.2125 0.3131 0.7999 0.7799 0.2489 0.7006 0.8415 0.5701 0.5398 0.3428 0.2509 0.7628
0.4025 0.5500 0.7495 0.8003 0.7456 0.8115 0.2395 0.3261 0.6280 0.8202 0.8591 0.5997 0.1380 0.5930 0.3179
0.3282 0.6782 0.7124 0.4173 0.1486 0.2774 0.6581 0.6335 0.2322 0.3551 0.2361 0.4516 0.5540 0.7839 0.7540
0.2717 0.5076 0.1215 0.3641 0.4080 0.4406 0.8850 0.8811 0.4975 0.4257 0.7926 0.6283 0.2396 0.1238 0.7629
0.5520 0.2445 0.8485 0.7270 0.1080 0.7447 0.6011 0.7366 0.3646 0.1480 0.8131 0.6418 0.7239 0.5187 0.3906
0.3582 0.7054 0.5022 0.7894 0.7979 0.7291 0.4024 0.4901 0.6612 0.7925 0.6328 0.6071 0.6081 0.3723 0.1769
0.3742 0.6108 0.2112 0.1235 0.7111 0.3626 0.3002 0.2436 0.6809 0.1626 0.6184 0.4333 0.5506 0.2208 0.1279
0.2044 0.8246 0.4963 0.1525 0.7574 0.4036 0.3662 0.4691 0.1609 0.6978 0.3598 0.6253 0.8733 0.3194 0.8781
0.7898 0.1008 0.6727 0.3317 0.8388 0.3010 0.5550 0.7062 0.3781 0.5653 0.7371 0.5616 0.3533 0.8572 0.6424
0.2167 0.3666 0.2440 0.3090 0.2373 0.5035 0.1206 0.3225 0.4928 0.2969 0.6874 0.8322 0.5299 0.4183 0.1371
0.1463 0.5029 0.4227 0.2757 0.5105 0.6926 0.3570 0.2041 0.6732 0.6240 0.2613 0.4574 0.5862 0.5602 0.5581
0.3920 0.5988 0.6088 0.3256 0.2302 0.6006 0.3383 0.2810 0.8680 0.3093 0.5941 0.6587 0.2047 0.8879 0.2427
0.2675 0.2675 0.6823 0.8133 0.2020 0.3909 0.8586 0.8100 0.3191 0.2211 0.5760 0.1885 0.8345 0.3098 0.7682
0.5277 0.4076 0.5324 0.3128 0.3269 0.7866 0.7381 0.2796 0.3147 0.1642 0.3547 0.3826 0.3679 0.1769 0.7528
0.8652 0.8853 0.6015 0.7064 0.4771 0.4925 0.5041 0.1700 0.8964 0.1740 0.4332 0.6998 0.1237 0.7779 0.6814
