8 125 20
2537 800
2969 76
9014 6219
1862 4430
5136 311
286 5500
6582 6061
6505 890
6815 2441
1121 57
5888 6517
5791 2662
7679 7566
6888 7360
4687 2073
8159 8425
8555 6518
2859 7966
6925 6507
4652 9160
5622 1746
7776 714
5140 9486
5033 9824
5086 8259
7357 1982
1337 3259
6926 6091
7264 7677
4202 4413
7991 3372
4999 5461
8392 9149
4650 1960
3988 3232
9878 803
7354 4708
1160 188
149 1856
2894 1100
8683 7966
4429 4254
7772 9388
2089 661
3260 2054
3335 7654
4649 9487
4044 2411
4086 3405
9831 6391
6493 6852
1801 9504
3407 2503
357 9600
4829 2488
6914 5008
3231 754
2220 1906
1877 3368
8064 6601
7113 5147
6347 2169
4183 7604
6402 3429
8780 2771
9964 1069
9362 511
2677 6239
340 6555
3244 5270
4164 8129
4967 3706
5143 2180
5535 4868
1869 6059
2329 1458
5687 3897
5289 7774
6629 6832
5067 6929
7922 4335
2878 3697
448 8120
3682 8450
9537 8551
6162 204
4085 5502
8970 1588
3687 7511
4442 3605
7477 9513
9408 5262
6788 3088
634 5400
7673 2451
6291 5523
3880 9052
670 2630
6925 8256
2835 9243
9295 2840
8799 9998
855 6862
6542 3439
3712 2493
3987 11
4681 4093
7508 3630
6782 9349
8922 8133
6945 1742
8790 3246
3451 1826
681 5840
194 3289
9281 4396
7465 586
9589 5078
2240 6522
9417 9980
2347 8180
8664 9101
7456 6225
255 5770
8098 6705
9528 8122
3312 9367
2686 1187
7373 7035
2882 8656
6702 8437
9166 7872
3985 4816
0.1143 0.5315 0.6717 0.7701 0.2977 0.4162 0.4931 0.3445
0.7794 0.2129 0.2248 0.2609 0.7075 0.4077 0.1646 0.8465
0.6175 0.4144 0.6684 0.6025 0.2821 0.7395 0.3326 0.5639
0.4633 0.2762 0.4125 0.3788 0.5906 0.1103 0.3703 0.2391
0.2279 0.8891 0.6077 0.1544 0.8226 0.2702 0.3560 0.4529
0.4805 0.4572 0.1497 0.5098 0.2271 0.4928 0.3905 0.4546
0.5166 0.8106 0.4316 0.2025 0.4242 0.4948 0.7513 0.8394
0.1785 0.1362 0.6166 0.7976 0.3281 0.4026 0.5578 0.4690
0.6890 0.3208 0.7743 0.8959 0.3176 0.2665 0.1874 0.6677
0.1463 0.1096 0.7497 0.3361 0.6450 0.6130 0.7495 0.3560
0.3728 0.3327 0.2883 0.8623 0.6087 0.7198 0.8305 0.3011
0.3289 0.6121 0.6501 0.8790 0.8879 0.1108 0.4172 0.4317
0.7213 0.2430 0.4184 0.4634 0.5607 0.8206 0.5617 0.6018
0.1986 0.8913 0.2774 0.7755 0.1787 0.1912 0.5091 0.7154
0.6181 0.4945 0.7423 0.5080 0.3295 0.1810 0.2313 0.3739
0.1884 0.6938 0.5058 0.5289 0.7875 0.7736 0.8455 0.8902
0.4396 0.6614 0.3505 0.8011 0.2904 0.3464 0.2757 0.7910
0.5691 0.1561 0.3339 0.4133 0.3099 0.7672 0.1805 0.3539
0.6541 0.6090 0.2437 0.2700 0.5810 0.2970 0.3692 0.1442
0.7357 0.7760 0.2126 0.6232 0.7973 0.5032 0.8067 0.3370
