15 490 31
7397 7112
4255 1554
6378 9675
7841 4144
6209 3492
3668 4085
7709 5203
34 4154
4438 1713
1390 9527
2111 7102
8617 1044
7867 8252
7906 615
3521 5495
468 5988
2916 4343
3221 1461
5498 8638
6206 2675
3220 7177
341 8701
1261 7713
517 8374
8148 3721
154 238
3183 6474
9722 8172
9701 2140
9249 2832
4914 4621
1080 5446
567 9539
1227 9092
6373 2287
1233 9672
2768 640
2550 4446
358 5052
3391 7422
1740 3309
3929 4883
1118 3913
6388 6184
4221 5413
5069 7067
7379 1481
6110 613
7723 9459
3050 6930
743 571
71 2329
2798 8946
3823 2492
5378 5501
10 6689
3087 8271
3668 381
667 1617
2999 2135
1426 5354
8127 2341
8471 2072
4047 1694
1245 417
8198 4273
6351 6979
7780 4232
6946 9439
6888 6015
7190 6151
4297 5846
6689 6869
3079 9873
7538 9852
6023 5025
5898 8195
4707 7913
41 916
8593 5167
2177 1311
5743 8110
2119 9378
9344 3633
9437 7083
8057 139
5401 660
2946 1249
5308 4196
8915 8574
7601 9128
6603 8950
7691 9688
1401 5766
3227 6053
6201 3773
9101 6175
44 6589
6213 6660
7221 9797
2248 6336
8055 5613
7432 9355
5095 9832
885 1100
5307 2188
9626 580
6212 413
1441 4696
8197 3602
2852 5338
8071 9684
317 70
8691 9219
9904 7854
2486 2217
4899 3530
5051 2736
9317 4726
9398 7286
417 7793
7715 3737
1601 4148
6506 2454
7492 6976
1906 3631
5284 1618
4240 4408
3984 7563
8239 644
8738 6225
4161 6124
2212 6585
9799 2235
8063 6669
6337 8619
4305 6933
3290 8215
6579 563
1819 4064
1742 1857
2544 3882
3149 4259
6127 1406
5884 6112
9788 9613
4918 8387
349 9643
159 4608
8516 1139
2358 1692
6538 8199
4699 4622
8716 586
5047 3938
8464 9580
6803 9993
6220 3936
3560 5937
6253 7487
8465 3152
4678 3885
9507 840
516 4181
4752 8886
6098 2515
44 8805
4947 522
3767 7550
3124 8095
7230 7902
5221 7432
8662 8948
575 6077
6018 2417
4172 9848
7326 2620
2146 9674
978 9261
8944 999
980 3273
902 2638
4589 3564
8796 996
9346 2714
6162 6390
7198 4123
4272 5321
2465 9109
6237 8471
3610 9845
4086 6226
2005 2869
53 9624
299 9878
7293 8662
9769 8797
9471 1719
9145 1810
4589 4298
3919 6381
2916 5859
187 5462
8707 1324
2856 3416
7192 765
9760 9871
8366 5504
8474 7458
4172 2863
9267 879
6466 5536
6140 129
1706 7209
5891 3615
4943 7691
3650 2630
8978 8776
3973 8869
9239 268
8370 959
374 4554
4520 6082
7151 2827
196 7317
332 9255
5959 5160
2977 8322
6799 2739
9521 2458
6631 3240
783 7765
3434 6533
9881 5492
7267 9400
9679 3550
2563 1208
4229 2435
2755 5368
1862 8644
2275 4464
4751 7164
1493 5815
2341 1004
6690 7121
4125 965
1492 9988
3139 3568
5621 5005
7542 9576
1008 5701
5044 4648
4295 3303
2191 7857
1358 7196
7359 7337
2950 3600
2007 8080
1943 5662
391 5348
5299 763
2401 3077
9886 1338
9566 1476
4704 199
7757 5497
5414 5989
5144 2029
8827 2168
3124 9628
2698 7231
5800 2959
3708 5712
6968 1251
3257 1316
4254 2994
1414 6574
6015 7686
2068 3300
8865 2692
5130 6296
1196 6485
284 6005
2220 8487
3616 6612
812 4379
2592 898
7834 3498
2735 428
968 5172
5336 2966
3475 2337
1059 2053
9494 999
1456 5109
6894 6592
2526 3692
9207 5856
5572 8996
5587 5273
2112 9085
3637 7289
602 6962
7620 5270
6840 1429
5308 8678
8346 2697
4424 8515
2627 9619
4756 7313
312 5174
4268 6526
5404 5112
8648 6309
2867 330
1339 6020
2411 3901
1122 3144
4682 5577
6111 9124
2168 7965
7324 9936
2895 644
5254 5990
3952 9095
4085 5237
1624 7985
4134 394
8420 9367
5418 9126
4906 9645
9924 9595
7930 7088
8183 3357
1103 5132
3887 5957
9229 6433
2319 1281
9925 9159
2540 2654
8942 2069
7763 1146
4866 1516
9781 1191
8620 784
63 9439
6690 1156
6717 9348
663 2615
1482 7643
142 5280
9017 2163
2265 2394
2154 6669
9625 1343
1828 8047
6516 9758
568 4906
6260 9352
19 3860
5852 9257
3805 3223
2909 1660
8395 343
726 1748
2462 9452
4369 9963
18 8066
622 3745
3654 4963
5717 1588
4218 8281
6401 9323
1543 8939
2888 7619
505 8699
5442 1124
2452 6733
9111 5081
1360 7582
2817 8523
2671 745
4224 6335
4245 3839
7204 2341
6805 7115
6773 8658
1403 8794
5829 9102
3471 8444
7020 8816
4040 2055
7839 7025
19 9107
3457 6998
1696 3440
1451 9699
5115 356
4688 8419
7481 4578
4045 8766
2582 9490
7668 4720
1537 1818
3016 246
3620 2981
2799 3166
2514 7901
8418 6512
3090 2813
4255 7781
837 7295
1109 4983
6432 3925
8444 5741
5550 9198
9217 4603
8075 6868
3999 5957
4059 2769
3830 2277
9050 2670
2637 4354
663 4283
7905 7950
7989 6415
8969 202
5020 2407
1880 8785
270 6565
8995 5707
6978 9619
1217 2182
6455 8305
5533 7501
6304 5072
1532 2135
3712 2067
7363 4907
8927 4261
6081 8378
7130 3462
1724 4505
6180 8114
2163 4114
3711 729
7022 10000
3095 4795
4061 249
1555 5662
3008 554
5506 9290
7119 5180
9727 804
2546 1504
9142 2315
3376 3606
9234 9055
5808 7237
362 2585
9784 6635
585 4543
5840 2157
8530 990
7080 4536
2297 3761
4220 6004
8287 6147
9758 3624
5351 4858
6799 1918
6839 5809
525 362
3854 189
7198 9694
1530 6462
6027 6978
7722 3319
8024 16
3456 4172
1803 6556
7789 9010
9743 1557
4591 9044
9663 6071
4564 6566
6437 6888
4577 9951
6253 4616
1682 5296
7213 5262
7264 7047
9072 4842
1950 6021
2771 9527
8185 3890
409 2454
5546 3811
4023 7954
186 1923
7430 6063
1360 6784
2923 8840
3369 4805
8220 1515
0.7262 0.1465 0.3768 0.1667 0.3711 0.7450 0.1391 0.2743 0.5930 0.8953 0.2241 0.4605 0.7725 0.1860 0.5901
0.7251 0.8687 0.3636 0.1002 0.2302 0.2736 0.1294 0.6312 0.6339 0.8397 0.2178 0.2798 0.1754 0.6115 0.2315
0.2261 0.1349 0.8575 0.3027 0.8083 0.2843 0.8349 0.1938 0.5506 0.3789 0.3532 0.8028 0.5288 0.6922 0.5773
0.2028 0.2098 0.2277 0.2214 0.3238 0.1371 0.5466 0.3590 0.8346 0.3276 0.6262 0.4248 0.1780 0.5921 0.1485
0.5488 0.4069 0.7531 0.5380 0.5219 0.7470 0.6700 0.1375 0.4664 0.1166 0.6099 0.8361 0.8151 0.3167 0.3075
0.7371 0.4542 0.2996 0.5447 0.8057 0.4451 0.6669 0.5409 0.6491 0.8019 0.1150 0.3635 0.1963 0.5761 0.3521
0.4265 0.4119 0.6416 0.2986 0.6133 0.8910 0.4977 0.7405 0.4876 0.2281 0.3906 0.2997 0.7923 0.8906 0.7690
0.8103 0.8410 0.6420 0.8423 0.3605 0.4431 0.8500 0.4436 0.2036 0.2344 0.5147 0.2028 0.5321 0.6672 0.3261
0.5254 0.2017 0.1234 0.3149 0.3296 0.6379 0.3415 0.3017 0.6990 0.4861 0.1756 0.4436 0.4257 0.3034 0.1722
0.7788 0.5886 0.5843 0.6751 0.3604 0.8046 0.5338 0.3055 0.6632 0.6713 0.6876 0.5971 0.4416 0.1098 0.3686
0.2114 0.3499 0.3080 0.5541 0.1874 0.1147 0.7199 0.2374 0.4095 0.2547 0.1510 0.1542 0.8162 0.5173 0.6268
0.8791 0.7466 0.6864 0.3735 0.3766 0.3973 0.2861 0.3323 0.5873 0.2292 0.8060 0.3955 0.6301 0.6278 0.8351
0.4913 0.5011 0.1541 0.4170 0.5902 0.5461 0.2053 0.8556 0.1820 0.5371 0.8128 0.5514 0.5726 0.4188 0.1475
0.7009 0.8743 0.5484 0.2518 0.3681 0.8027 0.5684 0.5185 0.4640 0.2525 0.5652 0.3443 0.4767 0.3687 0.1458
0.1469 0.5926 0.3390 0.8391 0.5510 0.4993 0.6036 0.6533 0.7279 0.1332 0.2704 0.1830 0.8854 0.3725 0.8073
0.2395 0.5326 0.5968 0.4934 0.8298 0.6726 0.7528 0.4849 0.8339 0.1701 0.3171 0.5800 0.2172 0.5388 0.2136
0.8160 0.5916 0.2257 0.6978 0.1550 0.5895 0.3680 0.6317 0.3123 0.7812 0.3699 0.7115 0.5586 0.5827 0.5789
0.7617 0.1894 0.6270 0.4597 0.4885 0.4561 0.2979 0.7380 0.8822 0.6695 0.4601 0.6191 0.3652 0.3148 0.7114
0.4586 0.7730 0.2353 0.8788 0.1751 0.6597 0.3653 0.3886 0.3868 0.6021 0.6255 0.4014 0.1326 0.5177 0.1089
0.5450 0.4805 0.2513 0.1014 0.1996 0.6836 0.4905 0.4186 0.5813 0.1978 0.3911 0.3307 0.7976 0.7739 0.3238
0.5930 0.2395 0.3171 0.8928 0.5895 0.2134 0.2224 0.5154 0.3926 0.8816 0.6091 0.7617 0.7334 0.6157 0.6587
0.3510 0.1592 0.6303 0.4901 0.3166 0.3056 0.2204 0.6627 0.2361 0.4886 0.2298 0.5393 0.3459 0.7117 0.8101
0.4455 0.6316 0.2954 0.5331 0.6765 0.3477 0.8654 0.3148 0.4007 0.1727 0.1468 0.5597 0.5725 0.4942 0.1241
0.5350 0.2229 0.5437 0.3281 0.1433 0.1254 0.4298 0.4187 0.5767 0.5312 0.1992 0.2146 0.8273 0.2324 0.6451
0.5255 0.1466 0.8963 0.6401 0.8076 0.2629 0.5666 0.1682 0.8674 0.5758 0.4049 0.5555 0.3905 0.4576 0.6212
0.8197 0.2723 0.5223 0.3810 0.3370 0.3998 0.1207 0.8094 0.7946 0.7146 0.3446 0.8717 0.8904 0.4624 0.4292
0.7562 0.8789 0.2403 0.7105 0.2596 0.6533 0.8867 0.5792 0.3935 0.6428 0.3412 0.2231 0.4538 0.3930 0.4400
0.3262 0.7114 0.8722 0.1453 0.2129 0.3081 0.6407 0.2316 0.4055 0.5670 0.2367 0.8985 0.4826 0.2327 0.5478
0.4001 0.2029 0.8015 0.6648 0.2507 0.5876 0.6776 0.3521 0.7726 0.3010 0.3319 0.5886 0.3597 0.4526 0.6161
0.5023 0.7562 0.5915 0.7171 0.7786 0.6662 0.1109 0.7608 0.3482 0.4773 0.1993 0.1578 0.6259 0.8254 0.7985
0.8100 0.2910 0.3253 0.1483 0.6824 0.8740 0.2984 0.6832 0.3143 0.4466 0.6876 0.2072 0.5846 0.5649 0.3688
