11 347 32
7519 202
8344 3154
3094 4341
6892 3861
831 8799
7973 3540
1554 3991
8410 563
6630 9572
5883 4016
8397 166
8615 5451
5139 5961
6432 7395
4335 5833
8643 8011
3200 2393
3715 6949
4227 4589
8138 666
6138 7307
3986 8939
3144 1273
8294 3619
6811 9285
4498 4883
7114 4572
5845 5024
1465 6485
4817 9898
8531 9046
9511 7945
6538 7245
3620 4731
7480 4227
6965 9793
9425 7789
6690 7237
5043 2779
3716 1218
444 7847
3584 3465
4841 7085
6143 4843
6469 6249
6711 2044
1324 6253
8833 8487
3433 3750
3838 2165
2804 9798
9104 1002
8427 3625
8340 1697
5971 3339
1439 4367
4678 2489
5232 8479
9287 4434
1583 731
2282 370
9267 8949
731 3667
5694 5889
683 9614
3690 2995
8248 1422
7778 7907
6435 3735
1102 3241
9301 7406
5517 8533
3327 3714
1604 4270
7385 2213
6094 6562
1046 1787
8215 2618
7447 397
8634 5919
9393 2620
5795 7573
2224 1274
1773 2247
2219 1473
8027 8993
3442 3289
2239 2626
1833 7367
9815 1188
6718 1777
8017 873
1702 2878
8060 9533
8114 3254
4719 7068
3580 483
4361 7421
3900 5180
1275 2806
6290 9953
1371 1071
8174 3716
1436 2800
6455 5975
4607 1560
8096 4972
1793 5261
7959 4845
7992 4239
3617 7704
3116 7133
5301 6183
5579 7487
5771 4743
3239 9539
2201 8537
336 5101
6018 2540
8936 7389
9733 2267
5366 9251
2546 676
4886 1223
464 9126
1695 41
3776 4923
2424 7832
6312 1961
4761 5667
4589 8256
3810 371
1145 5372
7567 7558
7812 2453
4257 5396
9032 4160
7374 821
3818 5517
4090 1324
550 1023
197 3824
2481 7748
3810 9655
9106 9795
8902 2384
7380 112
7638 6725
6019 1331
4858 5248
101 5893
871 728
6227 2948
6729 98
1318 3805
6085 8193
5944 6652
6848 5855
3755 667
582 9106
592 7638
1875 5792
4448 7901
5822 5295
7744 8912
8088 1735
8755 9987
6729 3996
3420 7480
6546 2339
5100 540
5555 8186
4023 6765
2042 8746
1843 6356
5126 6673
5254 4283
3910 862
7018 9137
2103 9476
3905 8572
5957 9595
5605 2680
7210 2603
8182 9405
9733 1269
9115 7457
6549 5177
1450 823
9735 7945
2132 6821
6354 5926
4113 8826
371 9456
2852 9912
5835 9716
2689 4810
1508 6050
2441 3324
5004 1335
5206 160
4031 8445
2912 9510
3732 2848
9829 7251
9316 5500
329 4479
3449 9886
6121 2732
3746 9406
8689 4430
8230 2236
9062 4267
8842 4184
9757 831
83 8343
8656 4769
1764 4823
4709 2887
4653 1118
9815 2952
8875 4831
6491 913
1933 4334
1476 6748
7533 10
90 7065
5662 783
4705 5428
4087 6894
4515 7676
2118 8091
3022 6105
9135 5113
4084 7443
9052 2547
1583 5368
8984 3019
3261 7768
3721 974
4131 860
1930 7453
9304 7059
9161 4335
3570 3719
507 7554
2995 1668
8123 2811
5022 7457
7851 4957
4286 7699
6728 5839
6152 6108
1234 7752
6716 1574
7656 205
691 3485
2146 5793
5232 802
3933 3849
8494 5216
725 215
8517 3541
4767 5839
158 460
8995 1474
1756 7291
7647 7485
6320 9225
6231 4049
3355 69
2479 9344
9160 5495
437 1632
2446 2249
7834 7284
37 9474
8745 6402
1668 9504
3402 8929
412 2556
7746 7114
9405 1684
5102 6914
9486 9300
1305 1986
8430 8676
5828 3885
7121 470
1407 1291
342 3461
9891 9815
7864 4644
9825 1699
9139 8839
7554 6787
5641 3463
25 4186
5605 2246
217 4707
5601 9989
2357 1942
151 8962
1 8408
6522 7848
976 5516
5202 1171
4539 1175
1291 3202
7523 9042
510 4783
2597 4731
627 9911
1880 9226
8421 684
6272 9001
9574 2943
9344 9752
1886 5681
478 7046
2089 3125
2616 1231
1097 9316
9450 3667
3327 4544
1647 6328
3559 9924
5370 5781
4526 9794
2953 254
1801 3346
7992 2617
748 8340
3299 6799
1067 3494
4300 1865
5652 9212
5844 8661
3486 3431
9829 9526
8820 3299
2825 353
3558 5525
1855 862
3470 479
6317 5652
6849 5231
7908 3780
8806 351
231 8569
2743 6876
9807 3462
4073 7288
3715 5251
3453 4014
7349 4740
7178 2866
1816 383
0.4224 0.1396 0.8689 0.4058 0.2129 0.7006 0.3310 0.8281 0.5513 0.6473 0.5789
0.5719 0.1222 0.5048 0.8997 0.2532 0.1791 0.5153 0.1230 0.6069 0.7827 0.7360
0.6506 0.2633 0.2116 0.5999 0.7727 0.6584 0.6978 0.4974 0.5526 0.3285 0.1266
0.8873 0.8328 0.6943 0.6602 0.7615 0.2358 0.6796 0.8763 0.2131 0.5569 0.4106
0.1617 0.3719 0.4742 0.4002 0.7950 0.3840 0.1198 0.6219 0.6978 0.6867 0.3033
0.2540 0.7214 0.3768 0.7801 0.3655 0.1161 0.7121 0.4767 0.1764 0.2430 0.6654
0.7173 0.2478 0.3987 0.4459 0.2212 0.6392 0.2113 0.6525 0.4723 0.7168 0.4995
0.7951 0.1488 0.8759 0.3760 0.7741 0.6002 0.4853 0.8925 0.1583 0.4796 0.6683
0.4243 0.8190 0.3614 0.3216 0.7841 0.8559 0.8425 0.5299 0.5850 0.2020 0.3642
0.7044 0.6491 0.8550 0.4856 0.6835 0.7369 0.3869 0.2440 0.7459 0.6879 0.4334
0.1793 0.6118 0.5299 0.7094 0.4568 0.2699 0.5798 0.3631 0.3180 0.7612 0.5951
0.5911 0.1458 0.8547 0.3518 0.7959 0.2100 0.8699 0.5388 0.2998 0.7064 0.3997
0.5065 0.4825 0.6785 0.6738 0.3374 0.1877 0.8119 0.4456 0.3783 0.1666 0.2757
0.8261 0.2190 0.7579 0.3241 0.2689 0.3710 0.1283 0.3176 0.7340 0.3461 0.7897
0.3754 0.1402 0.5712 0.4525 0.6064 0.2651 0.1354 0.4059 0.5000 0.5056 0.2323
0.3693 0.4471 0.7213 0.4798 0.8581 0.3596 0.3465 0.3979 0.5133 0.2710 0.1409
0.5576 0.1658 0.5484 0.3611 0.2171 0.2760 0.2205 0.2070 0.3830 0.3767 0.6518
0.4070 0.1136 0.8013 0.5349 0.1441 0.5519 0.8169 0.8631 0.8952 0.2220 0.2359
0.2371 0.1849 0.7635 0.6036 0.8794 0.7084 0.6425 0.7592 0.3148 0.7643 0.4320
0.5899 0.4787 0.4375 0.6233 0.1392 0.5940 0.5793 0.4390 0.8768 0.3374 0.5423
0.7929 0.4476 0.8900 0.3179 0.3814 0.3190 0.1015 0.5604 0.1779 0.6575 0.1277
0.2430 0.5922 0.3758 0.1231 0.5916 0.4060 0.2385 0.4638 0.6409 0.2320 0.2032
0.7827 0.4232 0.6432 0.8374 0.2800 0.8776 0.2162 0.1969 0.2155 0.5417 0.4336
0.1792 0.7579 0.7548 0.3710 0.1638 0.3058 0.4511 0.6157 0.4345 0.5365 0.6086
0.5848 0.3005 0.6592 0.6925 0.3062 0.7943 0.5152 0.8689 0.1209 0.1957 0.7351
0.7403 0.1396 0.6748 0.3524 0.3834 0.1594 0.2556 0.5331 0.4894 0.4211 0.1377
0.3905 0.5246 0.3649 0.1852 0.6622 0.8945 0.6118 0.4509 0.3337 0.5559 0.6100
0.1444 0.3471 0.2975 0.7730 0.4810 0.1288 0.1954 0.8238 0.1639 0.8799 0.2116
0.3735 0.2355 0.4279 0.4750 0.6723 0.1123 0.7863 0.4901 0.4012 0.6483 0.8693
0.8066 0.2100 0.1385 0.6464 0.6823 0.1322 0.7587 0.5427 0.7528 0.3436 0.7718
0.4622 0.7750 0.5443 0.6122 0.5295 0.4460 0.7969 0.4844 0.1895 0.7631 0.4013
0.1293 0.4319 0.8193 0.2584 0.4490 0.4514 0.4801 0.8069 0.8129 0.3168 0.5564
