20 589 47
7257 2580
6457 6209
1142 911
8629 5621
4403 5692
86 6168
7789 7307
38 9359
8884 12
4898 5351
8190 7135
4166 6957
3088 4824
969 2173
9499 6310
8780 3127
5744 6319
8253 7742
6626 4775
4712 8399
3795 7006
7126 6263
386 6496
5975 8733
5877 8114
459 5959
8648 5760
9064 1028
1010 7581
85 9131
2424 8559
5622 5536
3720 9480
1399 1840
6030 8564
3579 8411
5962 5573
7592 7318
1648 7353
1817 5552
1650 6621
3060 781
407 4920
926 805
1966 423
6704 9350
489 7190
3578 834
3325 2848
6529 5639
6549 9339
2004 2377
6371 5041
2248 1064
246 1811
7790 614
1204 5564
6840 3141
5343 8635
874 3977
121 5938
1878 6974
1910 7657
480 6665
3858 6153
96 4364
209 2920
1827 7827
6855 2207
200 3977
3681 9357
8451 9827
6536 8356
6188 8007
7045 8895
4144 4503
7788 1545
4682 6584
4355 8904
5571 1048
5996 1165
7891 8337
1129 7554
8149 6112
3001 7927
9835 2125
1036 2875
1165 3368
4055 8779
8652 7223
6586 3998
4058 1582
9118 7118
8605 2215
326 4749
6253 3167
2786 9984
5630 6186
8265 4264
2052 1223
9296 2633
5233 8514
6022 9504
6215 2775
2417 6185
7487 3190
4568 6633
6845 5004
5749 100
9711 7652
7935 8876
5312 6943
5824 7314
8338 1792
5483 38
5395 250
5492 510
1078 1992
2072 9970
8100 3536
8343 5810
3832 2404
3681 31
8355 2159
134 5452
8190 5005
5478 2800
7154 7467
3702 7113
7127 3274
5478 6403
1992 3030
6125 5912
1770 4915
9063 2856
6353 2665
5530 1207
2200 5859
9039 4376
444 2790
6861 9101
3348 3132
1626 6520
4970 6370
2417 9916
5921 4562
7375 7348
6704 8779
9693 1022
6348 1880
4943 7643
9526 9962
326 6935
5720 6432
7508 987
1636 1172
912 8515
7682 8426
801 7562
398 111
5956 7187
5062 8840
7632 5751
5412 7174
1598 3989
824 2943
9980 6010
9278 8842
279 3386
3955 7907
4191 2810
6957 1126
1261 6318
7794 5427
3674 2810
8794 5350
6859 6105
1688 3130
8041 8711
9012 526
6423 167
2196 6599
5183 9798
3392 1690
6295 6204
1889 8777
4585 4096
3925 5622
2118 4844
4120 1142
1513 5974
6386 7327
9861 9103
9067 6554
1860 3688
3591 3327
807 9543
796 2775
8238 4416
9298 9178
5998 1965
706 6206
158 706
9932 9929
4363 353
226 3113
7199 9593
3586 8736
5764 3969
2235 182
9611 5829
3876 1741
123 595
9629 9016
6343 3007
4207 3544
9432 2501
1601 9060
6622 7556
1432 2510
3975 31
8725 2503
6598 5984
106 4753
6423 9430
7661 2855
4191 5143
5315 5215
2917 2887
5146 2701
2476 8715
8547 7316
9035 1525
5799 6513
5515 9244
9509 7529
4755 3012
564 4935
4970 4622
1180 1523
989 1289
1510 8901
8239 7896
6817 4014
1435 3368
7607 5632
8356 341
8967 1108
5185 6761
3481 4042
924 3888
3719 8628
5834 8290
362 1850
217 6562
6157 8612
5747 3163
3013 7042
3046 7521
9418 7171
8681 95
5575 3737
2402 273
9225 7483
7780 8604
869 9218
7138 6528
5052 6004
2880 4885
941 8741
6629 9220
2857 9498
7905 5591
4730 48
4584 5690
2252 497
796 3851
2949 3775
3449 5558
2698 5415
187 354
8074 1709
7358 4117
7504 5730
2894 8694
7926 7718
6029 9994
6681 3527
4623 7931
8830 2098
9061 5485
503 9508
8147 7028
800 7859
3813 5737
3370 6423
2101 6642
6618 7856
3752 7399
1815 7566
7120 1468
6337 5573
6916 3603
7955 4961
1667 8086
6452 2438
7416 6762
8045 5408
1804 8588
6052 6291
1417 7196
3232 2307
2861 9091
1926 1578
9820 7124
171 6429
8064 5208
7560 9755
5859 5569
9612 7391
5161 3976
9964 8017
7243 4737
3216 7715
8334 38
6503 3792
8571 7507
7028 4799
9002 1317
7062 1747
479 9230
6818 7456
3191 2830
3240 4413
189 7835
6249 6728
8309 3235
6308 6551
5185 6002
6985 3311
7668 3540
4465 9177
5850 2720
7479 7109
435 8935
868 4891
7762 8229
8826 6800
4394 6522
7934 9387
664 9696
4888 936
3220 7549
1354 6452
8276 3619
7526 5364
7300 8687
1252 257
6172 300
9832 3122
3463 1976
4747 9545
6228 9008
8463 5060
4019 4960
5642 6583
9457 9136
7119 871
8122 1298
3805 6265
8413 4102
4362 4622
2153 7549
6186 6209
731 5776
1475 2980
10000 8218
3606 1506
6769 4886
3902 1294
9564 1915
8148 8714
2290 3347
9949 8900
9147 1598
7891 323
7488 9343
2385 6308
9786 1439
3090 3557
6353 9633
8430 2996
378 3974
1781 7730
2637 1423
4770 3785
5197 5782
5767 581
5584 7674
9602 292
6401 6802
4100 7081
3528 1639
8771 2786
9626 6280
4309 1049
2842 3708
1026 9812
8127 1562
3383 7202
6788 3402
6164 2543
7968 3865
4388 5269
4160 9371
5676 1357
3988 7180
4616 1181
561 1198
6044 9649
1726 1218
3991 7438
8194 9620
4301 1202
4823 9981
1260 2162
4041 4066
5454 7707
7473 7885
7813 779
1141 217
5366 5641
1873 9368
5092 2158
7525 3439
8303 7175
4515 7947
9757 8982
3336 2569
6104 5235
3312 1392
7628 1805
5210 4466
609 1610
2363 501
8246 3354
4103 3947
9708 3239
2469 1957
9438 4284
7137 4837
562 5176
5840 968
4374 2998
7988 5863
6023 3475
9159 3840
7145 5636
5829 746
7404 1554
7309 6216
3724 4772
886 137
1354 4257
5319 6008
2262 2489
3839 331
7456 6514
3506 8585
9897 7448
4678 9885
142 6834
6674 5587
502 2112
4371 7329
817 1902
4328 538
3642 7749
8553 9017
685 4713
2970 1712
2407 1770
9157 476
8758 6283
3035 5924
7924 2922
5044 6188
1526 8504
7351 9932
7830 3144
3360 3854
3672 2418
5344 2386
119 7934
6106 5677
3051 1116
6527 8006
5318 6123
6021 7391
986 6975
1313 5790
1430 6100
8806 8263
9577 8716
5041 8542
2990 9191
5492 5512
5396 4737
9511 1517
7846 9771
1113 7379
8988 9023
6238 1031
771 9034
9655 8563
3387 7925
7709 3926
7519 5489
85 5
220 9681
6173 4276
2727 1660
5300 7829
6996 4523
1775 5787
1834 2544
2039 5064
9589 6982
6075 2882
740 8163
8788 5617
8355 667
520 3038
5635 5271
7609 6023
4855 9827
4455 3343
2534 4293
5177 290
6237 2105
2377 5808
993 1046
3352 8578
8255 8082
2143 6390
5551 116
7280 776
8268 9535
4095 1871
997 1661
3793 5567
1067 6603
4987 887
7516 7755
6891 8640
3982 6039
3149 9550
1685 8993
9240 4734
1719 2488
4955 5216
6360 5286
4765 3246
8539 7940
4509 4696
4573 3089
7058 3473
5525 6885
7987 2354
9544 3974
116 254
2928 5885
3094 213
2312 4737
2654 6687
8417 6756
3134 2546
9893 205
7856 7909
4162 6000
2480 3590
9922 2278
4899 4259
5313 9609
3247 5826
8401 8117
7544 9912
1921 4650
4510 3743
8426 173
8418 1709
7241 4840
6576 5057
7746 495
8605 9875
696 9478
7774 9295
3172 1948
2039 4186
5348 2535
6520 7386
5090 4160
2498 2618
7954 1413
159 1421
6162 101
494 9401
3282 8455
4332 3186
0.5639 0.2776 0.8285 0.2969 0.3607 0.7777 0.7819 0.3717 0.2525 0.5623 0.3520 0.2832 0.5820 0.4585 0.2656 0.7956 0.8050 0.7478 0.3226 0.7810
0.2128 0.6862 0.7923 0.6148 0.7297 0.1660 0.4111 0.1426 0.7355 0.6284 0.8156 0.7273 0.5893 0.7300 0.6066 0.8545 0.6567 0.3942 0.4461 0.1742
0.1672 0.2718 0.4076 0.4399 0.7908 0.5535 0.7373 0.1233 0.7325 0.5308 0.8508 0.1676 0.8915 0.4150 0.7886 0.4696 0.1709 0.5098 0.2008 0.5703
0.8739 0.8906 0.3151 0.7932 0.4624 0.5953 0.8009 0.6263 0.3028 0.4305 0.5415 0.5089 0.6424 0.4577 0.5270 0.6962 0.4045 0.4234 0.7552 0.2146
0.5848 0.8664 0.4259 0.1184 0.1093 0.2889 0.3735 0.5629 0.3414 0.4450 0.7898 0.3042 0.2129 0.8232 0.7754 0.5515 0.2787 0.6856 0.5616 0.8800
0.8558 0.4690 0.2809 0.3061 0.8288 0.4282 0.2972 0.3544 0.6419 0.4577 0.4335 0.2145 0.6806 0.1524 0.2361 0.6137 0.8322 0.2850 0.3313 0.3633
0.4224 0.3370 0.1297 0.2324 0.7415 0.2185 0.2860 0.1530 0.4494 0.1293 0.7430 0.6116 0.7207 0.8718 0.3625 0.6426 0.7942 0.4471 0.8545 0.7347
0.6317 0.1926 0.5576 0.5043 0.6190 0.5187 0.1292 0.1002 0.6728 0.1413 0.5052 0.3585 0.3864 0.6238 0.2371 0.2285 0.5026 0.4134 0.5901 0.8261
0.7053 0.1832 0.8165 0.1797 0.1377 0.3603 0.1008 0.4492 0.7237 0.7455 0.8594 0.1307 0.3873 0.7596 0.6895 0.5574 0.1120 0.4875 0.4617 0.3288
0.8144 0.2411 0.8956 0.4333 0.2934 0.8176 0.1991 0.7787 0.2518 0.2745 0.5617 0.2170 0.5158 0.8863 0.3521 0.7425 0.1809 0.5157 0.7467 0.8968
0.8183 0.8367 0.4949 0.1045 0.8268 0.6311 0.7442 0.4451 0.4029 0.6181 0.2684 0.2405 0.7922 0.7326 0.2126 0.4120 0.3561 0.5431 0.8721 0.4309
0.4297 0.3288 0.3288 0.1948 0.7528 0.4564 0.6976 0.7572 0.6574 0.2494 0.5548 0.5481 0.7522 0.2342 0.6481 0.6406 0.2418 0.2472 0.8012 0.5331
0.7648 0.7940 0.7094 0.7231 0.2625 0.8532 0.4700 0.8885 0.7331 0.6202 0.3064 0.6681 0.7912 0.1449 0.6772 0.4696 0.6402 0.8499 0.2430 0.6403
0.1340 0.6327 0.8534 0.6110 0.5390 0.6512 0.3044 0.5413 0.6004 0.6714 0.3090 0.3619 0.8520 0.7999 0.1446 0.8913 0.2465 0.7159 0.4121 0.6384
0.7485 0.7541 0.8263 0.6550 0.2613 0.7880 0.2070 0.8535 0.3606 0.4141 0.2852 0.2881 0.7029 0.7368 0.1068 0.5682 0.5622 0.7824 0.7448 0.3202
0.2143 0.1389 0.3223 0.1285 0.5843 0.2106 0.5029 0.3393 0.8287 0.1228 0.5418 0.8119 0.6630 0.5591 0.6217 0.4449 0.6192 0.1283 0.8751 0.2048
0.5170 0.3044 0.5178 0.7062 0.1269 0.5558 0.2385 0.3857 0.7414 0.3172 0.2740 0.7760 0.4714 0.6687 0.5578 0.6655 0.4551 0.3543 0.4036 0.8908
0.8436 0.4932 0.2448 0.3665 0.5799 0.6168 0.2591 0.6186 0.8193 0.8925 0.8799 0.2411 0.4941 0.6201 0.4696 0.5800 0.8110 0.5007 0.1287 0.3999
0.2579 0.2279 0.4560 0.1393 0.3664 0.7601 0.6987 0.5642 0.6879 0.1730 0.7138 0.6848 0.6093 0.8797 0.3138 0.8059 0.2205 0.5182 0.7527 0.3083
0.3440 0.3288 0.8670 0.8216 0.2130 0.2806 0.8547 0.8887 0.2301 0.2183 0.6994 0.1007 0.6069 0.8155 0.2365 0.2333 0.4382 0.6775 0.3088 0.7941
0.6018 0.5064 0.6104 0.2306 0.2418 0.6134 0.2316 0.1356 0.6144 0.5404 0.5251 0.4472 0.7936 0.2089 0.1001 0.8718 0.1478 0.1918 0.2351 0.2604
0.5889 0.4251 0.3366 0.1624 0.4221 0.3386 0.1924 0.4513 0.5512 0.4226 0.5959 0.4605 0.7731 0.4543 0.2352 0.4326 0.6980 0.5850 0.6201 0.4557
0.1918 0.8782 0.6168 0.8479 0.4228 0.3789 0.8883 0.4929 0.1713 0.8340 0.3554 0.8663 0.1400 0.5762 0.1362 0.1865 0.1651 0.5218 0.2546 0.8845
0.4602 0.4558 0.8024 0.2459 0.3207 0.5668 0.1571 0.7647 0.6573 0.3649 0.8472 0.4392 0.2203 0.8538 0.6381 0.5117 0.3450 0.7445 0.1153 0.3363
0.1553 0.3677 0.8801 0.5506 0.8289 0.2996 0.4195 0.2236 0.5806 0.6117 0.3310 0.3983 0.1888 0.3494 0.3693 0.6455 0.3488 0.2291 0.2660 0.5503
0.5342 0.7990 0.2768 0.2490 0.6611 0.1312 0.5995 0.7013 0.5152 0.2007 0.1969 0.2037 0.6143 0.2833 0.6805 0.5357 0.5500 0.4105 0.8928 0.6159
0.7069 0.4821 0.7731 0.7268 0.7190 0.1749 0.4180 0.8376 0.4176 0.2003 0.8662 0.4199 0.2644 0.4784 0.6993 0.2381 0.8523 0.2246 0.4564 0.7412
0.2978 0.8147 0.5757 0.4054 0.2505 0.4465 0.2958 0.5774 0.3032 0.6849 0.7824 0.5532 0.3406 0.7828 0.5232 0.4421 0.7546 0.2335 0.3635 0.7999
0.3032 0.5057 0.1992 0.3728 0.5919 0.6333 0.2898 0.4447 0.8253 0.1283 0.2177 0.6918 0.4408 0.1133 0.8375 0.4094 0.1697 0.4830 0.5112 0.5335
0.2339 0.3910 0.4497 0.8670 0.8806 0.1479 0.1565 0.6007 0.1810 0.7524 0.3178 0.7796 0.5842 0.7193 0.7095 0.5071 0.7563 0.4147 0.2737 0.2926
0.2307 0.3787 0.4633 0.2838 0.1243 0.6602 0.3177 0.2948 0.7049 0.4955 0.3378 0.1699 0.8167 0.1668 0.3870 0.6948 0.2985 0.2947 0.3170 0.7835
0.8127 0.8374 0.1834 0.3150 0.8868 0.1623 0.3682 0.6955 0.5269 0.5501 0.7422 0.1526 0.1469 0.1465 0.3784 0.4391 0.5489 0.2562 0.3069 0.6280
0.4373 0.6493 0.8796 0.7627 0.7369 0.1873 0.7871 0.3936 0.3366 0.8908 0.6735 0.3292 0.4375 0.1576 0.2529 0.2451 0.2856 0.3883 0.4537 0.6777
0.8634 0.8768 0.3759 0.5116 0.5056 0.1393 0.2010 0.1702 0.4027 0.2028 0.5286 0.2046 0.1125 0.4226 0.4059 0.3748 0.2111 0.7055 0.8621 0.6088
0.5735 0.2162 0.5493 0.8485 0.5012 0.4510 0.6128 0.7062 0.4453 0.8307 0.3331 0.8687 0.1345 0.1756 0.6263 0.1436 0.2161 0.7085 0.2811 0.1826
0.8910 0.2884 0.3399 0.6257 0.7648 0.4526 0.5044 0.4127 0.4556 0.6462 0.4313 0.7938 0.2314 0.4288 0.5401 0.6596 0.3030 0.5404 0.7681 0.5988
0.3326 0.3690 0.8663 0.4881 0.3597 0.4886 0.1211 0.6316 0.2911 0.5953 0.4068 0.1584 0.3786 0.5553 0.8547 0.1130 0.4390 0.6932 0.8102 0.2961
0.1929 0.3245 0.2636 0.2941 0.8253 0.1453 0.5413 0.3943 0.6641 0.5991 0.7603 0.2708 0.7842 0.6160 0.8308 0.8677 0.7598 0.5403 0.7928 0.2855
0.6084 0.7349 0.6902 0.6572 0.5736 0.4413 0.7814 0.4213 0.5659 0.5023 0.8269 0.4235 0.4697 0.6605 0.8976 0.5576 0.3191 0.4261 0.5711 0.2886
0.6898 0.2071 0.2843 0.8638 0.1424 0.7407 0.3531 0.2514 0.1176 0.1759 0.2811 0.1321 0.6733 0.8193 0.2715 0.7505 0.6807 0.5570 0.5509 0.5759
0.3083 0.8338 0.2995 0.8651 0.1465 0.2508 0.6547 0.6313 0.4657 0.4653 0.4822 0.6869 0.8536 0.4215 0.5783 0.7214 0.3440 0.2029 0.5745 0.5145
0.4824 0.8855 0.7165 0.4312 0.8481 0.7165 0.3441 0.6914 0.6775 0.1942 0.7333 0.2830 0.3401 0.4655 0.5202 0.1990 0.7917 0.7518 0.4600 0.1376
0.3522 0.1377 0.4636 0.8831 0.5273 0.1641 0.4357 0.7164 0.3679 0.1420 0.1467 0.3249 0.7771 0.6170 0.1235 0.7541 0.2682 0.7789 0.1468 0.5387
0.1538 0.1824 0.7245 0.7825 0.3723 0.7246 0.4960 0.7083 0.7449 0.2705 0.5691 0.7884 0.4975 0.8435 0.2028 0.1797 0.8993 0.6438 0.4550 0.4418
0.7173 0.6769 0.6147 0.6470 0.7438 0.1287 0.4913 0.6070 0.1987 0.1618 0.1465 0.2824 0.3656 0.3399 0.3960 0.2914 0.7796 0.2480 0.4233 0.1091
0.8127 0.5471 0.1878 0.2933 0.5085 0.3574 0.8735 0.1742 0.4669 0.7655 0.2513 0.4491 0.3861 0.7170 0.6337 0.3444 0.5146 0.8469 0.8056 0.7359
0.5990 0.7939 0.2134 0.3704 0.3643 0.6244 0.4412 0.4751 0.7775 0.1360 0.8101 0.6576 0.4049 0.2267 0.7960 0.5568 0.3848 0.6531 0.2414 0.6209
