13 464 49
5680 5941
964 1017
6080 1651
7461 1806
7903 237
917 4497
8529 3789
8742 281
8459 3256
269 1828
4989 1132
7378 6964
523 1973
6277 3853
4749 8995
5624 4700
5331 3416
3888 334
6451 8082
1566 142
43 3704
4662 3590
621 430
6502 8938
8760 2720
3551 2775
2975 5212
7963 5060
3905 5197
135 4078
8968 50
4843 6484
473 6132
7702 4268
8592 9137
8019 510
7931 7979
1205 5710
9528 8906
2220 2537
6084 6929
6530 9520
7234 6127
7443 6222
2698 1148
5163 4903
9487 7290
6491 9340
9536 5397
925 5503
9758 4956
2841 152
5171 3059
2339 5205
3383 2505
1459 1355
939 5226
3742 8682
3228 3734
9608 4485
2009 1807
7039 9401
2979 1803
7646 8099
1136 8939
9389 6696
1285 2773
9672 4260
6415 4474
4104 1004
5667 2789
4149 5714
8464 1466
9432 2426
5840 8098
7107 3092
7181 333
5471 2816
3686 8836
2786 9055
4692 7971
9557 4182
701 7519
1815 9433
1408 3143
5833 6146
5600 4396
5950 4662
3109 4665
8104 1978
9771 9545
3746 514
1708 7646
1595 2435
1831 6653
4405 6179
2571 9444
3755 2215
6719 4562
1546 468
2472 7069
6201 6052
5011 9566
2614 2072
656 153
1003 5803
5504 793
6084 5936
8163 2138
7265 1318
4006 2598
1614 9647
9236 4869
8539 7124
9339 8687
8768 8754
883 8021
3200 1112
8416 2243
9870 2556
5132 7527
7597 9470
8232 4247
3312 6417
9056 5649
5699 9921
1409 2184
2827 5964
865 6129
1528 958
3638 6415
6437 463
2674 501
4320 4817
1476 9160
1259 9990
1339 4916
3968 4148
3371 4495
3225 3843
29 8595
769 569
5011 5851
2644 5291
2027 10000
6654 2717
7783 8199
430 9368
9282 2926
1080 8743
3572 7007
2255 3522
9660 492
9187 949
5592 7374
9222 6376
8679 7758
9173 7243
8073 7050
9555 7057
3625 1121
385 7646
6056 2705
2978 2264
6029 688
8703 2976
2105 1680
4025 6298
9786 5
4116 3002
9639 6299
5033 4226
3369 5421
2306 6165
4808 5061
4473 7421
8777 7885
6252 5487
3666 5982
8298 8867
8526 986
4558 8799
3675 1765
3849 1934
1546 8325
2969 9777
8283 816
1001 9169
8084 9632
3037 2183
9630 7397
5875 5927
2866 7021
680 670
6037 8228
7330 2832
8508 9612
4145 3811
4086 9221
2177 1386
1798 2680
1545 6556
6276 4407
6640 20
4854 1110
6249 8074
7039 7427
3495 3016
3204 3497
2875 4125
7937 5479
1614 2618
5088 2663
4137 259
1437 7549
212 9253
35 2290
5927 7252
3353 720
9301 4440
7147 8330
8942 6314
4923 722
7277 4112
5379 4416
1078 9589
8244 2596
2304 1820
4726 8195
123 2185
3761 3231
947 3892
6682 2500
686 5994
5636 6419
3 6831
7705 2098
9846 4212
4983 3660
9010 8351
2598 3147
4295 8834
4957 9179
3619 4115
8657 967
2515 6703
8635 8518
6465 7024
7036 1680
1915 3516
9240 2517
5313 1302
2234 6236
1960 9842
6618 208
2276 1280
1886 8301
6363 1888
636 3918
7907 1427
1097 1922
7477 785
5884 5636
7252 1492
2887 2872
4382 8675
3988 3976
4014 2900
3347 7462
8490 2428
3029 9341
4234 3096
4747 1414
7892 417
5752 8515
6407 7453
9249 7960
5014 1730
181 464
2546 1304
1148 665
7520 7903
8029 5410
1059 6862
6832 9902
8302 7939
7137 1665
2873 5365
5030 2816
7823 6706
3366 8535
3055 6600
7088 7322
9756 7247
3895 8133
4803 8548
953 3573
4231 956
8207 6047
3642 8218
8629 6893
3887 6977
2504 71
9432 597
2084 6721
6334 6535
6678 1545
9477 7661
5960 8466
480 2717
4603 3074
993 4274
6112 4058
4413 5163
6697 7420
7422 5679
4858 3288
870 3487
9387 5964
7042 3833
4965 2269
2437 6372
3988 5786
181 2514
5302 1728
8467 2100
1150 4670
2823 9375
4640 9558
4223 4314
1657 7185
96 7777
1870 4365
7239 8167
9395 7954
8384 6220
1082 68
4989 1975
285 319
3527 2577
6191 3440
6238 3730
9999 4938
5297 6913
196 5944
8924 3944
1265 2491
2843 282
1367 1517
9094 5095
2149 478
6899 2952
5762 8912
7262 1843
3720 8386
4112 8733
4858 4776
8542 222
1574 4102
1162 4549
7680 6073
482 2353
7329 8850
4185 3472
1118 9102
9612 688
9471 4830
9720 1957
2970 8557
2149 7996
85 7423
2 8251
4102 4204
2122 7441
9380 5343
9364 1989
8433 4292
7084 7738
1345 7710
9895 6674
1750 1352
3340 102
1318 1385
4575 6033
9453 3627
5479 8364
7720 8354
5598 2460
2232 4855
6673 9395
1554 4970
8593 8216
1686 1626
7702 3472
2012 3136
805 7197
4173 5048
3158 6963
3302 1155
7224 7829
3234 1666
5573 1815
4590 8265
6349 5437
1629 9485
3618 8929
3616 7889
5915 2142
8548 4244
1409 2319
1442 9047
5322 7639
9844 3059
3991 2411
4245 2091
9275 7467
7955 1250
9421 1121
779 9847
1744 6303
8007 6937
7750 6819
5953 9385
3381 506
6553 8440
6632 3909
9752 3694
3101 2902
3404 7198
9117 6529
6738 5393
4931 1430
1374 5119
2151 9268
6427 7201
1623 6064
7396 635
8673 9814
9818 3817
7910 7554
9208 4347
4358 3495
5724 2575
9949 6879
1398 3317
5954 4291
1594 3027
2661 8000
7736 5615
7178 2370
3260 2392
4356 412
6077 7744
3508 678
3242 6192
9078 1467
9051 7968
1246 486
9987 8495
7627 2591
4568 2360
55 8777
374 3817
124 1021
5562 3259
9624 2439
7347 4303
4508 5555
7143 3976
2797 7800
168 9762
9207 3058
8976 6854
7008 560
3523 4266
3989 7532
1500 3652
0.2296 0.7655 0.8012 0.4588 0.3057 0.1486 0.4892 0.6002 0.3200 0.5531 0.2020 0.1188 0.7445
0.8618 0.7291 0.8792 0.1312 0.3223 0.8365 0.1661 0.5643 0.3310 0.7142 0.7274 0.1410 0.2696
0.6335 0.7437 0.6058 0.3851 0.1281 0.8242 0.4010 0.7297 0.8211 0.2412 0.7326 0.5544 0.4227
0.2130 0.6430 0.7832 0.7459 0.6588 0.5218 0.6350 0.4782 0.1418 0.6454 0.5751 0.4058 0.1282
0.4551 0.1425 0.1290 0.3190 0.2304 0.4661 0.6126 0.7233 0.7720 0.6088 0.8365 0.3320 0.1308
0.6762 0.1050 0.3667 0.2167 0.1599 0.2404 0.6456 0.3696 0.2849 0.6838 0.8196 0.5383 0.4315
0.7225 0.8118 0.1999 0.2648 0.5685 0.8869 0.7961 0.1841 0.1181 0.2940 0.3495 0.3780 0.2379
0.3875 0.8906 0.4382 0.2572 0.3838 0.4218 0.7827 0.8696 0.6487 0.3774 0.6375 0.6455 0.5512
0.3449 0.8403 0.2772 0.3676 0.8526 0.8683 0.3697 0.8909 0.2332 0.6125 0.7933 0.1738 0.7850
0.6901 0.7554 0.2503 0.3271 0.4206 0.6499 0.8180 0.8163 0.6607 0.8002 0.6404 0.6449 0.5596
0.5165 0.6878 0.5324 0.5933 0.4863 0.3990 0.1664 0.6043 0.7144 0.4787 0.8199 0.8828 0.2358
0.2898 0.2143 0.7334 0.4655 0.1240 0.5607 0.3809 0.7265 0.1893 0.2344 0.6910 0.4694 0.2343
0.1435 0.6538 0.3971 0.6407 0.6038 0.3997 0.2944 0.3608 0.3911 0.8748 0.6302 0.2554 0.6173
0.1570 0.6367 0.5538 0.4893 0.2486 0.8766 0.7115 0.8556 0.5148 0.1504 0.7664 0.2477 0.1034
0.8066 0.8948 0.1976 0.2833 0.2182 0.6309 0.6475 0.8729 0.4695 0.7949 0.3091 0.6420 0.3592
0.3430 0.3870 0.8936 0.1362 0.7381 0.6704 0.6187 0.4892 0.2212 0.3808 0.6376 0.7611 0.2903
0.8563 0.4495 0.1760 0.2863 0.7851 0.8350 0.4035 0.6939 0.4758 0.4874 0.3223 0.2043 0.4692
0.6175 0.5279 0.1365 0.7120 0.6670 0.3825 0.4530 0.3044 0.3432 0.8867 0.2428 0.1667 0.1710
0.3486 0.3404 0.2175 0.6830 0.1486 0.7715 0.8137 0.2621 0.5023 0.1654 0.5644 0.3452 0.6787
0.3728 0.1140 0.7952 0.1890 0.1553 0.7384 0.7256 0.2486 0.5705 0.6120 0.3406 0.4136 0.4262
0.3315 0.8351 0.7047 0.1151 0.6371 0.6803 0.8808 0.8419 0.7363 0.5070 0.7327 0.5894 0.4586
0.8751 0.7231 0.3371 0.8542 0.5842 0.1510 0.7504 0.4514 0.1707 0.1448 0.7968 0.1761 0.3241
0.3901 0.1639 0.6023 0.6255 0.4257 0.7568 0.4150 0.5931 0.5217 0.4085 0.2849 0.7071 0.5466
0.8509 0.7127 0.6206 0.6077 0.5537 0.2415 0.7584 0.3973 0.7138 0.4681 0.4935 0.2887 0.6658
0.2998 0.1991 0.6471 0.5623 0.7466 0.6447 0.4641 0.2598 0.2979 0.6760 0.5334 0.5263 0.5593
0.6503 0.8725 0.5235 0.3507 0.2609 0.5833 0.5785 0.4379 0.8595 0.7416 0.8016 0.8919 0.4420
0.7054 0.8979 0.2323 0.7046 0.1975 0.7461 0.8117 0.7972 0.8862 0.2205 0.5784 0.4114 0.2199
0.4388 0.7579 0.2744 0.4516 0.3154 0.8699 0.2571 0.7467 0.1374 0.8819 0.1215 0.3763 0.3275
0.1633 0.3582 0.7415 0.5636 0.8528 0.7343 0.2362 0.3830 0.7455 0.8137 0.5392 0.7175 0.1785
0.6828 0.4485 0.6842 0.2850 0.6819 0.8163 0.8009 0.7826 0.1236 0.4496 0.4177 0.6660 0.2441
0.3055 0.4232 0.8068 0.8436 0.4072 0.1436 0.3816 0.8271 0.8754 0.3148 0.5709 0.1023 0.4743
0.4704 0.8734 0.2304 0.1660 0.4854 0.1307 0.4336 0.5077 0.1050 0.1447 0.5818 0.6315 0.5205
0.4029 0.3645 0.7674 0.2624 0.4363 0.6546 0.8322 0.8781 0.2592 0.4529 0.2256 0.8681 0.6536
0.3158 0.2644 0.2283 0.3243 0.7947 0.3425 0.2712 0.2792 0.6339 0.2999 0.6997 0.7335 0.7586
0.6411 0.2272 0.8582 0.7345 0.6196 0.5900 0.4044 0.5662 0.8617 0.5925 0.7972 0.6756 0.3927
0.1627 0.5796 0.3750 0.2227 0.2137 0.5082 0.4230 0.8949 0.2684 0.8610 0.1218 0.2074 0.3138
0.6188 0.2935 0.6782 0.1765 0.8389 0.4952 0.8885 0.1654 0.2568 0.1650 0.3082 0.2142 0.1729
0.1863 0.7000 0.4292 0.3837 0.2890 0.1375 0.5736 0.6559 0.6754 0.4763 0.2198 0.6538 0.7315
0.2444 0.4615 0.5376 0.1950 0.8924 0.7183 0.7630 0.5113 0.8303 0.7399 0.3575 0.1071 0.8494
0.6970 0.6934 0.7530 0.3056 0.2317 0.1785 0.5924 0.5160 0.8511 0.7831 0.8345 0.3780 0.7575
0.3857 0.6987 0.4188 0.6821 0.3552 0.2128 0.6367 0.3049 0.8128 0.3634 0.5015 0.2967 0.4655
0.6623 0.2834 0.5404 0.3987 0.7212 0.4631 0.3572 0.2096 0.1810 0.7849 0.1152 0.2473 0.4951
0.3486 0.4437 0.5384 0.2571 0.8098 0.5910 0.5146 0.1240 0.1231 0.3470 0.6365 0.8822 0.3150
0.5349 0.1933 0.2663 0.6986 0.8469 0.7209 0.7102 0.1651 0.2102 0.2541 0.8899 0.8080 0.1364
0.3688 0.1902 0.8253 0.6129 0.5666 0.8885 0.7838 0.1536 0.4752 0.1412 0.4538 0.1214 0.1929
0.2894 0.1057 0.2823 0.6907 0.1450 0.3886 0.4426 0.1816 0.1884 0.2430 0.1199 0.8115 0.4439
0.6658 0.2974 0.3699 0.6236 0.6186 0.3558 0.8252 0.7811 0.3858 0.5784 0.8051 0.8507 0.3260
0.8550 0.7707 0.4594 0.7395 0.2260 0.6085 0.7313 0.7215 0.8711 0.2835 0.5037 0.5503 0.8644
0.7335 0.7705 0.3740 0.2880 0.4807 0.6139 0.3588 0.5357 0.3263 0.3380 0.2937 0.6540 0.3597
