19 471 20
8511 7797
4935 2311
8780 2116
186 2003
8939 1984
1658 3694
5652 3490
7865 9100
348 4158
9003 2537
915 9641
7496 7113
2257 4839
8705 3713
3250 3164
290 3488
2414 8827
6586 5510
2238 8091
6170 6495
4012 4270
6643 502
4167 6287
8397 320
2983 1843
3335 6763
3575 531
9835 6910
1278 4891
4452 115
3446 2628
5006 3028
9919 3703
7626 2525
2085 3729
7876 2818
8525 1295
1130 5284
4652 6203
291 8948
6773 676
755 7480
6347 129
6907 2387
7332 936
6867 2895
9279 6015
6758 8026
3622 9979
3266 4463
8867 5843
2170 6500
7117 6436
6811 1504
3040 5731
86 8024
9435 9038
8922 8984
1602 1688
9396 8272
564 2628
991 7125
9033 6890
4427 1971
2648 7248
1803 1425
8378 8070
5126 9936
5351 3111
358 1159
1443 7334
8892 3137
5786 2740
172 9504
8780 1197
8801 2659
2412 1879
9334 856
7232 7880
9646 1017
4637 6558
1147 8296
7567 9849
4547 2021
2963 2167
7328 2522
9435 7063
133 8219
1179 6695
5081 4627
8905 6255
3320 3387
3262 9916
7858 4966
8121 3564
6488 6303
5699 9987
5735 2546
9297 1540
706 6625
40 8397
7517 6724
5437 4009
8138 1342
5034 137
8020 2705
2840 2743
449 7979
2340 5209
2125 9945
1520 3890
3980 4890
3234 6890
7862 4163
8108 6349
7094 9491
4573 9537
1675 7500
822 418
8425 461
353 6975
7015 7008
4795 6649
8571 8595
8969 1884
5863 1504
1514 9879
6209 2282
3248 7320
6983 6227
9715 1527
4627 1378
8083 6877
9326 5295
5459 6030
376 9744
8717 9173
3464 3432
6259 4706
9913 9162
1955 8878
3448 2032
5694 5090
3905 5660
605 6729
2577 1874
9224 696
6699 5891
2436 7219
4432 1631
3938 7098
2243 5967
180 9691
4041 8031
1613 4235
9991 9934
4967 4080
4722 167
2490 7655
6051 912
3285 2548
8707 5560
5507 7098
9260 3669
3419 4908
5643 1024
2146 587
6572 2580
5841 959
4260 7346
1269 8531
3398 6423
623 1403
5323 7578
3211 2359
8491 1038
9185 848
2660 6570
8604 1728
9951 263
9814 28
3801 6186
8665 334
7695 3238
5437 9203
7849 8948
8035 2890
2368 1460
2972 8809
1107 1276
7316 4534
4567 9032
5198 1336
7071 3706
8873 336
8758 6854
2508 5167
3677 3413
1049 2655
8106 7464
6322 9821
6254 1676
1083 7465
8266 4810
7172 1530
4765 351
4471 856
2017 9131
7339 5921
560 196
7982 7831
4562 2624
3193 1310
3324 5756
6927 3194
2816 6802
7765 284
9601 1768
1319 6360
6466 5436
1652 8728
663 5919
2551 222
6187 6874
3499 3829
5567 1188
6144 1475
8694 5381
9974 7110
1141 9462
4540 757
4139 3087
2552 2693
2937 1937
80 3315
1549 5652
1151 2403
6038 565
4398 5166
5989 6623
1828 1266
2867 2197
8883 7348
8844 9261
582 6564
196 113
2285 7616
1153 7785
7918 241
5718 4136
7318 1392
7624 6181
1332 9077
9189 6092
1364 1276
6266 5804
6064 3109
216 7705
7158 5675
639 7008
2695 4651
5656 1426
4264 4952
6021 7298
4960 3461
3937 3856
4361 8190
4333 3654
6271 2012
2246 8532
3480 4413
4819 9068
506 9104
5815 4598
4852 7991
8815 9037
6218 3147
2112 8028
578 7576
7644 8862
2313 2448
7555 3577
6000 4167
2763 6982
8259 4147
2919 3551
7414 7962
2336 2989
1190 5930
6632 3393
2259 228
256 2854
3649 1965
3065 1140
8325 2857
6213 680
4495 5363
8528 106
6708 2644
2107 8194
383 8291
9533 7390
3694 5616
5161 6389
4611 5127
5366 758
9911 3832
3735 9702
2116 2854
454 1707
115 8801
659 7202
5255 6695
8803 1999
4094 4819
6003 8081
810 6795
6688 5016
5327 441
1160 8119
2864 9015
3257 9583
2804 2090
4429 1769
7266 2036
529 6888
2655 3900
9203 9571
8249 3194
7120 3568
8185 7102
5488 7577
786 7206
8729 2849
2434 3488
7903 6517
2860 2574
8814 1511
9190 5768
6588 5104
9283 2380
1173 1581
7485 534
641 9807
3455 8289
582 4011
7272 5170
9464 4517
8918 442
5807 6600
2050 3630
3085 1692
9757 5067
1225 94
3900 3142
9469 144
5332 9900
3703 4484
5059 667
9917 6414
7049 7963
7560 7854
1702 7891
1338 7760
948 3805
2263 5055
3328 6629
5615 8106
9087 2399
97 849
5622 7885
4455 2894
2747 1591
2376 35
1723 3221
6666 7672
2517 8376
889 1954
5525 2782
9277 2123
8317 7967
2167 864
3723 43
6811 2525
4680 7411
2953 192
2161 5329
1707 9811
2618 9663
3927 5911
5674 4037
4022 7029
2675 7892
2540 5440
9303 3563
8488 6274
9994 1636
4115 6401
9644 5822
6839 2776
3504 1302
2045 9026
866 9941
1653 8921
5487 2605
5362 9111
954 3407
7976 853
5638 2819
291 5275
5663 5295
9660 6690
3797 8205
6275 7832
6319 2271
5745 9106
7859 7278
9982 7943
7943 5458
1054 1922
3525 4639
519 5600
9663 4272
3160 9210
9964 9522
2919 2416
5868 9209
3768 1526
822 8208
2946 5954
4174 484
9723 217
9140 7767
6923 3695
9059 6767
2067 6368
7458 3198
9278 7782
3756 9027
8552 3954
2483 5328
2998 374
7870 2042
9673 7603
8784 3843
1612 2598
7587 3169
6521 9164
673 7939
2995 9144
768 4233
6321 2481
1511 1066
3260 9800
8702 986
5540 44
7948 5226
888 326
167 3423
509 7128
64 5447
3861 7831
2548 7883
6349 1626
9126 412
2227 7523
3071 1025
5459 9648
1012 6410
1017 292
2343 3910
5920 6519
4597 1497
9280 7466
4677 535
1399 4046
2968 1316
9933 813
1509 1172
4273 9009
9593 4622
3308 1846
5989 3942
7184 8243
6351 7544
6767 4321
3365 1190
7410 4402
3685 6025
558 5726
0.7591 0.4153 0.4987 0.7761 0.2912 0.7974 0.6070 0.7363 0.3405 0.3131 0.7857 0.5409 0.4657 0.8970 0.1709 0.5763 0.3597 0.3800 0.8300
0.4760 0.5116 0.5258 0.4574 0.1287 0.8081 0.3244 0.1972 0.1003 0.7483 0.6308 0.8164 0.7698 0.7296 0.1167 0.7412 0.1968 0.3302 0.2779
0.3128 0.7321 0.6421 0.1000 0.8507 0.8499 0.8388 0.6114 0.3432 0.1776 0.3162 0.1042 0.8175 0.1940 0.5101 0.5478 0.1990 0.6968 0.3247
0.7987 0.6473 0.6153 0.4137 0.5565 0.7860 0.3527 0.6747 0.2492 0.2646 0.3606 0.5493 0.6471 0.1672 0.7121 0.8158 0.7389 0.8356 0.6738
0.6402 0.1141 0.6126 0.5850 0.5494 0.1303 0.2601 0.2284 0.2127 0.3598 0.1931 0.7653 0.2389 0.4721 0.8824 0.8905 0.7328 0.2496 0.7693
0.7983 0.8822 0.7301 0.4287 0.2396 0.7666 0.3790 0.3553 0.7717 0.8009 0.1486 0.2943 0.5384 0.8240 0.6909 0.8389 0.8751 0.1618 0.8639
0.8456 0.5079 0.1683 0.7431 0.8642 0.8341 0.5092 0.1320 0.5356 0.1274 0.6403 0.8194 0.4667 0.5886 0.2597 0.2447 0.3918 0.4651 0.2110
0.6290 0.3011 0.6764 0.7778 0.6622 0.6689 0.3696 0.5579 0.1772 0.7069 0.6788 0.8790 0.4421 0.5043 0.8224 0.4641 0.3852 0.3692 0.3351
0.2677 0.5149 0.5264 0.8435 0.2802 0.2045 0.6838 0.1384 0.6173 0.1107 0.1283 0.6371 0.6660 0.5106 0.8173 0.8559 0.2382 0.4634 0.4978
0.3329 0.8979 0.7633 0.7783 0.1554 0.6327 0.8179 0.2380 0.5358 0.5173 0.2777 0.7909 0.8939 0.5481 0.8234 0.5648 0.1493 0.2713 0.5667
0.6512 0.4671 0.1650 0.1192 0.8369 0.3074 0.2996 0.3474 0.1176 0.2101 0.6450 0.1245 0.1544 0.3879 0.4991 0.6820 0.6198 0.4137 0.8212
0.7297 0.5067 0.2081 0.8992 0.4519 0.1112 0.1761 0.6986 0.8633 0.3596 0.5055 0.5646 0.7735 0.3906 0.5324 0.2235 0.4639 0.2859 0.1219
0.8276 0.1939 0.2381 0.8295 0.6387 0.7226 0.3894 0.7093 0.2468 0.6667 0.2930 0.5035 0.7441 0.8857 0.3558 0.4515 0.3340 0.5482 0.7211
0.7414 0.2814 0.7284 0.6426 0.7461 0.4565 0.2188 0.8111 0.2259 0.8398 0.8538 0.4655 0.7907 0.4155 0.4674 0.3808 0.7166 0.1394 0.8136
0.7706 0.6250 0.6923 0.5641 0.8123 0.1908 0.8147 0.7190 0.5646 0.2140 0.7942 0.8967 0.4628 0.8719 0.5716 0.4430 0.5812 0.2650 0.4853
0.1485 0.4814 0.7557 0.7658 0.7595 0.5707 0.6773 0.8783 0.5533 0.2003 0.6161 0.2640 0.7743 0.5522 0.6446 0.3815 0.3576 0.3256 0.2352
0.6515 0.4297 0.4422 0.6163 0.8102 0.7405 0.3735 0.4090 0.7533 0.4396 0.5311 0.3210 0.2199 0.8501 0.2504 0.3252 0.2473 0.3368 0.2051
0.8815 0.7625 0.2381 0.3437 0.6974 0.4225 0.1078 0.3214 0.8636 0.5527 0.3648 0.3643 0.2088 0.1729 0.1732 0.6625 0.2672 0.1615 0.2062
0.6216 0.4957 0.5575 0.8125 0.1265 0.1509 0.1558 0.5123 0.5857 0.1976 0.2739 0.8583 0.1498 0.5998 0.8154 0.7302 0.2659 0.2178 0.8213
0.4008 0.8506 0.7966 0.1147 0.1219 0.1669 0.5630 0.1316 0.7848 0.3708 0.4811 0.6189 0.7747 0.1376 0.1628 0.6388 0.5489 0.5970 0.3603
