18 281 47
8649 9034
1399 3958
1681 2502
9246 1948
1254 990
6298 8289
5279 2756
7666 6488
7576 3674
8305 2906
9798 7877
7704 2796
4418 2007
9616 813
9490 279
733 9450
596 9308
2504 57
1725 4696
9904 8147
8026 6682
4963 5319
8293 4107
7243 9585
1828 2843
5887 7213
5044 4000
7849 8230
9296 9390
5558 3208
6536 6294
3122 1055
8050 5623
2121 1288
3807 7630
6728 5211
2657 1383
380 3330
1451 7728
8513 3188
452 2144
8300 1952
5376 8985
5737 5669
821 8973
2658 2625
9747 2070
1125 9263
2591 2050
2484 3907
3907 3430
5780 8238
280 7690
6182 1364
6927 556
9092 7482
7885 4042
3118 468
6200 882
4626 6459
4969 2682
3099 1505
6619 9087
3460 5449
2870 3635
4730 2516
6615 482
6863 5445
8688 1043
1896 1006
7230 2744
7205 5590
2055 5113
9377 2579
4311 9230
6949 3316
9349 2147
4209 5630
5071 9048
6848 9691
269 2622
6221 6582
8906 3316
6666 1435
4689 8926
1641 7105
3424 3977
3216 5932
9149 8480
2592 3127
3049 8111
3798 2013
8286 8739
3444 2076
5223 9455
9376 5064
1205 7657
8687 1269
7741 8430
2668 519
7538 4530
668 7181
6700 4433
2036 1947
7127 2508
8853 602
7544 1893
1789 1786
7506 2090
6622 3411
9043 8730
4122 2492
9818 9081
2643 6140
2810 9058
1288 5338
6374 7989
5778 9297
9108 1712
5476 2998
2844 2712
4255 924
735 3021
153 6440
2554 2742
5119 7382
1261 4501
615 1939
6539 5885
9739 3233
4554 3520
1963 7690
976 3327
6725 4194
630 5546
9043 3799
6080 2429
4815 5384
1159 7469
8502 3487
3083 5204
3920 1284
7894 1136
1006 5043
3561 220
2381 7324
4879 2494
9677 96
8796 9107
5325 6855
6727 3358
3483 2953
115 1035
8896 3158
9035 8349
3069 7165
5767 6098
702 6523
9093 9400
8012 8095
2981 2515
6628 886
4580 4146
9621 3639
8269 1808
3846 2396
8720 296
4213 7915
5205 3786
5936 4261
2388 2578
1547 7635
5256 2151
2170 357
7097 9842
5281 632
8631 7440
3230 3082
5144 7669
9904 2851
7936 7534
3438 7302
2996 659
8798 8782
2042 9788
8335 7739
1489 9864
7498 1169
6392 6810
1325 9647
7326 2872
712 8079
8426 5338
5902 794
5748 8479
3489 5321
6196 4248
7945 798
9286 5796
2108 1471
7395 1511
1213 9719
7912 6886
2003 5825
1728 2162
630 3826
433 3514
1249 1107
8631 6955
5065 2137
7836 8983
4682 9883
4796 4843
3604 6580
6552 2766
7055 7107
9095 2523
8319 5520
9250 9202
921 9895
8922 4186
8045 8996
5004 1760
5972 9353
2755 6384
6980 9721
2209 5459
3232 2091
8263 8543
3699 5145
7892 6208
547 7558
6845 3617
6371 379
7713 4678
956 9490
593 2538
2117 3932
7873 4525
3122 8727
7037 849
2814 2301
6412 513
8470 5589
288 5006
3574 8344
8318 994
2844 1739
2123 9238
7238 5751
2254 2394
4478 3208
7750 7146
5574 1632
3022 6592
5401 2669
5738 808
804 688
5713 4349
225 8720
9152 7773
4885 4706
8546 6632
7315 7829
1228 4931
2291 5863
5706 8812
7338 2629
3886 7075
7379 257
7856 9379
5179 9253
8016 3788
9534 5176
8160 8355
2682 4910
384 6362
2 7431
4044 6658
7634 6978
6779 6111
9179 3289
1715 2663
9804 2260
9033 3465
7954 2008
6990 6478
285 1652
7578 9910
3297 1653
9377 8176
8404 2580
3906 761
6084 7914
5660 235
4320 4330
7213 973
7533 9076
5648 1901
0.8945 0.2870 0.1099 0.2257 0.6971 0.3087 0.8528 0.8872 0.3517 0.3862 0.7992 0.1127 0.3404 0.7484 0.2424 0.2116 0.1443 0.6345
0.6781 0.3452 0.3150 0.4770 0.2335 0.3219 0.6933 0.6520 0.1314 0.2387 0.3081 0.6936 0.4861 0.8414 0.2182 0.7309 0.6113 0.8978
0.8790 0.2465 0.5931 0.3406 0.3978 0.1398 0.7167 0.3288 0.3247 0.4831 0.6179 0.8794 0.5011 0.7249 0.8040 0.2487 0.8622 0.8657
0.3564 0.1844 0.5525 0.3074 0.4816 0.7348 0.1667 0.6457 0.3111 0.7506 0.1424 0.6117 0.7708 0.7116 0.3145 0.1854 0.2909 0.7275
0.8633 0.5757 0.3193 0.6831 0.5364 0.2159 0.8469 0.7055 0.2725 0.8088 0.2020 0.8670 0.8138 0.1513 0.6509 0.7032 0.5306 0.6451
0.8313 0.4512 0.7941 0.1547 0.8156 0.3046 0.5416 0.7874 0.3593 0.6138 0.7349 0.3747 0.7814 0.7500 0.2972 0.1008 0.1701 0.4193
0.3999 0.4755 0.3722 0.3364 0.8558 0.4873 0.7933 0.2871 0.8536 0.3257 0.1473 0.4352 0.5948 0.3336 0.1327 0.4682 0.4121 0.8178
0.3319 0.8762 0.8155 0.5977 0.7517 0.8819 0.2957 0.7792 0.3809 0.4425 0.6320 0.4815 0.7709 0.1020 0.8154 0.8084 0.6220 0.4993
0.2131 0.7955 0.3224 0.2435 0.8106 0.1194 0.5886 0.6105 0.7541 0.7101 0.6933 0.3207 0.1297 0.6583 0.3440 0.7899 0.1152 0.5600
0.6776 0.5844 0.1801 0.3157 0.4114 0.8881 0.6854 0.6049 0.5276 0.2624 0.8803 0.7055 0.5406 0.5112 0.3223 0.4280 0.5215 0.4221
0.2277 0.6952 0.5862 0.4713 0.3275 0.5391 0.8971 0.8296 0.2546 0.8606 0.5936 0.3505 0.5327 0.8239 0.6912 0.3281 0.6824 0.6566
0.8344 0.2885 0.1354 0.8003 0.8189 0.2943 0.4220 0.6889 0.1127 0.4015 0.5613 0.2743 0.5677 0.5525 0.5756 0.3352 0.5408 0.6064
0.6919 0.7814 0.8834 0.6370 0.1393 0.4404 0.5715 0.2127 0.1341 0.2406 0.3542 0.2956 0.6327 0.6268 0.3161 0.2037 0.7927 0.6514
0.6032 0.6358 0.7452 0.3349 0.7025 0.6203 0.2352 0.2375 0.5133 0.8973 0.5994 0.7789 0.8520 0.5611 0.4032 0.4225 0.5982 0.6792
0.2879 0.6721 0.2934 0.8527 0.8058 0.2854 0.6558 0.1770 0.4226 0.3791 0.7585 0.8671 0.5650 0.5857 0.4189 0.5044 0.3116 0.1039
0.8485 0.2146 0.3904 0.4014 0.3511 0.5017 0.2691 0.5856 0.5966 0.5793 0.8318 0.6991 0.2792 0.7699 0.1591 0.7979 0.1053 0.2574
0.1681 0.7410 0.5348 0.7175 0.6242 0.4446 0.2947 0.3040 0.6989 0.7834 0.3947 0.4924 0.1108 0.6819 0.5294 0.8651 0.2941 0.6878
0.1989 0.8001 0.2605 0.8688 0.1188 0.6697 0.8477 0.6458 0.6552 0.1834 0.3451 0.7969 0.2444 0.2715 0.8247 0.3611 0.8200 0.3999
0.8568 0.1557 0.8860 0.2600 0.1516 0.7848 0.4002 0.6103 0.6038 0.3912 0.7662 0.7845 0.7035 0.3061 0.1952 0.8138 0.6818 0.8413
0.4176 0.5021 0.8669 0.2688 0.7907 0.6034 0.8520 0.5675 0.1021 0.1961 0.5781 0.5327 0.8635 0.6249 0.6443 0.5125 0.7076 0.4676
0.8744 0.5739 0.7654 0.1660 0.7590 0.2706 0.4426 0.8000 0.1478 0.7865 0.8256 0.6293 0.7721 0.6732 0.4674 0.4898 0.7272 0.1286
0.4222 0.4855 0.8803 0.1030 0.1336 0.6503 0.6463 0.6585 0.2732 0.2773 0.1930 0.2207 0.7850 0.5044 0.3882 0.7492 0.1299 0.4338
0.2309 0.4886 0.1397 0.4305 0.8772 0.8392 0.4399 0.4478 0.1773 0.6317 0.2388 0.3612 0.3658 0.2047 0.5683 0.5902 0.2984 0.7879
0.5063 0.2122 0.2125 0.4549 0.5589 0.5737 0.2392 0.3069 0.4379 0.5308 0.3750 0.4174 0.1843 0.7063 0.1561 0.8397 0.2512 0.1901
0.8520 0.6390 0.2263 0.6908 0.8309 0.2262 0.1178 0.6138 0.1971 0.6883 0.8177 0.4350 0.1599 0.8909 0.1441 0.2795 0.3650 0.7912
0.5747 0.8101 0.6020 0.8842 0.5299 0.4359 0.1967 0.4086 0.1521 0.6359 0.1777 0.7037 0.4098 0.4846 0.3574 0.5710 0.7021 0.2161
0.4885 0.3120 0.6735 0.3905 0.3287 0.3929 0.8242 0.2184 0.4485 0.4378 0.4895 0.7826 0.3178 0.2651 0.5021 0.2992 0.5949 0.8397
0.1686 0.5036 0.5329 0.2515 0.3944 0.4570 0.6601 0.1865 0.7482 0.1586 0.3449 0.6678 0.6379 0.1372 0.2190 0.5007 0.7238 0.2694
0.6391 0.4711 0.3372 0.5178 0.7155 0.1594 0.3520 0.2197 0.8828 0.1336 0.3777 0.5579 0.3532 0.4886 0.3240 0.5633 0.5667 0.3961
0.6999 0.5166 0.7260 0.2359 0.3589 0.3879 0.3841 0.7907 0.4998 0.6182 0.1326 0.3710 0.5487 0.1973 0.3641 0.4224 0.2485 0.2474
0.1307 0.4814 0.5241 0.5387 0.5301 0.2689 0.3986 0.8748 0.4335 0.3561 0.7570 0.1854 0.6431 0.7337 0.4610 0.6477 0.4306 0.5102
0.6342 0.1910 0.8536 0.7305 0.6811 0.8936 0.1317 0.2347 0.8301 0.4231 0.5164 0.7557 0.5199 0.8221 0.1605 0.5663 0.6156 0.2347
0.2439 0.3574 0.3205 0.4760 0.6675 0.8740 0.4088 0.1980 0.3190 0.7037 0.8196 0.7360 0.2100 0.3997 0.7592 0.1236 0.7086 0.2151
0.6050 0.7055 0.8249 0.4348 0.1139 0.7768 0.1929 0.5412 0.1905 0.6904 0.1041 0.5976 0.6751 0.4237 0.4470 0.7464 0.3847 0.4792
0.7516 0.1262 0.1453 0.2922 0.7488 0.4143 0.3582 0.7045 0.3273 0.7227 0.2281 0.2159 0.4031 0.2835 0.1769 0.3274 0.3062 0.2032
0.3090 0.6174 0.4868 0.3149 0.6392 0.6370 0.8994 0.2089 0.5953 0.1822 0.3145 0.7569 0.3454 0.5475 0.7188 0.1813 0.8944 0.6070
0.4474 0.4184 0.5881 0.2564 0.4935 0.8201 0.4254 0.5824 0.7463 0.4904 0.2147 0.1220 0.7326 0.8592 0.1009 0.3711 0.4371 0.8891
0.1939 0.1498 0.3296 0.7106 0.8526 0.3875 0.8930 0.8459 0.5686 0.5150 0.8547 0.1953 0.1133 0.7806 0.6051 0.1385 0.4814 0.2219
0.2598 0.3132 0.3141 0.4174 0.6280 0.6137 0.8405 0.8022 0.5766 0.7472 0.1463 0.8399 0.7541 0.1087 0.4342 0.4997 0.6026 0.3861
0.6141 0.7409 0.2726 0.1627 0.2083 0.8609 0.2501 0.7513 0.7875 0.3645 0.5394 0.7457 0.4277 0.8546 0.1039 0.2601 0.6441 0.5817
0.4679 0.7290 0.1260 0.8228 0.3357 0.4837 0.1124 0.3062 0.3659 0.5957 0.1336 0.4683 0.3895 0.3464 0.6071 0.2634 0.3227 0.6229
0.2555 0.5902 0.4850 0.8648 0.6869 0.6779 0.5878 0.3424 0.3231 0.4555 0.4478 0.8616 0.5140 0.4668 0.6105 0.4656 0.7577 0.1023
0.3094 0.2747 0.6132 0.5701 0.6333 0.7969 0.3214 0.6027 0.2163 0.6908 0.5899 0.4216 0.7656 0.4669 0.3048 0.8112 0.3169 0.2546
0.1734 0.4711 0.2862 0.7454 0.7499 0.8941 0.3717 0.4093 0.2878 0.6383 0.1497 0.3794 0.6958 0.4938 0.6226 0.7000 0.3075 0.4575
0.4424 0.8883 0.3356 0.7636 0.8428 0.5308 0.1455 0.1556 0.7484 0.8555 0.9000 0.1329 0.7838 0.8698 0.1779 0.8745 0.1251 0.3296
0.1273 0.3362 0.5968 0.2295 0.3163 0.8636 0.4283 0.3130 0.5219 0.1226 0.3469 0.4387 0.4445 0.5119 0.5219 0.1262 0.6567 0.8927
0.1017 0.3332 0.7790 0.3407 0.2346 0.3628 0.1713 0.5156 0.6783 0.1767 0.8175 0.8571 0.6086 0.1709 0.7749 0.4974 0.5307 0.7241
