8 201 17
5606 4661
2454 1204
888 3939
6342 3588
9056 4275
6618 4334
9974 9355
2710 3669
4630 8703
8028 5409
3183 3077
211 2573
9301 4439
8831 5241
4683 3395
4085 5
4401 8173
7265 6434
9169 2135
1111 7430
6107 7981
1748 8221
7481 8181
5795 313
5126 8827
1480 7232
9002 8863
3012 4301
6610 3316
2694 2648
4510 7756
2674 7792
3834 1956
3336 7946
761 4544
5749 1912
3930 4129
4922 364
4573 5153
37 3767
8335 2823
502 297
5502 5951
6565 7481
3058 5180
2409 8026
7759 712
4648 8330
2337 1853
6083 3005
6291 4932
1360 3901
1181 1643
4322 7040
1446 6522
6880 1623
2620 1199
6322 9411
4297 3160
4640 4192
4186 37
2966 5309
932 2855
5434 4079
6689 5745
297 881
6151 923
9827 2865
8576 3541
8556 5733
8034 1445
104 636
9167 7975
2015 6564
3906 1883
20 5495
9012 9451
1472 5757
114 3669
7348 7255
1278 515
4639 6606
2839 9841
5391 1561
866 4
8773 3709
9487 5954
8356 5023
9953 519
9755 1400
8480 2400
4099 9380
3752 5401
8662 7132
7166 2896
6575 661
7660 5205
8163 9295
9415 5111
2164 1197
3596 6673
7124 4255
1024 1138
2200 37
1259 9816
4569 3190
3518 3240
5 8900
9540 5130
5683 292
1540 1696
6696 9374
9830 2446
3479 4574
1676 3050
2932 3070
1172 5445
2085 7752
5388 7961
3893 6687
5373 9082
7635 3232
4786 9826
7468 672
4611 6051
3963 613
7806 8407
7141 1960
5282 4995
2460 1376
4165 2369
8148 9686
4498 9559
9239 3508
4120 2600
8888 3081
2840 267
8896 8207
4086 8337
5725 3922
1085 9005
243 573
8723 2653
6039 5921
6050 8265
7060 638
67 4203
101 7083
5027 2174
5343 7833
5712 7940
303 3242
3898 3079
9409 2047
8274 6639
9196 9680
9880 5162
7665 4096
4678 4327
2883 479
4560 2171
9151 9021
227 2092
7145 5135
1782 3819
7395 766
5510 1287
283 2347
3496 3359
1477 3739
8031 9635
1001 1353
5937 5635
6849 3062
8634 1439
1561 7324
6996 7951
7467 3434
1809 9881
2963 182
6813 7347
268 3956
4420 7437
5544 1477
9318 5893
8298 686
619 2572
7597 9735
9091 2903
4323 5924
9931 396
4935 7893
7956 3134
5085 2630
1123 9531
103 9730
5316 8309
2988 8593
7149 4582
4934 3468
8912 5523
4263 9890
2701 7146
749 2131
4209 8772
9265 3108
6843 2746
4499 1778
2826 5031
0.7876 0.2264 0.1703 0.7196 0.1810 0.1211 0.8374 0.4581
0.3172 0.7023 0.8173 0.6728 0.3198 0.2663 0.3888 0.3362
0.1552 0.6482 0.4412 0.3552 0.8120 0.8026 0.3242 0.8573
0.8062 0.1154 0.1128 0.2535 0.7701 0.1187 0.6187 0.6711
0.4463 0.4521 0.4436 0.3342 0.7845 0.2663 0.8225 0.3338
0.5091 0.3251 0.8033 0.3212 0.7579 0.6426 0.2404 0.3901
0.7381 0.1027 0.1952 0.4274 0.6980 0.4747 0.1629 0.6657
0.4388 0.2839 0.6112 0.8603 0.6091 0.8417 0.3790 0.3063
0.8448 0.5811 0.7920 0.8169 0.8486 0.8974 0.8540 0.4047
0.5438 0.8546 0.4013 0.7550 0.1709 0.5918 0.6922 0.5718
0.5988 0.6159 0.8344 0.1776 0.1573 0.5923 0.7159 0.2061
0.8429 0.1643 0.1093 0.2773 0.3890 0.4520 0.6339 0.1119
0.5100 0.2493 0.4568 0.7173 0.2142 0.7746 0.5907 0.3288
0.6022 0.7143 0.4096 0.7612 0.5684 0.2518 0.1145 0.5230
0.4401 0.6271 0.6806 0.8900 0.7389 0.7431 0.8905 0.7921
0.7422 0.7748 0.1777 0.6370 0.7124 0.7094 0.2297 0.8606
0.6449 0.7274 0.5189 0.7862 0.7279 0.1055 0.7166 0.2793
