11 339 12
6076 6262
8376 2644
562 5578
1264 505
9978 2553
1112 7923
7796 1509
1081 2398
2259 2360
241 4173
417 2562
1406 2798
7423 9211
7118 8999
2700 6618
2576 7054
3041 6441
174 4921
8606 4762
7383 8931
3834 444
2247 5138
1033 1857
7619 3000
9401 2922
7519 1516
7926 5658
2812 4658
3503 2739
3041 2873
3176 3943
6271 5290
5844 2524
153 1300
6813 7524
5998 2264
5671 9952
6815 2811
8721 4910
8935 2163
7844 721
8910 2577
7940 506
1957 4931
5712 3770
3997 759
4109 1917
4942 3591
5871 6691
367 2316
3477 8171
9237 3620
5905 8167
2741 6742
7895 9926
1962 9334
606 1211
7864 7622
3607 2781
3119 6337
1741 5838
5590 5714
1271 2523
3111 5140
9960 1896
486 3732
129 5390
3958 1526
1237 7530
6561 5100
1368 2498
9994 5636
7787 201
2495 2275
2529 7187
479 3884
5234 6871
6948 9412
7217 6527
6047 1719
8162 3502
6221 5786
429 5836
9733 2446
6936 3875
1987 8494
5170 9506
5070 8073
6492 3565
6563 6194
2994 2756
9419 1355
155 5073
4630 1803
5094 7763
9382 9673
4028 4546
3579 564
1790 7953
243 5241
3919 3707
2132 6433
6357 41
5295 3798
6527 4463
8456 7847
3772 9075
2913 75
3252 8634
8431 6293
8011 3413
2032 326
4507 24
972 6832
4291 3885
7306 3033
1963 4230
4944 6834
2758 8518
6856 1524
2337 6127
3505 4497
5674 4770
2691 5098
2937 8722
7000 3772
5769 3215
2724 2292
4588 2161
7144 9839
2019 1985
9930 5230
1787 8385
6577 9173
5339 998
3931 5705
3191 167
9615 4684
6107 1636
4508 8595
166 6290
5780 3888
196 9459
9884 6191
6916 8394
3927 4433
482 9482
4938 1452
5766 6831
5618 3907
4285 9471
17 3879
7420 31
4593 2877
4768 8925
1301 4324
3048 8138
4170 5884
5659 8064
8077 6786
6954 2215
299 402
1659 1454
6709 7818
2057 5096
338 2179
6892 8272
6814 2669
4325 1093
6585 9297
2652 9983
8531 5975
8047 1823
5194 1794
4121 1000
3859 8915
7995 2327
2726 827
6783 301
8096 2218
3152 4762
9305 7746
7315 3953
5031 7031
7751 1168
43 930
958 4927
7285 5143
6008 5013
3896 9242
8805 1066
3159 2856
9415 5261
4611 1601
7515 5180
24 7293
8115 4294
5586 2362
5518 7602
653 3634
5461 8757
5984 3599
1299 9613
9206 947
4635 745
6345 9980
3369 8168
208 715
6639 5869
4145 6841
7319 6248
7254 340
4586 5266
1312 7600
5163 1111
3609 8601
5403 5594
5178 4371
7127 5811
8100 4005
1708 49
9253 8458
7452 6351
7327 8152
1151 1483
4024 9072
1266 4466
9794 1094
8197 4601
2860 7120
3459 3868
9770 5473
3045 5876
4419 8526
3378 8067
1811 6826
5874 7609
7296 2421
4330 5075
526 2160
622 7062
9510 2385
2851 5755
5773 7911
6552 7526
7137 9127
6940 7935
4521 3511
314 6433
9093 3054
8699 8784
1537 206
2752 6241
1954 7121
3986 9748
5509 3072
1953 4617
43 6784
1159 7719
3080 7576
6135 2251
9557 1230
7208 9623
625 6517
7623 9247
3751 8209
7093 7141
3527 9473
6346 8621
2640 4271
4275 9298
8958 3211
8668 2111
3946 5301
1340 3870
8320 5476
880 6956
3944 1120
9477 9710
4506 5109
3909 9352
4694 5984
9146 4977
3306 2442
9468 9157
5243 8295
6180 7481
4289 9578
2187 2801
8297 2068
7767 2406
7440 9997
2401 82
3641 3887
3873 8312
7214 1002
9312 7198
6782 787
186 1678
8502 7016
6721 5545
282 3328
8485 8103
4906 2398
5884 2959
9357 5639
8950 5961
9585 3183
6916 6973
5218 5037
7201 6195
2061 5874
1548 6512
6399 283
1728 3828
4319 6529
1205 4212
763 7444
8454 9371
5187 788
5060 3045
7966 2438
1177 6374
3406 9289
8670 1486
5598 9432
9220 775
3720 6462
7700 5941
8011 7778
7494 4375
9962 9972
5078 7639
1646 3375
47 672
869 1733
6324 7085
8068 4526
3169 2279
3512 1679
7290 4177
216 7315
1788 537
3659 8389
7483 4566
535 6731
8800 1273
7954 8708
8895 90
951 3730
0.6646 0.6217 0.8608 0.1962 0.7239 0.5087 0.3884 0.6145 0.1942 0.4914 0.7696
0.8644 0.4022 0.1977 0.5144 0.7152 0.4413 0.3290 0.2160 0.5377 0.2673 0.2463
0.8944 0.7872 0.6178 0.2669 0.4537 0.1188 0.1237 0.1418 0.1293 0.8768 0.7257
0.8047 0.8831 0.1958 0.7142 0.4298 0.5694 0.5465 0.6133 0.1935 0.3102 0.4058
0.3423 0.8787 0.2014 0.4211 0.6859 0.8101 0.6500 0.2083 0.4084 0.5119 0.4861
0.7961 0.2648 0.4026 0.3244 0.7696 0.2699 0.2023 0.5805 0.7018 0.8437 0.2437
0.1182 0.3288 0.3797 0.1669 0.6783 0.5087 0.2564 0.1944 0.2890 0.2024 0.2544
0.2182 0.2781 0.8299 0.4604 0.7712 0.3641 0.5129 0.5503 0.1490 0.1641 0.6685
0.4504 0.7882 0.6722 0.3897 0.3321 0.3955 0.5324 0.7837 0.1529 0.5422 0.6288
0.2562 0.2019 0.7764 0.8767 0.6893 0.3848 0.8937 0.8938 0.1228 0.5095 0.7948
0.5558 0.5661 0.3032 0.8803 0.2509 0.5078 0.7562 0.3347 0.4233 0.2131 0.3014
0.5589 0.3987 0.1033 0.6689 0.1579 0.8481 0.8659 0.4851 0.2463 0.6924 0.3358
