8 288 19
8382 4847
5467 4636
2590 5193
5629 2756
7339 6293
1960 3682
522 6004
7074 8396
8012 9934
4035 2359
325 8842
5885 7088
2271 4838
843 9994
6908 6230
587 5777
3341 8966
6552 161
2675 6818
1771 6907
9533 1354
9776 3876
2820 5842
2782 3388
8754 9163
5830 8074
4568 1219
3079 6444
76 2748
4147 2120
225 3037
3050 3271
6738 1154
4061 2517
9535 8308
9633 1851
6448 4335
358 7018
9897 5970
4942 900
7253 8739
1654 7478
7503 7573
320 7220
2643 4778
8151 4250
6628 5954
5269 6150
897 134
541 1683
1341 3539
6723 1463
4475 1119
4286 7771
5503 7698
9872 4692
7643 8253
8398 7766
4624 6312
555 5576
509 6813
4908 1063
3031 3920
207 9824
5946 7607
9142 7561
4840 3153
8874 7124
6014 7832
4437 9406
2283 5237
8247 6728
2014 6115
8854 3111
1744 6170
2791 4451
5171 4335
8682 6865
5321 6320
6322 5836
8253 7259
3720 316
5047 7039
948 741
8892 5161
1198 360
4118 7302
8121 3181
1825 7568
8327 2919
7245 1214
1200 1036
3006 7823
6747 2016
4108 342
4317 3864
6122 6294
5172 7354
2522 1549
5321 1045
3592 2999
5881 921
9273 3925
9321 8680
317 5346
1548 4376
1855 2848
850 8775
8940 6942
4370 814
3277 17
176 1747
541 2413
8402 8437
9143 4348
2507 3429
2648 7548
4947 4788
4045 4786
2984 5648
4064 1391
8169 4790
3525 9024
688 2517
9717 9595
7862 6173
6504 8077
239 9950
4363 1639
1362 7153
4367 3223
8524 1403
3623 7060
6954 7654
1521 242
8268 4002
9999 9971
3471 1994
745 9399
3955 5813
8964 1287
5160 3661
8549 8190
7622 7802
3708 1184
6123 1691
5186 266
6866 5682
4829 8617
5109 4132
357 1666
9523 5627
4525 8432
5020 5649
861 6119
404 8000
3104 8136
1057 4172
7960 191
9155 419
6013 710
4925 2510
6214 1924
3042 9570
8045 3797
8549 6354
4514 5657
6690 3311
7491 3741
8467 2233
9177 7735
6238 7292
3000 4202
2648 9524
1146 748
4683 9372
8496 5263
3807 9124
8407 3923
6927 1699
8699 5566
6177 3025
7865 9981
1139 5572
5994 2269
4941 2282
5309 2510
6848 2907
9793 5420
5651 598
2043 6786
7735 3278
8455 7583
3769 8293
6017 9285
8913 1503
9360 6986
9735 8087
9069 8484
464 208
9881 3941
9827 9254
8310 3581
1711 7731
1358 5962
8687 8964
8595 5364
7853 6585
5571 3223
6886 2128
7054 2769
8627 7573
1362 5387
8807 6685
906 3150
2877 9421
4246 5892
6840 6422
8786 4191
9862 8944
293 5537
3639 7480
9727 1172
2049 6422
45 2120
978 1649
349 5850
4766 8427
4672 4202
2704 6528
27 8821
1431 2085
3594 6927
817 2252
4200 5423
3139 4099
6540 8734
139 4078
2374 6191
6613 3204
9185 712
8981 4541
7519 5473
1206 8857
2141 7599
2514 640
9597 1524
1549 3894
7317 9557
1911 5772
5815 4124
1210 7926
4984 748
7584 8089
4735 798
4347 6895
7254 4073
4229 9250
1853 8219
1789 2518
2280 9314
4204 9497
2173 7210
9788 492
5995 1311
8564 9104
6433 9788
1548 9458
311 8155
6074 6940
9949 6766
8300 5250
3623 3525
1249 3834
3750 1749
5043 8142
7070 1122
742 7328
7228 8877
9044 6830
1487 5655
2925 4062
3774 5157
3169 5923
8641 2543
2589 3330
3631 519
4061 9466
6032 362
9127 5411
5655 4804
7755 1234
897 4992
3950 982
3531 7446
314 8570
0.8742 0.5012 0.7135 0.1915 0.5176 0.8442 0.3737 0.7841
0.2823 0.3815 0.5472 0.1796 0.7775 0.5195 0.8745 0.8966
0.2534 0.5040 0.5178 0.8772 0.4188 0.3514 0.4704 0.1923
0.4204 0.5525 0.3621 0.5867 0.3525 0.8492 0.2793 0.5930
0.3724 0.2200 0.4449 0.3201 0.1686 0.7394 0.3724 0.7921
0.5354 0.1786 0.7556 0.1372 0.5376 0.6229 0.2492 0.3144
0.6002 0.6222 0.5456 0.3423 0.5278 0.7300 0.5544 0.2469
0.3554 0.6328 0.3587 0.6740 0.1631 0.6749 0.4468 0.2979
0.1881 0.4475 0.3339 0.1887 0.8084 0.7965 0.7901 0.3150
0.2581 0.6383 0.8379 0.2970 0.6309 0.8506 0.5330 0.8727
0.4041 0.6639 0.7036 0.7550 0.6551 0.6594 0.6763 0.8220
0.1816 0.8769 0.6289 0.7502 0.2547 0.6426 0.8060 0.8657
0.3984 0.1041 0.4098 0.2122 0.3692 0.1839 0.3375 0.4192
0.2144 0.7026 0.5424 0.7797 0.3878 0.7417 0.5930 0.1023
0.6484 0.1963 0.4691 0.5409 0.6455 0.3044 0.2874 0.7768
0.4834 0.7532 0.4958 0.3137 0.5173 0.3656 0.5144 0.5561
0.8051 0.8508 0.7899 0.7541 0.4903 0.7821 0.3453 0.7017
0.1998 0.4940 0.1460 0.6147 0.4557 0.7936 0.5900 0.3953
0.3762 0.7407 0.6412 0.7500 0.8951 0.3013 0.7904 0.6639
