6 203 18
4092 4744
5501 7789
7077 7024
862 139
7330 8644
316 2008
4443 9634
6780 2524
2405 492
4793 2014
8425 5406
6208 2430
1831 3500
3979 5939
1356 2335
9057 6378
2937 787
9980 9142
877 5922
1620 1647
5381 4798
2934 1346
3116 1775
3049 6078
5263 236
8678 5987
3383 2538
557 5164
4470 6864
7999 9269
2484 8530
6864 6999
5766 3161
2660 6737
815 7089
6430 1192
754 8953
762 4043
4248 6842
9283 6399
4389 6163
8817 56
3051 6695
7807 1642
1323 5522
7183 3133
3293 3452
3847 9411
4389 8836
3791 9804
7899 1757
2462 9299
9442 5096
8958 9599
9448 8991
7372 9052
823 7206
5742 8149
9313 2712
3150 2618
3349 5860
8977 1466
9293 8082
9624 4963
2678 2656
7479 3665
6687 8539
2146 7532
8338 9980
3599 3953
3927 1144
8532 1062
6260 792
7968 697
3309 8743
3005 6501
2824 5629
8212 3883
9217 9212
8837 7289
3054 9973
5459 3083
9259 8877
5286 5425
9240 146
8996 9327
3034 7375
2737 904
7562 4520
1476 5847
5304 6372
9398 2589
7633 1728
2736 7268
4954 3523
5489 3811
8711 9605
6287 186
4719 3654
4466 3496
9732 3804
3092 3757
4663 9861
3575 2109
1715 7432
2523 2096
9216 4516
8944 1723
5507 6185
848 709
8003 6805
3436 6738
8136 4130
3979 7224
2211 5815
1392 8372
1963 6066
4934 1390
6579 8533
595 8399
460 239
6071 3306
1700 1555
3819 9626
6892 2918
6549 5137
6049 8209
7106 2845
4566 8629
2546 8073
3996 2490
1180 6343
4434 1412
2360 6036
5750 1834
5505 1565
8390 4584
1286 250
1179 3985
5090 8718
6561 7465
5124 4552
980 6307
8883 7535
6758 8728
1064 6217
8660 1922
1743 6914
3731 1442
8764 8878
3691 5949
7423 1402
4102 6311
7114 7616
1126 2555
6475 4983
9853 4705
1518 8003
5827 7075
5334 3631
8781 1742
2128 5237
3201 2446
4175 7847
1337 7956
929 4405
2976 3912
1016 1168
9162 1688
4144 7960
3624 3771
1947 9429
2147 4483
8128 3310
996 3428
6567 8137
9847 7080
9035 8827
2631 5228
3083 5119
7724 4912
2218 1220
1180 3688
7353 4174
6086 4449
350 2794
1252 9167
411 9456
4068 3987
3684 5242
2814 9725
4935 251
2061 2754
3418 6179
6288 9572
504 2922
688 3437
5623 9632
9028 8191
7809 6347
9782 4799
685 3580
7411 7815
5215 3574
754 6958
8632 9479
2576 8399
8332 7921
1383 1638
0.7679 0.8334 0.6505 0.8412 0.2946 0.4050
0.7482 0.4456 0.2887 0.1641 0.3392 0.8399
0.3584 0.6527 0.2030 0.4686 0.3548 0.3056
0.1519 0.7511 0.1290 0.7080 0.1570 0.4051
0.6904 0.4150 0.5760 0.7238 0.5783 0.7913
0.6068 0.8138 0.7184 0.5236 0.3943 0.8002
0.2425 0.2401 0.2816 0.5632 0.7205 0.7186
0.1852 0.8892 0.2518 0.7679 0.7885 0.5970
0.5471 0.1337 0.3022 0.1124 0.2013 0.5756
0.5869 0.1989 0.2861 0.7671 0.3414 0.5637
0.6352 0.3882 0.1059 0.7745 0.1836 0.1278
0.5920 0.3793 0.3231 0.1116 0.8549 0.7847
0.1357 0.3001 0.6377 0.6549 0.1151 0.7485
0.2078 0.2098 0.7439 0.5001 0.2175 0.4238
0.1421 0.7291 0.5925 0.1134 0.5498 0.1231
0.1946 0.5533 0.2412 0.2943 0.1386 0.6508
0.5347 0.7473 0.8829 0.5632 0.3998 0.2259
0.6826 0.1379 0.8982 0.4601 0.1431 0.4389
