7 255 28
69 2490
1092 2274
937 1311
6902 6243
8533 6016
5693 95
3243 9231
9609 3089
9883 1758
6810 7650
4053 2026
5105 7489
770 1515
3362 5730
4953 5952
4316 5582
5488 6054
8041 8542
9413 5289
4391 8298
2758 4986
8326 7754
7660 8931
1772 390
1206 4414
8163 9346
8248 4713
7983 8396
6656 7438
6713 5325
8717 7519
7002 584
9729 5200
7285 1402
198 7417
2933 7978
6640 4946
3660 4820
7195 9054
1644 6640
2424 460
4291 6679
6458 671
4898 7810
7121 1451
7768 2104
1422 7434
2583 675
9466 5563
5389 3541
9705 6382
7654 4171
5131 5249
7468 8687
8080 1195
7688 9139
6571 9390
4349 9891
4864 369
9351 7084
1923 5085
8020 8970
8530 7801
3378 4577
2928 1190
9433 2865
2548 3709
2377 1175
2139 4714
9505 4264
3278 6486
1731 1581
8495 699
7269 6132
7691 9358
9907 3933
9392 4128
8424 9518
2310 6628
4584 344
2743 4479
2379 2144
4568 7948
8713 473
8292 6688
6429 3607
9276 2978
1041 5849
4439 3527
2809 7034
2424 6024
9069 7822
7633 2387
7889 1946
4089 6211
442 7904
9295 6393
8321 8515
2265 1231
535 1963
3583 3906
831 4099
2531 962
8492 3804
7743 2761
9530 3281
1320 3316
6072 4012
3047 7782
2639 4457
223 5070
4158 544
1616 5036
1040 8730
5733 1210
5803 3947
3530 8693
8441 9084
5215 7500
3834 6021
5291 4699
7669 1193
6197 1170
8274 5445
6370 6150
6377 6350
7375 8768
3628 231
9819 9748
3863 571
7694 3322
4119 412
7596 7335
6432 2074
3156 3262
4598 2058
3402 3110
4257 5358
1217 7641
5931 5368
880 583
3094 9183
8402 5576
6939 8262
9928 6375
9191 5264
4156 6647
4727 454
6081 6237
1904 1123
4 6897
8522 3096
2390 3907
3284 4892
3484 1438
3134 1537
5513 4828
2876 2103
600 1179
2251 475
3137 4065
4531 9763
3375 5845
1014 4986
5150 615
8392 2614
8805 3217
1564 9728
2728 3026
9564 3444
6252 9392
9398 406
63 8443
1598 9271
312 7030
8354 1815
2792 6817
5267 3402
2870 9810
374 4612
5369 9249
9612 9148
8762 3352
703 9252
1127 7201
8176 6157
7355 4091
2672 5836
9393 3458
3160 561
6314 1866
93 4833
8918 4764
9715 4477
8310 7863
6984 3340
5995 3933
6227 8015
6600 6558
3203 1824
3790 6690
2612 4595
6212 8169
5310 4209
5306 3688
3859 1552
6188 210
99 5508
2194 8989
7960 5571
7127 9778
5874 7155
6692 9623
5763 463
7027 7962
2779 8304
8281 8251
2735 1073
3698 2817
7735 4823
1093 5606
5809 3447
9642 3563
4864 2374
6049 7227
3229 3124
1745 9520
4747 1695
2160 9090
1518 9003
3762 6480
9646 1866
8582 8967
777 7422
4984 2654
4981 957
6319 3646
3034 6284
4484 9940
9347 8753
7906 2565
6524 9821
9763 6821
6149 1314
1164 9163
6266 1978
7880 1566
6722 5865
1060 113
5164 8678
3134 2922
7351 3559
3152 3655
7547 5154
2120 7096
1814 6992
3346 1050
4235 7783
3806 8227
7470 9909
9169 1786
1166 4257
0.5108 0.8458 0.8469 0.6028 0.4235 0.3210 0.8441
0.1839 0.4741 0.1362 0.6677 0.5609 0.2578 0.3547
0.1009 0.8342 0.7599 0.5270 0.3220 0.7762 0.8786
0.6257 0.5617 0.3031 0.1993 0.8594 0.1991 0.6927
0.1683 0.8561 0.2131 0.6976 0.2665 0.5868 0.5108
0.4937 0.5899 0.2851 0.1351 0.5712 0.3209 0.5341
0.1596 0.7929 0.6686 0.4372 0.2664 0.2621 0.2731
0.2584 0.3796 0.5136 0.6432 0.5733 0.2782 0.2674
0.2562 0.5386 0.2243 0.2920 0.3340 0.1224 0.3903
0.3044 0.3721 0.7625 0.7950 0.8924 0.2846 0.3532
0.1134 0.5008 0.5621 0.1954 0.8164 0.2293 0.2582
0.8214 0.6707 0.3608 0.2916 0.4720 0.1144 0.2028
0.7997 0.5662 0.2631 0.4486 0.8332 0.5808 0.5277
0.3138 0.4614 0.2067 0.1398 0.6555 0.4381 0.8979
0.8257 0.8851 0.7234 0.2648 0.4909 0.8821 0.1154
0.1067 0.2262 0.2417 0.4391 0.8521 0.7414 0.1285
0.5830 0.7677 0.3212 0.8094 0.6864 0.6010 0.4224
0.2128 0.3400 0.6391 0.7378 0.3318 0.5192 0.3962
0.1512 0.3584 0.1754 0.1217 0.3096 0.2297 0.8487
0.8366 0.2240 0.7698 0.6369 0.6853 0.2747 0.5708
0.2654 0.8079 0.7425 0.6673 0.6205 0.3548 0.2859
0.2430 0.1174 0.3090 0.3375 0.4027 0.8821 0.1630
0.4149 0.8896 0.2203 0.6474 0.8463 0.4924 0.6892
0.4098 0.8716 0.5005 0.7386 0.8220 0.7658 0.1390
0.4607 0.2321 0.3485 0.4589 0.7835 0.2510 0.8422
0.8436 0.6198 0.6132 0.5086 0.4524 0.2744 0.1412
0.4118 0.3570 0.3651 0.6597 0.8943 0.5048 0.8709
0.8455 0.6550 0.3371 0.2074 0.5346 0.2905 0.2864
