5 164 10
2216 3311
4878 8532
7336 5316
9235 8824
9633 1657
4321 8225
8368 3767
2335 7477
9360 9702
1025 7611
7290 4849
7463 3967
7861 9334
508 2530
2183 8763
6535 4082
602 1336
1886 5689
8458 208
3574 9639
706 649
183 7032
4717 9923
1766 5840
3128 4918
7045 8682
6970 483
6237 4139
5169 6467
1102 518
648 8543
9085 5958
8809 2433
1848 1254
7357 1899
2357 9931
3269 1102
4587 1919
7088 5766
9787 3251
6805 3464
6788 8185
4964 605
7779 4607
6455 1344
6403 7918
3206 7564
3548 7374
4034 1927
2957 17
5842 6252
4782 2968
7690 8785
8143 3129
7689 1221
2399 6690
8655 6960
8983 2691
23 3705
8019 5528
7986 6457
5953 3655
3541 6214
5796 3078
2719 8328
8829 2299
4904 8390
1544 3033
1822 9676
8215 376
3580 5448
8556 2424
2149 3812
1445 924
5816 9945
9421 5413
6572 107
7217 7984
5072 8004
2987 8266
10000 1659
547 284
7488 3347
1884 2816
4436 8576
6628 9058
7706 1854
2009 798
3588 3406
8998 6864
2261 2581
4156 636
9526 5787
340 346
5261 5603
4859 7960
3288 9371
1209 8205
3713 1293
7357 433
5665 5611
9120 8752
8964 7183
1090 1436
4933 8118
8035 3364
1865 8036
3558 2414
9076 6334
968 5646
8492 1550
6775 4856
6963 5797
8109 3532
8454 4548
2865 7498
4610 249
9716 1911
8183 9987
2862 8018
674 6404
2129 1524
879 5205
6588 8616
146 6117
6834 5
9952 5825
9559 6558
2918 7140
8652 4235
2259 459
6299 8137
1209 6872
3040 9753
4750 9375
7966 1006
3172 5506
8327 9914
2381 3164
1076 5080
7095 146
8893 1260
8429 7815
4134 8185
2818 4353
7429 7809
7253 5115
4607 6210
3768 2463
4533 7455
4109 3854
4246 9297
3707 7182
3548 3201
2536 7334
6779 3212
9977 7757
7270 3590
9785 1245
4475 3042
6271 7525
4072 9973
82 8207
905 1334
1891 8951
5407 6426
8945 6472
4369 9991
8223 2747
0.2132 0.8039 0.6424 0.7518 0.5152
0.4948 0.4961 0.7206 0.3896 0.7852
0.5855 0.6742 0.1930 0.6037 0.6163
0.7705 0.7646 0.8355 0.2705 0.8935
0.5871 0.2664 0.1644 0.2337 0.4194
0.1062 0.8766 0.5689 0.8085 0.5580
0.4543 0.1880 0.7475 0.7748 0.8751
0.3535 0.7168 0.5069 0.7971 0.5823
0.6489 0.7656 0.3171 0.8627 0.5618
0.7263 0.8714 0.1553 0.2429 0.1128
