8 119 29
2805 6093
1061 2530
7953 8108
6178 2607
4988 3018
6375 6973
9551 734
3386 9847
6115 5276
854 3620
5738 7691
3420 7693
641 9641
1589 9269
8462 7241
2252 9900
8505 98
4637 415
2250 3410
1389 6169
2225 7522
9299 4623
1832 6371
1915 9256
7556 4387
980 1802
4318 6389
9894 7176
6842 2709
6503 4975
7050 9311
2246 1664
8590 3707
5651 1305
153 6986
38 1089
2562 52
4629 4173
9908 1896
3839 4758
8524 5190
757 8475
1678 2608
5291 8108
6395 6774
3076 9209
210 8106
6271 6125
8270 8374
3142 7235
3638 8655
7940 8449
5514 7375
4690 9138
103 2769
2941 232
8062 763
1051 5502
4047 2579
2233 4729
152 758
2956 2087
9405 7187
7185 3610
7427 9972
9115 9983
5215 2526
8749 9173
6792 4826
5016 1444
2546 6017
1447 7577
9727 2555
7320 5129
7857 7993
7008 5165
7580 8146
9007 2929
6420 1466
9690 1140
2031 3089
521 5737
1864 7745
7403 7109
5812 221
3077 6399
3388 6000
4997 7130
5891 4882
2108 6773
9084 1020
9479 6603
3286 5911
3557 6298
3049 8809
71 73
5125 7304
8799 2124
1447 821
5536 4972
2436 3395
8683 4188
8080 9342
4861 7010
1105 4807
8176 9637
8463 3401
5540 7980
1183 5285
238 2703
4772 802
1274 3502
626 5138
1693 3066
7703 9141
8754 7816
850 42
672 8116
3536 9962
2908 467
7141 8653
5986 5227
1339 1288
9975 75
5119 3045
3589 3901
3289 3523
0.7318 0.6373 0.3730 0.1067 0.5952 0.6095 0.8975 0.3314
0.5272 0.6974 0.5994 0.8550 0.7317 0.1699 0.6676 0.7814
0.5283 0.1414 0.7568 0.3881 0.8468 0.6150 0.7831 0.3308
0.2719 0.2139 0.4635 0.6726 0.1678 0.5329 0.2484 0.2019
0.2332 0.8242 0.4816 0.5103 0.7329 0.8312 0.6385 0.3326
0.7383 0.2944 0.2920 0.2287 0.6493 0.5714 0.4794 0.5366
0.8369 0.5258 0.8189 0.4843 0.7687 0.3159 0.6380 0.4461
0.2375 0.1541 0.8413 0.8158 0.3378 0.1796 0.7453 0.2494
0.8316 0.1059 0.5048 0.6361 0.3147 0.4006 0.5180 0.7907
0.1278 0.3308 0.7172 0.5226 0.1900 0.3549 0.1268 0.7110
0.7462 0.2644 0.4385 0.3339 0.3952 0.8552 0.6586 0.3367
0.1319 0.7698 0.8284 0.1097 0.1495 0.8336 0.8053 0.6228
0.2617 0.4156 0.3651 0.4207 0.1910 0.3664 0.2204 0.1635
0.9000 0.4277 0.8807 0.7167 0.8280 0.3504 0.5296 0.2461
0.7632 0.7624 0.8732 0.7027 0.6644 0.3429 0.7448 0.8036
0.7767 0.7478 0.2151 0.7119 0.4731 0.3999 0.2147 0.5159
0.5715 0.5691 0.7931 0.2178 0.1443 0.5761 0.1706 0.8498
0.6961 0.5237 0.1600 0.4118 0.5941 0.5409 0.2381 0.1663
0.5580 0.5042 0.4629 0.2633 0.2339 0.6666 0.6018 0.4623
0.6548 0.1513 0.1577 0.3178 0.3946 0.2761 0.4312 0.3117
0.8260 0.6026 0.2417 0.4446 0.7681 0.3956 0.7709 0.3960
0.2778 0.8895 0.5698 0.6261 0.7808 0.2479 0.5604 0.8528
0.6617 0.4332 0.7014 0.7609 0.7721 0.8335 0.5029 0.4166
0.5394 0.1532 0.2924 0.3964 0.2445 0.8065 0.4151 0.8664
0.8697 0.7180 0.2557 0.5860 0.2188 0.7376 0.1247 0.6513
0.5499 0.4964 0.1749 0.5340 0.3928 0.1932 0.1301 0.8680
0.5947 0.8343 0.4036 0.2089 0.6734 0.4535 0.6733 0.2096
0.3890 0.1360 0.2037 0.5609 0.6395 0.7433 0.8005 0.2477
0.2789 0.8846 0.2439 0.5437 0.7282 0.1800 0.7665 0.6646
