13 642 38
2485 4069
9402 4171
433 3576
6352 7402
9460 4384
5164 9237
8709 5217
9322 1755
7144 1374
2798 8949
9887 6374
2622 7294
3693 5081
174 2249
4526 9563
5596 7683
8494 1460
4918 6839
129 5394
6806 7394
7632 8225
6850 3087
9740 6837
3945 162
9648 2700
5925 984
8326 5159
8637 2108
6827 1898
4131 58
193 5076
7714 8793
9655 4511
9387 3129
1020 8131
3649 7199
3272 8436
466 6031
118 7186
8656 9461
9197 701
7294 718
3762 3823
7580 351
4283 2654
462 5051
5630 5510
8528 4327
8234 3164
3129 5750
721 369
7319 3248
6897 1673
1539 982
9502 4595
7824 9919
4196 9353
8722 8782
5301 3980
6585 5806
816 4930
8578 9250
1360 1355
7867 2082
4627 6283
2766 2613
6118 8560
6254 9783
2310 6542
4797 4082
7469 8899
5114 9037
6158 8289
136 562
7986 1929
3963 8848
8690 6724
7475 2271
997 8665
3426 2110
9167 3735
7569 638
5053 4896
3679 1001
201 3692
1660 8747
9181 5012
1071 1602
5223 7985
6762 9125
767 1293
1335 9016
1212 991
2512 309
81 8453
2571 2801
6107 9666
991 1395
7632 9572
3933 2859
7018 9638
4203 9613
5146 9138
9658 7652
9758 8851
9732 9457
231 128
9099 1274
9237 1626
1664 2157
5437 7227
3877 4581
9341 8263
8821 8650
2072 7365
1374 6467
2422 4974
4040 7422
9341 5457
2599 7493
8921 9006
3888 5520
2396 8190
8657 9784
9741 3863
5351 7861
4891 3131
2117 9132
5403 5968
5970 8637
2423 6856
7046 7934
2315 4394
7038 1010
1283 8450
749 9506
3903 7236
6998 1609
1131 7381
7886 8463
5227 8607
2124 5465
2206 8289
4530 4006
2401 2288
8723 1541
564 7072
1233 1600
2835 9352
6043 7443
7149 2401
8249 5083
9496 4891
5000 4692
2195 4951
7639 2607
4659 6153
8384 4342
8972 4304
6184 478
6388 5677
4529 442
6073 362
4431 2496
9708 3555
1997 6126
4913 8686
2423 4584
9618 1014
6722 8308
3091 7243
1670 5128
4472 5049
1353 6241
1611 2482
2851 7467
4617 198
1725 7705
2723 3173
5628 9026
2741 2315
837 8609
9231 482
1174 8194
8299 9182
345 8140
2404 7349
5673 2397
7160 9306
6705 804
4793 6410
5523 8574
4415 659
9720 8727
6193 2571
3072 1247
5 4782
4215 2046
9843 8516
9330 6350
295 1091
2057 7483
8943 9890
958 1933
6535 1600
2469 5754
3846 1756
9685 2820
6629 3536
8115 2082
4625 6790
8517 5470
3140 3696
3123 7118
1781 999
4971 7897
2079 9337
3505 7221
9093 5207
9888 1841
452 1753
5945 7191
860 3859
1533 6465
3694 1664
8165 3402
9447 8392
410 2958
3949 2282
9047 9228
3953 983
5912 6255
5247 2921
6086 9054
7960 2773
7872 1228
3231 7791
4923 1108
8808 1674
6361 9819
5238 5741
4021 9179
2817 757
6239 7171
235 270
5404 3212
6589 1426
3670 5278
3576 903
3457 4238
6470 479
3076 5651
2625 6914
9916 3587
7921 4306
9632 6511
727 8924
836 851
8060 3513
7319 1141
7581 4732
207 2816
4258 3735
9864 282
458 3097
7395 2946
3537 1461
3865 7118
532 7937
4868 9410
8119 8521
8156 854
9249 7180
9893 9519
4404 2836
8545 64
2371 5618
1645 4458
2363 979
4347 436
3135 6790
5488 8426
7827 7620
8621 1490
6069 9277
1658 5757
609 3421
6624 8704
2216 9225
8923 2731
4292 4700
3870 7422
3216 2384
2129 3570
6925 9962
2676 2065
8377 5281
2393 7650
7018 4458
6405 2784
2663 1370
148 9546
4205 9780
1421 8803
4408 8775
947 877
7637 2005
9225 8854
7719 4938
9524 8566
9061 6372
4480 6252
8222 1889
4312 4895
5139 4492
8838 5871
73 8350
2212 9713
3762 6398
3908 58
1686 6669
6177 6945
3403 9713
3360 5717
5300 9082
8857 8117
5387 9361
1835 6569
4118 625
9482 9679
7339 2077
5874 3077
5639 7445
7865 7490
7455 9051
2585 7953
4017 1389
2032 607
3880 2103
3937 5866
2148 3319
246 1220
4239 7335
5907 4577
6909 2896
4979 3692
8160 4507
6643 7528
6468 6503
964 724
1431 7517
3001 3903
8731 6241
4841 7922
4462 5421
9774 9270
3073 895
6336 6882
3219 5334
515 3702
9989 6744
3687 2899
5885 9745
3291 9047
1781 1390
5332 1011
3476 757
8218 8695
1337 3114
3444 8186
5898 3660
3962 6435
3860 5677
9059 6997
1967 8142
836 8821
9648 4703
6642 6286
6556 2812
8477 2426
3605 9731
5689 824
9348 7280
9701 3323
3382 8864
6688 185
6397 8966
8403 7816
6124 4873
4223 5957
3555 5257
9127 2007
7078 8785
3060 2154
4746 311
6565 5905
8847 4382
1250 5934
1278 5392
4786 1266
7840 9290
6119 7236
2916 3556
7622 1531
9981 157
1419 2940
7226 76
9938 765
8326 1015
3980 5372
392 8879
1133 4841
5377 8513
6092 4716
3466 3283
8947 6290
3563 5747
5362 1301
9046 8059
546 3180
8241 138
924 6883
2901 459
6013 1237
7112 5598
6320 259
3690 3954
2575 459
8298 8871
1457 5830
9133 2194
9864 4701
2345 7756
8232 3895
1495 2841
212 1471
6983 337
7676 2964
1616 8033
8730 758
2089 5055
4347 6465
4926 6149
2119 1814
9227 4219
611 6662
7482 4271
5705 5383
1404 5268
637 5064
2092 4199
7932 7585
1918 3001
369 5379
7468 6629
2497 3739
7455 5038
4588 6042
6995 6412
3969 1186
3496 4875
5989 9392
9935 3921
6369 7502
1337 5665
2375 8677
1226 700
4162 8429
2385 2473
835 1640
1822 2279
8352 3791
639 4451
1829 773
7428 1166
8833 688
4702 5414
2886 7712
8132 465
5631 4191
2762 1216
929 6192
5702 3891
2107 7785
9636 8550
3274 4276
2318 9399
3059 6999
3407 7755
3389 496
564 8288
2863 174
8612 7730
7179 8499
4500 3067
8633 9936
8325 2395
6832 4296
5383 5115
1753 546
6345 3406
2226 7333
7603 9173
9603 301
8879 9768
4743 7427
5736 8305
7668 9946
717 4784
3645 3093
7792 7903
7039 7760
6450 7261
9019 4541
3353 7474
6466 2992
8222 5678
1406 412
5991 6664
4798 8675
8373 7081
8642 2962
7420 8522
7211 1903
3916 1077
5037 9390
742 5967
6987 9881
9227 8020
5089 1526
1924 375
6218 6683
6309 3620
7202 9550
7043 2322
7296 8173
4731 2696
3797 5803
6913 7644
8002 6407
1032 2253
3186 5458
3742 3123
7003 3296
9645 7305
7161 2838
9985 9775
9323 2390
9721 9676
9941 4786
9329 2679
6469 3930
1636 9189
9844 7699
6878 4571
6201 4720
9735 9113
916 2819
266 4825
511 8183
8007 7334
5590 4286
3126 6458
9104 5499
1917 8317
780 991
5101 3337
8607 6309
4118 4965
5875 7952
5900 3804
6055 6057
5601 1070
4344 4389
7424 508
5316 5530
1483 8524
8125 1743
9338 7101
2501 737
4196 6664
7568 5766
6109 5516
5767 2496
7926 4183
7971 6604
9861 1523
5270 2158
9701 2250
6894 6302
1171 9529
4720 9983
7678 4689
6882 2214
8716 8421
6740 4890
6600 8150
7353 185
9532 212
1606 9349
1143 4688
7905 3911
6379 9502
3767 2185
8637 852
2658 5167
1694 4890
9816 1068
2744 3332
8230 7762
8181 7089
8203 9422
6251 8354
7591 4363
1815 7378
420 9740
7990 542
2519 1001
1440 8666
2419 9284
9129 4194
1035 934
3143 4448
5799 9371
7921 4588
4943 7281
1882 639
2728 509
2019 9954
8944 8432
3772 9710
6016 3745
5241 6924
10000 7580
2803 9979
8985 9575
3165 7563
3861 6348
3454 9322
8761 4934
7195 5520
7739 912
6591 735
8007 7993
1800 6202
8978 7424
452 1899
1633 8342
1549 5100
8563 8182
4938 1551
9379 2066
5980 5952
5230 8165
9828 1197
0.6718 0.7140 0.6464 0.2087 0.1280 0.4150 0.8859 0.2806 0.1650 0.3605 0.1468 0.2386 0.8910
0.7614 0.5705 0.2369 0.8040 0.3750 0.5929 0.8482 0.4450 0.5622 0.4784 0.4959 0.7929 0.9000
0.7619 0.7902 0.3755 0.5498 0.3313 0.4197 0.8460 0.1034 0.4659 0.3258 0.7767 0.3445 0.6434
0.2979 0.7753 0.3833 0.4149 0.5756 0.6997 0.1065 0.7443 0.5765 0.4355 0.7697 0.2827 0.3373
0.6045 0.8312 0.7567 0.5349 0.7879 0.3480 0.5544 0.4155 0.4226 0.2477 0.5809 0.8858 0.3321
0.1186 0.2500 0.1964 0.1389 0.3221 0.5871 0.8999 0.5562 0.6184 0.7074 0.1126 0.8194 0.5404
0.3536 0.8574 0.7236 0.5860 0.6405 0.2621 0.2769 0.8697 0.3414 0.6237 0.8154 0.3088 0.4713
0.5126 0.7413 0.3295 0.8159 0.4191 0.2905 0.3648 0.3601 0.8442 0.1871 0.3922 0.3346 0.3012
0.3772 0.1086 0.5336 0.8785 0.3905 0.2162 0.5057 0.7462 0.1773 0.6030 0.3315 0.2608 0.5436
0.4699 0.7239 0.4184 0.2365 0.7762 0.3046 0.5888 0.5125 0.2237 0.4618 0.7017 0.7377 0.4677
0.4312 0.8067 0.7309 0.4285 0.5687 0.6452 0.8102 0.5477 0.1936 0.5810 0.1676 0.3778 0.1448
0.7035 0.7193 0.5968 0.4346 0.8849 0.6170 0.2176 0.6948 0.3431 0.8868 0.5160 0.7709 0.4343
0.2334 0.4081 0.3841 0.5367 0.1631 0.8987 0.2476 0.1155 0.1426 0.8434 0.5998 0.7489 0.8016
0.4023 0.7347 0.5911 0.4394 0.8410 0.6462 0.3266 0.5869 0.8919 0.6191 0.4453 0.1521 0.4331
0.5854 0.6242 0.4884 0.5684 0.8501 0.4934 0.8601 0.7796 0.1789 0.7695 0.5118 0.6723 0.4826
0.7742 0.8886 0.1694 0.1716 0.8425 0.7235 0.6357 0.8994 0.4993 0.3589 0.8397 0.6251 0.1546
0.5689 0.7339 0.2930 0.7851 0.5550 0.7391 0.5707 0.4391 0.6940 0.5508 0.8418 0.1728 0.8483
0.5557 0.4907 0.7574 0.7175 0.8344 0.6291 0.7779 0.1839 0.6761 0.5045 0.5841 0.1000 0.2068
0.2942 0.3640 0.4914 0.5157 0.2550 0.8679 0.6895 0.8538 0.4089 0.1042 0.2748 0.7349 0.7637
0.2352 0.2879 0.2907 0.3165 0.4623 0.1509 0.2903 0.7823 0.6002 0.1949 0.6772 0.4923 0.3319
0.4659 0.4680 0.6997 0.2089 0.7385 0.5079 0.7314 0.4330 0.5783 0.8197 0.1126 0.6908 0.5096
0.6501 0.6487 0.6682 0.3272 0.4317 0.3565 0.3269 0.3768 0.4669 0.6220 0.2436 0.6594 0.4803
0.2660 0.2759 0.6053 0.1121 0.2939 0.2853 0.3186 0.6248 0.3803 0.3514 0.5609 0.2607 0.5264
0.6348 0.5369 0.8065 0.8879 0.2667 0.1053 0.3854 0.3215 0.5398 0.6707 0.3536 0.6920 0.6828
0.5684 0.3057 0.5177 0.3323 0.3369 0.7704 0.1754 0.8139 0.3377 0.3463 0.7850 0.5624 0.1155
0.2552 0.3341 0.4688 0.6053 0.2171 0.3583 0.1965 0.8125 0.2608 0.6949 0.6474 0.5818 0.7472
0.3293 0.3887 0.4328 0.5230 0.7421 0.3637 0.4448 0.8885 0.4830 0.8927 0.5531 0.5759 0.8953
0.1569 0.4881 0.6731 0.3309 0.2283 0.6119 0.8753 0.6189 0.6113 0.4220 0.2812 0.4091 0.4846
0.2855 0.8098 0.2276 0.2508 0.3798 0.2290 0.3729 0.4069 0.2929 0.4945 0.5950 0.6926 0.8527
0.2820 0.8827 0.3267 0.6307 0.6400 0.2191 0.4597 0.4478 0.5149 0.1568 0.6731 0.3581 0.1095
0.5300 0.5666 0.3618 0.1290 0.6967 0.8110 0.8721 0.2782 0.3914 0.4694 0.4339 0.1046 0.2472
0.7487 0.3337 0.1007 0.2739 0.5150 0.1700 0.4858 0.3136 0.2965 0.7362 0.3162 0.3975 0.8572
0.3385 0.4718 0.1262 0.3299 0.8362 0.7588 0.4743 0.3966 0.7766 0.5885 0.8445 0.6396 0.2043
0.2251 0.8860 0.5388 0.3265 0.3265 0.7855 0.8061 0.8313 0.5828 0.3198 0.4023 0.4145 0.3864
0.8779 0.7834 0.4847 0.5696 0.7098 0.8350 0.4197 0.5941 0.5278 0.2952 0.3630 0.2682 0.4304
0.8158 0.3123 0.3695 0.6899 0.5862 0.1476 0.4560 0.8724 0.6347 0.7897 0.8865 0.2364 0.4720
0.6699 0.4375 0.7204 0.3446 0.1210 0.7763 0.2348 0.2690 0.8466 0.6333 0.4463 0.3735 0.4635
0.4766 0.1455 0.1660 0.5624 0.6260 0.6357 0.7393 0.2897 0.1248 0.8100 0.8541 0.4048 0.6204
