11 356 13
2423 7612
1272 4777
7344 5111
1487 8454
8364 5119
9111 8866
4806 4663
3262 9014
2576 6191
1447 8136
9372 1664
5769 1278
3580 2041
229 5842
8653 7559
7194 716
9072 2390
5060 8745
6144 4699
4971 5438
8537 1035
6001 7847
7438 3608
5756 2269
231 1217
9473 7575
4744 3489
8773 2777
3866 5005
1122 3899
6869 2430
3467 8187
344 5234
5111 7736
4968 2248
3394 8738
8566 3343
3490 8904
8896 8197
9855 8520
997 2030
7099 8499
4417 2322
7083 3741
7757 4852
6970 6166
8888 2837
5656 3954
8763 5199
5399 5689
9801 6162
4128 511
3766 2278
953 2837
9993 9819
5800 2649
7537 974
3500 2798
225 1415
4278 5652
1740 520
2548 3862
5789 2805
1412 7962
4616 2078
4998 3432
8744 5763
225 5028
6848 5056
2604 3133
8826 9454
8166 6277
141 9593
9501 1454
9836 3373
3235 8413
1318 6412
6552 8495
271 2297
7108 6464
7071 5840
9165 1814
9103 615
2956 5992
9739 5933
4233 8417
4470 359
3173 2068
103 2587
8199 8951
86 1638
2298 1162
2375 402
3767 6495
109 7628
2301 9052
4351 5384
2573 7139
6650 1030
9754 3028
5270 5177
3013 8663
5345 4332
6660 9052
2675 1704
6514 856
8720 136
6630 5156
8208 2298
8630 1838
4312 1270
2665 5358
3682 1929
4535 8884
5058 1356
9946 6299
7911 3267
5124 7252
7739 1106
6545 8950
1844 1998
4005 3054
9875 1234
2299 2970
5510 1967
5321 1877
752 5072
8228 2540
6490 615
4031 9232
8615 910
7608 2145
5201 3010
4678 5022
7572 5062
1762 8065
439 5969
208 9016
8661 6661
1204 3763
406 2353
9299 878
3358 6604
7067 152
7777 9891
8641 5044
1431 7032
6644 6908
5147 5543
3092 588
9803 6463
6448 2231
5342 7894
5462 7994
3697 2381
7485 5600
4306 2511
8333 5738
120 3932
6900 2940
4645 9822
8376 9963
1497 1791
7669 7993
8019 9300
8915 3628
3373 8498
872 2907
6519 86
2434 9917
9604 2613
6339 9721
2143 1320
790 1383
8928 6615
6162 9191
26 3652
8939 3221
4243 7872
2803 1590
2511 1513
992 5694
1131 3308
6551 3833
8251 4066
6982 3105
7704 4490
3150 1298
8829 5640
3027 3519
1760 1276
703 9554
9748 9776
3462 3438
6608 3072
1036 6736
4349 7427
3773 7244
265 2049
6562 4583
7556 3464
5126 9462
4663 1125
2744 5852
7360 783
1924 1339
4007 7181
4816 6738
8231 4268
6418 3275
3872 1415
4924 3049
9053 1928
2924 6334
7054 8127
861 1283
9 4669
8477 7046
3532 7399
9321 6454
2900 9836
982 4670
7813 3147
7421 3350
500 69
1494 2077
2406 2032
1036 2431
8196 4401
6023 5883
536 7398
5768 5410
2590 2184
2870 3545
9170 5115
8035 2290
9227 4611
6027 1198
6740 2268
7258 7745
7407 7066
281 1740
8747 3482
6859 6938
3852 6664
6719 8280
3779 8122
7853 9985
2123 9015
9010 8919
4559 5677
4726 8633
4452 5148
3756 4366
1929 3878
8988 4827
6511 6534
5308 1508
5326 4030
3252 9576
4066 3981
8043 341
6764 7689
2370 2869
8480 9545
7137 8352
2106 5975
2179 3457
4611 6317
7529 3106
2052 7974
723 4196
3525 7751
1210 4987
376 6588
6882 8875
6625 2657
8291 834
2674 596
9673 3549
8883 5180
8800 7715
4445 6238
7497 8662
2022 3289
4611 7073
5146 7522
4902 276
9699 1731
1529 5124
885 167
6097 4392
5072 2880
2286 6404
2878 933
3119 5939
8018 1917
8393 9165
8971 4389
8065 2604
2640 2307
4724 9685
207 3222
2583 2641
5744 1509
8980 3987
3526 4136
5601 5448
8207 7783
4502 2423
4428 9209
3662 7009
4604 708
9303 2883
7059 9724
8408 7241
1761 1712
1432 793
4094 1776
8868 5366
866 29
6682 4627
3974 1690
5434 9094
1467 2367
1857 4145
6493 4765
1163 7908
3559 8476
638 3238
4034 8327
1501 567
3561 6768
9927 5309
2836 4141
1272 191
1447 8847
5687 8790
9884 1014
9754 8076
9277 5841
6361 5967
5721 2462
2949 3966
6313 8064
2671 5945
7679 2315
9125 7638
524 1518
5776 1033
8416 9812
5014 6392
4851 25
1418 2953
6396 4725
1315 5155
8081 3451
9475 5883
2023 2971
529 8209
5292 514
1330 8905
6260 5534
279 6153
7211 2786
9494 9510
4621 1921
0.5910 0.7784 0.4786 0.2151 0.4980 0.5160 0.7957 0.7176 0.8584 0.8328 0.3512
0.7675 0.3325 0.5340 0.6347 0.1883 0.8703 0.4635 0.4597 0.2180 0.5371 0.2579
0.6938 0.4428 0.1646 0.2458 0.7905 0.7094 0.4381 0.6785 0.3097 0.5790 0.7689
0.5456 0.6444 0.8587 0.5973 0.7457 0.1305 0.5975 0.4385 0.2079 0.3272 0.7933
0.3736 0.2546 0.8384 0.6456 0.2641 0.3908 0.5350 0.6932 0.6495 0.1485 0.6811
0.2022 0.6852 0.8358 0.7223 0.5388 0.7596 0.2803 0.1145 0.5047 0.5105 0.6534
0.7467 0.5184 0.5411 0.3380 0.5019 0.8552 0.8542 0.3422 0.3659 0.4302 0.7666
0.5870 0.5752 0.4978 0.1915 0.5404 0.3781 0.4699 0.2215 0.2738 0.2497 0.1734
0.8375 0.8965 0.6978 0.7462 0.3793 0.2179 0.3911 0.2138 0.4700 0.7538 0.2070
0.6072 0.8758 0.6765 0.5063 0.7634 0.4703 0.5259 0.7712 0.4663 0.7755 0.8426
0.7319 0.8663 0.5290 0.5818 0.2241 0.6861 0.4974 0.3258 0.5888 0.8301 0.4012
0.8579 0.6362 0.5895 0.7152 0.1648 0.6102 0.7615 0.8197 0.5117 0.6772 0.8359
0.1192 0.1451 0.8839 0.5495 0.2088 0.5715 0.2094 0.8184 0.5386 0.6674 0.8755
