8 316 15
6220 2899
511 1543
7784 9860
2327 6913
1194 4773
6792 8834
1610 1036
5227 4731
6289 6602
9255 6016
5786 6450
114 8395
4722 2273
7529 719
5239 8775
7161 1538
9365 5743
9254 7325
6819 3468
2648 4334
4948 4659
9411 662
2774 5814
4566 4386
7200 1792
3168 3252
7844 6736
964 2754
1639 7500
4970 3884
1745 6510
3330 4426
587 1118
2055 6412
9554 6593
5798 876
8489 7076
2755 4294
4538 9023
619 9832
1942 7430
8448 7590
9639 374
4206 8591
3774 9217
8550 9483
1394 8312
1170 8207
4823 2573
3880 4909
4476 4207
2531 2268
2165 7710
6183 5661
6054 479
3886 473
610 5527
6803 8222
7197 6624
298 6113
6417 2203
9839 3408
3879 5963
6987 6852
9666 487
8812 7539
426 9262
1053 1366
5703 5135
1477 2746
7107 9586
6602 9809
8075 4748
2693 451
1295 4338
9745 6535
1636 4390
6033 8164
8390 6888
1719 3592
1153 5149
1542 9076
4620 5432
9068 1097
7872 594
780 6719
8322 9050
6886 3263
1941 6665
6069 3366
7348 9377
4621 823
8415 9278
1200 3182
259 1464
3209 1398
2238 7207
9480 4215
258 8184
6551 1063
7203 4983
4649 3766
2273 4721
5459 4627
977 4955
3797 1809
3098 1451
413 3728
6014 5580
4000 991
6219 2113
6900 5601
9977 7744
5762 2228
6041 6856
2131 3876
2520 1020
5740 5666
6290 5592
7614 490
9203 4740
8546 7359
3130 4768
7592 332
4589 3515
6359 2295
132 3815
9855 8591
623 2151
9906 7945
3048 3636
8851 3350
1244 1395
7036 9320
9621 54
345 5640
678 6270
7939 9493
5741 7382
9101 8960
4218 2440
5654 5296
5730 8787
4304 2155
8851 4786
8264 1510
50 7384
9891 9624
2226 8347
6900 1399
8018 6161
3494 5394
7197 4755
8998 5389
5983 6121
9979 4534
2659 833
4342 1624
4442 916
839 573
7744 1734
8935 9532
2057 8090
6154 4533
4719 3976
3133 422
2129 3689
873 9332
790 1134
8624 2789
1607 4520
9684 5346
3721 576
7562 9913
7182 5762
8515 3686
4188 553
821 7540
3951 2670
723 5938
8484 5637
952 3480
6550 6129
8131 4033
2918 3656
6216 2379
5687 4681
1344 4880
2276 4582
2255 2644
1624 8877
375 8494
926 7009
5453 8617
1956 3601
1318 5870
8522 188
6841 4117
2647 6171
5771 7638
7316 1035
8343 4014
4626 1004
2 8030
6335 9370
5854 8744
4926 7449
3775 9523
4464 6647
6255 3701
8517 9112
8792 2164
1457 7413
2230 1760
5659 5007
6212 6343
8593 291
2254 5769
8435 1353
2727 6925
860 8712
3477 1651
6712 5421
1039 7986
7220 5656
6971 2415
5508 555
4436 2542
4245 6316
3368 3776
4214 2630
2414 6977
8907 3074
88 6628
1912 3420
4535 8667
4233 5124
6694 606
7964 2466
6871 477
6779 1915
5531 1536
6456 4534
1462 1526
1474 6615
37 4505
7765 2791
8004 9372
4918 5076
1590 2716
8236 2348
6901 1808
1213 4007
4161 4208
8698 7947
4183 2190
3333 8934
9935 192
4941 568
9897 7638
3115 1878
5107 1456
3794 7459
8619 1099
7426 6945
9905 4959
6618 3466
1483 4632
1332 7889
5633 2635
8591 4939
8475 3066
9243 2927
8882 5871
3262 2292
421 2075
5446 8354
9473 7979
5121 9652
9176 7744
4398 5322
364 6849
7741 1277
5675 2312
5747 9522
2737 6823
3655 4172
220 5174
4515 3420
4451 5224
7965 7707
7399 3733
2836 1435
1624 8214
1008 8650
9805 9
8893 1719
2078 753
9291 7060
4114 8149
9155 29
7429 7347
9973 2904
4034 1570
385 9544
854 353
1970 6167
5689 6862
9025 7353
339 1867
4251 1491
5368 9385
3365 3616
3300 9408
8657 2598
6204 3828
6332 3220
1117 7769
4666 7654
3227 4846
1188 363
8155 9269
5371 4306
8887 6885
0.4531 0.1442 0.8562 0.3707 0.5555 0.3036 0.5374 0.5775
0.6787 0.4440 0.7452 0.8668 0.3125 0.8186 0.3743 0.2303
0.6233 0.1385 0.7165 0.5821 0.7339 0.8661 0.3015 0.3788
0.1391 0.1406 0.5161 0.3455 0.4065 0.2360 0.6034 0.8647
0.5271 0.5701 0.8263 0.8175 0.7519 0.2790 0.6162 0.2433
0.3285 0.2583 0.3926 0.2898 0.5390 0.1380 0.1508 0.3845
0.2525 0.7214 0.5214 0.6052 0.7563 0.2477 0.7549 0.7377
0.8038 0.1524 0.6277 0.8052 0.3740 0.5508 0.5830 0.3258
0.8422 0.8642 0.1228 0.7570 0.6238 0.4695 0.2988 0.3821
0.3687 0.6668 0.6399 0.5731 0.1103 0.6749 0.8530 0.5644
0.6715 0.3057 0.1376 0.2851 0.1331 0.2965 0.1220 0.7511
0.6173 0.4462 0.8646 0.3918 0.1695 0.4399 0.6027 0.5645
0.7306 0.5961 0.6319 0.4217 0.4698 0.7553 0.6717 0.2233
0.3585 0.4877 0.4952 0.1863 0.2973 0.2129 0.1875 0.2641
0.2835 0.4144 0.7934 0.2674 0.1348 0.5978 0.7657 0.5086
