8 281 19
8638 6977
3204 5114
4199 1940
2011 7435
5100 7955
4616 5166
9101 882
5980 9072
5211 244
2813 3552
3744 2693
4552 8098
2013 1824
7301 1004
8615 9215
382 481
5764 2808
1699 7449
3586 1642
3808 1813
6614 1359
9927 4104
7985 6234
6411 4222
4738 9449
5301 6838
492 9735
4468 3551
6450 5646
1423 2360
3899 4027
6547 987
5416 2824
3612 1106
4431 6913
7829 3996
5933 3082
8098 167
3344 3851
1872 7271
6003 5910
1575 989
2457 4449
7742 4291
7765 4938
2309 1947
2100 5909
4107 7583
7498 542
2385 1123
8516 8105
3561 7476
2591 9089
8654 7575
4330 6208
5947 7449
9785 2579
1888 7448
4102 7248
6629 8786
5032 356
2878 1824
1185 2461
3146 2503
1934 5440
1483 4657
8299 4363
2657 4195
8772 7629
9208 9191
3322 7671
8990 1558
8722 8328
1995 1040
4626 639
9031 8440
3471 6500
7807 4593
2589 5427
8006 6870
9535 3019
9226 8460
9297 1708
21 22
4442 9531
4408 8689
4201 858
7164 9163
7939 196
9118 7953
2683 1266
3027 427
7520 9078
2502 5906
2388 2315
1366 3357
1160 5112
965 6815
9857 4639
3561 4167
2168 6253
2803 4158
9636 8904
9800 2330
709 2877
21 1751
1960 3600
7730 5434
181 9929
1403 8042
7706 6269
2644 3415
4525 798
560 3593
3255 8064
5919 4240
9497 7621
4770 9714
1405 4147
948 1189
5655 7348
819 5967
7111 4845
8931 8801
2409 9339
4074 6551
2524 9727
3298 2585
9174 596
877 3113
8035 2733
9139 2764
6152 4779
5552 5722
1620 1446
9514 2268
8746 9011
6809 5782
8404 9685
826 1630
4759 9253
883 4654
1366 1019
3263 8355
6921 5875
3155 5965
1476 8396
5005 4589
2551 2387
9049 7591
7852 7570
4280 6804
7973 1832
7618 7870
8058 7287
4919 8349
5629 1279
6687 5951
4918 4022
2510 1332
1314 278
2035 5027
9507 6960
8916 3986
8702 7293
2533 6375
2929 7853
625 7264
4333 7335
4136 4236
1556 2177
5129 4118
3542 3812
1938 9025
5029 6634
7222 561
361 4560
9575 9969
1165 3601
2693 9279
7048 9066
7423 7457
7428 2574
4488 4364
5534 8791
9464 9988
3206 7045
1611 320
6641 9974
8836 9594
5135 4669
7332 6812
9671 247
2687 8405
7839 5950
8023 1168
3029 7042
9967 4413
3676 1309
2835 4281
2121 9831
9975 7825
2146 2035
9716 4132
9102 9816
5711 1806
9907 2
5745 4919
1585 3048
7311 3884
9573 6639
8702 1066
2648 1635
6660 3660
6907 6439
1475 7586
6608 1168
656 3859
6098 1998
4491 4985
2598 7256
8304 7453
5768 1921
8661 6627
1881 1896
8777 1577
9732 6635
702 6518
3811 8823
846 6993
595 8598
3604 6263
142 2622
7570 7382
5163 9859
7612 8066
3920 2108
2957 7997
6681 7601
466 5485
8808 8474
8212 2504
6725 6507
9351 2912
9602 6091
7339 9644
4790 139
5365 5197
450 944
7844 4875
1504 9100
3792 8618
8234 5699
3824 1420
9068 3107
1708 4167
8036 9575
6693 8987
6327 4750
5376 6498
9169 5312
3958 8748
4256 3412
9174 9495
3367 6710
6211 4181
3680 8421
5720 7037
1312 6329
1376 6574
3275 3144
5020 5131
8161 6561
4601 1548
1053 8411
5744 8893
5364 8569
88 9387
8737 4107
6275 6244
5246 9930
7684 4751
6414 8881
8244 9504
548 5640
1097 7244
3771 3907
3735 7211
1708 8742
0.8568 0.6216 0.5768 0.1045 0.3123 0.7814 0.4936 0.7822
0.3539 0.8071 0.8028 0.2385 0.3384 0.3114 0.8877 0.1898
0.4302 0.3333 0.3857 0.5818 0.6878 0.8607 0.3767 0.4538
0.4336 0.4836 0.4660 0.2054 0.5049 0.4850 0.5901 0.4997
0.1631 0.7094 0.4298 0.8980 0.1816 0.2365 0.1414 0.6295
0.4416 0.5715 0.5580 0.8921 0.6152 0.1121 0.6638 0.8160
0.7950 0.7941 0.6622 0.7661 0.5568 0.6199 0.6398 0.3023
0.6248 0.5413 0.1080 0.7642 0.1232 0.6012 0.5778 0.1718
0.4583 0.2931 0.2090 0.1508 0.2584 0.7680 0.4669 0.4397
0.5558 0.1730 0.6344 0.4512 0.6681 0.2565 0.6806 0.2234
0.8298 0.4318 0.2699 0.7768 0.2249 0.3474 0.5043 0.3743
0.3568 0.4185 0.3653 0.7351 0.6780 0.2178 0.8122 0.4512
0.6146 0.8526 0.3358 0.7454 0.8235 0.8500 0.5297 0.4840
0.7065 0.8100 0.1843 0.7461 0.8899 0.5984 0.5090 0.2277
0.2909 0.8464 0.2409 0.5782 0.2476 0.1075 0.8592 0.6373
0.2469 0.8051 0.3313 0.2668 0.2796 0.8154 0.3795 0.2462
0.7266 0.8182 0.2875 0.1709 0.2922 0.5254 0.5148 0.8557
0.5132 0.7312 0.2342 0.2329 0.1228 0.3508 0.4368 0.7821
0.7856 0.1212 0.4158 0.5233 0.7095 0.2430 0.7526 0.3936
