12 307 17
743 4901
6897 2894
3883 2828
8078 3443
6350 4444
619 226
8636 9962
3760 8922
528 1519
6474 6978
4803 6228
9097 1285
5609 9667
9904 2271
8529 7073
3636 16
3921 4097
926 4270
8835 968
7991 1767
5039 8575
3974 5395
5368 3826
4725 5561
5683 6690
919 4517
344 343
4846 5886
8107 4395
4289 4934
7658 2334
1095 4105
5146 2452
648 7487
6310 6914
3323 1946
773 3359
791 3206
9035 9110
2106 550
8982 620
5316 1266
8816 3674
1900 6328
4669 4869
8794 8324
9513 6184
7794 7182
5438 297
1653 9798
7876 5100
3492 7733
3839 9454
8818 7340
2190 6254
2349 5494
8595 2718
1705 6246
1949 6753
3227 8122
5412 626
8176 3707
5316 901
9460 2341
8183 6837
499 4796
1342 8234
309 8146
4507 2826
2106 5542
1200 7807
3192 4768
7044 5741
1402 8867
8662 8432
4752 6842
4375 4686
5615 6517
1767 1852
123 9049
5197 9639
8579 4283
5688 9054
354 2801
1281 4817
3127 158
815 6446
2327 1694
8117 6029
1548 2321
7020 71
6162 2470
1567 2020
7100 821
8109 4651
7898 6547
6278 8803
8563 1367
3639 7381
8107 8225
7496 9015
6480 6579
4236 1320
2442 7687
4800 8534
6300 7204
1745 1168
7370 1200
9499 5740
8879 5118
9105 3255
8736 1241
756 2128
8710 8774
3306 2762
5641 5542
4137 1912
9471 7318
4982 3961
3430 4569
1300 6218
94 1197
3868 4886
6345 5550
7704 4511
7501 7614
5606 1654
4745 7905
8099 621
6139 6491
97 3655
2420 4403
6598 3296
9950 652
6812 9395
4591 574
4563 6979
9442 3889
3753 8628
5183 3155
3176 8462
9334 3255
1834 9556
7746 6379
8162 3857
9110 4989
6827 7208
5282 7241
7073 4496
2544 9660
2112 8270
2431 73
904 1321
5271 6534
7234 3270
2966 9682
4318 548
3169 720
5374 3469
3019 1294
1946 7865
9946 4677
6200 2742
3602 1387
556 137
209 6151
5120 3068
1936 1674
8184 6205
6506 9903
1324 9801
7288 1455
9881 8694
2872 6066
2287 2
2457 4034
4703 9908
2805 1864
7991 5727
6507 6279
9740 9670
5889 114
7118 1150
9182 8779
8993 2937
8178 6606
5946 9056
7532 7720
7865 97
6486 924
6748 9139
577 4631
1162 2343
6427 715
910 1475
6288 6390
9224 3241
4744 3763
3340 109
7894 7145
6613 5565
1124 8125
2068 7106
8867 14
5328 8363
9644 2972
9332 1030
7845 4455
5687 8767
5165 1046
5073 5703
3035 7536
1397 3212
521 9192
7797 3652
2032 2812
2086 2108
6667 6668
1119 2769
2852 1996
5044 1882
1132 1641
6627 153
1440 7474
5092 2199
7630 3386
2865 5095
577 3065
685 5805
6518 2504
5514 3603
516 7894
7769 2745
4570 4303
5013 6310
870 2079
7713 925
7451 1951
914 7462
5055 915
6278 2527
896 4734
2144 9124
2267 8788
6316 5852
9179 4714
1946 9118
5836 7750
810 1036
6113 5891
9947 1512
6452 2656
4665 8771
1280 1465
3410 638
4647 1885
2287 5032
9298 7171
5652 5933
2503 514
93 336
5239 2807
4190 7967
2820 171
593 2472
2593 3890
6066 7320
1387 7771
2783 7683
7097 5088
4685 374
9558 8901
6901 9190
3552 2790
889 7824
5315 1391
5426 9528
3202 3235
3993 3271
4458 5078
4716 4316
7881 8859
2892 509
9910 3270
4352 1655
2173 2708
7262 1906
3568 6771
7257 6051
592 928
6911 5396
6530 1448
1480 550
500 4259
4469 5223
3586 2468
2302 5269
955 1656
1185 6520
2398 225
2779 4439
8703 348
9113 3795
1671 9494
2592 4651
3734 7047
5946 7843
1018 4879
2541 3679
7290 8294
551 2257
7988 9064
1169 410
7050 3803
8365 542
85 1943
3417 9918
8424 3649
5040 1516
0.2966 0.4078 0.5645 0.2873 0.8990 0.2600 0.6065 0.5426 0.3088 0.1198 0.2730 0.5323
0.6033 0.7926 0.3634 0.1227 0.7140 0.4954 0.1177 0.4235 0.7722 0.3877 0.7614 0.7821
0.1484 0.4545 0.2243 0.2139 0.4149 0.1937 0.2356 0.5398 0.6178 0.4677 0.3105 0.7396
0.7996 0.6335 0.8213 0.8872 0.3089 0.2218 0.5347 0.6288 0.8227 0.8474 0.6258 0.5845
0.7354 0.5375 0.2867 0.7943 0.3659 0.4406 0.1413 0.1413 0.4242 0.2999 0.4235 0.8361
0.4430 0.1765 0.4151 0.4388 0.3877 0.6845 0.4136 0.5698 0.2362 0.3553 0.5636 0.1753
0.8684 0.1214 0.2748 0.1436 0.5466 0.6868 0.6320 0.2701 0.4304 0.8928 0.5080 0.3543
0.3155 0.2731 0.3189 0.3291 0.4329 0.1990 0.4614 0.2369 0.7814 0.2567 0.4430 0.2399
0.2282 0.7433 0.8560 0.2833 0.6119 0.5791 0.4894 0.2000 0.2984 0.4314 0.2600 0.7385
0.7042 0.3938 0.3006 0.4806 0.8987 0.4854 0.4257 0.4650 0.7068 0.6635 0.3662 0.2131
0.7464 0.8097 0.8922 0.6112 0.6426 0.1915 0.7744 0.1722 0.2390 0.5124 0.2933 0.4102
0.1136 0.2516 0.4571 0.7709 0.3577 0.8804 0.1092 0.6276 0.5783 0.7103 0.2326 0.8944
0.1088 0.2245 0.8624 0.3450 0.8913 0.6315 0.5626 0.7226 0.7201 0.5569 0.1014 0.3162
0.4815 0.4818 0.2168 0.6047 0.1655 0.2494 0.1579 0.8520 0.6702 0.7039 0.6470 0.6721
0.8257 0.5192 0.2762 0.3954 0.1017 0.5692 0.7014 0.8747 0.1364 0.1586 0.8222 0.3736
0.2450 0.6016 0.6047 0.1186 0.8493 0.5643 0.5102 0.4629 0.3722 0.5913 0.1249 0.8817
0.6282 0.7073 0.1403 0.4846 0.5299 0.4919 0.1737 0.5987 0.3230 0.2917 0.3442 0.3875
