16 223 54
3419 77
3367 2481
9292 969
3964 8667
4685 8739
3692 4097
2694 3223
2329 2804
3013 1484
471 8087
4488 98
2870 285
8750 7172
7549 5871
2433 6694
205 2822
8664 8506
5335 9520
2216 8758
8457 502
5956 2318
2768 1100
8356 1056
299 7326
548 8901
5214 8526
9186 7881
8046 440
3577 1037
1352 3512
5417 9690
9710 6487
9307 6028
6507 7793
7614 5125
9257 6705
1231 6996
6801 7305
9218 4086
134 8094
5305 1478
9257 8210
7810 1822
9350 2559
7007 2502
5242 9953
8670 3507
7715 3805
384 6374
1409 1628
3547 2359
8751 4787
4749 7131
6109 2429
5335 8901
9556 7144
5633 9119
5082 7384
9971 1819
7231 8258
6671 8748
1547 5069
5052 9078
9910 2375
9012 9038
4407 527
5480 690
6625 8269
6937 901
5410 9123
2780 685
3665 7118
5666 2400
6707 1865
2869 9044
4049 8308
2096 2031
2867 1401
8614 276
9917 8723
3253 1439
9127 2853
4254 4862
2501 8059
6627 6764
7687 8005
2463 790
4290 8883
2793 3944
9076 9756
1892 2146
436 7112
1970 8966
2037 3311
6212 5936
908 753
1094 2411
5337 263
1814 7770
5949 9607
6354 8711
3756 2879
85 9801
6489 3736
6166 1178
4083 5535
678 8546
2206 2326
4511 9993
8463 28
1815 3130
991 8177
8144 3205
4206 7721
1635 8090
8116 2383
8972 6555
4798 8008
6330 2183
9799 2983
3632 8
3041 4871
362 5141
6794 5248
3474 9065
5769 9784
8660 7705
6846 2801
1818 5206
362 6933
4804 905
3777 9378
847 5588
250 5970
1865 6100
2314 1110
5310 2631
2185 6912
9963 7353
3557 8366
6906 1452
8972 9672
5114 6123
6191 5365
4865 2356
1667 8705
3974 3242
9476 983
9295 2675
5800 2929
2708 6586
2473 2360
6280 2622
1742 8420
9145 4587
2073 8566
8029 8359
8218 4356
7695 4106
5934 3710
2508 7828
6669 8548
3691 6881
5059 5829
4915 4131
4431 4181
6991 5761
9766 25
5468 1531
9238 5743
6578 4236
2846 6643
6044 5410
1896 4545
5673 8343
7109 276
7985 591
4786 6590
4901 9584
9605 2059
9049 6423
2450 6373
9483 6705
9139 1637
5747 4271
5798 1728
8277 2577
1396 184
5702 1021
3371 9505
3120 6894
8540 3771
501 1753
4927 2131
946 1509
5804 8508
8872 5304
418 5455
495 4045
7289 5658
8173 151
2675 3731
5128 5051
4645 424
616 6927
9348 3656
1030 1910
3568 5976
3254 1271
2228 9607
8853 3224
9907 1982
3339 345
6498 761
295 8217
1725 6354
7336 3618
2482 1754
7882 2300
3355 5071
254 7612
33 9008
4975 6010
1127 2099
7609 6717
6696 4846
8098 4121
1352 687
7312 605
9496 8505
1081 1633
8772 3980
8493 5495
8558 3487
5392 3291
5182 400
9798 8695
4917 9383
8731 1888
0.8536 0.2459 0.7834 0.5638 0.5018 0.4728 0.2598 0.7774 0.8288 0.2932 0.5911 0.5690 0.4575 0.8050 0.7429 0.1082
0.1356 0.5160 0.2560 0.5811 0.4999 0.3590 0.5513 0.1871 0.7564 0.8768 0.3498 0.6984 0.4628 0.3072 0.7163 0.6580
0.7571 0.3687 0.8755 0.3783 0.1853 0.7702 0.5633 0.1989 0.7199 0.8654 0.2135 0.6546 0.4944 0.8446 0.7346 0.8587
0.5404 0.1603 0.1347 0.5661 0.2875 0.1505 0.4139 0.2499 0.1601 0.4911 0.5624 0.8489 0.5648 0.2508 0.2499 0.3097
0.7388 0.2487 0.3037 0.7115 0.8346 0.4855 0.4002 0.6314 0.8057 0.4696 0.8667 0.6046 0.1398 0.3005 0.7433 0.3709
0.7639 0.8322 0.2252 0.7234 0.6551 0.7368 0.4581 0.8718 0.3854 0.4107 0.7105 0.8574 0.6799 0.8818 0.7127 0.1851
0.2215 0.3949 0.7639 0.4679 0.6110 0.6867 0.8631 0.6471 0.3129 0.4727 0.8199 0.5977 0.3879 0.6187 0.6502 0.2536
0.1818 0.1602 0.2200 0.1814 0.6512 0.7544 0.2044 0.2627 0.3947 0.4078 0.1290 0.3710 0.6756 0.3137 0.7120 0.2911
0.5934 0.2171 0.1111 0.1930 0.4927 0.2491 0.2049 0.2435 0.3937 0.2463 0.6654 0.6479 0.1111 0.3165 0.5526 0.1479
0.8289 0.8520 0.1152 0.1895 0.4547 0.7843 0.8044 0.3082 0.1485 0.4803 0.7237 0.7468 0.7384 0.8707 0.2672 0.3724
0.2019 0.2037 0.2716 0.8371 0.4357 0.8415 0.8412 0.1388 0.6743 0.8839 0.7751 0.2012 0.1877 0.4382 0.6221 0.5657
0.5479 0.1990 0.6892 0.6208 0.5707 0.2830 0.4045 0.4281 0.6156 0.2534 0.8616 0.6889 0.5005 0.2781 0.7832 0.5172
0.8629 0.1226 0.6453 0.6409 0.1676 0.8640 0.8476 0.5604 0.4384 0.1652 0.7721 0.6368 0.2559 0.5696 0.4255 0.1269
0.8556 0.5841 0.7415 0.4291 0.7039 0.8597 0.3413 0.7876 0.1004 0.1181 0.5249 0.8194 0.8879 0.5205 0.2888 0.5499
0.2056 0.5568 0.4677 0.3611 0.7795 0.8319 0.7795 0.5097 0.6276 0.6523 0.4445 0.3816 0.6422 0.6399 0.2297 0.8220
0.1608 0.6204 0.3803 0.1383 0.5166 0.6195 0.1933 0.1863 0.5337 0.1314 0.4486 0.3376 0.5019 0.8039 0.1511 0.6698
0.6406 0.6252 0.5749 0.7408 0.3142 0.1467 0.2949 0.3390 0.3828 0.2653 0.3105 0.6996 0.8033 0.2832 0.1300 0.7126
0.5895 0.4296 0.1792 0.3024 0.5153 0.4557 0.1191 0.6393 0.3895 0.4114 0.7758 0.7098 0.6117 0.5283 0.2003 0.4424
0.2249 0.5026 0.2488 0.4267 0.5933 0.1754 0.4889 0.2906 0.5936 0.2324 0.5963 0.7221 0.4847 0.6896 0.1149 0.4604
0.6826 0.8405 0.7096 0.2499 0.5002 0.3115 0.5060 0.3058 0.6722 0.7973 0.3832 0.8458 0.2503 0.4479 0.5792 0.4578
0.1144 0.6582 0.6157 0.2681 0.5478 0.4892 0.5500 0.3343 0.3977 0.6990 0.4680 0.4345 0.3930 0.4159 0.7206 0.6041
0.3281 0.1173 0.6552 0.8543 0.2350 0.8364 0.6533 0.2765 0.3481 0.6943 0.1262 0.7938 0.4692 0.1159 0.3643 0.5164
0.1509 0.5691 0.2477 0.4870 0.2900 0.3657 0.5487 0.8958 0.1060 0.6897 0.6829 0.7822 0.2245 0.6401 0.6841 0.3814
0.2207 0.2941 0.5056 0.6866 0.5352 0.6424 0.2643 0.4917 0.6472 0.5459 0.7288 0.5024 0.1834 0.2256 0.7639 0.6946
0.2291 0.8935 0.6565 0.7668 0.1706 0.1963 0.8816 0.1379 0.1693 0.8036 0.5861 0.1029 0.6956 0.4784 0.1980 0.7516
0.3726 0.5358 0.4131 0.7119 0.5757 0.6891 0.5812 0.6416 0.6469 0.4862 0.7229 0.7615 0.2532 0.6753 0.6383 0.4112
0.7650 0.8349 0.6013 0.4080 0.7356 0.1201 0.1950 0.3865 0.2443 0.2192 0.8379 0.1693 0.6405 0.1452 0.1145 0.5583
0.3430 0.5820 0.5797 0.4479 0.4388 0.6384 0.3149 0.3169 0.1895 0.7244 0.5476 0.5351 0.6644 0.3894 0.1119 0.4409
0.3076 0.2105 0.3324 0.2308 0.2835 0.3365 0.4421 0.7273 0.3103 0.5597 0.4461 0.8405 0.5124 0.4287 0.7881 0.8994
0.4516 0.6925 0.4332 0.3832 0.7322 0.3928 0.4265 0.8971 0.6227 0.1119 0.6558 0.3081 0.3221 0.1691 0.2288 0.2354
0.1214 0.8693 0.8896 0.4723 0.8788 0.3799 0.1731 0.7379 0.8540 0.7036 0.1292 0.1808 0.5019 0.2062 0.7236 0.4197
0.3607 0.4015 0.5901 0.7863 0.2281 0.4958 0.6258 0.2904 0.6252 0.7987 0.2097 0.8290 0.1639 0.8429 0.8542 0.2346
0.1560 0.6421 0.5192 0.7273 0.3880 0.3129 0.4626 0.1757 0.7517 0.6228 0.3677 0.4229 0.6970 0.7192 0.7895 0.5764
0.4852 0.2447 0.3234 0.7176 0.3879 0.7119 0.8458 0.4194 0.2496 0.7644 0.7337 0.1884 0.4548 0.8119 0.5473 0.4014
0.5729 0.5096 0.2437 0.8474 0.5260 0.1573 0.3349 0.7214 0.1684 0.5973 0.7770 0.6061 0.4257 0.3761 0.7489 0.5350
0.8285 0.1628 0.7754 0.3117 0.8702 0.2737 0.8638 0.3566 0.5724 0.7559 0.4800 0.1021 0.7591 0.5645 0.6928 0.7294
0.2172 0.3546 0.7644 0.7277 0.8957 0.3412 0.5775 0.7483 0.8901 0.3415 0.1568 0.6885 0.1643 0.7342 0.4377 0.5645
0.6921 0.5956 0.4930 0.7454 0.3461 0.5301 0.3390 0.2702 0.4749 0.3604 0.5713 0.7736 0.4876 0.5415 0.4059 0.5404
0.5950 0.7900 0.5530 0.1710 0.7177 0.3878 0.2542 0.8657 0.5718 0.7742 0.5281 0.3514 0.2231 0.7832 0.7739 0.8926
0.8304 0.7840 0.6351 0.1595 0.2342 0.8740 0.8020 0.5556 0.5169 0.4985 0.4878 0.4870 0.8521 0.6184 0.6998 0.8155
0.5831 0.3149 0.6903 0.6461 0.8201 0.1550 0.2317 0.7546 0.6425 0.2567 0.6054 0.1900 0.7090 0.3234 0.7209 0.2925
0.3476 0.1176 0.6527 0.8642 0.4613 0.6642 0.4445 0.7714 0.7083 0.2465 0.1821 0.6039 0.7441 0.3680 0.8412 0.4053
0.3741 0.2089 0.1165 0.6901 0.7167 0.7009 0.2711 0.2578 0.8496 0.8500 0.3308 0.1195 0.1047 0.5125 0.2233 0.6236
0.3015 0.7370 0.7158 0.8482 0.7744 0.2952 0.4220 0.3472 0.4778 0.5707 0.4420 0.7897 0.8215 0.5746 0.5345 0.6810
0.1672 0.4846 0.5825 0.3583 0.4286 0.5626 0.8333 0.2935 0.8504 0.6717 0.3770 0.5720 0.1818 0.8868 0.7306 0.6601
0.1846 0.3673 0.8092 0.2399 0.8443 0.7980 0.7587 0.5594 0.4861 0.4854 0.5610 0.8900 0.3726 0.4839 0.5829 0.2989
0.6049 0.6245 0.3753 0.7993 0.8171 0.3830 0.2603 0.7471 0.4934 0.7664 0.3760 0.3608 0.2508 0.3749 0.7506 0.3502
0.6700 0.4482 0.1078 0.1164 0.1346 0.5407 0.8828 0.7567 0.8515 0.2753 0.8741 0.8855 0.4109 0.7122 0.6001 0.2795
0.3478 0.8693 0.5955 0.8950 0.3402 0.4265 0.7327 0.7821 0.4812 0.1808 0.8906 0.4662 0.5442 0.6519 0.6333 0.4520
0.1711 0.7185 0.8339 0.7456 0.6001 0.3114 0.3468 0.3229 0.2682 0.3868 0.5185 0.5275 0.8945 0.3254 0.3089 0.8650
0.2633 0.3748 0.3274 0.1657 0.3427 0.8497 0.7177 0.3376 0.7908 0.6124 0.1680 0.3189 0.3477 0.7374 0.1686 0.3364
0.5530 0.8734 0.7757 0.1965 0.7186 0.5336 0.2540 0.6301 0.1419 0.6458 0.7480 0.5780 0.3057 0.7433 0.6757 0.7760
0.4410 0.3994 0.3867 0.3672 0.5742 0.7592 0.4653 0.3196 0.4490 0.3127 0.6635 0.2179 0.1451 0.1699 0.2915 0.6046
0.2879 0.1957 0.2459 0.1663 0.8887 0.3007 0.4303 0.7350 0.6974 0.1744 0.5013 0.7667 0.2673 0.6959 0.1828 0.2568
