15 218 18
1654 3537
5203 829
1831 8556
5752 9184
2390 6156
5638 3842
7885 7778
3930 6179
1570 2050
664 6643
6564 5870
7326 6333
90 415
3621 5296
2114 2069
6490 5098
9227 3427
9039 5564
2385 9939
636 4622
449 2207
2000 4609
5529 9253
7265 9890
5910 9114
9186 6020
9659 30
2513 6558
894 1883
7131 9032
3582 1379
5898 5648
8058 3858
3443 7232
492 8710
6182 417
6569 5699
6465 8818
3550 8454
288 5391
421 8341
5286 9341
1455 613
6919 9124
3408 7106
3190 7439
1281 9998
6190 4546
1475 7003
7279 2654
1379 7992
9760 114
9651 1616
7491 5770
8834 6233
1038 714
5881 2089
286 5967
696 7684
3994 5693
6834 8744
2538 224
1198 1647
8439 7649
7093 797
3137 255
6275 7806
9275 5134
1635 1910
9959 2985
709 1766
9579 8522
5656 6906
4736 2224
588 3929
397 9440
470 4361
6758 6006
3427 7783
5546 1306
2176 2205
2212 1608
7522 8477
8321 4791
4286 8639
9291 2169
3967 2035
8686 5450
1514 6151
3542 7374
9199 8567
378 3970
8474 7441
4172 3699
9598 2400
6904 6498
2826 9225
5806 3876
6576 9766
8381 7071
8535 3815
9415 9629
2134 6664
7849 4421
667 1414
7960 2872
7272 9446
4012 1409
7631 8675
2269 7879
5193 385
7028 2202
3489 5554
6481 6936
2602 752
238 1098
4361 5672
6356 5347
239 5830
8111 8773
4353 3591
6094 4862
2159 212
7840 5217
6296 5718
5365 595
6915 8159
1758 9853
8801 5749
3335 6880
8800 1044
9476 2538
3096 2879
434 7902
9673 2311
3772 4396
714 5264
7288 5494
4372 2778
4268 1165
4670 6584
808 6232
768 4522
3782 6895
5949 8075
1165 8587
1823 1943
4704 918
5394 1086
8289 1015
4600 266
7813 6691
2848 138
1451 5307
107 9066
9064 8025
933 4158
6367 7579
2639 3656
1437 7671
2936 6720
4833 7935
9391 4538
1169 9279
8290 1809
8695 4671
3926 8302
7198 4346
5137 8698
4614 7807
686 4715
4092 7236
4755 5489
8334 5311
3017 3847
4587 5586
2991 1173
7996 896
8834 7345
5701 4551
2024 5423
429 8019
4053 410
5647 8310
6482 1092
6360 7329
3299 5557
9672 5359
9622 6462
3834 9897
7845 3467
247 9652
970 2436
3456 2054
6473 8052
1008 1658
5660 874
703 2138
3124 3355
8257 7771
3494 9689
6837 3193
4125 5064
3689 1691
2204 8126
9899 1975
3360 1993
6723 2468
5544 7973
4016 8581
2731 717
4789 6521
1555 6784
6300 973
5542 8350
9081 7184
44 5820
5784 1500
2434 8752
8410 4120
4346 4182
476 7072
2357 6262
5362 4334
6741 587
1638 7870
7512 2384
5511 3402
208 9381
8873 2850
6252 2882
3785 3125
6118 7515
0.4259 0.7263 0.5438 0.3533 0.5060 0.1970 0.2152 0.4949 0.2468 0.7589 0.7217 0.8012 0.6116 0.2983 0.4003
0.2717 0.6963 0.6531 0.8852 0.3169 0.5520 0.2250 0.6314 0.1381 0.6648 0.8148 0.7821 0.6354 0.7869 0.2268
0.7146 0.7084 0.6760 0.1094 0.3640 0.5551 0.5230 0.3191 0.4863 0.2436 0.6800 0.6903 0.4554 0.3611 0.6835
0.7637 0.1159 0.4569 0.8893 0.2370 0.3034 0.2777 0.4592 0.6646 0.2187 0.1402 0.5230 0.4501 0.5445 0.1580
0.5089 0.8412 0.1606 0.3551 0.8653 0.1265 0.8260 0.3912 0.1850 0.7211 0.2412 0.7221 0.7936 0.1800 0.1434
0.6662 0.2537 0.2881 0.7540 0.4987 0.2194 0.1412 0.8157 0.6972 0.4293 0.1508 0.1524 0.7293 0.1470 0.8203
0.4002 0.2341 0.6649 0.4471 0.5932 0.1626 0.5912 0.2014 0.3798 0.3891 0.4704 0.1892 0.8340 0.1059 0.4584
0.8958 0.7716 0.1298 0.1748 0.2466 0.5432 0.3747 0.1197 0.2934 0.4390 0.5199 0.8615 0.8558 0.6060 0.1377
0.4958 0.6300 0.2224 0.7758 0.6731 0.3192 0.4638 0.7567 0.7904 0.7893 0.7901 0.8276 0.7167 0.6148 0.8056
0.6345 0.6464 0.5477 0.5979 0.7022 0.2043 0.6401 0.4556 0.3643 0.4065 0.3012 0.8680 0.5083 0.8430 0.1132
0.6698 0.8153 0.8321 0.3935 0.6264 0.1344 0.7028 0.7779 0.2548 0.6800 0.3366 0.8744 0.4569 0.8091 0.3548
0.4195 0.2506 0.6314 0.2419 0.1856 0.8769 0.6978 0.8581 0.6687 0.7456 0.7491 0.2488 0.4783 0.7461 0.6424
0.1900 0.2661 0.8078 0.8030 0.3013 0.1071 0.2005 0.8796 0.6093 0.8360 0.6213 0.3360 0.6456 0.7795 0.7207
0.3984 0.8775 0.3691 0.5639 0.1275 0.7132 0.3758 0.2995 0.6782 0.2174 0.3333 0.3791 0.4246 0.8356 0.7316
0.5039 0.3889 0.3297 0.3758 0.4428 0.7536 0.1604 0.3006 0.1924 0.7746 0.4902 0.4765 0.8582 0.2576 0.7070
0.7422 0.1099 0.6750 0.5450 0.7979 0.2134 0.6950 0.2591 0.8240 0.2634 0.6839 0.6471 0.6293 0.1229 0.4387
0.5027 0.2849 0.2677 0.2241 0.4858 0.5579 0.8325 0.8294 0.4250 0.3001 0.4589 0.7233 0.4328 0.1166 0.1305
0.1141 0.6818 0.2903 0.7828 0.1878 0.6689 0.2261 0.6631 0.4260 0.2092 0.5226 0.4410 0.2952 0.6939 0.2548
