10 168 27
3662 3654
4703 3580
3296 4498
4993 7628
437 9314
53 9842
1613 1159
2831 4089
3197 4529
3490 8499
4062 5018
8434 2707
7608 5785
463 8169
7129 727
1998 1680
390 4066
2594 2796
2334 6655
3012 2262
3903 1195
8726 84
3312 767
4438 9308
2258 4376
6141 7604
6163 9967
9302 4356
5193 2962
4664 9720
2676 2466
9208 315
6053 7053
3369 1387
1276 8120
7876 6847
3105 8928
7775 1324
8738 9956
5266 5063
6798 9903
3216 2190
770 6391
2621 4358
3058 1821
9352 240
4790 6210
6931 3900
1878 5514
4796 9079
4663 9056
2893 631
4177 7288
9585 1480
1030 8579
2433 9242
4775 5859
4677 5417
3003 1487
4114 3787
1749 615
3933 9745
1867 6842
9568 3861
7087 6643
9904 6010
5490 3429
8615 683
4572 6476
1568 5903
6476 3828
9619 4214
64 2431
8548 3216
2345 2435
4147 7427
1597 9106
5243 1745
6968 5230
5804 7839
3670 7709
1518 8197
840 698
783 901
6129 9674
5767 8513
4579 3482
7927 6172
8622 1890
2126 538
7303 8362
4087 7775
6525 1969
1350 9279
5055 7785
6074 496
4845 3343
4682 6296
1805 8345
8900 9730
4305 3168
101 2928
1463 6967
1297 5968
5616 9606
8756 8815
7333 5641
1803 314
3284 7998
8133 6001
3060 8809
2854 8207
7156 864
1940 8295
2689 9608
6907 6513
1875 4516
4568 9861
7316 7003
9550 663
6237 4356
5755 8809
40 4358
7699 972
3945 4705
6080 7466
1443 5168
2342 9190
2653 7017
8246 9258
6363 6112
1598 6513
8436 8627
4423 6989
6889 4220
8833 5619
2924 3465
5814 3211
8927 8962
5864 9445
638 8559
3869 9551
7902 5727
6423 3235
6686 4031
9292 2530
8717 4155
5563 1005
5467 4594
8340 9869
5623 3003
5571 2053
1968 8665
1812 5144
1694 5836
6188 6862
698 8303
1460 3210
1727 1651
1517 1901
4705 1351
2732 3366
85 7887
4042 6083
7610 2763
9839 3236
4362 9611
5032 6752
7549 7678
4318 4493
5566 8827
6423 2639
1721 413
4939 7905
3160 6230
7110 2050
5781 5251
8548 9921
0.3759 0.1127 0.6879 0.8908 0.3189 0.1669 0.8419 0.8243 0.3010 0.8862
0.7635 0.6090 0.6399 0.4984 0.5783 0.5032 0.8329 0.8528 0.1998 0.7296
0.5314 0.5479 0.5930 0.1914 0.5256 0.8667 0.7288 0.6674 0.2146 0.1022
0.7541 0.4570 0.7975 0.1344 0.2021 0.4518 0.8746 0.5975 0.8783 0.1769
0.6959 0.3226 0.2378 0.3723 0.4493 0.1957 0.5803 0.4464 0.6960 0.8456
0.2120 0.8985 0.4588 0.2834 0.1665 0.2242 0.8795 0.2944 0.3697 0.1198
0.3802 0.6527 0.7731 0.1683 0.4383 0.1282 0.5557 0.7370 0.1774 0.5897
0.4538 0.5437 0.5721 0.4916 0.4052 0.7715 0.8361 0.6182 0.7015 0.1011
0.1663 0.6823 0.2951 0.1272 0.1242 0.5073 0.7526 0.3608 0.5558 0.1866
0.8587 0.5356 0.4294 0.7732 0.7768 0.3928 0.8652 0.7749 0.4099 0.7519
0.5289 0.7158 0.2241 0.5155 0.4938 0.1653 0.2444 0.2805 0.6695 0.5924
0.7377 0.3363 0.3256 0.2541 0.4221 0.7627 0.1028 0.2625 0.1527 0.2628
0.7953 0.6152 0.3089 0.4958 0.4415 0.5255 0.1545 0.8913 0.5563 0.8201
0.4038 0.4569 0.2319 0.5401 0.4697 0.5230 0.8344 0.3092 0.4751 0.2291
0.3061 0.8996 0.2985 0.8210 0.5022 0.7300 0.4369 0.3383 0.2760 0.7268
0.1827 0.3920 0.7952 0.1075 0.1385 0.5227 0.5155 0.2760 0.6231 0.8099
0.4647 0.3985 0.7815 0.6120 0.3640 0.4625 0.3119 0.3812 0.4303 0.5378
0.6341 0.1717 0.3982 0.7888 0.1336 0.5437 0.8356 0.5564 0.2955 0.7186
0.7345 0.5605 0.6717 0.4528 0.6700 0.3565 0.5786 0.2481 0.2257 0.1294
0.7172 0.7686 0.6255 0.3158 0.6718 0.4725 0.4941 0.5180 0.8210 0.5652
0.4379 0.1527 0.5425 0.4366 0.4205 0.1270 0.8971 0.2085 0.8836 0.5578
0.1877 0.6248 0.7672 0.1957 0.8087 0.3551 0.4285 0.7309 0.4852 0.5954
0.7194 0.1288 0.1056 0.4073 0.1591 0.6693 0.1233 0.2487 0.1043 0.8136
0.8801 0.2453 0.2399 0.3553 0.4045 0.6442 0.6949 0.4262 0.5400 0.5455
0.3987 0.7318 0.5982 0.5723 0.6117 0.2108 0.7197 0.1773 0.5407 0.8941
0.4917 0.6315 0.8925 0.7069 0.2583 0.6218 0.1192 0.6005 0.2583 0.1018
0.8603 0.6904 0.5845 0.3774 0.1462 0.6227 0.7840 0.5311 0.8703 0.3365
