17 254 61
993 3681
7126 768
3769 6234
2696 7034
1107 3205
9622 5235
7302 2488
2270 3538
7217 2804
5622 2514
1987 2607
7026 6108
9952 5992
2103 131
6823 8633
1632 8743
7704 8175
6382 8919
2567 8825
4649 5652
1645 4121
6985 4291
7450 6176
3957 4820
718 7879
9230 8400
657 4480
2032 1357
5002 6463
6257 1927
8215 9517
7231 7801
2256 2859
8222 7138
5190 1426
3102 9120
9431 9134
6278 5740
37 9371
3477 6107
7387 441
9437 8017
8087 9791
8160 1933
9598 1227
8337 5741
9859 2520
863 3003
6635 421
8376 1591
1223 7853
6696 7130
6089 1372
580 919
2946 6855
9509 2587
5788 8996
2077 926
8755 7010
6069 5046
7427 7962
1854 1598
3075 4408
5860 2074
1400 1728
3466 1825
2604 3834
7727 3160
2815 4217
9423 5559
6084 4629
725 28
7208 5594
9359 5853
3182 7711
8501 3155
3348 9127
8417 7109
6444 5571
6969 9704
8879 5173
5322 4800
1138 6028
4483 1791
3400 5336
8757 8944
7611 3148
2724 599
4074 8662
1011 9120
532 4648
2754 4619
6683 7456
2629 2497
9546 2874
604 1542
4701 6820
8229 313
1251 2653
641 7261
9738 9435
5905 1556
3777 4961
3661 3159
4556 4082
8011 5854
6514 603
8049 9409
9197 3758
5700 8571
5844 94
5535 9034
3934 2935
62 2945
1601 20
9971 7844
9991 235
6660 4445
3567 3529
914 350
204 261
6217 1614
4876 6544
3172 8424
8519 6213
8116 5056
6479 3214
6764 9871
5954 5471
9271 7074
188 8119
8500 2497
2057 6589
3849 3743
8898 5521
1048 4417
8668 6228
4540 2662
5448 7333
1523 5481
3614 5855
5313 6444
5208 1228
9130 5805
6485 3564
2692 7829
5940 9797
6912 4546
9538 4739
809 6170
8957 6383
9093 944
3034 5992
819 5512
1167 3295
8686 1645
3155 4928
4257 5074
2621 101
7147 3266
8509 4451
3954 852
7117 9404
8969 1723
3264 3254
71 514
6086 4152
9976 5214
3362 8151
7361 5735
1467 3374
5122 1963
1273 5510
4342 5438
8613 6653
6328 5620
3691 4404
365 1560
8112 4134
571 5322
5492 789
6373 6134
1019 9567
6111 5967
3486 824
1268 8043
3022 1160
3290 764
2292 2403
515 5686
9630 7125
2308 2043
8208 83
569 3665
3643 7089
5105 4540
7807 4675
4995 9647
6250 2485
7570 1399
9384 4337
9451 5685
4784 9612
5915 8637
1359 7891
2122 3832
6187 3200
2094 2434
8022 2022
4165 9488
8942 2563
3758 7694
1573 1650
3926 5409
9610 3779
367 82
2937 7630
9733 3133
8697 8568
4088 306
7122 1547
5616 6407
7996 160
3813 8675
964 1849
3329 1614
7084 9756
9156 6159
3397 8643
7745 1074
4033 1944
6866 4660
8387 92
1552 9052
7590 9870
2602 7433
2242 5911
5449 8947
1869 8825
9760 4385
4830 9375
2668 1063
6738 2427
7839 7856
5926 2374
4012 6643
7928 5467
9260 7428
129 8467
9529 7045
9312 6236
6713 1088
4702 5960
5511 3862
3484 4271
3472 2437
7388 8422
8320 4757
2682 8203
8749 8137
4916 3136
8638 1776
5715 1229
8525 1962
6149 9738
3679 4272
6642 3115
4758 4815
2757 5122
5093 7742
6661 9075
0.3682 0.2363 0.3823 0.7798 0.2285 0.8467 0.3351 0.3620 0.8449 0.3621 0.3404 0.8684 0.4041 0.5374 0.2997 0.7402 0.6648
0.8162 0.8852 0.7870 0.7432 0.7733 0.1530 0.5645 0.1898 0.4959 0.3160 0.2545 0.2886 0.3420 0.4879 0.8692 0.5979 0.2481
0.7481 0.1587 0.7433 0.1104 0.8621 0.5037 0.3814 0.3270 0.6977 0.2444 0.3855 0.5718 0.7639 0.7161 0.4261 0.6554 0.7383
0.1395 0.7290 0.5122 0.7904 0.1755 0.4993 0.1009 0.8080 0.7154 0.2216 0.1451 0.4903 0.8425 0.2580 0.7969 0.5509 0.2346
0.1809 0.6336 0.2902 0.4565 0.8382 0.7597 0.1724 0.2753 0.5748 0.5225 0.4889 0.7798 0.8616 0.8569 0.8407 0.2773 0.7631
0.4998 0.3181 0.6907 0.8009 0.5696 0.2458 0.3498 0.4047 0.5282 0.6309 0.8799 0.6482 0.3672 0.7424 0.3870 0.4217 0.6070
0.4095 0.8036 0.3606 0.8248 0.7895 0.8909 0.2203 0.1557 0.3070 0.1839 0.5123 0.8062 0.5444 0.8900 0.3089 0.5227 0.6828
0.7550 0.8734 0.8634 0.3622 0.1422 0.8739 0.8200 0.5051 0.5764 0.8380 0.1982 0.5179 0.8698 0.8640 0.7448 0.8655 0.5679
0.1933 0.1308 0.4653 0.5538 0.8153 0.3353 0.7538 0.6404 0.1791 0.4001 0.2946 0.5196 0.6150 0.4454 0.4823 0.6991 0.2916
0.5971 0.8181 0.4947 0.3045 0.7018 0.3031 0.3053 0.2262 0.5252 0.7887 0.2898 0.1908 0.3044 0.1913 0.7210 0.1798 0.4396
0.1628 0.3031 0.5265 0.4150 0.3173 0.7111 0.2743 0.3184 0.2952 0.1645 0.7016 0.4708 0.8818 0.5008 0.4097 0.2917 0.4625
0.7312 0.6538 0.7210 0.7390 0.4631 0.1820 0.3827 0.1635 0.2142 0.4824 0.5387 0.6677 0.6257 0.1793 0.1832 0.2887 0.2651
0.4197 0.6000 0.5048 0.2328 0.5976 0.2081 0.2735 0.5465 0.6859 0.5808 0.8365 0.5642 0.2567 0.1141 0.8206 0.8236 0.4961
0.4989 0.3040 0.7585 0.4947 0.6606 0.8329 0.1746 0.5447 0.4945 0.6920 0.4655 0.7069 0.5096 0.6725 0.7175 0.8909 0.8423
0.5781 0.8685 0.6669 0.1411 0.5138 0.5187 0.4183 0.4583 0.5830 0.8410 0.8532 0.6112 0.5708 0.2989 0.3509 0.7304 0.2730
0.6340 0.3022 0.3307 0.3626 0.8641 0.4098 0.6831 0.6202 0.5529 0.8632 0.2763 0.6063 0.1969 0.5169 0.3925 0.8451 0.7007
0.3278 0.4660 0.4120 0.1923 0.7571 0.5535 0.5226 0.4021 0.6658 0.2579 0.4904 0.7667 0.8101 0.4697 0.7574 0.5875 0.1312
0.2168 0.2440 0.3401 0.6750 0.5098 0.1926 0.3990 0.5148 0.2965 0.2287 0.8141 0.7406 0.6466 0.5711 0.1464 0.8290 0.8086
0.4138 0.6304 0.6337 0.4835 0.1109 0.2127 0.6071 0.6237 0.2200 0.5103 0.7183 0.3970 0.2861 0.8090 0.3797 0.8430 0.3747
0.6552 0.6871 0.1927 0.3583 0.3873 0.1204 0.6603 0.7138 0.5836 0.1517 0.6132 0.8123 0.5116 0.8837 0.6936 0.5746 0.3286
0.2505 0.7689 0.6119 0.6511 0.2762 0.1859 0.3109 0.5245 0.4944 0.3647 0.8617 0.3410 0.7319 0.2566 0.1025 0.1409 0.1047
0.2944 0.3602 0.8556 0.2400 0.5240 0.2740 0.2737 0.6924 0.7416 0.4349 0.2951 0.1996 0.3185 0.7264 0.4907 0.8129 0.2817
0.3661 0.4052 0.5581 0.7809 0.5695 0.8598 0.8839 0.6626 0.7220 0.6602 0.6686 0.1314 0.5550 0.6256 0.7133 0.5440 0.8567
0.2413 0.2269 0.1411 0.4366 0.7954 0.2842 0.7799 0.7731 0.8546 0.7875 0.8564 0.5447 0.7253 0.2833 0.6028 0.3606 0.6797
0.8555 0.2380 0.6993 0.7909 0.7862 0.7878 0.4459 0.3877 0.1289 0.3783 0.3614 0.3186 0.4452 0.4031 0.7688 0.7444 0.2672
0.4718 0.7869 0.1405 0.8619 0.4991 0.3583 0.5741 0.2256 0.8096 0.5761 0.1590 0.1123 0.4692 0.7046 0.4302 0.2896 0.3760
0.4569 0.4462 0.8274 0.6437 0.2514 0.5577 0.7370 0.8842 0.2121 0.2018 0.7621 0.1618 0.4663 0.2579 0.2919 0.5375 0.6094
0.6965 0.8458 0.4906 0.7265 0.8741 0.6487 0.6087 0.2581 0.8420 0.7272 0.8399 0.5708 0.5808 0.1611 0.3039 0.3751 0.1188
0.2209 0.5677 0.8469 0.7411 0.3659 0.7001 0.3157 0.6756 0.3252 0.7065 0.4387 0.7932 0.2677 0.2597 0.5548 0.1315 0.6470
0.5848 0.5516 0.1258 0.8227 0.2901 0.6734 0.8036 0.6009 0.1120 0.2799 0.2206 0.5293 0.1581 0.6875 0.8618 0.1760 0.4928
0.4521 0.7571 0.8555 0.8577 0.4633 0.1039 0.5809 0.7410 0.3481 0.1778 0.8873 0.7184 0.5744 0.3618 0.6140 0.5347 0.3927
0.5186 0.1599 0.5696 0.8614 0.2064 0.5023 0.6221 0.5473 0.1445 0.1608 0.1106 0.5253 0.3254 0.6033 0.3921 0.6317 0.1204
0.6752 0.3686 0.3708 0.6374 0.6051 0.7132 0.3412 0.2127 0.5577 0.8772 0.3184 0.7657 0.3464 0.4593 0.2733 0.1462 0.6457
0.8275 0.2305 0.5233 0.2569 0.5407 0.8963 0.5483 0.3323 0.7981 0.6220 0.5664 0.5729 0.4178 0.5730 0.5504 0.8115 0.5244
0.5678 0.5312 0.8898 0.1976 0.2271 0.2794 0.6355 0.6156 0.8453 0.8939 0.3026 0.8813 0.6149 0.2260 0.5849 0.5173 0.1000
0.1585 0.2938 0.8778 0.3617 0.5165 0.5316 0.3991 0.2959 0.2584 0.7940 0.5479 0.3287 0.4006 0.7145 0.8017 0.1135 0.3263
0.6928 0.1916 0.5644 0.2466 0.4138 0.3823 0.8940 0.3435 0.2269 0.4882 0.1648 0.7865 0.3353 0.6264 0.3752 0.1383 0.3674
0.2703 0.4043 0.4908 0.4158 0.4475 0.8960 0.6188 0.6301 0.3524 0.7347 0.8710 0.4380 0.7201 0.6249 0.1582 0.5601 0.4076
0.4253 0.6133 0.4674 0.3065 0.2035 0.7774 0.4026 0.7478 0.8627 0.8539 0.2618 0.4262 0.3787 0.2717 0.5329 0.8611 0.4367
0.7365 0.3939 0.1298 0.5339 0.4420 0.5642 0.4584 0.2117 0.8055 0.4005 0.1038 0.1089 0.1370 0.1608 0.1547 0.3430 0.8869
0.7277 0.3524 0.2306 0.8853 0.8020 0.7732 0.3377 0.2445 0.3258 0.1355 0.5478 0.5073 0.3621 0.1611 0.1529 0.6528 0.3676
0.5607 0.5003 0.7147 0.8859 0.8033 0.5151 0.2667 0.8110 0.2840 0.1934 0.3420 0.7351 0.6773 0.3040 0.3862 0.4653 0.1405
0.1938 0.3841 0.6763 0.1451 0.6348 0.5913 0.1194 0.7707 0.7858 0.1044 0.1098 0.5660 0.3386 0.5015 0.6824 0.3152 0.4881
0.2150 0.8440 0.8201 0.7791 0.4003 0.8136 0.5597 0.6557 0.7058 0.7780 0.6646 0.5996 0.8221 0.3176 0.7941 0.8074 0.8024
0.7393 0.5166 0.8262 0.8677 0.8975 0.2800 0.4859 0.6254 0.3614 0.5132 0.5946 0.6310 0.4606 0.8268 0.2490 0.2309 0.7974
0.6618 0.3866 0.5401 0.4425 0.2734 0.3904 0.6763 0.1700 0.2008 0.3313 0.1365 0.2315 0.3694 0.1409 0.2081 0.5770 0.2103
0.4900 0.3093 0.2039 0.2244 0.6064 0.1993 0.3167 0.2693 0.1626 0.3374 0.3354 0.3628 0.8974 0.3458 0.6658 0.2631 0.5836
0.6626 0.6099 0.2252 0.5005 0.8642 0.8752 0.4134 0.6825 0.6676 0.4090 0.3114 0.1524 0.6131 0.2603 0.1947 0.8337 0.4887
0.8502 0.8006 0.2121 0.1896 0.2599 0.8180 0.8857 0.4870 0.7833 0.7717 0.4902 0.6987 0.8873 0.1223 0.7414 0.6933 0.8716
0.4550 0.1523 0.2367 0.5464 0.6499 0.8351 0.2861 0.1729 0.4944 0.2473 0.6414 0.1577 0.4497 0.3330 0.5560 0.8227 0.6498
0.8317 0.1357 0.4099 0.2711 0.5077 0.2753 0.1057 0.3608 0.5653 0.2656 0.7214 0.7651 0.3328 0.7279 0.8165 0.5605 0.5766
0.8670 0.1703 0.1615 0.2537 0.8023 0.8498 0.1503 0.4302 0.6641 0.3580 0.6042 0.2306 0.5561 0.7268 0.2696 0.5825 0.7234
0.7929 0.8813 0.5884 0.2376 0.2399 0.7904 0.4994 0.3398 0.6115 0.3048 0.5343 0.1117 0.6355 0.1497 0.7650 0.8355 0.8149
0.3266 0.4317 0.8572 0.8425 0.7810 0.8780 0.1308 0.7196 0.1026 0.4614 0.4846 0.2283 0.8175 0.8963 0.1299 0.1914 0.5979
0.5427 0.6492 0.5374 0.3314 0.6588 0.4611 0.2261 0.4709 0.5923 0.2496 0.3024 0.6672 0.6716 0.1499 0.1142 0.3298 0.3712
0.4130 0.8009 0.1573 0.4747 0.8647 0.2288 0.3697 0.4736 0.7503 0.3776 0.1866 0.4424 0.8598 0.2240 0.6839 0.1191 0.8423
0.7459 0.8435 0.8305 0.6440 0.5625 0.7580 0.2252 0.8868 0.4435 0.6460 0.7815 0.1853 0.4021 0.6507 0.5186 0.7125 0.4831
0.6274 0.3018 0.6023 0.1116 0.6711 0.1573 0.3357 0.6442 0.7349 0.8575 0.7133 0.7914 0.8925 0.1604 0.3135 0.7185 0.1465
0.4160 0.5629 0.3907 0.5106 0.8573 0.7727 0.4828 0.3045 0.2056 0.5188 0.2990 0.7246 0.4182 0.8034 0.4588 0.3526 0.4271
0.6994 0.5488 0.8093 0.6401 0.2393 0.8512 0.7874 0.4242 0.7467 0.8449 0.7949 0.8860 0.1866 0.5968 0.4505 0.7753 0.7866
0.2827 0.3926 0.8424 0.1830 0.6677 0.4738 0.7575 0.4358 0.8578 0.8811 0.3186 0.7680 0.1979 0.3896 0.7479 0.7549 0.7598
