7 299 15
7094 7501
5693 8886
2733 756
1788 2230
9800 1636
9705 3025
5156 2570
4756 6717
513 6344
3949 469
6689 5005
2728 2967
6791 7552
6029 2027
9971 2042
7012 5196
2841 8580
9038 5320
8827 6991
5364 1592
5720 7102
735 4213
3701 7092
9420 4890
2333 4491
8935 9451
4904 6731
8489 1181
3165 6420
2163 6950
8811 7538
5033 5951
1622 3289
2559 2830
4182 8252
6614 8125
6378 6225
768 660
4082 4071
138 4110
5524 8137
7348 3855
6272 5196
5641 5392
3866 7723
9382 7783
1157 1903
1247 2070
8569 2071
69 8248
8864 8162
6284 8209
6181 9386
9018 327
9529 3445
2430 2482
7870 1647
9704 5585
839 4418
7644 1593
2625 1639
7524 2092
9399 7581
3307 5207
142 7847
2141 2136
367 1820
905 2899
1386 4664
6836 284
1233 9988
8423 9333
3635 2113
6586 4080
2909 7344
1596 9064
7833 9879
8701 6314
7761 3662
3031 5043
8561 8472
9952 6704
1386 5474
6019 5040
5720 3301
3149 87
1358 3974
2393 7504
7984 1471
8620 2878
3169 8755
1069 5989
9337 8482
9447 5971
6578 95
6127 6499
8473 7328
5635 135
7835 8563
1628 5436
2183 247
5418 376
5908 4067
1345 4871
9992 7695
8599 7360
9194 7354
4943 6560
5799 5598
9831 1859
9452 2705
8948 6422
9158 585
8217 740
8296 4455
9039 3967
1689 6815
8296 3878
1218 1052
4491 9276
6472 9426
1476 8613
7896 9449
5146 4924
5208 5905
6746 6516
9585 7258
7755 5011
498 5588
5283 7709
9759 5766
2880 4779
2913 4149
3038 2019
6101 420
7844 3976
2454 8742
5966 8498
4299 1390
1643 2529
9132 7659
7125 1492
5923 2618
6705 2877
2349 8247
7670 8661
4166 1794
2065 2483
7653 5191
4046 839
2588 4507
5185 5595
4281 933
9842 4794
960 1766
4344 8320
1394 7651
2596 5933
4276 4882
4044 6471
3124 2232
603 1466
9725 8035
1508 5691
1008 779
8277 8077
5962 5821
4862 8824
5648 3890
6952 9423
8895 9318
3339 3654
8075 6373
2960 7975
23 2010
7770 7394
434 5260
9545 5839
9770 242
1463 2429
393 4815
646 3460
3796 6855
2650 4639
8061 3897
4689 9187
2339 5825
3438 1615
8806 2400
6270 6498
1277 9206
291 382
1140 8615
2061 35
5581 6918
488 6068
7009 8403
2834 5143
4634 233
8833 3006
3270 2791
9225 2791
2018 3747
8097 7333
2236 7887
6613 5557
6828 9005
8683 1809
148 7053
613 7529
8644 5704
9922 5483
3264 9779
1894 3847
1790 9662
9388 8061
2075 3945
5316 4978
6909 9564
3282 7638
669 3038
6497 4933
8997 9269
2288 2950
4030 4630
9331 2804
4313 9022
4207 1309
4584 5439
8459 4634
4194 6612
9906 4715
9469 7268
545 1848
1346 2586
8991 5694
870 7844
762 1295
1889 2747
5619 445
1557 2684
7903 3767
7746 5689
6929 5376
7388 4803
8866 6146
981 6972
5723 7636
490 9456
7686 1709
7105 2812
3464 4023
6160 9797
6417 3076
6083 9713
9856 2222
1509 287
49 4786
2417 9888
3016 1653
2271 7563
6062 1440
8674 1321
7461 4381
7045 3080
2103 6633
6188 3104
6141 270
3418 9627
260 1762
9937 3986
6173 3576
9616 6190
9290 6018
4166 8688
6522 5417
3769 2769
5537 635
702 7295
8682 3298
872 3739
9152 6534
8794 7817
4349 67
1993 7084
2560 8692
9616 8293
2514 4591
9357 7429
6077 77
2661 5033
8300 1838
6807 3737
3554 5755
5814 5489
1033 4239
1644 3878
121 6237
3763 331
3720 3679
4204 391
6563 778
5632 7433
2376 6874
9061 8534
2196 648
0.2388 0.4466 0.5399 0.6658 0.3426 0.7654 0.5435
0.3074 0.5074 0.5758 0.5204 0.2328 0.6625 0.4758
0.8927 0.1042 0.4914 0.6160 0.8934 0.8528 0.3998
0.2330 0.2569 0.3066 0.4506 0.5784 0.8223 0.3024
0.7955 0.5267 0.6470 0.7190 0.3807 0.5686 0.5987
0.3794 0.2976 0.4284 0.3645 0.1621 0.7710 0.1739
0.4193 0.1192 0.4708 0.3557 0.1834 0.5360 0.6781
0.8018 0.1895 0.4816 0.6385 0.8095 0.5273 0.5257
0.8787 0.3724 0.4295 0.4038 0.8426 0.2234 0.3633
0.3327 0.8049 0.1757 0.4496 0.2350 0.5221 0.6950
0.8235 0.4200 0.1571 0.7418 0.7594 0.3747 0.5951
0.6736 0.1292 0.8142 0.7940 0.1824 0.4457 0.5980
0.5663 0.7335 0.4261 0.2840 0.3669 0.4322 0.5809
0.7499 0.7287 0.8145 0.8534 0.5477 0.8997 0.5759
0.2585 0.6773 0.7358 0.6091 0.4592 0.1085 0.7220
