17 683 44
8347 6774
9335 7663
8855 9322
4149 9775
8757 45
1768 2664
1226 1145
6164 3106
4427 5156
6320 8635
7050 5198
944 2863
8524 5092
9166 3201
3049 8455
3365 6956
3196 9225
8534 2534
2840 3874
4206 7391
9689 1079
8954 7770
3955 7426
7368 6128
1646 3447
8732 747
2148 9931
517 475
2678 2931
4190 4926
8565 6020
4685 3990
6245 8272
5101 5485
618 6324
3293 177
134 3871
9582 8674
8171 6575
8472 1616
6948 579
268 6940
2274 9333
9156 7054
2960 168
7581 5284
8700 8631
2597 6821
4836 3639
7189 995
6790 8646
6392 5554
9372 661
4579 7303
5907 8712
4581 9432
7649 6482
3165 1575
959 2359
1420 5676
149 1226
5432 5572
3108 5558
3363 1486
4149 8321
481 2108
4350 8324
9778 6736
9294 9240
5714 7302
3737 8637
5604 8769
413 8652
1304 4321
1993 8253
6107 7927
4889 3374
2702 7564
5359 2236
3017 5315
1841 6156
9639 697
2435 2734
793 1839
6497 6419
7644 555
3771 3350
6461 7225
4926 9836
2239 4733
9287 7430
189 8256
8404 710
5495 9209
9574 5451
2276 4000
9448 1319
3976 9929
1342 3254
4562 5136
2131 3104
2270 8829
3428 9354
7484 4118
7525 3346
9218 2049
5440 4368
3590 2754
2444 387
478 1213
9926 3167
1449 3236
4923 229
1066 7638
3039 9687
3125 1225
9910 1205
3833 5232
8115 2296
6645 9029
5766 3635
9374 3078
7130 4202
9823 6593
5061 9663
1501 3779
5831 9383
1162 8613
5679 4291
1431 6967
4744 3121
451 4144
9471 4762
8349 9114
7286 5873
1189 8479
8157 7195
635 4144
401 7081
8477 8938
9750 5402
1912 6853
3887 8698
5452 4162
7625 9346
7747 4978
8159 1482
6201 3259
6718 6068
6863 6770
568 2914
3593 6952
6628 2721
577 7309
4314 2703
6681 9672
4281 1075
9117 4119
215 4480
5986 1042
3526 8127
6833 465
7967 7842
4247 8528
6284 4843
926 1615
7802 8355
7502 9834
10 3067
2073 8477
8601 256
8642 4669
5023 1415
8173 1973
5733 9877
1211 3638
6511 1262
290 8014
5790 2077
202 1329
5121 2815
3364 9007
6195 6965
8024 5148
7219 3946
4670 7235
1679 6301
1087 1393
2767 4696
8821 8039
5360 3427
7259 3167
98 9141
8794 3198
2392 6882
7775 5814
6584 3232
6186 8359
5894 5913
3149 3864
1732 3051
6938 5493
5113 6897
5839 6545
4413 997
9057 992
5356 627
9231 8284
2668 4180
4567 3755
7582 2331
3862 7389
4906 8921
6687 3523
3732 8992
9151 3692
2876 4161
9096 1451
8988 1480
8326 6260
6003 5876
763 8473
7565 6334
1296 5886
5895 1589
5855 2490
216 4634
6473 8617
2129 1657
8887 5007
9401 6184
8622 5397
673 9695
3429 3588
6970 5035
5688 2285
3684 6897
6288 5399
8912 9037
1092 2505
796 4298
3731 1150
7105 9749
8940 869
7073 3978
6587 5074
7400 4384
4795 1670
4229 6012
1160 1738
3558 9505
2594 6031
1923 8567
159 348
3773 739
5202 388
3580 4393
6602 3757
9613 5832
9683 5521
719 6674
2266 5210
860 406
6216 795
8768 4448
9259 1955
8100 6193
2777 5732
7013 2177
6333 6531
8604 5613
8633 2756
5024 8403
3805 6939
9943 5623
7449 3252
3829 2184
1642 9111
4847 6701
7845 3030
5290 8809
7850 1220
6889 9384
3534 4133
5084 599
59 433
5814 2368
6998 4836
3010 3445
7185 4849
3838 7107
350 1660
36 815
9953 8785
2441 6120
6156 5194
5381 7030
299 2567
5818 3036
9523 163
8063 3861
4382 2841
1083 8392
4719 9697
7509 2524
9904 6883
7375 9066
4424 5697
4125 1648
9676 8934
283 1189
1744 7689
911 7800
4549 7507
3844 3172
6328 2831
2765 2880
1633 3187
1577 4481
8980 3374
721 2394
2520 8731
3719 6378
1534 5384
8246 182
857 4587
9853 4448
7348 2937
5831 4648
5197 8483
7843 1015
1383 1953
6955 7302
1899 6385
2869 762
4762 9950
5445 9565
1111 250
4327 413
6120 9450
384 7311
1214 4652
3179 5177
4283 8936
2782 5837
8320 2479
2733 859
444 1408
9517 7142
5076 8235
8991 4378
4203 7115
5712 894
6773 1575
4750 7969
8624 2931
7329 6400
3865 4447
5772 5909
8610 5890
7509 6532
9177 4597
7816 6653
4061 9229
9171 4314
8115 112
8862 4393
2176 1817
2039 5511
877 7396
6157 2761
1620 2156
4426 558
7503 4734
6631 7050
9197 7915
8447 2743
7284 8048
6950 9830
7538 953
6651 2322
7474 4309
7826 6464
7919 9847
8906 67
6844 2018
2793 1462
8836 2772
9249 4436
7565 1304
8420 6403
9259 5013
9384 6716
1582 2259
2233 1427
7156 2293
3209 5951
6208 1243
6028 3050
6867 4842
3825 7596
3234 2112
6807 6990
8944 5734
6087 3890
2569 2889
1684 8758
2702 8778
3880 7751
3322 5134
1942 1629
3196 2221
8518 9702
4923 6452
6430 510
7859 2254
2393 9255
4407 2636
8083 4782
7188 7001
5226 204
8515 6782
4145 347
8243 3072
1776 7292
5830 2625
3351 3983
890 5349
9131 6534
5774 6817
7051 1642
2877 9482
2074 8991
39 15
5561 5975
1754 963
7954 1115
7979 3718
9943 8149
3252 9583
5103 8575
821 4866
4891 2401
4931 7949
4577 2947
2345 104
7209 8955
5977 8004
5013 4301
4821 3206
4181 8055
4191 8855
1721 1243
5581 9560
6161 5406
9342 1110
1182 7659
6411 1622
6437 3160
8662 3202
650 5356
4267 6891
415 9981
1380 6564
6631 4655
4687 2212
4368 7070
7610 4632
5020 2025
5903 3931
1811 8896
841 9291
9148 9374
6556 7473
2767 7314
824 1267
4030 603
8884 8539
6120 9880
3534 2120
6450 1790
4644 7920
5666 7007
9566 8778
5339 79
5024 7089
1749 8017
7949 3141
2117 4075
9829 5664
6909 3840
9200 7
4252 4605
2842 7454
1050 1609
3310 3107
3434 7041
2705 7142
9190 2802
7349 3897
1465 2760
7739 3446
4809 1506
4399 8493
8688 1698
6471 5684
6802 4280
1280 1058
293 9231
2722 6834
7304 1547
1489 7634
2217 5792
4093 795
5900 6202
9854 7329
5275 9907
6121 7065
9166 8361
9520 1424
198 4964
3727 7982
8349 609
2937 2251
2937 3240
4792 7833
5816 1670
9758 2014
8695 9811
206 3046
2132 8726
9988 3734
1718 2892
7063 9062
1311 7326
5533 5105
3133 100
7951 6122
2645 9649
4510 6407
5871 5655
3730 3732
5965 3134
7750 538
858 583
2245 5372
8822 7266
407 3357
4894 6220
9903 3793
2655 5047
9010 3841
8510 9080
8786 8363
8097 572
7521 7046
3218 2828
5778 3847
3316 650
8430 7486
4029 4689
8368 3465
588 4286
5975 8371
8877 3263
7506 3107
3451 7160
8649 4870
481 7180
9457 7879
991 9375
9059 8256
4737 2412
8760 3585
3609 9354
6616 3027
5667 2440
6642 209
8182 3716
4993 9526
345 2764
6172 6273
4950 9138
8214 9932
3202 4401
954 8416
6691 6457
4001 8759
9201 7259
2267 3874
6280 411
1370 1539
9901 8028
8312 5925
2820 9272
544 2291
8219 2623
5110 3967
1786 405
9221 1235
934 6331
442 912
9313 6872
8449 1087
8012 9782
9369 8531
4137 3840
6608 1540
1934 2565
5624 7625
2275 321
24 8760
1389 3370
3526 6349
7814 2765
8450 4788
414 5858
2197 6556
98 6258
3672 5223
8234 8360
3966 7017
1939 9564
3460 4388
8148 9219
8652 8789
915 1312
6640 4883
9302 1567
4050 1310
3164 1098
5078 5275
5493 1077
3204 3189
8071 5462
665 8913
4723 88
4005 8029
7258 8406
9499 1547
6271 983
1448 138
720 3846
4598 1178
2188 4606
2356 8202
2222 4388
9648 4633
8020 4953
2420 3362
7960 2733
7051 3674
4156 9069
9363 9836
3586 5691
4424 3865
9019 2695
87 8253
5054 6559
7188 888
9741 6204
7699 3593
369 2899
8570 6971
9822 3920
4950 2509
7585 5527
5925 2711
9362 1465
5435 7436
3467 9015
457 8211
9781 2636
7311 855
3446 1351
3566 4873
8313 2870
5341 6118
4282 9561
6965 2455
5101 4987
4821 2998
4359 1215
5314 5928
4597 1526
8429 944
5362 7895
5077 828
7487 1837
1535 9623
4889 2253
10 7258
7114 242
525 8876
8372 3638
671 2149
3990 2892
5835 6977
138 4284
4873 5321
0.3999 0.6249 0.2893 0.6237 0.6068 0.4515 0.8150 0.4737 0.8650 0.5128 0.2999 0.2296 0.3693 0.4111 0.7635 0.3863 0.7554
0.5394 0.1763 0.8903 0.6034 0.6416 0.4883 0.3348 0.3955 0.7513 0.3986 0.3876 0.2218 0.5987 0.6933 0.4100 0.7546 0.4163
0.3716 0.5166 0.4041 0.6601 0.5206 0.6209 0.2437 0.3154 0.6564 0.4177 0.6937 0.5007 0.2482 0.4274 0.2804 0.8959 0.7425
0.2833 0.7220 0.7960 0.7094 0.2318 0.4954 0.4724 0.5887 0.1222 0.2168 0.5542 0.6438 0.8379 0.1458 0.5388 0.8624 0.5341
0.8234 0.4310 0.8578 0.7253 0.1807 0.7218 0.7217 0.1316 0.1936 0.8234 0.8123 0.2606 0.7032 0.1778 0.5977 0.5552 0.7743
0.6418 0.6409 0.2359 0.7178 0.1683 0.8929 0.4692 0.6699 0.3010 0.1443 0.5661 0.4552 0.3893 0.3800 0.1773 0.6748 0.8865
0.7186 0.3183 0.8446 0.2455 0.2112 0.6016 0.5648 0.2359 0.3823 0.1595 0.1827 0.6134 0.8243 0.6421 0.6372 0.2969 0.2326
0.4548 0.3589 0.8284 0.6573 0.1345 0.6557 0.5780 0.1428 0.4276 0.1994 0.4201 0.5109 0.3493 0.3195 0.3336 0.1284 0.1783
0.1154 0.7630 0.1639 0.2742 0.8022 0.2653 0.1870 0.7095 0.8622 0.6160 0.6879 0.6901 0.2085 0.3441 0.8664 0.6913 0.4642
0.4473 0.6389 0.7726 0.4813 0.2784 0.4700 0.4316 0.8713 0.7302 0.5028 0.4924 0.2562 0.6402 0.3478 0.5427 0.8802 0.3545
0.5386 0.2547 0.2414 0.5003 0.1439 0.1258 0.5925 0.6798 0.6020 0.6487 0.7225 0.7888 0.8233 0.8101 0.4052 0.5827 0.7429
0.1608 0.1303 0.7514 0.7991 0.1226 0.8305 0.1533 0.4020 0.3482 0.5664 0.2938 0.7060 0.6103 0.6566 0.5558 0.8771 0.1146
0.7233 0.2046 0.8658 0.7880 0.3053 0.8610 0.2513 0.2388 0.5824 0.3900 0.1983 0.7911 0.8538 0.6178 0.2005 0.2198 0.5479
0.8091 0.5814 0.7057 0.2061 0.6986 0.4041 0.4601 0.7760 0.2125 0.8317 0.4477 0.7890 0.2418 0.4249 0.3678 0.1538 0.6495
0.3842 0.7247 0.3647 0.8345 0.6532 0.5355 0.2248 0.1929 0.1688 0.2026 0.4854 0.4563 0.3265 0.5224 0.2405 0.5262 0.2007
0.8597 0.8396 0.7451 0.1667 0.2311 0.5222 0.4364 0.2205 0.6458 0.6824 0.6385 0.5310 0.8277 0.3079 0.6663 0.3176 0.4103
0.3492 0.3877 0.1674 0.8670 0.6180 0.6515 0.3660 0.3392 0.8271 0.6529 0.8247 0.8345 0.2330 0.5449 0.1413 0.1752 0.8793
0.6504 0.6523 0.2021 0.1680 0.1363 0.2482 0.7690 0.8861 0.3087 0.4416 0.4495 0.1536 0.5118 0.1456 0.8494 0.4960 0.2295
0.7468 0.4944 0.4676 0.7759 0.6720 0.1751 0.3317 0.6663 0.4651 0.1757 0.7510 0.3768 0.5243 0.1881 0.4826 0.6069 0.2545
0.7986 0.7515 0.7227 0.1758 0.3453 0.3399 0.1463 0.3343 0.6555 0.5970 0.4714 0.3832 0.2821 0.6458 0.3415 0.5401 0.2450
0.8929 0.6924 0.5854 0.7404 0.2055 0.1869 0.5078 0.3731 0.5861 0.8626 0.8081 0.3845 0.1263 0.7596 0.5532 0.4922 0.5871
0.7627 0.7500 0.7822 0.4985 0.7771 0.6047 0.4617 0.6751 0.2998 0.6837 0.5232 0.3248 0.3843 0.1405 0.3542 0.3144 0.5001
0.8513 0.8196 0.3894 0.2269 0.7951 0.5566 0.8277 0.4599 0.5152 0.8499 0.6313 0.7702 0.6626 0.3277 0.5348 0.2398 0.3604
0.7012 0.5526 0.6394 0.2442 0.3848 0.4505 0.1975 0.7924 0.1363 0.6037 0.6052 0.6791 0.6339 0.4711 0.1840 0.5490 0.7540
0.5701 0.5804 0.1664 0.3036 0.2447 0.7656 0.1462 0.2552 0.4137 0.7061 0.8216 0.7680 0.2206 0.1533 0.5589 0.3535 0.1922
0.8532 0.2980 0.2046 0.8148 0.2308 0.6377 0.8970 0.4822 0.5396 0.3042 0.8585 0.1274 0.6678 0.7538 0.6159 0.1787 0.3181
0.2285 0.6611 0.7971 0.6959 0.5916 0.8419 0.2373 0.5381 0.6431 0.2363 0.1139 0.4907 0.5912 0.3020 0.5160 0.7686 0.2280
0.2774 0.6061 0.5577 0.1140 0.3485 0.3259 0.6703 0.8933 0.2242 0.5431 0.7895 0.3657 0.4476 0.7560 0.5599 0.2712 0.4514
0.4711 0.6339 0.6547 0.8559 0.4231 0.7384 0.4477 0.8711 0.4466 0.1808 0.3391 0.2774 0.7381 0.4140 0.4062 0.1669 0.5217
0.4298 0.5258 0.5483 0.6093 0.8895 0.1990 0.6476 0.5457 0.1233 0.2660 0.5642 0.4691 0.4082 0.1785 0.6229 0.2760 0.3187
0.2488 0.2608 0.6413 0.6379 0.6698 0.8322 0.2718 0.7757 0.1837 0.5368 0.3891 0.6001 0.1031 0.2165 0.2774 0.1843 0.7827
0.7863 0.4555 0.4755 0.4522 0.1004 0.5260 0.7652 0.2020 0.2875 0.5197 0.5152 0.4137 0.1076 0.1209 0.2672 0.1993 0.4636
0.1804 0.7986 0.7646 0.8051 0.1878 0.7569 0.5859 0.1115 0.6762 0.5308 0.4669 0.8997 0.7674 0.4585 0.1299 0.7035 0.2836
0.8598 0.7824 0.2010 0.7422 0.4896 0.6754 0.7412 0.2532 0.3553 0.7113 0.4459 0.1688 0.1665 0.6784 0.6036 0.8701 0.8027
0.1807 0.5789 0.1293 0.1336 0.1794 0.6811 0.3761 0.6921 0.7710 0.4096 0.7178 0.2989 0.6836 0.3859 0.1999 0.1911 0.3149
0.2576 0.5459 0.2901 0.8687 0.2375 0.8306 0.1963 0.7170 0.7735 0.3642 0.2974 0.8858 0.1361 0.3571 0.7820 0.5076 0.7523
0.2226 0.2993 0.6757 0.1412 0.2872 0.1128 0.8462 0.7161 0.2840 0.8726 0.2209 0.8636 0.6359 0.2414 0.1909 0.2778 0.4305
0.3170 0.3661 0.3694 0.7350 0.3007 0.7026 0.5360 0.7542 0.4267 0.8409 0.2430 0.4814 0.2498 0.6840 0.6871 0.5486 0.3687
0.4250 0.6838 0.2145 0.7381 0.5780 0.6275 0.8135 0.2858 0.5022 0.8200 0.7105 0.4443 0.8854 0.8104 0.2433 0.6518 0.2023
0.5144 0.1673 0.5956 0.7587 0.3700 0.2062 0.1501 0.4729 0.3038 0.8388 0.5072 0.2575 0.7919 0.5877 0.1192 0.8699 0.3481
0.3442 0.1997 0.7420 0.8226 0.4819 0.5580 0.6057 0.5700 0.3395 0.6127 0.8934 0.2986 0.5423 0.7636 0.4295 0.3933 0.2255
0.1930 0.4319 0.3164 0.8506 0.7081 0.1044 0.7699 0.7907 0.1534 0.5933 0.1085 0.1241 0.3911 0.2573 0.3419 0.6789 0.4970
0.7987 0.5128 0.4757 0.1147 0.7860 0.5185 0.4373 0.2216 0.8261 0.1778 0.6349 0.3222 0.4427 0.7956 0.2406 0.2458 0.6551
0.7235 0.2961 0.4918 0.5914 0.2587 0.3025 0.3912 0.3013 0.6233 0.8599 0.4908 0.8634 0.7339 0.8355 0.6795 0.5591 0.8173
