10 486 38
8794 417
6053 9246
9850 2361
7687 8910
5478 7084
5512 1011
3278 1134
1869 4635
9831 9544
3290 546
8839 9156
2285 8099
4149 4826
6141 7676
3348 4879
8902 1518
8812 9931
5193 2459
1361 9874
9088 7768
4186 5566
4819 2536
1330 2046
2861 3490
846 6123
1194 1510
1078 7309
4016 7679
5115 6486
172 140
2274 2324
3395 480
3426 7279
1598 3592
1412 3509
1178 5411
1146 9532
4398 3616
3324 9909
7170 2158
86 6738
8051 7779
2711 730
5239 8548
9086 6238
6660 8094
8986 898
750 8663
1102 4843
7440 2968
4245 7526
4028 2846
3252 7
9236 3616
730 7082
5616 2443
9681 6132
3320 6158
1409 8581
6688 6894
5365 8629
5553 409
2431 1280
4294 9232
7738 1159
4288 3761
9169 9913
360 4628
3285 252
4006 5746
1346 4732
4316 20
4648 2879
9554 3464
7352 6755
1933 7140
3862 2239
3403 5434
2094 8885
3860 464
6111 6532
4019 7513
9144 2696
5785 5756
5090 852
3800 7589
2285 7895
2151 8146
6032 9574
2999 9461
8149 6882
3185 4898
24 4790
4823 4458
2764 1601
6446 8004
3733 7724
4974 3593
2097 4094
5106 1491
9740 9040
1663 6216
316 9201
1302 966
4028 8823
8613 7700
2356 1163
1962 5568
8782 6934
8766 9373
4403 3392
1493 708
2213 7429
8012 6336
5233 9271
7097 3627
7980 7022
3953 9582
9069 1687
4971 1904
8449 7624
6149 6912
614 8934
8954 5632
9690 6874
9668 7200
6891 1810
8899 9613
3909 3936
1535 7917
9128 9429
1267 7461
291 7724
8145 5649
156 5875
99 8561
8535 3991
6870 7142
7962 412
9819 6870
4890 7455
7007 541
5329 3761
3337 9701
2907 1107
5519 6569
680 5198
6424 6984
3478 913
2113 5820
2172 1569
4329 9751
609 8269
3939 7857
6367 7458
8073 8032
6351 7703
1881 4425
2476 1511
4465 4685
6038 4193
1581 5650
4363 2988
2287 1737
7137 605
4713 4166
1557 2629
4484 3199
1497 6024
5505 7945
3902 6888
5461 6876
6910 3961
3202 394
5328 6223
743 8144
7363 5666
2084 5682
5968 8963
1486 3278
7717 7696
223 4392
9769 3995
45 8786
5710 8165
7970 4584
6547 7272
8326 1805
1232 5881
6815 5963
7042 6528
8543 6094
5381 7365
1106 2001
1529 1111
7114 5804
506 2273
5949 9875
7443 4475
6325 3830
6041 1584
9415 3439
7105 2942
1436 1583
2525 424
1192 5139
2342 2935
4763 8537
634 4744
9810 9652
3367 3112
9031 7447
6024 1227
7924 260
7841 4219
6002 2580
1847 5720
5686 2593
6665 1517
4740 3273
6185 448
3466 4091
3783 6880
2807 5238
9025 3837
763 9195
713 4457
6923 616
4728 6493
1064 168
3931 7387
7785 6076
1893 376
6636 8997
4800 195
9596 5500
133 2878
9465 798
8475 5508
4886 8927
3135 5383
5438 9513
2552 4932
4753 3089
7336 7973
6051 6030
4152 274
567 6063
5595 3874
1560 3039
6810 914
6642 2389
7829 6993
2228 672
634 8037
3120 2881
7420 8690
1221 3362
7666 827
7373 2101
5177 666
4402 7106
513 9920
6025 798
3707 8064
1932 8957
3147 3375
1521 2941
5589 4327
3863 3713
7462 180
6693 1053
5885 5750
7587 6025
8845 5229
382 3512
4998 3733
1708 3546
6555 5712
3874 1443
2790 4982
3692 3956
2208 9391
6469 8374
6703 9987
4311 4135
7642 612
9973 1530
1176 9087
4219 6358
5766 1450
6285 1957
7423 6830
8171 8410
434 6058
2344 3984
6605 2785
2067 2234
6216 6035
1506 5171
6799 3354
804 5754
4043 4058
4000 4437
4501 8615
5193 5063
8407 5331
92 2463
7742 1446
8787 8440
207 2708
355 317
7386 4617
7996 158
1594 1941
6198 5419
3873 994
888 4564
8718 5294
4902 2351
758 6828
9906 3428
7084 7302
3457 1186
9911 2157
9530 2467
9571 6843
8026 8337
406 8488
8718 8590
5776 1672
5927 7096
2036 8211
3569 2225
7736 3579
6287 8275
1700 4242
5486 8917
5667 7429
1761 6668
9131 8165
7992 4683
6151 6723
3456 1076
4196 4472
1797 1034
4652 7076
1040 3447
7328 3997
5144 8283
2816 7526
5854 2490
1825 2508
5363 3208
3594 2732
2958 5130
3745 4998
492 4683
5388 5043
2491 1057
4939 5721
2198 9494
657 627
1986 4659
4496 6414
3084 6228
9702 7982
5312 2445
6933 9027
6716 2477
5413 2002
8408 4155
1280 2841
8372 9216
7602 8252
7985 7249
6669 6542
6450 4538
6422 4439
4778 3852
3155 8960
2514 9583
8951 6508
1001 6721
5103 4889
9362 1390
4080 1880
2843 6519
4388 6729
1128 5312
3116 4395
9228 3224
1058 7420
8817 7640
4055 2362
9006 2028
1147 8595
8775 2798
5849 5264
965 9282
5122 5274
5464 876
2513 7277
2306 6595
4283 6514
8886 4724
1819 4843
6275 3942
1972 9258
1772 5333
4574 525
2226 3897
3677 2601
6364 3258
2784 2072
1404 6358
1637 4859
7431 6007
3145 6856
9488 2798
7295 4950
2234 1367
8142 6286
1175 4548
4442 2404
5618 3242
2234 7275
7324 5978
3822 2919
5956 2674
6957 4814
4675 2425
6305 6424
4490 2266
1412 4889
2784 5507
8838 6714
343 5939
2338 4247
9755 498
9434 8733
8890 152
9919 5593
8381 4863
2793 1839
9096 1136
3650 6402
9230 3007
4529 3762
3845 4046
7639 5733
3192 4783
6991 4543
9105 6132
695 7838
2267 8450
1132 391
2899 9889
6696 6267
4113 3901
6226 584
950 8945
1556 8582
5994 7971
1449 9376
8491 8500
7789 8816
6382 5220
9672 2472
5843 2081
2481 2862
4250 6704
1360 5194
3894 1244
883 1530
3258 6924
3902 7231
5806 9708
7308 3781
2687 2121
543 4448
4742 9239
5285 5781
7063 37
1180 3492
3728 9509
913 8558
8558 8142
4681 1294
9878 4492
3971 942
9041 8358
3332 350
596 3200
6445 5061
5938 2140
0.3934 0.4581 0.4251 0.3051 0.6703 0.1325 0.6961 0.5341 0.7255 0.7086
0.2959 0.8865 0.8950 0.3984 0.4493 0.7323 0.3707 0.4459 0.5683 0.6262
0.1224 0.5433 0.4685 0.2044 0.8800 0.6403 0.7499 0.6668 0.1123 0.7618
0.1003 0.3779 0.8889 0.8295 0.8283 0.8114 0.8959 0.7139 0.2125 0.1117
0.3498 0.8527 0.5788 0.1275 0.7759 0.4447 0.1861 0.7335 0.8475 0.3418
0.4949 0.5332 0.3615 0.4029 0.7884 0.5796 0.2698 0.1919 0.5374 0.3624
0.2059 0.2144 0.6151 0.7412 0.5693 0.7591 0.4341 0.2078 0.6989 0.3050
0.3197 0.1569 0.8034 0.1190 0.2804 0.8550 0.6266 0.3054 0.2659 0.5743
0.6409 0.3423 0.7096 0.7765 0.7839 0.8992 0.2879 0.1792 0.4427 0.5969
0.6580 0.4942 0.8612 0.4997 0.8035 0.2800 0.2132 0.7616 0.4822 0.4774
0.1520 0.1907 0.1252 0.6940 0.2404 0.7012 0.5303 0.2534 0.5115 0.1835
0.7307 0.4556 0.8609 0.8345 0.1452 0.7491 0.1314 0.2083 0.5324 0.7504
0.5039 0.5297 0.5135 0.8881 0.1975 0.5210 0.5632 0.3113 0.5198 0.7637
0.8500 0.3892 0.2996 0.6485 0.8538 0.6515 0.4399 0.1022 0.6993 0.5936
0.6829 0.1627 0.3507 0.5386 0.5707 0.2206 0.6598 0.8695 0.1191 0.2322
0.4048 0.6341 0.2511 0.4148 0.5306 0.2033 0.1718 0.7230 0.6555 0.7051
0.7405 0.3117 0.8790 0.4067 0.7809 0.5165 0.6082 0.2926 0.4098 0.5238
0.7340 0.4324 0.8689 0.8574 0.7071 0.4176 0.3864 0.8550 0.1212 0.5675
0.8715 0.7464 0.6503 0.7285 0.5991 0.1143 0.4440 0.2438 0.4917 0.2753
0.3357 0.4710 0.1032 0.5422 0.2223 0.2220 0.7034 0.6521 0.4209 0.3057
0.7689 0.6309 0.4225 0.7144 0.7119 0.4163 0.6920 0.4536 0.7545 0.6103
0.8416 0.7443 0.6065 0.6863 0.3628 0.3118 0.6871 0.8018 0.1947 0.5295
0.8500 0.4140 0.3490 0.8265 0.8703 0.2465 0.8930 0.1730 0.1890 0.4229
0.3964 0.1663 0.8127 0.6858 0.3082 0.2121 0.8889 0.3086 0.7433 0.4557
0.3467 0.4806 0.6315 0.4958 0.4355 0.8374 0.2698 0.6320 0.4376 0.3750
0.7839 0.1365 0.4959 0.6905 0.3366 0.1659 0.2950 0.5812 0.5859 0.3365
0.6385 0.2858 0.3641 0.4716 0.1413 0.4967 0.8903 0.4760 0.5036 0.8669
0.5839 0.7657 0.7108 0.8349 0.3167 0.3432 0.7306 0.4950 0.4182 0.7393
0.1457 0.5015 0.3395 0.6455 0.8530 0.8524 0.8287 0.4396 0.2617 0.5958
0.5936 0.8932 0.5334 0.3883 0.1646 0.7861 0.4785 0.2860 0.1133 0.2923
0.1065 0.1152 0.2467 0.8919 0.7275 0.8284 0.8887 0.3273 0.5180 0.1785
0.6234 0.2006 0.1732 0.6290 0.5717 0.5860 0.4643 0.2007 0.7507 0.6455
0.2083 0.4448 0.4079 0.7146 0.2757 0.6260 0.8754 0.5125 0.3087 0.1883
0.8725 0.8165 0.3417 0.1480 0.4144 0.8160 0.3258 0.8493 0.2069 0.2182
0.2292 0.7198 0.5346 0.7797 0.6727 0.1029 0.4489 0.8857 0.1683 0.7306
0.2105 0.5366 0.6914 0.2535 0.6414 0.7029 0.3270 0.8849 0.3981 0.4317
0.7820 0.7191 0.6141 0.5083 0.5850 0.2284 0.2984 0.2401 0.1824 0.5727
0.2371 0.4732 0.8169 0.6563 0.5611 0.7323 0.7327 0.1016 0.6670 0.4675
