6 219 12
3251 1312
7330 7532
8981 511
7790 5301
1241 7559
3265 9831
3906 1820
9582 9130
279 3071
2231 8883
3059 570
3104 2422
6667 9450
1615 8356
4184 1582
6410 4418
2908 6613
1354 6878
7567 1629
8087 3332
1115 1211
5577 3768
1834 8100
8405 8878
7616 5050
5248 9898
9813 1615
7207 2905
793 2284
4462 5961
6203 38
1797 4086
9762 2880
2472 6608
542 791
17 164
6703 3935
9055 9760
6172 3645
1476 7392
9618 7181
7596 4205
2806 6452
9115 5118
2660 5492
1328 3918
2503 3906
8136 9765
4449 2167
4055 8003
2423 4113
9531 9542
2460 8298
6938 1435
7218 9507
8454 5685
6702 4637
2986 3321
3124 7674
9863 1271
7381 142
5147 4429
5802 297
6391 5248
2826 7
5479 3566
8248 987
465 4237
4115 2262
1261 3794
6032 3867
5206 8351
2502 7239
362 5944
1485 1387
4118 5562
9067 6
1313 2035
8771 8536
8606 8340
1469 265
4533 6753
1451 9849
8659 4444
2263 5506
4708 6198
5125 4100
8192 6104
7306 8383
4781 5804
2578 1675
378 9791
4018 2566
6191 9893
6775 5101
9563 6794
8008 4775
1090 1601
5881 5457
4252 8698
318 5461
2096 6504
711 5770
8998 742
2189 8037
9345 9563
6017 3546
4743 2327
1397 5921
1130 657
2143 2767
2367 5954
1430 6274
9990 7658
7683 8596
118 5307
321 2886
3463 917
8827 8903
6883 1972
7131 1766
410 4768
3164 9144
1711 618
3904 8199
7444 477
5392 6691
9923 334
2545 5176
8789 4311
6070 957
3800 5168
781 397
9487 6560
8735 8062
795 2961
247 889
641 1463
2889 7570
8837 3713
5818 5998
5390 4784
214 1350
4011 5463
8142 3488
5779 7368
48 9059
2918 2876
1817 1571
9927 4893
4112 2103
8274 5739
465 6056
1597 450
3278 2001
1742 9551
550 9125
5574 3415
7354 911
9873 605
8281 1512
3906 4018
856 3565
9909 1874
39 626
6152 4236
9189 2296
4802 4142
3358 7797
8224 9590
8275 3541
8562 2779
5180 2370
9941 7366
4369 7524
8551 8193
841 1900
7015 3848
3175 7285
610 348
764 586
5624 128
7878 9624
4359 478
3515 4508
8359 6753
3917 8694
1762 9094
8734 1451
4582 7589
5745 1436
6923 7021
5542 2309
8954 6385
1318 8472
6197 9205
6613 811
7870 6337
5438 2700
4773 4377
1304 3231
6541 9948
5105 2169
3515 9953
6405 9983
3725 2879
892 2622
1483 4216
877 6190
2360 1572
59 7242
7624 5535
6765 8859
5931 7600
9574 1230
1051 7484
8409 7518
176 2009
7216 4832
4144 7624
202 9923
9504 6980
2753 4260
8728 6218
9149 2444
0.5007 0.3542 0.6166 0.2897 0.5587 0.5742
0.4032 0.8052 0.6935 0.6614 0.7218 0.2731
0.7814 0.3485 0.4451 0.5275 0.1754 0.8520
0.2236 0.6698 0.8710 0.1399 0.2348 0.8379
0.6274 0.6241 0.2917 0.1215 0.8709 0.4221
0.1858 0.4587 0.7734 0.8341 0.8972 0.2735
0.4426 0.3961 0.4297 0.1405 0.1711 0.4210
0.4857 0.6781 0.3974 0.4799 0.4957 0.5025
0.6486 0.8444 0.2469 0.8899 0.6251 0.1693
0.3139 0.6165 0.6098 0.4023 0.6446 0.3581
0.7452 0.2647 0.3731 0.4632 0.6273 0.4988
0.7814 0.4714 0.7768 0.7686 0.5297 0.8300
