7 344 16
917 2760
4037 5935
7084 9447
4876 1935
210 3550
20 9104
9681 8684
6303 1680
3373 9685
9678 2478
6025 3247
5066 8742
6765 9901
9226 7956
3172 8966
999 5014
3595 3399
1698 9043
5265 2308
4595 6825
7884 3364
8070 1461
8429 7642
3385 6169
1604 7287
571 6235
6784 4014
1593 8050
7253 13
1214 5627
3711 8602
2975 4734
309 4459
8882 6025
7369 2403
2195 6740
4935 4993
480 1397
8655 1297
6229 6727
1867 3825
5766 8997
5141 6167
1345 8665
1868 5299
5948 767
5278 972
6157 377
8233 6974
6815 4535
890 4484
8448 1700
415 4778
960 983
2531 3150
4259 3782
2749 814
545 6428
2133 9400
7459 2521
2800 4753
2806 1967
8379 4844
1982 4267
4042 6622
2635 7174
9576 7603
3503 8077
2423 7566
1351 995
1809 6887
9630 8480
4828 1187
8802 2198
9547 8575
172 1216
614 5950
1127 4581
1774 7899
7913 6525
1571 5549
8978 4540
6996 3708
9629 1764
7013 8211
7215 6994
5214 3702
1882 1007
9343 2483
9868 6715
7956 9446
7952 6228
682 6356
6341 5656
8113 2037
4783 5580
2944 9420
2274 5419
4126 8634
9553 2453
7078 8416
9232 9947
6384 3426
4942 6310
1410 8514
1994 3195
8776 8731
2858 5326
7679 8151
6604 7770
2790 4290
2834 7174
3555 8603
9476 6423
7448 6588
9105 3534
4596 5791
834 3821
2344 6459
2766 7097
1475 3189
4296 392
7592 9014
6614 852
792 3380
4405 2804
3515 9309
2904 7591
5052 2186
6186 4424
6565 6306
714 4760
5932 9277
2864 1176
5445 3342
4546 3566
6573 704
1725 2105
5622 8793
8123 2827
7549 8778
8822 2997
1121 6019
8792 6190
4324 3696
958 4344
5278 6271
9767 6750
4703 8593
491 3769
2748 7696
5766 5291
5006 558
9789 7313
5473 7906
3089 8131
2662 9759
5817 8612
5938 2310
8414 5938
1825 723
2448 4356
9344 7965
6272 8185
513 5507
9682 4171
6468 605
2782 6082
4094 6881
5288 3849
4496 6299
4246 5534
5753 5479
8325 807
4360 5711
9135 1393
9957 3266
6138 7380
9018 5774
9088 5026
1937 5213
112 9971
2909 9839
908 5424
9767 1043
1091 732
3322 8887
5247 8460
8833 4625
2102 1261
4147 747
7871 5032
3957 7311
7245 2085
4046 6070
2549 5897
9938 405
6083 1131
9082 9747
6637 5432
7498 1114
7804 1144
1614 6125
7479 7428
308 1467
2777 6372
6900 6589
2136 1640
647 513
6844 1345
900 8005
7748 960
3909 6079
9634 6859
393 7890
6567 3711
6294 3471
3773 8327
5993 4343
1925 9103
5299 7622
2413 2383
1004 6488
9741 4888
6417 289
4865 4282
829 9796
2274 2591
7867 4304
295 5876
322 9498
1304 8322
1797 8421
3616 1525
2347 8281
827 4808
4232 1767
1047 1103
2161 9121
7474 8593
2222 6091
4857 9903
3003 7608
4483 9281
8214 2533
563 1022
898 8305
7353 6663
5667 5325
5723 4669
9959 6880
9714 3241
4137 4104
3372 2827
7799 6758
6972 9933
3033 8957
6472 1090
9887 4886
1102 1628
4555 1343
4840 3200
4424 6740
4605 7917
5303 7177
4979 2975
4073 1196
364 973
2629 1327
3366 5958
7315 6363
8128 5566
4414 7513
7020 6495
7255 5827
6222 5181
591 9005
9561 7227
3531 992
8983 6678
6809 903
8059 9310
4163 3833
3577 1654
3602 5473
3190 1569
3669 6714
5500 1286
7277 4154
3228 322
5188 4327
1065 891
6858 5906
3316 7143
2063 2381
5559 2284
2124 731
7769 665
1969 7334
6881 6776
3784 3161
7094 3867
5059 3493
921 5078
8136 7863
8587 2951
9428 7797
6399 6233
1338 6679
6872 4253
4146 9433
9448 8931
7096 7480
3288 5650
1711 4753
3080 6560
6749 2437
3091 2593
6606 7581
9457 7332
7615 5813
4431 6056
7462 3591
1597 3234
1942 6011
186 8625
9942 7737
6450 4604
3895 5729
5482 5131
4281 6024
8809 2322
247 4598
6475 2021
1210 3544
1976 6810
1348 7482
3176 8223
4815 7913
6438 2881
8083 5879
1548 4367
2868 9097
5157 9606
8998 4700
6232 6475
8242 4596
1976 1475
7834 456
4253 7781
6812 2581
0.1333 0.3278 0.2501 0.8879 0.5493 0.7415 0.1840
0.3855 0.4903 0.8292 0.5330 0.4463 0.3720 0.5008
0.1291 0.3799 0.2777 0.2172 0.5309 0.8621 0.7467
0.6364 0.2815 0.1842 0.8673 0.4996 0.3686 0.2604
0.8809 0.2012 0.1917 0.4035 0.7710 0.7883 0.7682
0.3482 0.6414 0.1777 0.1941 0.8269 0.7491 0.4177
0.8201 0.3163 0.3362 0.3370 0.3666 0.8190 0.5519
0.8476 0.1038 0.3597 0.8080 0.2350 0.8738 0.1748
0.4671 0.2370 0.3987 0.2753 0.3360 0.7186 0.1685
0.1546 0.4242 0.3822 0.8113 0.5447 0.1747 0.5172
0.6990 0.5831 0.6012 0.2646 0.3358 0.7393 0.5531
0.7508 0.1961 0.5922 0.5203 0.8102 0.5043 0.4510
0.2837 0.1139 0.8037 0.5038 0.7398 0.8769 0.7290
0.2726 0.4577 0.4272 0.8309 0.7449 0.8570 0.7337
0.7702 0.2777 0.3733 0.5413 0.5712 0.6793 0.4181
0.2085 0.6906 0.8875 0.4649 0.8324 0.7604 0.4872
