8 300 30
2004 2808
9326 4279
1592 4211
840 9542
764 7214
9526 1543
927 4263
5588 8568
4746 9559
2534 5343
6747 4835
7332 9772
7001 7912
3687 8055
4145 4790
8196 6594
3102 7031
9093 1557
7636 5564
7025 8662
7184 5748
690 1878
2913 1758
8513 8259
5087 4338
5708 7241
4435 3725
165 3309
5763 1027
1067 9371
565 4483
3172 3017
9353 5896
3715 1178
6868 7645
8357 1810
2570 450
9377 9471
6907 544
2425 8813
1417 9353
5279 7512
5956 620
4803 1485
4229 3948
8247 5449
470 3
8107 8867
9723 6740
1262 5722
8270 3160
2959 1086
8250 6508
3773 6732
8289 2594
7926 5119
3893 3229
3359 3200
6567 8718
7511 6204
4944 3323
1024 1930
8143 5072
5482 4926
6601 5652
7409 5620
2263 9134
1264 2021
8470 4872
1887 5615
1122 5293
5059 8304
7351 8876
2872 6183
8898 3545
6194 3225
7234 6697
6666 9111
3384 5465
1180 639
8559 1431
3080 5978
569 7821
6642 9705
8133 9084
3650 9018
2761 5073
8886 6098
2965 5359
9002 9815
9654 1002
9601 43
5853 4725
2593 2312
1354 1147
5601 9275
5170 7919
9094 7916
9817 758
6381 4458
945 717
5889 1536
2123 5927
7500 1725
2804 4203
5973 5504
8660 3973
4063 4985
6570 8832
3851 887
2057 4174
7119 5259
5503 3961
8788 337
8029 8670
5442 2151
4956 2810
3797 2052
2678 6003
2096 1085
332 3288
5318 821
5641 9920
4017 9608
7560 6112
4005 2017
428 8665
8982 8919
9691 7960
9085 3432
7931 5852
1873 8640
6037 5897
916 4604
6997 5324
1096 3219
5 5927
5787 4941
5839 6004
4622 2143
533 4931
7719 2008
1234 7284
1005 8291
3613 4559
955 321
4861 3390
2573 9655
760 6576
2332 5404
3263 7110
232 734
2967 15
5162 7247
2886 4531
6312 3011
3402 9156
4769 5921
3540 5337
8247 5823
2171 4202
1968 1708
5947 4842
3620 8344
8842 9659
791 7447
7561 1515
4444 9987
2294 1052
4175 2040
6588 8966
9224 1057
7194 9773
5621 1723
6327 5046
6590 2987
1784 5212
2553 1916
6335 656
6655 3427
1428 8764
10 2909
9627 3051
5319 7712
8890 5920
2476 5679
309 8815
8150 171
760 7902
9193 2939
8473 3656
711 2903
7679 699
3805 4986
2672 7202
1323 5008
860 3852
7615 4683
7521 5141
440 5301
4926 7622
4140 6978
6693 416
6806 3812
5472 5450
8481 5571
759 6181
8209 9304
667 7408
2904 3428
8720 1515
8841 1255
9770 2388
8280 3837
7454 2459
4666 6960
6463 1600
5987 4037
2899 4854
537 9574
2223 9818
1046 4675
5295 4581
8101 9425
2329 4477
7098 2490
2539 7006
1607 7402
8479 1645
2626 4056
863 6979
650 3854
174 608
9954 4783
2726 2415
7038 3829
7157 2580
4909 2123
3589 676
8324 9121
4321 4812
552 5404
728 7085
5212 6468
9153 434
6781 3024
1553 7552
4024 8420
8964 4122
6896 6894
3927 5643
3056 269
4677 9116
3269 2729
6607 8461
9334 4698
958 3413
8730 3411
2669 6564
568 5762
3200 2824
503 6214
8570 4258
7666 5948
8234 7311
674 6046
4676 535
5632 1332
7221 4229
4534 233
3145 5899
7175 2136
1038 4862
3015 9845
2882 4306
9905 2679
1831 528
1304 3655
3070 1115
3621 2548
2417 2897
5595 4308
3229 8834
846 8035
7989 2646
7459 4782
7438 6818
463 3295
1587 5269
7109 4163
6300 1199
7737 7155
9218 7021
8560 7090
6081 2587
8775 690
4181 5842
9339 1229
1444 2362
5084 5085
9601 5175
3934 5214
2652 4568
8594 1264
7418 2199
5587 7348
2428 1385
9927 7099
0.3435 0.4112 0.6189 0.7791 0.3122 0.6266 0.7890 0.2796
0.7953 0.3679 0.1440 0.2045 0.5624 0.7582 0.7110 0.4307
0.4156 0.7554 0.1064 0.8324 0.8232 0.4506 0.5454 0.1045
0.5394 0.3414 0.6568 0.8142 0.2545 0.8383 0.3759 0.3798
0.3044 0.3590 0.8502 0.3781 0.4547 0.8911 0.6503 0.1246
0.3203 0.2707 0.2651 0.8009 0.6267 0.6648 0.7287 0.7472
0.7587 0.8797 0.2918 0.4216 0.5609 0.7793 0.4920 0.2985
0.8972 0.1247 0.4503 0.5429 0.7165 0.8253 0.6560 0.1637
0.2224 0.1038 0.5940 0.6205 0.4377 0.1028 0.1450 0.4998
0.8208 0.3666 0.6311 0.7468 0.7278 0.8442 0.2385 0.6523
0.8272 0.1857 0.2174 0.5801 0.3491 0.8721 0.6131 0.6946
0.2792 0.3378 0.7267 0.5297 0.4534 0.7494 0.6580 0.8980
0.2672 0.6521 0.4906 0.2369 0.5378 0.5421 0.5219 0.3818
0.1438 0.2768 0.2216 0.4171 0.1845 0.4286 0.4990 0.2281
0.7941 0.5776 0.7668 0.7205 0.3535 0.7934 0.5341 0.8114
0.6179 0.1956 0.3130 0.4681 0.3511 0.8063 0.3564 0.7876
0.1524 0.1104 0.7027 0.4338 0.1746 0.5773 0.2460 0.4086
0.1423 0.3347 0.1831 0.5662 0.5043 0.7527 0.7592 0.1872
0.7476 0.1207 0.8814 0.6498 0.4358 0.7039 0.2698 0.1860
0.1571 0.1299 0.2097 0.1510 0.3260 0.6712 0.7169 0.5022
0.6615 0.5548 0.6501 0.6816 0.7477 0.8467 0.3307 0.7926
0.5727 0.1616 0.4622 0.7100 0.2025 0.8022 0.4938 0.3650
0.7396 0.2450 0.8184 0.6788 0.4271 0.2003 0.3821 0.7954
0.1496 0.4829 0.2541 0.3976 0.2609 0.4257 0.7843 0.5365
0.1454 0.6297 0.5289 0.6994 0.5064 0.2770 0.5784 0.3817
0.7704 0.5185 0.1328 0.8402 0.5845 0.2962 0.3378 0.6070
0.4803 0.5012 0.5817 0.7250 0.3858 0.6433 0.1474 0.8408
0.2142 0.4189 0.3793 0.1603 0.5364 0.4466 0.2899 0.7423
0.6596 0.5490 0.3504 0.5984 0.8570 0.1629 0.5321 0.2968
0.6886 0.3254 0.6135 0.6861 0.1954 0.2718 0.6863 0.2674
