12 203 25
4157 464
8032 5543
2663 2319
5077 9270
8423 4646
7373 9709
3607 1959
4645 1560
139 5987
1124 8151
7352 9848
6684 2576
6452 1752
8081 4922
5652 4878
7088 1928
2959 3213
1935 6826
3442 8652
7923 6601
9905 250
8918 1552
2857 199
4872 5794
4993 7513
4361 8364
4252 6567
9117 4267
3323 3490
20 2717
8903 5662
671 9844
2353 5516
6051 9767
1051 3035
7846 9226
7488 8695
2919 4556
1130 7204
2490 1632
858 7934
2715 3594
3107 6339
2229 7902
2249 9371
9726 6057
6926 9444
8005 940
9116 5574
9584 3516
7610 1167
4331 6986
260 8297
5211 7881
710 4371
6153 718
2979 7407
9064 6265
6887 7248
3339 1690
9264 4980
9970 5328
2671 5683
7638 1671
4076 7034
9394 9296
7865 5681
6190 5834
5745 3116
841 5048
681 1820
7247 7537
7831 7158
9708 8350
2192 6584
5961 4297
3685 2293
1993 3747
1450 3320
1169 5696
4866 593
3506 7353
2630 3239
9773 8493
802 2861
9877 4872
1530 2283
4315 607
6757 2138
8896 4324
183 4703
3397 319
6974 6114
7120 2575
7923 797
2187 5404
6604 6491
3548 6882
7446 6374
9577 7456
1320 9168
224 8495
6692 3008
5562 5073
3479 143
5698 808
3959 365
5429 7329
7453 6995
8758 862
4471 7585
2475 8983
2056 4608
9116 8886
1252 9518
400 2304
4945 6750
8501 5846
1355 3359
8413 8645
8789 3162
4780 7216
1286 2607
5238 245
4759 1445
5415 1011
1776 4715
956 4798
7648 3362
1568 9926
250 1776
156 1846
3261 1150
6056 786
7512 2368
2203 4486
2904 7157
4544 3038
5752 6545
3339 5841
9155 4991
7502 9442
7308 209
5643 251
2562 9301
7306 5242
2313 6738
7275 9251
8682 4185
5530 7260
1138 7562
436 307
1082 4810
267 5656
106 5774
2497 6125
7217 6808
9761 2324
7037 1436
6791 7613
4829 6129
4910 9202
2054 5798
6590 5309
4284 7759
4486 4346
3211 1353
4869 2657
1917 8611
4032 3120
158 6955
3328 232
286 8777
8375 3333
7994 6942
9640 1623
8888 7780
9762 3809
2287 4809
4 8174
1759 2327
8968 7533
3731 930
1791 6500
6782 2688
2541 5736
4822 9151
8510 8816
6904 1409
8198 296
4674 8983
9115 4425
6252 3393
8155 6549
3341 677
9928 3929
1873 5630
381 5990
97 9657
4444 8150
1087 6402
5667 380
8065 4267
7315 7165
5920 177
9273 1598
2751 4396
4756 8270
9348 2581
6748 1712
2322 8537
1985 4742
2980 9270
6553 9044
7715 7365
0.7840 0.6279 0.3675 0.5605 0.8113 0.8799 0.4965 0.5371 0.3722 0.3910 0.4151 0.7861
0.8289 0.4319 0.6463 0.7313 0.4588 0.2359 0.3414 0.4777 0.2200 0.3705 0.8264 0.1773
0.8358 0.4157 0.7204 0.7089 0.5671 0.4136 0.2868 0.6106 0.6547 0.6412 0.4926 0.3985
0.3564 0.1781 0.2268 0.5480 0.7633 0.4560 0.4123 0.4419 0.5811 0.7649 0.3151 0.3186
0.8842 0.8449 0.8160 0.6805 0.1005 0.5308 0.4868 0.7935 0.7041 0.4604 0.2052 0.3494
0.5847 0.2584 0.6298 0.8229 0.8765 0.4427 0.6161 0.5659 0.2779 0.3836 0.6958 0.2732
0.3305 0.7400 0.3982 0.8719 0.8167 0.8382 0.5745 0.2653 0.8939 0.7924 0.8744 0.2992
0.7170 0.3463 0.1352 0.3744 0.4657 0.4802 0.1409 0.5898 0.4762 0.8430 0.2190 0.4126
0.6769 0.1710 0.5045 0.3591 0.2089 0.1203 0.4104 0.7914 0.7956 0.7253 0.8120 0.5981
0.3492 0.3026 0.1762 0.4288 0.5917 0.5040 0.8198 0.8097 0.6155 0.3567 0.1681 0.4966
0.3181 0.6302 0.5072 0.5833 0.8128 0.4515 0.8699 0.6940 0.1752 0.7243 0.1598 0.1319
0.5183 0.3632 0.5708 0.6478 0.7385 0.8125 0.3722 0.4637 0.1417 0.2302 0.6461 0.5799
0.6567 0.1289 0.3250 0.8678 0.5514 0.6673 0.1240 0.3946 0.7442 0.7816 0.3305 0.1460
0.3740 0.5104 0.2057 0.2332 0.8131 0.7976 0.1246 0.4287 0.7396 0.3051 0.5581 0.2730
0.5039 0.7996 0.8811 0.2393 0.4488 0.3536 0.6906 0.2853 0.7377 0.8301 0.3983 0.1670
0.3976 0.7929 0.7600 0.3457 0.1063 0.7564 0.5710 0.3444 0.3003 0.3819 0.7511 0.5181
0.5188 0.2257 0.7263 0.7036 0.7901 0.8618 0.7521 0.6046 0.7248 0.2973 0.7879 0.5013
0.8640 0.3339 0.7734 0.2443 0.8160 0.6143 0.5607 0.5779 0.6720 0.5205 0.3454 0.7287
0.6021 0.1216 0.7910 0.2067 0.3303 0.2912 0.5586 0.6725 0.4137 0.6103 0.5295 0.6025
0.7301 0.8054 0.1272 0.6460 0.4668 0.4032 0.6293 0.4935 0.3592 0.5840 0.8093 0.3002
0.1509 0.1655 0.3783 0.4418 0.6329 0.3944 0.4772 0.5951 0.6006 0.2469 0.6683 0.6707
0.6920 0.2308 0.3134 0.2901 0.6898 0.1194 0.6629 0.4749 0.8205 0.3352 0.4779 0.4014
0.4640 0.3433 0.2476 0.7863 0.3522 0.6024 0.6020 0.7914 0.5225 0.6389 0.1948 0.5780
0.5732 0.3458 0.8243 0.4005 0.1426 0.8273 0.8735 0.3404 0.3532 0.3058 0.6961 0.4894
0.1544 0.6207 0.8977 0.7040 0.6547 0.8197 0.8352 0.4748 0.4022 0.3072 0.1550 0.4412
