20 896 76
5533 1133
3827 7867
4149 2572
9588 1300
8428 4673
9845 9274
5571 6101
8435 5746
8879 9220
1251 14
6968 2533
8239 7621
6464 741
269 6993
2850 7923
9279 3937
5029 3140
5925 710
820 5949
4929 486
5679 1065
3003 8495
1599 4121
2055 9086
7749 6505
8115 108
6220 2678
3230 2529
4328 1519
2871 3991
2003 5085
1673 8251
7271 3339
9733 2579
8706 3091
8079 1412
5676 4529
6666 4928
4588 9058
7874 1217
7684 3910
655 3674
1235 974
5745 6424
734 5578
3806 4438
4770 5019
7994 7684
8800 7756
199 8745
3198 372
8526 5798
7181 1709
3165 2111
3358 6290
5304 9324
1162 416
9804 2164
2915 192
3544 2084
1694 6691
7799 1390
5050 3042
4514 5000
3219 2202
6000 1657
8086 900
2088 158
3944 3098
4893 9664
905 610
4013 2571
2560 9629
8404 4142
3254 1502
8471 9991
149 2860
2511 7068
4431 3718
7774 9766
4857 2613
9841 7048
2089 1324
3140 5743
6694 3360
3042 360
8612 5597
3896 2645
6121 3790
2246 2393
5214 8698
5357 246
6125 8700
7212 5684
5161 7787
9681 7868
3773 3889
2963 9805
1224 3419
4679 6473
4521 509
5830 7663
246 5637
4549 9291
7720 4313
4052 2838
5079 7336
995 1721
1376 3028
1331 4507
9540 6873
2183 4156
2585 1274
1362 5145
3367 5394
5924 6968
7041 8465
490 4615
9707 7606
10 2252
2570 7995
7289 7586
5986 9925
6117 5788
8195 8608
6181 1161
4927 862
4949 9075
8239 9675
4089 3260
8193 403
3359 6494
4525 8014
4341 844
2746 9371
8862 5216
5011 8988
8177 2594
7622 1279
9278 54
8162 780
9068 7076
684 2744
9593 1123
2743 4479
9998 8702
9393 6927
5088 6521
2668 8654
5057 323
4068 9957
9971 7004
546 5574
6737 6293
7425 5199
1644 6534
521 7217
7164 5569
7751 4470
5342 8871
8206 1305
6032 2766
2200 8720
2742 8362
398 6882
364 3455
6998 8300
870 4502
9779 6117
1889 2552
2050 9559
2399 4070
539 9050
8238 4593
8760 44
9167 6743
3574 6459
541 4773
9680 6891
3346 1057
6650 1788
4100 816
9366 4549
7684 6675
3666 4809
8420 2222
509 2905
1390 1545
5641 6845
4374 3130
1485 1367
6586 7360
6707 9665
6440 4168
1013 1341
6339 2425
8789 892
8778 8794
4579 3492
5060 6764
8059 500
8881 8680
9277 3266
7783 6363
2474 4511
2349 8419
4652 8166
7654 8240
2500 234
2450 4267
2205 9086
5966 3384
5897 8573
8206 5769
8839 6770
8042 4900
6131 7104
7025 4131
6056 8159
7891 6111
2228 7848
8455 9712
6150 4206
3290 8582
6764 1587
5170 9053
5102 1118
5845 4199
8859 7977
7107 1517
4270 7855
4100 8947
3625 3229
7601 402
5211 8165
8424 1161
240 1087
7565 4598
3489 3639
797 912
8805 5460
1355 4195
4769 9446
2409 8036
8102 1834
3586 6929
3682 9243
4787 3771
6242 4485
2154 5166
8112 6238
9077 668
2270 4048
9151 2112
2640 109
2861 669
951 2790
6074 1831
1960 1790
5162 4227
3736 1422
5612 1490
5916 5046
1655 6790
56 7896
9901 6171
4378 2295
1121 6054
1121 682
3970 8106
9476 1520
6777 6072
4341 2497
1908 4715
1003 6937
4202 1552
5524 9041
8058 9262
9115 9717
5684 5114
6763 8314
9625 9339
1433 4488
3379 750
2106 9329
6232 1958
4597 7386
2720 7149
3791 5008
3388 5152
6608 3602
3407 5791
6895 3647
8786 3240
9960 345
7385 7205
9822 4559
373 390
3355 2707
3290 8027
3322 7668
5643 520
5986 7593
5642 2565
3580 9012
1585 8561
5640 4381
95 8212
4900 1060
1831 7372
6454 6185
9290 216
4505 5421
2723 1128
7389 6221
5767 5543
3744 1910
1121 9604
6341 4774
8327 4233
3586 5874
6695 8000
4163 2711
2282 2991
9143 9215
4224 4150
4230 5160
3237 5213
6001 9729
5034 9719
3123 3263
1308 9568
6790 3009
4133 7451
4071 3360
4532 182
9661 2091
4972 4900
8214 1742
5064 7708
953 2144
5345 6401
9894 8743
3022 8372
4472 8127
155 8036
4443 4755
8325 5981
5628 6675
7961 5860
9227 5494
9393 9307
9553 2055
4301 8065
4222 1786
1440 6631
8792 2132
4596 5477
2702 9814
1267 5773
3884 9355
9431 3402
7719 8106
3203 9911
3105 9267
8667 9375
3776 3512
5564 5342
2469 9229
8720 3552
7905 477
1763 4159
6345 2963
3242 5765
6523 8618
3070 4663
6926 9548
356 9829
2006 2074
3392 7462
4418 3955
42 142
8369 3093
6928 8011
8264 2104
9964 1738
772 6479
9242 7206
979 9750
1013 1883
5130 9434
398 4120
5899 8191
5189 914
1083 5416
6975 2839
8594 556
5499 2701
8016 3444
655 6753
8247 4014
4761 6362
5629 2973
9846 3626
5933 50
6316 9
6242 3911
4629 8742
257 4586
1787 4678
1119 6414
1493 1254
8090 2835
6435 2220
3762 8479
5778 5776
8801 3972
967 9960
6999 3578
7333 4186
2421 2114
3556 832
7542 7543
5448 615
1547 6850
7732 7754
8739 7131
6138 7808
8631 1047
9171 5384
4428 2145
832 2634
8507 3814
2936 5676
256 7241
2057 8701
9111 8251
4643 2179
4532 5628
9958 2437
4045 6012
1065 2297
4476 3278
1407 6049
7426 7431
4200 8833
1749 3804
2617 7318
7262 2371
8992 1811
8232 223
4346 4433
5502 4863
7598 5917
8361 6099
7479 3458
9284 717
8942 9051
585 8222
726 9589
6892 4752
2553 4422
4432 6535
6230 8728
1733 5696
6231 5571
7439 7671
2037 2223
8155 2734
1951 3459
85 8733
1465 7075
6808 9049
785 8106
5540 8873
135 739
353 928
8913 1084
1613 32
9265 6173
3454 9547
1695 6227
8907 7301
7188 2447
8609 9881
179 9840
610 6434
8989 8293
8089 341
1143 1620
5287 711
5860 3127
3873 360
5909 6508
461 8721
6875 1887
3669 1122
8009 160
1001 5690
9395 8588
8732 7466
2999 622
9944 805
2019 4585
5315 3638
9987 223
2171 8426
4603 4544
3170 8662
7895 3211
3618 28
1420 1730
7081 8871
9555 4510
5464 3931
6454 6702
8399 466
5620 7726
3951 5654
5372 2419
6465 1970
6601 5762
1604 5930
2337 5731
5170 5850
3635 8632
9486 8179
1336 803
1020 4542
5252 2612
5204 6911
8362 2817
2723 6870
8005 7790
1113 1228
3569 9847
9433 6509
6059 7403
8446 2924
7810 3367
9475 4185
2723 6990
9263 1501
2446 2443
3929 5260
5795 1539
1605 2212
2355 217
603 5979
5443 8513
2317 5870
2959 9355
7874 8351
5612 68
3688 9446
4223 6753
5459 3773
6243 9149
9741 5966
2374 6813
6971 7671
5861 949
2696 4780
6121 467
3822 5213
7834 7229
6644 2220
1230 3628
3756 5475
1307 5050
1471 418
297 4875
1890 7064
9940 9795
7345 5955
3427 4664
4820 5153
5491 751
8109 3397
3450 1226
9596 9791
4938 7724
4732 8618
1941 9481
537 1438
1315 1773
411 6027
214 6755
2545 6326
6225 296
8913 9319
6746 6672
5827 9838
2112 5446
3866 141
705 5016
3655 5745
5230 275
4331 522
3945 9707
4902 6349
1121 2669
9710 760
323 8648
9302 464
8534 2373
3327 188
5351 4555
9701 4333
7601 9917
5222 7207
6355 547
6924 7575
3479 6162
893 6231
6160 2057
307 3811
6333 4226
99 512
6039 3148
5577 9656
4065 8553
7455 1616
4033 6707
4673 4343
7701 9875
1151 4996
2422 3362
9861 5397
5517 6680
8869 1278
768 7827
8212 3635
9970 5409
9212 6375
9609 5243
7772 2766
3586 2397
7872 7402
8119 2232
277 8197
6475 514
5900 9160
219 3696
6314 5819
3009 2350
8335 9830
6097 4376
7146 372
7481 8841
1031 1986
8395 9275
133 4294
3442 4224
4411 7438
5802 440
1102 6598
3686 6306
5886 313
890 9616
6374 877
5593 5918
4080 3028
5141 6678
3760 600
9827 9039
1365 6902
1277 8216
7778 305
3505 5582
1417 3422
2989 6169
999 1033
4035 6940
8860 5066
5837 4915
7874 8026
3493 3904
8118 2501
9930 4211
7884 7870
7570 663
4299 5858
9025 4945
8750 9117
3979 287
9498 3528
2009 1183
7013 6250
3740 5663
4172 5472
4573 4310
3592 2263
8404 7122
1729 3051
8385 8005
807 8993
9909 8246
8596 1804
5988 2427
7110 7123
4734 4204
6299 7758
4186 644
8784 4675
6214 3725
7194 5086
1187 6994
9111 3842
1954 3236
3838 2028
8462 652
8680 2212
7821 9875
5594 5577
304 9409
8559 6505
2510 8313
6770 3874
7743 654
835 5334
8628 9198
3508 5404
9015 2642
3608 4905
4303 8360
35 8975
6004 2627
2227 6969
7763 4912
2948 1939
3271 93
2960 8715
2188 708
9248 8992
2743 5650
1906 9379
3272 9563
99 7068
117 1087
6225 2383
3721 6641
3480 1788
1213 815
118 9117
52 9893
5849 4627
1474 8702
4085 9356
2630 4879
7213 2004
5448 4614
3879 3950
4377 7030
6378 1086
3989 7870
1448 5417
4811 424
8920 8851
9462 1218
3296 4025
5846 2790
9159 4581
7976 5096
6264 927
8715 8627
8045 2709
6269 3620
4611 7649
3443 2201
5716 9516
8725 3738
8007 2076
5260 5349
6606 2370
8471 544
4440 8379
5513 2074
2988 2646
790 586
9541 7851
1831 6800
2362 973
9374 7702
2075 7873
2209 7308
7050 762
4207 3088
2941 5309
4335 7946
1154 5895
3260 7929
4138 7692
4618 2697
5657 6048
7607 1561
7193 2834
9688 103
5594 4722
2618 4148
6017 4608
7253 8265
5877 6112
7880 8213
4366 5367
1068 8551
9074 7864
7690 1076
9050 4157
7293 3126
4641 2958
9256 5158
8100 7353
6450 5660
869 5745
7664 3304
7978 3140
8123 3076
2563 3759
1501 8420
5780 4019
5094 478
4652 693
2231 9307
724 8778
9967 5093
4708 1322
3459 7091
7931 4587
1390 3907
2990 6418
9499 9359
6258 465
1799 4870
6524 2895
2720 7847
4964 1875
7493 3205
1389 9070
6211 5313
5713 9002
1591 569
7455 8227
5221 6120
4454 5135
8990 5332
6112 6946
2202 5691
4197 9881
8526 9353
4352 3537
5137 8338
7508 791
5368 6217
8906 7751
8208 9440
663 7779
7892 9228
1985 4377
5718 2029
8543 7474
8243 3450
1365 1390
4652 3197
1300 2428
2363 835
4658 9647
1537 5648
4116 1291
2445 7883
9403 1796
2520 4076
7752 2423
9787 5759
2799 6713
7400 2371
1025 9433
2144 9812
7923 5455
3320 9357
7040 958
9220 1004
4189 177
3107 5338
756 3848
5586 7618
7570 5203
7270 3759
2102 8347
9573 5999
1043 9167
9341 7968
3551 7134
6015 5194
4423 5981
6667 3488
1337 970
5808 3458
6543 3073
7034 8606
1 4486
5813 1343
1767 2853
7044 4814
1615 887
2860 1218
2099 2588
1650 7133
8179 5077
25 1685
6207 5185
2308 3752
490 1603
686 7567
7169 1335
513 4325
0.5371 0.2002 0.5925 0.6522 0.2051 0.6898 0.3091 0.1340 0.2134 0.5097 0.6753 0.2792 0.6906 0.8508 0.8189 0.1602 0.1611 0.8582 0.2582 0.2595
0.7742 0.4583 0.7539 0.4392 0.4105 0.4237 0.7165 0.7572 0.6324 0.1743 0.8583 0.3261 0.5607 0.8418 0.6566 0.8577 0.7946 0.5044 0.5717 0.5155
0.4341 0.8399 0.8341 0.5707 0.7728 0.6978 0.3693 0.1427 0.4693 0.6118 0.1284 0.6800 0.8332 0.7572 0.5063 0.4575 0.8954 0.1905 0.3247 0.7007
0.7472 0.4973 0.2733 0.2787 0.1276 0.8242 0.3586 0.3621 0.8000 0.1495 0.6665 0.3212 0.5866 0.8591 0.6794 0.5166 0.1351 0.6276 0.7737 0.8268
0.4780 0.7347 0.3738 0.5958 0.7098 0.7388 0.2838 0.7269 0.5368 0.6423 0.2874 0.8648 0.8693 0.1568 0.2796 0.8124 0.1299 0.1975 0.3163 0.3996
0.8802 0.7008 0.6082 0.3435 0.6890 0.2959 0.8453 0.5577 0.1056 0.7142 0.3132 0.5721 0.6703 0.8080 0.7023 0.3267 0.6675 0.4499 0.8246 0.5275
0.3187 0.8290 0.5292 0.7130 0.6445 0.5253 0.2961 0.3845 0.2068 0.5615 0.8361 0.8690 0.2669 0.4606 0.8298 0.4023 0.6678 0.6384 0.4824 0.8373
0.3700 0.3116 0.8992 0.2919 0.8600 0.6007 0.1033 0.8617 0.7529 0.2253 0.4285 0.3565 0.1606 0.6318 0.1265 0.2644 0.8536 0.5640 0.7602 0.4732
0.8948 0.6757 0.8021 0.6904 0.5769 0.7618 0.8946 0.8015 0.8025 0.3218 0.4282 0.3148 0.2733 0.4699 0.7753 0.1095 0.6791 0.7921 0.7918 0.6225
0.3187 0.7358 0.3846 0.1890 0.5430 0.4382 0.7499 0.3902 0.5302 0.5304 0.6736 0.7635 0.8670 0.7061 0.4705 0.8463 0.4992 0.1600 0.8359 0.6764
0.7280 0.7851 0.7467 0.3157 0.1402 0.5180 0.6144 0.7910 0.3043 0.8919 0.7758 0.5911 0.2930 0.5558 0.4370 0.1529 0.5376 0.6461 0.3472 0.5467
0.6513 0.5408 0.8197 0.8614 0.4394 0.6784 0.4933 0.6554 0.8496 0.5492 0.5842 0.2750 0.1009 0.2163 0.1579 0.8956 0.7188 0.7913 0.8028 0.1175
0.7157 0.2529 0.4963 0.6152 0.1867 0.4876 0.3130 0.3067 0.8819 0.7588 0.7455 0.1834 0.3360 0.6482 0.8136 0.3880 0.2890 0.8028 0.1947 0.2876
0.3276 0.8445 0.6608 0.3683 0.3185 0.1238 0.5781 0.2322 0.3518 0.6181 0.3153 0.7510 0.7973 0.2692 0.6576 0.7328 0.3592 0.3380 0.6332 0.8986
0.6146 0.4397 0.4858 0.5422 0.8684 0.3501 0.7964 0.8110 0.2961 0.8378 0.3244 0.5975 0.1507 0.4342 0.2936 0.2084 0.6929 0.6320 0.2229 0.1318
0.2756 0.5754 0.8881 0.3688 0.1366 0.1962 0.6624 0.8112 0.7065 0.6104 0.7587 0.8992 0.4005 0.8254 0.6222 0.2588 0.4934 0.7844 0.4059 0.3391
0.6873 0.6986 0.3284 0.4306 0.7489 0.6502 0.7532 0.7923 0.2868 0.6449 0.5040 0.6034 0.6783 0.7741 0.3864 0.4166 0.8345 0.6486 0.1920 0.7069
0.6260 0.2008 0.4549 0.3405 0.4626 0.4797 0.5944 0.2286 0.3520 0.3556 0.5500 0.3423 0.8664 0.6384 0.1692 0.2710 0.7321 0.3578 0.5030 0.5638
0.1815 0.7016 0.2288 0.5708 0.8207 0.2984 0.8813 0.4195 0.7287 0.8332 0.1809 0.7098 0.2478 0.2440 0.1237 0.5441 0.1321 0.8001 0.1270 0.8636
0.1279 0.4506 0.3255 0.2741 0.3172 0.5580 0.3284 0.7361 0.4208 0.5695 0.7738 0.2727 0.8085 0.2673 0.4614 0.1535 0.6090 0.3748 0.1648 0.5894
0.5259 0.3801 0.1906 0.7257 0.4768 0.4484 0.6250 0.4442 0.3583 0.8745 0.3960 0.3975 0.2320 0.1071 0.7962 0.3571 0.3439 0.3262 0.1220 0.2837
0.2489 0.7986 0.6516 0.8045 0.4843 0.5033 0.4846 0.2626 0.4686 0.1940 0.2159 0.5595 0.4120 0.7373 0.8093 0.8198 0.4641 0.6616 0.3478 0.2042
0.1431 0.3123 0.4145 0.2039 0.1493 0.3113 0.3009 0.4837 0.5125 0.5122 0.8410 0.5631 0.5631 0.1781 0.5148 0.3218 0.8895 0.3593 0.3132 0.1204
0.7479 0.7867 0.4625 0.4299 0.2489 0.7940 0.3231 0.7451 0.2440 0.7165 0.6240 0.3153 0.5596 0.5688 0.2923 0.8872 0.1939 0.3113 0.8342 0.3933
0.5653 0.4285 0.5087 0.3049 0.4725 0.3405 0.6253 0.1611 0.5605 0.4291 0.3033 0.2896 0.2018 0.3061 0.2356 0.1230 0.8149 0.8202 0.5321 0.8278
0.6488 0.2979 0.6181 0.6903 0.5494 0.5983 0.4662 0.8563 0.7008 0.5467 0.3169 0.6139 0.3697 0.2202 0.6083 0.7242 0.8515 0.3673 0.5992 0.2896
0.6521 0.6440 0.4483 0.3689 0.6488 0.3384 0.5925 0.8487 0.8203 0.5792 0.5914 0.7215 0.5042 0.6561 0.6322 0.7753 0.6013 0.8912 0.4805 0.2065
0.8926 0.2923 0.8795 0.5937 0.5495 0.7226 0.1234 0.4194 0.7285 0.5185 0.7905 0.5252 0.8881 0.8523 0.5933 0.6713 0.4565 0.1303 0.2700 0.7453
0.2485 0.8850 0.6534 0.4279 0.8727 0.3192 0.4465 0.6671 0.4344 0.4398 0.4725 0.7044 0.5293 0.8271 0.7499 0.2857 0.6057 0.4619 0.5402 0.5519
0.1941 0.7092 0.7208 0.7127 0.3934 0.5908 0.8011 0.8466 0.8544 0.8550 0.7890 0.5818 0.7477 0.7238 0.1427 0.3658 0.4620 0.7421 0.1326 0.2943
0.8063 0.1179 0.8640 0.2744 0.6881 0.4305 0.5496 0.8956 0.8789 0.3658 0.8229 0.7123 0.6566 0.2788 0.8407 0.1559 0.1497 0.2749 0.6113 0.6908
0.2241 0.1307 0.2933 0.8291 0.1976 0.5973 0.3286 0.2730 0.1992 0.6748 0.8568 0.7231 0.3757 0.8073 0.4526 0.2994 0.6752 0.6427 0.2655 0.1577
0.5399 0.6886 0.2484 0.4854 0.6967 0.1592 0.1615 0.3091 0.4803 0.8106 0.2224 0.3349 0.3304 0.8838 0.6841 0.5482 0.6177 0.1991 0.7371 0.6595
0.8677 0.6871 0.1137 0.6391 0.7744 0.8490 0.7304 0.2333 0.3611 0.8607 0.6678 0.1157 0.1485 0.5515 0.2365 0.3216 0.7539 0.3286 0.1750 0.5594
0.4378 0.5594 0.8859 0.6405 0.3681 0.5911 0.6309 0.4331 0.2044 0.6200 0.4085 0.6506 0.3082 0.6874 0.8269 0.4615 0.8467 0.4139 0.7716 0.3550
0.1542 0.5909 0.6040 0.2157 0.8494 0.1647 0.7668 0.7123 0.7051 0.7994 0.1881 0.5842 0.8935 0.2909 0.7533 0.4469 0.7370 0.7528 0.8092 0.5634
0.4972 0.8088 0.5023 0.6190 0.3542 0.4028 0.6946 0.7279 0.1540 0.5418 0.1178 0.8071 0.6854 0.4211 0.6219 0.2938 0.1014 0.2622 0.3417 0.1970
0.2950 0.6106 0.7633 0.5279 0.2550 0.5858 0.3008 0.6143 0.5807 0.6749 0.2514 0.8688 0.8303 0.6327 0.6898 0.5534 0.4478 0.3254 0.3938 0.5534
0.3193 0.1423 0.1362 0.5833 0.8871 0.5248 0.1517 0.4573 0.4925 0.5498 0.4174 0.1540 0.2811 0.2468 0.8012 0.3518 0.4662 0.8055 0.5635 0.5392
0.6022 0.7104 0.5279 0.4562 0.1293 0.4519 0.5986 0.6199 0.1727 0.5823 0.4361 0.8895 0.3742 0.6418 0.6333 0.2417 0.3828 0.3253 0.6807 0.2304
0.5329 0.2625 0.7731 0.7862 0.1745 0.2332 0.7983 0.4955 0.4358 0.1779 0.7813 0.7290 0.6897 0.8796 0.3757 0.2047 0.6879 0.8522 0.4586 0.1455
0.7361 0.8918 0.8759 0.1406 0.8610 0.3890 0.6026 0.6913 0.7502 0.6302 0.8057 0.3683 0.8012 0.4291 0.1130 0.7735 0.3439 0.3761 0.7481 0.3633
0.6573 0.7026 0.6614 0.6872 0.2173 0.1417 0.3029 0.4829 0.4872 0.1972 0.2766 0.4764 0.2042 0.8403 0.1260 0.3210 0.3083 0.8080 0.3550 0.3018
0.4080 0.5915 0.6877 0.5313 0.1512 0.5209 0.1079 0.3700 0.6041 0.1227 0.1435 0.5059 0.1917 0.6348 0.2451 0.6630 0.5919 0.6225 0.2405 0.6463
0.5607 0.7672 0.8583 0.3167 0.7436 0.1884 0.8817 0.2269 0.4347 0.2629 0.4136 0.6863 0.5375 0.8440 0.3011 0.4964 0.3160 0.1646 0.2135 0.6356
0.6954 0.4725 0.8197 0.6389 0.4854 0.5086 0.6888 0.6568 0.8378 0.8033 0.3092 0.4383 0.8735 0.6308 0.8361 0.2942 0.3540 0.4142 0.5805 0.1566
0.3240 0.3920 0.8383 0.4538 0.6260 0.3033 0.1762 0.4595 0.7027 0.7350 0.6342 0.8707 0.2260 0.4256 0.2723 0.1034 0.2137 0.2642 0.1536 0.2956
0.8803 0.8907 0.7776 0.5948 0.8441 0.3596 0.4174 0.3105 0.6720 0.8257 0.8932 0.3556 0.7833 0.1210 0.5357 0.6001 0.7550 0.2553 0.1011 0.6147
0.8970 0.5330 0.5352 0.1155 0.1483 0.7045 0.7465 0.8023 0.7838 0.3114 0.1173 0.3339 0.3752 0.2131 0.6338 0.2342 0.8731 0.4127 0.8734 0.6930
0.5191 0.3671 0.4928 0.5099 0.8665 0.4095 0.3139 0.8176 0.5099 0.5901 0.7329 0.2560 0.8946 0.5989 0.6787 0.5077 0.4366 0.7936 0.7341 0.6208
0.8101 0.2089 0.6022 0.2391 0.8053 0.2615 0.6094 0.8950 0.8670 0.3343 0.1441 0.5145 0.1981 0.6083 0.4030 0.1224 0.5333 0.2440 0.5673 0.1303
0.7428 0.6373 0.3570 0.3710 0.1823 0.5902 0.5809 0.8969 0.1063 0.3199 0.8244 0.2325 0.6949 0.4321 0.7325 0.5180 0.1665 0.4844 0.6779 0.1078
0.8283 0.7982 0.5937 0.2795 0.3304 0.4523 0.7616 0.3143 0.3104 0.2449 0.4504 0.4404 0.8508 0.2828 0.4798 0.8542 0.2439 0.7434 0.4811 0.2276
0.6143 0.6759 0.1379 0.5467 0.4831 0.2494 0.4296 0.6378 0.1456 0.2147 0.1345 0.2591 0.1789 0.5630 0.4551 0.6220 0.5762 0.1848 0.1472 0.8731
0.5861 0.7323 0.5651 0.7333 0.6618 0.8824 0.7719 0.4474 0.3596 0.7122 0.3086 0.6141 0.5536 0.4916 0.7877 0.7159 0.5044 0.6186 0.6784 0.4657
0.8648 0.8810 0.5968 0.3941 0.5471 0.8309 0.5181 0.3551 0.1243 0.4929 0.6436 0.6801 0.5918 0.6145 0.2699 0.3375 0.3363 0.3247 0.5594 0.8768
0.5932 0.8355 0.8755 0.3849 0.7259 0.1929 0.3153 0.2226 0.6715 0.2402 0.3552 0.5354 0.4412 0.2441 0.2975 0.7509 0.4300 0.8456 0.5084 0.6311
0.3133 0.5410 0.2990 0.8568 0.7735 0.1680 0.3570 0.2338 0.3097 0.3602 0.2447 0.8463 0.5656 0.3368 0.4747 0.4825 0.1597 0.5623 0.4741 0.5883
0.8674 0.5383 0.1782 0.3259 0.3018 0.8584 0.1561 0.7698 0.4938 0.6191 0.7230 0.7674 0.8755 0.4457 0.3659 0.8897 0.6844 0.5429 0.8718 0.6393
0.6004 0.1082 0.8974 0.1973 0.1247 0.5797 0.5244 0.4927 0.6299 0.6088 0.4761 0.8899 0.6535 0.6661 0.3729 0.7543 0.5593 0.7723 0.4285 0.1421
0.4579 0.2115 0.8166 0.4816 0.1614 0.2237 0.1179 0.4751 0.7150 0.5046 0.4740 0.1755 0.5680 0.8715 0.2294 0.5478 0.8817 0.2597 0.3569 0.1089
0.5710 0.7083 0.6525 0.5231 0.3772 0.6001 0.5029 0.1120 0.1358 0.4627 0.5021 0.7746 0.1322 0.8914 0.3815 0.3412 0.7605 0.8593 0.7445 0.3080
0.8233 0.7373 0.1504 0.3937 0.3582 0.2133 0.4426 0.6654 0.2832 0.5514 0.6073 0.1117 0.3424 0.1462 0.1642 0.5293 0.8023 0.2036 0.6690 0.2357
0.4082 0.7157 0.3669 0.6323 0.6040 0.3227 0.7773 0.2230 0.8401 0.3523 0.8862 0.2015 0.8847 0.1253 0.7132 0.5686 0.7702 0.5869 0.7462 0.5001
0.3628 0.3997 0.6477 0.5883 0.5772 0.1045 0.2502 0.6897 0.7345 0.6147 0.4824 0.4157 0.6092 0.2863 0.8682 0.7302 0.7831 0.4563 0.4215 0.5256
0.7034 0.5243 0.8406 0.3005 0.5626 0.3551 0.6680 0.1262 0.6784 0.8303 0.6153 0.5882 0.3872 0.4515 0.8452 0.2124 0.1355 0.6201 0.4349 0.5414
0.5726 0.2489 0.7235 0.6097 0.6350 0.4639 0.5680 0.1442 0.2031 0.2968 0.1471 0.4380 0.5342 0.8015 0.5763 0.3441 0.2313 0.2456 0.1795 0.1331
0.4838 0.4613 0.4098 0.4864 0.6263 0.7809 0.2142 0.5662 0.2321 0.6709 0.6843 0.3488 0.1943 0.2691 0.5318 0.1206 0.2733 0.7908 0.6851 0.6627
0.4182 0.7249 0.8309 0.2444 0.3371 0.3992 0.2040 0.5660 0.8666 0.2841 0.7328 0.3803 0.7917 0.7068 0.1751 0.7452 0.1493 0.4833 0.7064 0.3780
0.3142 0.3080 0.8714 0.4160 0.5303 0.8102 0.6607 0.7113 0.1751 0.1994 0.1406 0.3334 0.1759 0.5752 0.2234 0.1261 0.1780 0.7842 0.1989 0.5513
0.8852 0.1222 0.5296 0.8899 0.7467 0.1596 0.5417 0.7900 0.6815 0.8495 0.6939 0.2736 0.2516 0.6325 0.1293 0.4250 0.8486 0.4820 0.4438 0.3591
0.8338 0.5453 0.5709 0.3751 0.5247 0.5480 0.6022 0.2909 0.3671 0.8317 0.2899 0.2769 0.4488 0.1970 0.8054 0.2493 0.8269 0.8863 0.2020 0.8594
0.2153 0.3282 0.6948 0.3697 0.4108 0.8730 0.2798 0.4388 0.2482 0.6270 0.2591 0.5071 0.5277 0.5199 0.2475 0.4173 0.7230 0.6893 0.8772 0.8688
0.5562 0.8344 0.7037 0.8681 0.4349 0.6705 0.8824 0.1803 0.7088 0.8541 0.6523 0.4732 0.6006 0.3305 0.1414 0.3826 0.5207 0.1879 0.8305 0.5968
0.3406 0.5740 0.5036 0.4225 0.8293 0.6805 0.1235 0.8095 0.4561 0.1476 0.6196 0.8041 0.1345 0.3917 0.1519 0.1054 0.6859 0.1171 0.1502 0.6777
0.1976 0.1497 0.7412 0.1915 0.1749 0.7792 0.7528 0.1852 0.4900 0.7595 0.2791 0.1485 0.6678 0.4240 0.6451 0.8247 0.1406 0.2713 0.4750 0.3291
