9 146 36
9435 9021
4469 4074
9007 1193
743 3920
2411 9695
5639 6186
2625 7644
8815 1507
2916 9555
9789 1168
8662 1394
2189 2267
86 4419
3165 248
7311 6207
6068 886
5583 7578
9484 5162
2942 4018
7968 4089
8406 2588
6125 6454
3656 2928
91 8953
8686 7415
8944 535
8191 4642
1095 8252
6167 8800
4207 1228
5622 1035
5189 1132
8999 8254
1620 8855
7817 5511
5591 6961
8841 3083
8049 3159
8541 4238
228 8286
4336 9671
9243 491
7025 4755
4244 2428
6642 7381
3379 367
35 8624
6188 523
2390 9940
6716 1440
1354 7066
9363 1592
2698 3989
7492 8983
8965 8399
1623 4575
6041 1810
3900 1571
7795 4646
6969 8085
9816 5794
6455 2859
296 2876
6292 4176
8844 8616
6465 2675
5978 2653
9003 9178
4785 4450
3336 8726
1287 2918
399 9103
4618 4869
8137 2436
2940 8317
3314 980
8901 5109
1040 5092
3446 8464
4928 8149
8788 9319
4462 9759
3536 2302
4490 9884
5071 9911
9201 7503
2313 3801
7493 7459
822 7493
4935 1590
1222 5825
8372 3157
670 7523
2886 3770
9301 7664
2179 5266
4150 6607
4805 2302
8540 7820
9172 6979
5089 5674
6143 1382
2135 9653
4446 4441
9670 554
5780 2022
4739 8474
3973 2671
9377 1305
5533 7472
7025 7171
1663 2084
6271 3240
478 3923
1284 4876
825 3214
5446 9094
7981 2028
7938 9212
1639 4433
4896 5188
2377 4063
9249 9349
9131 2190
4264 4017
5705 6580
2751 2772
580 5779
6608 4715
97 5732
4219 8485
9884 795
8398 8677
7671 2598
5908 3917
635 5631
5994 5439
4298 4196
6342 93
6207 1298
296 2448
7801 9475
8140 9923
3392 1677
5792 3971
6000 2898
8759 6595
2688 2678
1241 5611
75 6761
9128 1522
2102 246
9801 4542
9375 2612
4367 6732
0.4637 0.5270 0.8933 0.8950 0.4631 0.6773 0.2886 0.1481 0.3427
0.2340 0.1976 0.8874 0.3465 0.7622 0.5196 0.8193 0.4707 0.4852
0.2477 0.7491 0.4390 0.3945 0.3106 0.3530 0.4066 0.3422 0.8352
0.6681 0.2617 0.4491 0.2084 0.4323 0.3369 0.8054 0.8373 0.3695
0.1777 0.6426 0.6961 0.5266 0.5789 0.1464 0.5385 0.7491 0.6267
0.4110 0.3115 0.5575 0.5837 0.6032 0.7038 0.8272 0.1686 0.5314
0.6851 0.6043 0.8261 0.7076 0.5573 0.4174 0.1710 0.5190 0.8882
0.3788 0.5273 0.7024 0.7169 0.3342 0.4094 0.6931 0.3319 0.8628
0.3797 0.8437 0.8860 0.4397 0.3543 0.2884 0.8498 0.1316 0.4606
0.8124 0.5216 0.1203 0.8606 0.1305 0.6665 0.4200 0.7792 0.2482
0.7704 0.6746 0.5970 0.2475 0.1409 0.3254 0.2255 0.3166 0.7903
0.7345 0.8264 0.5471 0.8850 0.1202 0.1129 0.6248 0.6669 0.5670
0.3616 0.3875 0.6281 0.7302 0.6270 0.3839 0.4685 0.6126 0.5826
0.2992 0.7248 0.8654 0.3490 0.5712 0.8832 0.6719 0.7541 0.1530
0.2134 0.8205 0.8034 0.8930 0.2102 0.7636 0.7683 0.1196 0.6636
0.1082 0.1266 0.1873 0.6625 0.2869 0.3130 0.8668 0.1470 0.4828
0.5151 0.6610 0.8867 0.4101 0.2691 0.6398 0.8812 0.7944 0.5101
0.3202 0.5492 0.8864 0.1059 0.5817 0.8967 0.2515 0.1603 0.7064
0.2699 0.6438 0.6897 0.1858 0.1458 0.3085 0.5041 0.3774 0.7937
0.8802 0.3983 0.1005 0.2687 0.4533 0.1958 0.6324 0.5510 0.1917
0.1574 0.6721 0.3580 0.1535 0.3573 0.2288 0.1461 0.5638 0.6633
0.8608 0.5227 0.8069 0.5798 0.4086 0.6774 0.7816 0.5233 0.6797
0.5035 0.5161 0.4910 0.6237 0.8373 0.7690 0.6433 0.8993 0.6060
0.5699 0.7016 0.4491 0.3306 0.1276 0.5592 0.2737 0.8488 0.3504
0.5143 0.3137 0.6291 0.8858 0.8680 0.5552 0.2076 0.5462 0.7507
0.2055 0.7398 0.4964 0.1469 0.8805 0.4955 0.6797 0.8151 0.8746
0.6440 0.6086 0.3648 0.1398 0.6296 0.2396 0.7625 0.1199 0.4328
0.2508 0.4381 0.8890 0.7081 0.2122 0.5271 0.7751 0.3327 0.2902
0.4530 0.4198 0.4433 0.5877 0.7165 0.3667 0.4629 0.3027 0.1185
0.5313 0.6361 0.6954 0.2651 0.4790 0.3349 0.5538 0.3322 0.7793
0.8452 0.5579 0.5593 0.6221 0.6568 0.7391 0.3058 0.5448 0.5616
0.4367 0.1807 0.2296 0.5100 0.3982 0.3114 0.5814 0.3452 0.2426
0.7530 0.4105 0.8457 0.5734 0.3051 0.3372 0.1402 0.7687 0.1696
0.4986 0.6012 0.5411 0.3251 0.4278 0.8842 0.3868 0.6290 0.2180
0.6420 0.1925 0.1677 0.3677 0.1374 0.2384 0.3944 0.8932 0.1402
0.6420 0.3917 0.2317 0.5874 0.3993 0.1513 0.1404 0.7281 0.8476
