8 203 29
7528 8571
9086 3671
9151 6155
7959 2345
7542 5468
3095 1453
7196 3326
2546 8175
9430 9279
4806 7193
2829 1403
4109 4477
8988 2544
6168 4005
1496 5165
645 4657
5064 1398
9067 4878
3646 569
7286 7582
3636 3294
1223 104
3682 9659
1825 5269
6489 2029
212 5619
46 171
2482 9556
3608 3426
5240 1365
8286 9739
4938 9786
922 4610
7918 2079
1115 407
5654 9013
9129 2998
209 9630
397 8321
4438 6406
943 6830
9396 4514
1956 6319
883 7070
8316 3118
4247 3301
3185 5772
9837 8639
3742 1931
4272 9417
8957 9172
8375 560
1358 2716
9342 3288
349 5430
9634 7141
5700 1947
388 1154
622 2358
3417 1519
3849 4104
8825 9458
6114 549
9087 2824
8460 3133
7855 2257
7730 2625
2957 4877
4790 6883
3827 7348
3528 7556
1192 3390
7808 5293
4499 3322
5052 8813
1517 454
9580 8095
8043 6815
3949 8844
9938 110
1242 8955
8490 8690
8243 3366
583 6493
9872 654
9481 9080
311 5947
5643 603
5675 9617
3172 7097
7794 57
3600 1474
4909 8910
1400 6636
4781 1446
5022 5552
1562 5413
6321 1368
6064 5104
7311 8371
8131 5854
7164 138
8497 1126
5789 8532
9094 9480
7257 1452
5332 3842
6882 2485
977 165
5927 1637
8263 4338
7321 8192
2967 9207
6591 6944
3385 1977
6115 5011
4243 6030
3530 593
5192 2604
4518 5326
7877 8969
3483 3190
7784 4535
5277 356
5852 3623
5073 1749
7677 8693
4641 7737
1923 4358
711 9854
8778 5300
9515 1589
3054 4572
17 5735
4469 5692
1343 4981
2854 4323
1207 955
4708 2076
7802 1250
7977 3762
4708 4338
1905 5330
3765 1603
5591 1952
8782 170
2579 7746
3541 1296
6253 8063
1200 4962
7818 9400
3945 3457
6842 2017
149 4244
568 1060
5111 9631
4402 2681
7353 5833
6585 4482
744 35
9299 2538
3249 135
9126 1958
8583 5000
3504 4893
5619 1699
6287 6961
5004 6446
5545 54
3104 7393
7816 5106
3383 5335
8866 2839
9134 4967
1556 4071
5980 3107
9021 3042
9258 1159
8083 4746
5020 8240
2258 9570
8104 9105
4005 4332
9679 4877
9990 5436
3419 5115
7168 6313
2282 3659
607 5370
2844 1725
7499 1505
7229 3193
5475 6824
1946 1516
3994 3979
7498 717
4628 2287
9641 3150
9862 7213
5493 8887
4099 8737
7424 3745
9741 3528
1714 5908
3194 2730
232 8349
6704 4942
8971 9068
5638 3589
9051 3956
8168 3791
0.5747 0.4635 0.7018 0.6104 0.5086 0.5959 0.7371 0.1989
0.8487 0.6739 0.7449 0.7882 0.8551 0.4394 0.6475 0.3786
0.7120 0.3737 0.8921 0.1041 0.1319 0.3042 0.8145 0.6025
0.5193 0.6004 0.1984 0.3805 0.1839 0.5242 0.5745 0.4552
0.3508 0.7175 0.8072 0.2498 0.7092 0.1424 0.5303 0.1103
0.6905 0.5795 0.2068 0.5373 0.5179 0.7331 0.8541 0.3905
0.2797 0.6514 0.6033 0.8748 0.5503 0.3392 0.3646 0.8292
0.7647 0.6569 0.4626 0.6932 0.1030 0.6819 0.2714 0.1695
0.3332 0.1792 0.4591 0.6838 0.6372 0.7760 0.5767 0.1490
0.1422 0.3521 0.7032 0.2637 0.1745 0.8318 0.3761 0.8518
0.5183 0.7915 0.6623 0.1070 0.2685 0.3128 0.8874 0.3864
0.8893 0.3275 0.6935 0.6987 0.6664 0.6751 0.2981 0.7139
0.7869 0.6685 0.6902 0.4511 0.5082 0.8359 0.1219 0.4534
0.5216 0.3172 0.1448 0.7206 0.6410 0.8657 0.6170 0.5425
0.6913 0.1598 0.2871 0.6217 0.5717 0.4574 0.2932 0.3692
0.1105 0.5455 0.2692 0.6758 0.4764 0.2735 0.2613 0.8205
0.1317 0.2199 0.1841 0.1147 0.3596 0.1531 0.2238 0.7059
0.8686 0.6778 0.8287 0.7287 0.3250 0.5826 0.1628 0.2492
0.4559 0.3184 0.7005 0.7529 0.1181 0.5018 0.1417 0.3735
0.6084 0.5483 0.8305 0.3318 0.5544 0.5304 0.7377 0.7976
0.4057 0.2959 0.3486 0.6450 0.4431 0.8396 0.6401 0.1166
0.4408 0.4548 0.4073 0.3046 0.6543 0.3515 0.4252 0.2064
0.5695 0.8740 0.6136 0.8500 0.6478 0.1321 0.1552 0.4533
0.5484 0.8021 0.8251 0.2418 0.2246 0.7895 0.6812 0.8577
0.8944 0.2319 0.8663 0.3512 0.7533 0.3694 0.2426 0.3587
0.4285 0.5731 0.8768 0.1931 0.5653 0.1150 0.5932 0.8328
0.8871 0.2318 0.3173 0.6639 0.6129 0.6885 0.8724 0.3481
0.8866 0.6272 0.8277 0.3280 0.3976 0.1883 0.6679 0.2083
0.1447 0.7742 0.3134 0.8774 0.5772 0.5166 0.2827 0.7755
