14 512 18
8610 9688
2027 5827
5820 2561
7288 5004
2959 6308
7619 2781
8907 5435
5919 268
8377 9003
2284 4381
4408 1674
4717 9214
2833 3131
7621 1734
5048 4013
8034 288
834 1741
9726 7555
9346 5152
9887 2840
934 8792
1811 8438
2448 9818
6593 1037
1620 3791
698 9516
1346 8433
8170 3667
3000 3810
3291 8452
2761 1079
6823 2655
1418 5537
4593 7140
6830 6550
5379 8920
773 6806
3327 550
6488 3432
2393 5445
2638 6358
3228 5017
6065 8325
3745 3963
1401 8723
9711 3282
4708 1858
6263 5721
7640 6850
2250 1418
2755 8868
8942 7055
2057 6531
6529 2200
4573 9411
9295 727
6832 498
5229 6617
8825 4024
3476 9188
1557 6844
5075 1764
6484 198
8549 157
3757 1313
5989 3307
2204 3140
6617 6174
6680 3754
8515 616
6407 6506
7695 4283
7960 5532
1837 3487
3656 6558
5625 4287
7430 9799
9624 8477
5514 7495
379 4356
5238 2336
7872 6149
9366 2046
9361 3307
911 9026
9177 5355
3178 1238
784 6068
9158 9284
3418 7491
2038 8309
6960 383
6595 6310
3921 8573
3858 7185
9437 2574
6913 2741
3397 6453
9551 7176
2803 6290
5132 6180
1551 5193
9204 4775
3036 1542
7290 8758
4340 6409
7100 1050
9875 448
4477 9190
4184 477
661 4350
2991 377
6288 906
7010 1374
4533 8482
8760 1105
7199 936
8831 9695
3086 1396
3118 2212
8661 7757
9299 890
5784 2012
1191 7716
9496 2717
9110 3960
2903 7007
3828 4542
7571 3111
5192 1793
8763 9444
4958 7499
5616 118
46 7266
5702 919
102 2413
7311 1230
3175 8410
188 9098
7646 764
967 8162
6308 2874
4462 9612
5325 8513
5668 2622
4969 1925
8915 2095
9701 9730
3584 1605
7803 8542
659 6460
3502 5645
1814 61
1857 9600
130 3311
9830 4718
1814 5475
2306 9114
6057 2135
4847 8176
8347 6559
784 4205
6511 6526
150 487
106 2697
6277 6028
9470 7891
4181 6848
9831 7630
9860 328
8357 7933
4756 2008
8488 3885
9233 4071
7900 405
7513 7565
244 7476
8321 8870
5700 3925
3262 3657
6711 8706
7594 1951
4181 4914
2177 6825
2897 7291
7835 3800
7958 3785
6815 9911
8125 9504
2369 1801
4129 4607
4036 1175
8695 9867
2304 4063
5507 9140
3673 5378
5063 6687
6059 5136
9669 6534
1709 4583
8985 5568
8697 7187
408 834
5163 2951
5858 3143
8921 6909
64 2561
3506 7023
3008 4569
3414 6129
4823 7238
3636 7792
334 4497
8719 8921
4250 4635
7063 8498
3873 7356
1640 9955
8229 759
5095 4253
9943 3186
5958 8484
2880 8209
6553 8773
7675 579
3979 2123
9801 4233
9213 7000
9294 9481
2299 8635
9352 6898
3494 661
4985 7062
2918 916
8935 6244
3552 5747
1895 8122
2576 3364
741 8174
7685 7710
1557 9377
2240 9933
4405 963
7744 6912
6753 9821
9452 6043
5148 8344
3726 5701
6234 8475
1153 7203
8020 9063
5694 5794
3242 4739
3262 795
6394 7657
7802 9931
9899 6310
5167 4502
243 4027
9445 5088
1417 4750
9069 5794
1523 6977
2264 9725
8459 4264
901 4704
1703 5454
274 1516
7879 2755
4674 2818
3139 6480
5626 3745
1730 8820
7724 3929
3900 8808
7410 8432
9946 3579
7451 6018
7988 6639
1038 8317
5700 8898
600 5913
6483 4861
5161 9553
1985 2887
9859 1301
7165 5098
8752 6284
5446 4528
209 5800
8887 3370
8490 5192
7516 2554
1558 6131
8759 5906
4474 9795
778 9008
421 1180
4874 3543
2097 9611
1233 8296
678 3062
5578 3050
2597 2565
1015 1981
213 8229
7836 3541
3998 5123
7539 4795
8300 1300
4791 4524
3503 5339
4117 3591
9638 8075
3088 5061
3434 90
8436 1359
4612 8324
9183 7464
3007 7000
5922 3856
8127 8412
9276 3061
4955 9637
9336 4870
5407 6227
420 8978
4730 3623
3878 4049
1878 6931
3354 6555
6538 8102
1905 625
8009 5779
8412 7643
2652 5380
4048 1616
8685 5132
6973 5978
7127 655
8426 9440
9090 3378
5872 6503
3006 2214
1630 4160
3057 1198
1897 3367
4911 7977
8927 8910
2507 4802
4365 8414
1909 3239
845 9610
9078 8820
4654 1125
1818 1967
5348 3500
3509 5486
8954 4906
4192 3924
1121 5609
2333 7600
7255 5217
3139 8920
8651 9093
4952 4102
955 5593
1861 7947
9503 9787
5616 1708
7149 8038
3262 6925
6932 1740
8163 1953
6236 2261
81 4769
6422 8001
1247 2058
4658 6722
4111 4126
4691 4777
9757 6035
6918 4335
9783 5301
2130 3748
3063 9592
1361 8190
4083 7565
8787 7129
9429 4763
7243 2668
9782 4528
7647 7533
3371 1393
58 7933
9737 9982
3225 3513
315 7788
9606 3305
6124 3899
6209 3233
6960 8403
978 9887
7215 1117
323 2000
7714 7209
6751 4820
6795 9460
5199 7889
2390 4183
2212 5831
2305 6688
6790 3230
4868 8299
9356 6013
3432 3929
691 9316
9527 2974
5159 5460
3077 7391
2102 2620
6967 5698
4376 2564
7427 6317
2583 8266
7621 7133
8244 1515
6223 5832
2082 9491
6118 5487
4802 9535
6812 686
9915 3711
1525 3580
3040 3047
5431 5019
8477 4683
724 2331
4230 3325
5191 1472
4752 4041
3296 3944
778 9944
6830 6340
3368 6697
9671 7324
1411 8326
9171 2466
7231 7058
9905 3869
1038 9247
5882 7367
2782 7555
9635 2209
4668 723
333 7574
7803 1798
8645 3652
6314 3600
7138 3959
2886 5011
9818 2321
7612 960
7883 7485
7037 7084
428 8058
9866 5534
5976 3002
4335 8302
91 9449
9480 3940
8579 8566
4093 2682
5713 8440
2425 6248
1982 3477
4652 5385
8476 1210
6350 5388
3314 1844
7664 4701
7035 2685
4030 3529
6610 1397
6207 3038
7598 4366
4082 8619
8397 261
5817 5880
8732 4132
918 4978
4692 7981
1994 7520
3696 6162
4619 4966
5297 7028
6247 6696
7294 8317
2493 9683
5294 9732
4954 4467
8226 424
6055 1146
5810 526
3762 9289
4195 114
6479 1205
2286 1527
724 121
6234 7831
5039 5525
182 1268
6847 5239
8876 7492
1563 9626
4869 5381
2994 480
8841 8469
8950 2757
5659 6534
4302 7558
1447 9820
8792 7375
8003 8897
1083 6301
4757 6738
0.4737 0.7486 0.6560 0.1186 0.2955 0.4975 0.4792 0.1008 0.5764 0.6152 0.8206 0.5382 0.8974 0.2970
0.3563 0.6810 0.6672 0.2864 0.1275 0.5020 0.4831 0.4017 0.8131 0.4699 0.3010 0.7806 0.3647 0.6967
0.3950 0.1424 0.6049 0.6343 0.6516 0.8609 0.5321 0.3499 0.7926 0.4655 0.5236 0.8482 0.2406 0.1572
0.2070 0.1202 0.1188 0.8886 0.3713 0.8084 0.1400 0.5128 0.7547 0.3643 0.6319 0.1750 0.7406 0.2433
0.5347 0.8105 0.8296 0.7183 0.3960 0.6839 0.7093 0.5134 0.1527 0.1622 0.1128 0.5421 0.6043 0.3597
0.4621 0.3533 0.2245 0.1359 0.2999 0.4304 0.7854 0.6055 0.3341 0.5798 0.2380 0.1268 0.7321 0.5157
0.8502 0.4010 0.5897 0.4219 0.3897 0.4702 0.5975 0.1382 0.8379 0.4801 0.8599 0.7901 0.5010 0.1656
0.1502 0.3868 0.6831 0.2847 0.4098 0.3410 0.6668 0.8060 0.4851 0.1670 0.6755 0.4053 0.4237 0.7649
0.8310 0.1830 0.5214 0.5472 0.2611 0.2296 0.3621 0.7309 0.5885 0.4215 0.2350 0.7873 0.1602 0.6732
0.2328 0.7693 0.5319 0.4087 0.6416 0.1131 0.3093 0.4203 0.3950 0.3457 0.1918 0.5942 0.1244 0.1231
0.2390 0.7636 0.7604 0.2640 0.5317 0.8545 0.8549 0.2792 0.8712 0.7233 0.5590 0.1573 0.2204 0.1474
0.3434 0.3129 0.6747 0.6049 0.2649 0.3940 0.8270 0.4806 0.8531 0.1586 0.6984 0.8339 0.5935 0.8361
0.2145 0.4941 0.3585 0.7884 0.1291 0.5542 0.2193 0.6758 0.2665 0.8361 0.8046 0.4085 0.8684 0.7581
0.6317 0.1520 0.2457 0.2029 0.8027 0.2337 0.4142 0.6829 0.7313 0.7336 0.2414 0.2914 0.8214 0.3070
0.7602 0.7917 0.3229 0.8327 0.3997 0.7258 0.8158 0.4226 0.1100 0.4896 0.4966 0.4417 0.3318 0.7395
0.6034 0.5865 0.6845 0.6465 0.8920 0.6177 0.5467 0.7246 0.8477 0.6684 0.3479 0.7413 0.3363 0.7131
0.5405 0.3772 0.7423 0.3542 0.7615 0.8712 0.3818 0.6529 0.3826 0.5534 0.6075 0.3576 0.8927 0.1310
0.6366 0.8304 0.2580 0.7387 0.7384 0.1704 0.6607 0.1069 0.6775 0.3885 0.3365 0.6764 0.4146 0.8413
