19 862 48
8863 9558
4284 1592
1205 6324
2545 4495
2193 2214
2098 653
7762 2655
8325 7085
6027 3159
6497 9087
6474 1779
3137 9691
1727 5024
3683 1695
9017 7894
9027 7296
3634 2275
7083 9412
2471 4077
5407 7868
3986 1431
6472 5077
5909 8320
305 2210
8104 6134
4854 7552
4313 647
8339 6344
5867 3416
2032 2964
6371 74
2122 4201
4927 2156
8516 3663
7539 3241
86 2252
3921 7343
9940 2666
9584 5112
6467 8964
6363 1447
5826 4164
7758 7393
7788 827
4447 8005
6025 9106
1633 3363
4097 8578
2957 8895
7672 9016
2579 8458
6308 1279
4313 8824
4611 8348
49 3854
2871 6870
9295 9344
7229 2790
7398 1664
8216 3684
8662 1243
2227 1640
1977 4447
9245 8241
55 2720
4014 1116
8829 8413
37 6871
8825 7366
5319 2512
6240 9499
6026 8986
4022 6418
3044 6091
2478 5160
5425 9260
6636 2452
1802 8790
9383 2844
8140 4616
8840 2885
6099 7352
6 1194
8090 5137
8976 3838
4591 8720
9490 6450
2016 9406
3793 7390
6858 8397
2438 5279
2736 3601
7790 5319
5000 6255
3671 1392
3864 1644
3263 418
4723 2614
2746 1719
4589 7370
4720 7484
1051 528
7359 2713
3987 272
5603 7364
9214 2801
7960 7967
6043 5467
6051 4159
2782 6686
2399 4704
8224 33
4936 7109
1317 5799
2779 7599
7631 8524
3487 3985
8289 2733
1492 481
4479 2632
6741 809
9880 4892
594 6239
9688 8887
5217 5887
8928 8561
5881 6415
6393 8497
1708 2821
4595 3047
5262 1895
8814 9013
8238 2356
8463 4706
2126 554
7903 8173
2368 7732
4129 2017
5341 7300
2676 8249
8630 2456
9697 3648
5930 992
414 5669
2346 7029
3563 7355
3569 8824
6337 5698
3669 9396
4720 378
9821 7084
8805 1810
2268 1865
1608 6772
9245 6082
824 1001
3577 792
5638 21
9813 4260
5922 3327
7676 9869
7385 4962
738 8736
2645 263
6726 6130
2754 6439
4169 128
8249 1591
5965 422
9562 9044
3400 236
9925 2539
588 1478
305 5472
4975 14
3065 7962
366 3186
4025 5315
6548 6238
1965 8739
6754 6715
5895 717
8604 2086
1249 7369
5408 5071
4418 2282
7939 7083
7675 6319
3733 1786
4623 6147
1635 6239
8875 4176
1166 3220
5590 1873
6575 8481
2863 7302
9813 9265
6875 7581
4361 7698
236 1338
403 731
2953 2487
1400 1243
4980 5540
7981 3326
4338 72
2305 2527
4242 4733
7143 1127
2766 5953
2526 8786
1936 4343
2501 3681
8968 4861
4241 8962
875 6600
8917 680
2407 9399
7560 6127
9803 1917
1919 5988
1379 7990
6412 2496
2172 7505
8899 3278
4327 8488
1246 1099
8917 5925
8306 5587
1321 4432
2246 9357
869 8665
7135 7657
6713 6363
4052 4307
4678 7037
8105 9090
753 7027
9202 9037
4775 1812
8905 9938
3947 3250
8176 4963
1326 3268
1245 8656
8652 3793
7522 3890
390 8197
4528 6848
7240 5144
4688 7782
5533 5051
2456 4410
4949 5658
9436 605
4571 9686
5532 9095
8199 750
5189 426
7047 4254
7147 5615
995 3593
4258 6449
400 1776
450 2549
1151 1365
1005 6676
7226 298
920 9716
4419 484
5082 5085
1582 32
4217 4170
5229 6593
7391 5238
8592 6590
680 460
4675 5992
6605 7398
8433 8861
5708 9170
3023 2297
9642 64
8577 8350
4868 6786
794 6160
3396 3396
4250 8662
9304 4169
3502 5893
6466 9500
9026 7467
9877 9025
6582 5829
4393 8327
5345 6810
897 7672
9227 5779
1237 4220
2149 8849
653 8456
7780 4798
7817 154
6604 7696
2036 1102
1007 8661
4060 7143
9066 1083
7886 5765
402 4729
5191 2203
5080 4141
1176 9359
6210 475
2191 5918
1273 7864
9322 2505
1080 1123
4661 2751
8814 5574
9408 5453
2754 858
5905 4453
4776 8317
8154 6034
8354 3029
6840 6442
9695 185
9833 8203
1022 8503
40 1594
2609 9588
6520 6018
7706 5092
7269 4298
1937 3622
3080 852
83 9944
4604 2119
9835 5315
2870 1683
6762 1916
6944 4036
8974 4367
4959 3898
3121 5662
7463 8377
787 6848
2330 2185
3533 6945
5786 5554
6311 4959
9581 2974
953 5458
5742 7307
9686 6115
3533 2047
4862 9547
1119 5953
2590 5895
6200 2240
7598 2064
2380 8561
1998 1954
5725 7879
7389 7358
7518 2326
6351 8124
1583 2294
8507 1126
9603 2675
6633 6491
1300 3148
3861 8917
8354 8745
416 6833
1539 5503
3084 1737
6098 2359
4856 4507
2262 832
5615 5112
4590 7580
1420 2922
6334 498
6360 4083
5977 2962
1312 8309
4442 3851
9249 4830
8832 2452
4006 4913
1253 537
93 3244
1278 1844
1713 9759
278 8927
7870 1512
5783 7067
7550 33
4326 6214
6281 4565
3564 8585
3569 8371
9748 5094
1626 9290
5167 3124
4711 1410
6246 9147
8372 7968
3442 1572
3627 3789
484 8291
2648 4663
2551 7417
4151 7094
3099 365
8513 5466
1770 5925
7623 5915
4736 105
4674 1049
9621 1806
3304 3763
6404 1137
6915 9264
392 3846
8078 2447
1588 4692
6019 2624
7374 5854
2778 3170
8097 6524
7533 1819
9430 8470
3256 9953
3985 2965
1379 5321
6687 190
462 4343
5249 3875
4422 5663
2494 5454
4065 3259
8113 5398
1471 2257
5771 842
5695 3064
3757 706
8035 5647
4857 371
261 3193
3968 6068
3091 4862
3922 5128
4221 1502
2186 2558
7580 5742
5874 3753
8771 4857
8812 3480
6913 2388
2083 3684
5908 1287
8203 6871
5112 5548
7334 2112
5218 9294
6654 2861
5785 6591
1613 5604
239 4259
7961 6244
5663 4216
1302 1363
3218 4715
6303 2007
1395 7637
6073 4482
7668 2400
4086 6044
623 101
5500 3653
321 6926
1900 8922
9101 3421
9805 3869
6772 3449
6454 6302
3513 3012
846 2005
9434 1448
7150 1523
1824 3750
1075 4390
2346 5365
4407 5066
8222 2513
7114 2546
5505 2002
9298 5302
9116 8250
9374 7025
3840 8548
9638 4554
9143 4498
1612 1760
5602 5359
4311 3708
8944 4686
4008 3848
7670 4739
2457 9539
4743 8214
5294 3243
9952 6829
7327 2307
8603 7346
2344 3639
1183 8188
9945 6679
2220 9804
7894 4233
8047 1148
9537 3424
1096 1532
5467 3151
3333 7505
3231 7635
3721 6006
1889 7958
2491 7766
4543 5901
115 2902
5083 4839
7825 2407
3799 9454
4976 569
7386 6780
7434 733
3149 643
9113 9783
3087 8496
3195 9399
9813 1520
4896 3644
6778 5721
4354 8635
9583 5596
5020 5337
2839 4244
7129 4154
8300 8260
5409 2064
936 8255
7291 8008
9220 8851
2916 9938
5963 7054
2190 3355
2126 9137
8989 6673
8826 3057
5521 9703
1124 3324
4321 7603
5215 4383
552 3820
9904 6519
5906 3595
9374 6741
9425 3743
6776 7155
7027 8109
3304 3544
8484 385
7768 471
6187 881
4190 5117
7452 5729
7648 2157
3 4087
6885 4479
2893 5099
2686 390
1836 7176
3854 1757
4753 9189
2753 9619
6237 1475
7035 1229
598 540
8197 1952
9454 4287
7116 2316
3912 6909
9787 613
627 360
578 5752
3241 7064
9897 8494
7128 3199
5139 9798
5600 2894
5069 5988
2656 3353
3202 3374
7350 3553
7058 9132
9124 1458
983 3489
1964 107
4615 3667
1429 4828
5555 9858
7616 8274
5708 978
8876 5303
5245 5035
3312 5722
329 6350
186 7806
1627 6344
3667 2765
5409 212
3962 8429
3815 2141
3757 7704
4251 8072
7187 1723
5472 9588
3617 4820
8435 9734
2287 7907
7831 9537
4964 2368
9851 32
5809 4531
8004 6117
7905 784
5078 1041
7694 145
4401 838
3175 8900
4998 4629
3879 1447
6618 527
346 6738
3337 6266
6953 819
7300 9027
8968 6239
612 2268
3634 576
5473 4727
3284 8384
5727 2506
3959 1800
1492 9133
1542 4208
6310 3180
4729 3188
4138 8423
5677 143
4582 3876
5406 7536
7665 7430
6380 2732
1924 7051
5546 6465
6545 9264
4219 7900
3063 1329
4757 4910
6264 3023
341 9515
252 1607
4148 4861
6275 2387
7772 7533
5339 3763
9202 4358
6616 2235
6413 9312
1179 2893
4218 7418
3867 4087
2892 2698
3062 5136
1607 8377
9317 6868
8998 6943
1649 7721
4734 6242
188 3023
9956 5085
1235 178
227 7151
9299 8587
7510 5593
2365 8151
6047 327
2929 210
2881 3387
1377 5547
4292 1162
3109 7444
6378 5871
7143 8408
3126 8320
5827 9391
661 9997
1240 4844
10 1978
9764 8118
7356 7881
8802 1955
5413 6075
5028 8537
3753 8934
3056 4362
7052 369
3291 3428
8304 6862
1291 3950
3265 5911
8035 768
1120 5284
2760 547
6670 3097
8274 403
6181 6009
1832 6263
1193 365
7959 522
3162 3641
9403 8861
1088 2331
5650 6393
7235 7681
588 2085
8981 2023
1120 2982
7401 1415
7712 6463
1 8385
5094 1806
1830 4834
5896 4288
9097 5476
4604 4659
4825 5126
7748 7029
3642 4677
1371 244
3871 7575
367 177
2359 5905
9992 3330
661 3518
6860 521
4163 8018
7212 7047
3433 740
794 9840
4965 3156
7472 9961
9830 2823
8546 1284
1344 2547
2106 7776
8593 2914
4248 6779
8857 8771
9261 5181
6487 2907
9238 6762
1902 2525
1288 9844
8229 7042
6269 6482
7629 1768
9141 5022
8803 9695
1165 8860
4014 7400
6154 5291
8041 4663
1304 6824
7422 2207
6037 8276
2543 5246
7368 8617
7727 1748
6224 4825
2937 5536
2612 5069
5167 2736
6269 5932
4090 8252
4993 3472
2369 7982
916 5350
7760 279
4121 1278
5292 8486
39 9287
6803 6869
6718 2762
6477 5476
8655 1788
8159 8964
4544 4425
1784 3870
3518 3766
9108 313
7415 1860
4007 9761
5355 9106
3329 5488
309 1506
7252 2662
4807 4706
4853 5763
40 666
6119 6692
4685 9080
8637 604
8734 821
2236 4855
3175 2106
5035 9161
5300 8844
6746 3815
295 2071
8741 2545
6377 4526
171 4439
6736 6586
6567 3751
4310 2547
8675 8224
6566 2566
1031 7558
1567 2013
3344 815
1405 9718
3306 8946
7397 4206
1352 6282
1552 9554
5317 3379
5469 8844
2826 1335
154 3576
7063 6442
8474 7737
3844 2600
6525 7264
6504 3044
9434 125
23 5910
4740 2123
7712 3457
5949 2508
2472 5814
5437 4263
4389 6797
910 2632
2631 6765
2389 6709
6461 9823
1147 8427
2446 6502
3217 1477
1942 4862
9116 1607
9956 454
2528 7580
6178 5411
2543 1641
0.7108 0.4270 0.2827 0.4728 0.8116 0.4838 0.6629 0.3090 0.6285 0.3433 0.6055 0.1304 0.5673 0.7611 0.8055 0.3367 0.3285 0.8747 0.1437
0.7394 0.8283 0.1270 0.4331 0.3472 0.6894 0.2074 0.4936 0.5652 0.4602 0.3619 0.7619 0.6896 0.7874 0.4670 0.3947 0.6035 0.3890 0.6515
0.7196 0.3944 0.4134 0.8257 0.5583 0.1871 0.4086 0.2396 0.1184 0.4661 0.3017 0.4123 0.3621 0.8603 0.5889 0.1567 0.4544 0.4841 0.3302
0.4311 0.8844 0.8558 0.4020 0.6357 0.2622 0.7074 0.5865 0.3499 0.1500 0.3660 0.7050 0.7343 0.2642 0.5377 0.3263 0.2808 0.5955 0.5480
0.6511 0.1426 0.7943 0.4555 0.5934 0.1763 0.2092 0.3601 0.8603 0.2703 0.6593 0.2320 0.2105 0.8337 0.3250 0.6320 0.7774 0.8787 0.8639
0.7813 0.2439 0.8986 0.2669 0.1464 0.7141 0.4969 0.6948 0.5824 0.7951 0.4898 0.5757 0.6687 0.1383 0.4155 0.6118 0.2589 0.7602 0.1165
0.5810 0.8754 0.7363 0.4171 0.8161 0.7952 0.2317 0.5708 0.4151 0.6434 0.6017 0.1924 0.3272 0.7514 0.2331 0.8792 0.6760 0.2014 0.7793
0.1026 0.5659 0.6916 0.2145 0.6097 0.2773 0.4014 0.2201 0.6544 0.5463 0.7605 0.5803 0.1706 0.8361 0.4429 0.8137 0.8810 0.5757 0.1955
0.6254 0.7466 0.4300 0.5475 0.6107 0.4186 0.3516 0.4263 0.6657 0.3891 0.3938 0.5123 0.8672 0.1216 0.1409 0.6852 0.1499 0.5294 0.3252
0.2238 0.3048 0.7724 0.2101 0.1705 0.4908 0.2402 0.1032 0.2172 0.4634 0.1741 0.7838 0.1093 0.1831 0.1361 0.2465 0.7878 0.2549 0.6149
0.8339 0.8747 0.6475 0.1502 0.1996 0.4298 0.2310 0.3905 0.3929 0.7316 0.7004 0.6529 0.7497 0.4898 0.1162 0.8332 0.2161 0.5907 0.6388
0.1507 0.7405 0.4286 0.7567 0.1383 0.5417 0.4629 0.2040 0.6618 0.7003 0.1009 0.8731 0.7977 0.3171 0.7487 0.5951 0.1574 0.7969 0.4238
0.2748 0.2896 0.6612 0.2219 0.4767 0.1779 0.1483 0.7787 0.2020 0.8963 0.8115 0.5360 0.6744 0.7979 0.5161 0.2625 0.7488 0.8337 0.1437
0.3108 0.5137 0.2649 0.6190 0.7452 0.7104 0.4094 0.8981 0.8958 0.3397 0.7344 0.4375 0.8317 0.4313 0.4910 0.7237 0.1577 0.4026 0.1496
0.1625 0.1251 0.4451 0.5428 0.7042 0.2382 0.7941 0.2698 0.3569 0.1399 0.3104 0.1351 0.8804 0.2870 0.7784 0.6707 0.6757 0.8541 0.2732
0.6138 0.1897 0.7765 0.2649 0.5714 0.2002 0.6757 0.2863 0.1043 0.4128 0.1890 0.2057 0.5165 0.7989 0.2783 0.8041 0.4956 0.6432 0.7390
0.5510 0.5226 0.2444 0.6901 0.3809 0.5024 0.8934 0.2592 0.1535 0.8874 0.8687 0.8857 0.6127 0.2435 0.6337 0.7595 0.2628 0.7208 0.2593
0.4438 0.1062 0.2485 0.5867 0.8020 0.4246 0.7822 0.7561 0.4549 0.1441 0.6951 0.7468 0.6021 0.8304 0.8600 0.1187 0.3993 0.7679 0.4431
0.1771 0.8997 0.5137 0.5568 0.1091 0.8688 0.6866 0.3209 0.2140 0.4848 0.8508 0.6034 0.8589 0.8386 0.4634 0.5584 0.6156 0.6272 0.3100
0.3474 0.2798 0.8188 0.8891 0.7850 0.4692 0.2259 0.5266 0.4768 0.3779 0.5781 0.6665 0.8083 0.5312 0.6376 0.6626 0.8838 0.4561 0.5634
0.8454 0.2262 0.5114 0.8539 0.1589 0.4782 0.4036 0.7558 0.5829 0.7937 0.7882 0.2219 0.1193 0.1270 0.2031 0.4800 0.2820 0.7305 0.1777
0.4717 0.5255 0.8257 0.5768 0.3837 0.8931 0.3459 0.6836 0.8223 0.6213 0.4591 0.8306 0.4740 0.4125 0.5078 0.2336 0.2955 0.4932 0.3505
0.7388 0.5885 0.3429 0.2821 0.4468 0.2741 0.3293 0.6264 0.6857 0.8584 0.7561 0.2427 0.4828 0.4749 0.2789 0.8990 0.2460 0.1064 0.2671
0.6849 0.4630 0.1761 0.7512 0.2631 0.4115 0.6593 0.5550 0.4365 0.8829 0.4329 0.5004 0.4089 0.3609 0.1246 0.5929 0.1278 0.7198 0.7457
0.2927 0.2125 0.6252 0.5714 0.6683 0.7926 0.6130 0.6806 0.3267 0.1516 0.1133 0.6940 0.3242 0.3435 0.6032 0.8867 0.8056 0.7324 0.2994
0.6487 0.4153 0.1293 0.2595 0.5608 0.3759 0.5406 0.5517 0.5557 0.1464 0.7365 0.2391 0.6889 0.6821 0.6419 0.3220 0.4712 0.2607 0.1353
0.5537 0.3722 0.4077 0.3608 0.1848 0.2139 0.6858 0.1922 0.5135 0.4070 0.1710 0.6253 0.7228 0.1395 0.3615 0.7870 0.3911 0.1995 0.2446
0.7054 0.7059 0.2439 0.8423 0.4769 0.3730 0.2831 0.4847 0.2686 0.2273 0.5328 0.1145 0.5256 0.6389 0.6971 0.5946 0.1547 0.1596 0.4941
0.8540 0.8599 0.1584 0.7707 0.2043 0.2107 0.2043 0.4638 0.8329 0.3837 0.2430 0.8971 0.2230 0.4300 0.1466 0.4057 0.8122 0.8361 0.8413
0.2118 0.5998 0.4484 0.4198 0.4920 0.5046 0.6385 0.7978 0.7678 0.7514 0.1286 0.1998 0.2476 0.1173 0.2420 0.6286 0.6864 0.6275 0.2907
0.2811 0.7896 0.6140 0.4253 0.7484 0.6184 0.5374 0.8338 0.4190 0.2828 0.3386 0.3683 0.5515 0.1662 0.3134 0.5421 0.3795 0.8060 0.4734
0.6594 0.5923 0.2256 0.5901 0.7667 0.3296 0.5872 0.4739 0.7251 0.1352 0.7085 0.1746 0.7657 0.8252 0.3447 0.2236 0.1970 0.1746 0.4672
0.5399 0.5302 0.4222 0.5407 0.4716 0.4281 0.6552 0.8302 0.6115 0.2369 0.5238 0.6396 0.4742 0.4368 0.1017 0.6573 0.1588 0.5893 0.8054
0.6753 0.6061 0.6185 0.3365 0.8794 0.8329 0.6397 0.5101 0.7315 0.5800 0.7737 0.1725 0.4775 0.1271 0.5469 0.5345 0.3689 0.2450 0.1847
0.1795 0.1757 0.6179 0.5873 0.3771 0.6247 0.3707 0.5169 0.6385 0.3525 0.3447 0.5944 0.5496 0.7772 0.5467 0.6209 0.6252 0.7299 0.7155
0.5497 0.1593 0.4289 0.4231 0.6949 0.3560 0.4419 0.1510 0.1256 0.5475 0.6024 0.1670 0.8617 0.3797 0.5396 0.8498 0.3523 0.4805 0.4443
0.1128 0.6636 0.4813 0.6641 0.8190 0.8997 0.5812 0.5136 0.4627 0.1413 0.2777 0.1212 0.3794 0.7838 0.5292 0.3127 0.8422 0.1964 0.6925
0.5929 0.8427 0.7731 0.6399 0.5707 0.7090 0.6039 0.7351 0.3921 0.4688 0.6544 0.6075 0.4871 0.1427 0.6686 0.6723 0.8126 0.6397 0.3958
0.8448 0.8244 0.2616 0.7845 0.5036 0.5855 0.4288 0.2951 0.2375 0.6550 0.6181 0.7134 0.1272 0.6834 0.1092 0.4484 0.2866 0.3987 0.5369
0.4997 0.5864 0.3716 0.4953 0.8144 0.8958 0.1796 0.4788 0.7041 0.4076 0.5705 0.6805 0.5671 0.1276 0.2458 0.6693 0.4376 0.4328 0.8830
0.3741 0.1835 0.3764 0.4220 0.5029 0.3987 0.8817 0.1381 0.5295 0.7887 0.3327 0.6402 0.5447 0.7025 0.4890 0.6762 0.5934 0.7241 0.8069
0.2061 0.4232 0.8055 0.3709 0.1071 0.7766 0.1653 0.3374 0.5573 0.7725 0.3493 0.2277 0.1313 0.3119 0.4289 0.6726 0.7034 0.3403 0.3168
0.6706 0.8421 0.6521 0.5137 0.6759 0.7363 0.7082 0.8460 0.2402 0.7093 0.7168 0.4925 0.5606 0.4725 0.3038 0.1082 0.3280 0.1120 0.6561
0.3981 0.6977 0.5566 0.5820 0.7651 0.3437 0.2504 0.6851 0.3144 0.1212 0.3019 0.8618 0.8539 0.5607 0.8460 0.6590 0.6558 0.5727 0.6163
0.3460 0.6421 0.7001 0.1879 0.7849 0.1616 0.3729 0.8576 0.5022 0.4016 0.2433 0.8577 0.4522 0.4067 0.2876 0.1593 0.2087 0.4538 0.1080
0.4767 0.5515 0.5213 0.1768 0.3992 0.5760 0.6139 0.3546 0.3196 0.2288 0.3343 0.4151 0.2920 0.8727 0.6932 0.2394 0.1328 0.7862 0.4740
0.7230 0.7375 0.1331 0.3765 0.1549 0.4258 0.6501 0.1800 0.6995 0.6140 0.4695 0.6128 0.8092 0.5684 0.1441 0.3379 0.7720 0.1561 0.7985
0.3814 0.6155 0.5433 0.2247 0.3840 0.5000 0.2401 0.1939 0.6897 0.3951 0.1661 0.8547 0.4825 0.6248 0.8686 0.1095 0.4678 0.6790 0.1566
