7 83 18
9790 9827
4067 1374
2498 4959
5701 3502
7687 3411
6386 1085
5047 4067
2183 7261
7398 9374
9728 2416
6409 7121
5862 4220
1326 9548
7754 3157
9100 4604
8142 9368
7024 6243
9096 746
7696 5141
1212 2306
6832 1039
4023 9275
6733 9536
968 3036
8714 372
5672 9054
5868 5727
2168 313
4305 595
1904 2389
5490 3174
7365 1428
6399 9666
9626 6512
1832 3878
8127 2074
1328 3473
8075 899
724 7720
5344 4424
8243 6990
7461 9116
275 3678
8954 7729
4825 3650
7867 6869
3363 7319
9894 5865
2902 6586
4173 7025
7998 7337
2069 2490
7279 7035
3895 260
7702 8278
4205 614
8183 8504
7788 5448
6185 4316
3040 9245
6517 6820
9768 3283
5770 127
9186 7756
49 4231
6388 3083
4079 3933
2983 3743
7660 1008
3473 6606
8404 6487
9426 2754
2933 4989
3606 5728
31 7167
8533 2685
1630 4537
3887 4287
9316 5026
2672 1817
9391 4285
6764 3323
9423 9495
8852 4667
1597 6673
2663 4150
5897 6797
2166 6915
6201 6293
6918 276
0.1857 0.6213 0.7935 0.1187 0.2006 0.7985 0.3512
0.4048 0.6093 0.8988 0.4645 0.1516 0.3040 0.4219
0.6107 0.3512 0.2413 0.3802 0.7982 0.5674 0.8576
0.3711 0.3319 0.4385 0.5298 0.7553 0.4806 0.7513
0.4157 0.1074 0.6861 0.3739 0.6005 0.6921 0.4909
0.6344 0.2238 0.7196 0.1327 0.7968 0.1542 0.5122
0.1802 0.1311 0.1211 0.4931 0.3471 0.1810 0.7842
0.7023 0.2345 0.7940 0.5463 0.2596 0.5593 0.6285
0.3063 0.4501 0.1250 0.3122 0.4207 0.1732 0.2621
0.2315 0.5099 0.4430 0.4071 0.3997 0.5938 0.6474
0.6683 0.7884 0.6048 0.2347 0.6000 0.7497 0.1523
0.3641 0.8307 0.5648 0.6720 0.2085 0.2429 0.5536
0.3623 0.5307 0.1313 0.5847 0.5307 0.4028 0.5638
0.4807 0.7125 0.6702 0.2957 0.7247 0.4967 0.4877
0.1699 0.2417 0.6433 0.5969 0.5825 0.8130 0.5494
0.7117 0.8544 0.4475 0.5361 0.3380 0.6224 0.3389
0.8503 0.4886 0.3377 0.7833 0.1401 0.7256 0.1870
0.4562 0.2990 0.6894 0.2533 0.4464 0.4135 0.1032
