11 217 24
4272 2963
9490 8821
5502 9667
5966 3378
9321 5867
7842 3630
1930 7158
5411 9523
4091 2828
3620 5780
3117 8018
1632 1577
9330 9732
6949 2254
3067 5520
3459 460
7611 159
2770 2074
822 1691
2049 9775
5895 1751
5883 2928
8587 8728
4883 2828
6882 3046
4668 3816
2339 1232
2273 4561
5357 7062
7510 8859
6108 9309
3906 6247
8892 8815
9002 1881
3845 9993
8492 3893
2398 1826
3437 2786
1685 6680
9993 4274
9254 704
2130 105
1376 9510
8568 1767
5172 8136
2396 3143
4670 5399
1822 8429
7103 8830
3535 6608
7868 423
2246 1869
6698 3057
752 1106
5869 6580
2653 8389
3530 5385
598 7591
6620 1043
1901 625
5539 9107
8498 9738
7746 3201
8074 6137
4603 1983
1572 5357
4417 6569
7431 4792
1772 2739
6591 6078
1109 9070
5911 8385
344 4680
2383 6459
924 7900
3277 9942
9971 1360
558 5876
2279 2470
5824 9259
9321 7493
9981 3725
8245 2287
2084 3756
2170 2722
2482 9567
2672 6877
2169 5863
3132 2409
8785 9466
4032 1997
7779 8213
1570 8895
5429 7670
2736 9936
8351 8052
7413 2971
1490 2350
7703 2278
5243 3424
5862 1578
627 8079
404 5496
2632 3629
2679 5871
870 6150
8627 7460
5615 8526
2045 7214
1178 3395
2852 5193
9520 7091
9606 6939
6001 870
5712 8102
6209 7499
7442 4213
2764 9587
565 7318
1512 5035
6440 3779
4055 8863
2114 7951
9254 1904
1160 781
286 4856
8757 8616
3301 5778
6895 936
8001 3711
7340 8714
4996 7943
5807 1372
7370 8329
6717 7572
2828 4050
5953 5654
9617 7185
5053 3575
4580 10
9346 2023
5956 5798
2539 5776
6255 7107
9613 5177
1946 8492
8114 2603
5103 6971
3710 389
1244 6558
870 2657
5383 373
6248 7387
4084 8553
1443 3264
7747 5318
6337 734
8703 1777
5939 3074
8061 8694
5148 5682
2295 5907
6396 4433
1639 3171
4734 2816
9037 4904
1889 4989
4366 5799
4856 9494
986 8129
5369 4590
587 4339
9775 3583
595 9606
4271 7799
724 9262
7433 6925
6546 9361
1999 5390
4833 4140
449 2460
438 1263
8953 9653
2240 5738
7265 8198
8838 2612
3309 6780
5784 1743
4874 1276
5324 851
5418 2072
3446 9617
3733 9295
8594 637
6911 4881
3797 1946
1735 1684
4594 6721
3507 2370
9266 1397
879 7233
7669 8463
9985 1776
4785 4444
1116 6022
3565 7600
1424 8802
9812 1219
3942 8867
9365 8697
6811 8376
7833 3139
3659 8303
3597 9225
4488 4459
1295 5915
1670 629
7888 9324
1052 5490
7137 3359
8146 3039
8684 3429
1005 8628
1479 7983
430 5752
309 8465
3244 7344
5624 3953
0.7435 0.6171 0.2826 0.8984 0.3587 0.5297 0.1614 0.8194 0.8655 0.6220 0.5751
0.6113 0.3974 0.3980 0.4392 0.3226 0.1252 0.6158 0.8354 0.8707 0.1550 0.8545
0.1209 0.1429 0.5990 0.7675 0.5818 0.4399 0.4051 0.5989 0.3214 0.6328 0.7054
0.1731 0.6543 0.4412 0.5937 0.7705 0.5630 0.6137 0.6372 0.3548 0.6562 0.4456
0.7995 0.2552 0.6758 0.5652 0.6433 0.6105 0.8198 0.8720 0.4811 0.2773 0.8197
0.1735 0.4802 0.8653 0.3471 0.5983 0.6745 0.7987 0.8817 0.3678 0.1928 0.2224
0.5800 0.3422 0.6675 0.6122 0.8561 0.3188 0.4251 0.2017 0.5080 0.2299 0.1868
0.6112 0.4493 0.7947 0.7915 0.2424 0.3952 0.7808 0.8414 0.7759 0.8262 0.1125
0.2862 0.3919 0.5789 0.7736 0.5616 0.8425 0.1209 0.5815 0.6901 0.2841 0.3496
0.4914 0.5605 0.8228 0.6874 0.1388 0.4241 0.5761 0.8536 0.5852 0.3193 0.8969
0.3522 0.8640 0.3308 0.2812 0.6552 0.5848 0.7635 0.5393 0.6072 0.6186 0.7828
0.2897 0.1365 0.1706 0.7269 0.3025 0.6794 0.2118 0.5898 0.2399 0.3735 0.7164
0.1733 0.5157 0.5997 0.8396 0.2111 0.3064 0.7408 0.3629 0.7363 0.7989 0.1403
0.1247 0.7433 0.5356 0.7775 0.8004 0.6335 0.1798 0.8478 0.8128 0.8341 0.6665
0.3881 0.5390 0.5351 0.5317 0.6845 0.5837 0.4649 0.3346 0.8930 0.4149 0.6509
0.8905 0.6405 0.2513 0.6313 0.1667 0.7035 0.8700 0.8537 0.1903 0.5377 0.3090
0.6254 0.8423 0.7645 0.2229 0.3669 0.3331 0.3182 0.1369 0.5301 0.4393 0.6146
0.7567 0.7768 0.8961 0.4168 0.8033 0.5821 0.1895 0.8988 0.5761 0.8369 0.5295
0.4144 0.4363 0.6490 0.7108 0.7043 0.6999 0.6878 0.3673 0.6913 0.1830 0.7917
0.7613 0.7029 0.4341 0.7585 0.7764 0.4247 0.4615 0.2840 0.5905 0.4900 0.5857
0.1575 0.4570 0.1664 0.6955 0.7273 0.8696 0.3260 0.2829 0.4520 0.2426 0.6267
0.5372 0.4410 0.1961 0.2836 0.7186 0.4497 0.1634 0.6550 0.2005 0.1695 0.2597
0.8275 0.6203 0.8230 0.4758 0.4970 0.5301 0.6978 0.5096 0.8451 0.8298 0.8287
0.8102 0.1639 0.5001 0.2887 0.4912 0.6787 0.2691 0.2365 0.5456 0.4090 0.4566
