11 139 15
1683 5821
2251 3778
179 5744
1224 6786
8813 6580
6922 6205
8162 8684
2567 1925
5779 7709
2589 1290
3617 798
3951 4473
8846 7623
4847 6412
5110 8538
9620 977
4214 5146
8299 4902
6238 6887
8159 4909
41 3004
3026 8814
3254 8754
2106 3484
6855 5015
2511 1523
4923 1126
2696 2530
2584 69
3584 9000
9663 681
4060 3617
8879 5058
8077 4096
4503 2378
8462 7807
697 2291
6307 854
1383 4193
8876 6442
7095 8290
9048 7503
5235 8999
6964 8528
3007 2190
4299 1412
8059 8385
6378 6545
8322 630
9970 8917
8460 8919
4344 5111
8160 8530
4562 9015
2406 630
1573 1734
2128 2682
8761 7464
25 6481
9035 9831
706 6096
1435 9228
3480 996
4186 9957
6233 6082
9210 8418
9437 3014
3534 4319
8212 1111
6634 7369
2958 5231
2980 8215
6998 3020
4158 3807
7120 7378
3063 5266
1669 2460
2364 9819
4645 4209
7572 7190
1961 8437
3816 5679
2176 308
1743 1045
7780 5273
7787 5683
426 8161
9830 328
3938 1835
4137 2831
9743 5281
6245 7276
6518 7352
4867 6714
5966 232
1145 9582
601 8538
9201 154
4564 388
2602 7749
5244 3688
9563 9649
5165 9356
4474 4041
318 6699
5405 118
4127 99
912 7591
1664 4562
7879 5855
5278 4447
895 8159
5400 3200
315 8511
8873 7058
6517 9845
5460 8997
2812 2555
4059 8601
2143 9627
841 5792
3160 9665
8850 9596
3960 6104
9769 4296
2879 8435
5468 6423
80 2509
4960 1643
8386 8471
2148 4581
6824 1330
3585 3151
5132 1410
9229 3278
9745 4046
3628 1419
7625 8515
6531 588
1558 4801
9381 8720
6644 931
9479 5943
6787 7527
5995 2375
6889 4645
5347 9272
4616 2367
5047 6587
9066 2906
0.3626 0.2778 0.3161 0.3135 0.8425 0.1809 0.6897 0.8012 0.4023 0.4281 0.4635
0.1535 0.6919 0.8161 0.5400 0.2481 0.3815 0.8652 0.8287 0.3494 0.5179 0.6982
0.7157 0.5329 0.1460 0.2340 0.1642 0.3472 0.8867 0.4125 0.3316 0.3451 0.6825
0.6250 0.3750 0.5219 0.8931 0.5822 0.7444 0.3252 0.6984 0.6593 0.6510 0.7288
0.8323 0.4676 0.3294 0.6755 0.8950 0.1648 0.2469 0.7122 0.5750 0.8308 0.7727
0.2768 0.4567 0.5626 0.4687 0.5744 0.1667 0.4813 0.3818 0.7313 0.1342 0.3116
0.2289 0.6252 0.2160 0.3252 0.7069 0.8072 0.1889 0.6677 0.5713 0.1190 0.2678
0.6052 0.2451 0.4648 0.7955 0.2487 0.2225 0.4699 0.2839 0.6230 0.7534 0.3954
0.7182 0.8377 0.1284 0.3184 0.8285 0.2983 0.3147 0.1153 0.8966 0.5207 0.5131
0.2590 0.3490 0.5910 0.5389 0.5711 0.2322 0.1387 0.2361 0.1335 0.4780 0.4033
0.7074 0.4966 0.8319 0.6414 0.5741 0.5640 0.2711 0.6371 0.6021 0.1017 0.6127
0.2436 0.5750 0.3343 0.1763 0.3380 0.6655 0.2111 0.6325 0.2279 0.2408 0.3533
0.6886 0.4447 0.8072 0.2478 0.5499 0.4760 0.7322 0.5586 0.1390 0.3750 0.7997
0.2608 0.5085 0.3201 0.8190 0.8920 0.5704 0.7172 0.3650 0.4622 0.2714 0.3050
0.5692 0.5215 0.5919 0.2814 0.5461 0.4304 0.5651 0.5950 0.5031 0.2781 0.3172
