5 111 9
8258 8065
9056 2323
4535 1599
8044 6783
9222 1454
9558 7853
5772 4250
1757 1157
7732 1956
4871 4636
5324 2223
8546 2972
3112 3841
6918 8052
943 9279
2568 9455
6774 6694
6486 9601
7680 2571
7303 4637
9892 1076
5017 5420
3038 8944
4606 3937
1986 6246
8471 5961
3990 17
4257 9059
2886 1453
8931 6152
640 3307
5417 8143
9757 1027
2015 4978
2465 9760
3623 2560
2223 337
9537 3626
6726 3880
2697 5275
3958 6288
9150 1194
5135 8371
1213 5734
9747 6642
5376 7605
7117 5568
2641 1095
1972 7678
1012 9090
5646 6935
6340 605
4819 6847
4980 218
5012 8827
3752 3427
7488 633
428 4577
9672 7289
9035 660
2488 7021
5599 496
2031 5986
5886 1649
2401 2891
558 4427
1330 8658
5995 6378
9158 9618
1486 9592
4572 205
4696 4240
2017 3489
2871 1858
6272 1940
9194 2829
3864 5845
1592 7994
4524 5508
3622 137
7659 1712
5451 1622
9497 1197
8119 1265
872 4024
7761 1129
8668 576
2074 8523
3750 9157
1245 7222
4943 2592
302 6364
923 1807
4245 6511
3896 5437
7206 7010
5953 1944
3743 4536
9943 5748
7268 3570
3235 3617
4232 2497
3842 569
2222 4585
9562 1095
7888 9369
7980 3536
5228 211
3356 6655
7615 9661
4382 7630
8451 9174
4458 5967
8847 349
5010 7012
8102 94
0.5225 0.8672 0.6923 0.7140 0.3248
0.2339 0.3491 0.2318 0.8402 0.5035
0.2468 0.3830 0.5697 0.1125 0.1413
0.1145 0.5369 0.5537 0.5186 0.4389
0.1093 0.7742 0.2994 0.7414 0.8842
0.5178 0.6241 0.4317 0.3249 0.8135
0.6343 0.8457 0.2511 0.4678 0.7303
0.5851 0.8872 0.3121 0.5305 0.8698
0.6080 0.3561 0.5524 0.4540 0.4501
