13 190 35
2833 2729
8911 6798
8300 3119
1477 2391
9407 2455
8315 1319
405 8296
2935 71
6511 3114
6403 8740
8125 2981
4537 5147
3072 3768
7710 5496
1411 8026
5925 2640
7081 8154
8814 4758
3806 5575
6199 8334
7939 3985
4125 3265
9616 6405
8077 9231
5610 3660
9454 6800
2540 1989
3603 5586
279 4764
5140 6506
1175 8012
8616 3369
2073 5129
9334 1549
810 6609
3220 4500
2615 9976
7754 6175
9894 8393
5911 7259
6987 1487
4528 9401
6458 9506
6318 8796
378 9974
262 9324
8508 9171
4168 2097
5381 8049
1776 3226
7115 550
3666 7809
3508 5155
6601 6002
8389 230
3258 3708
4315 5730
6925 1822
6279 3225
9855 351
7563 9074
82 1843
6721 8407
3178 7098
989 6568
5276 1738
5093 5796
7651 4411
2060 1890
9673 1687
73 326
6491 4992
2378 2019
4340 4436
3261 1468
1292 5943
4705 7469
4012 4309
8384 8514
3969 4730
7767 1126
8657 3765
3832 9311
8453 483
7001 6536
3415 3240
4631 8697
9478 2723
7540 646
1718 9989
3071 5021
8422 7346
6372 2938
1147 1783
3782 8616
8619 7229
1067 5329
8379 1506
490 1706
5274 475
7250 101
2625 375
96 3700
29 6698
7866 9030
4192 6042
5730 2647
7470 5
895 6932
7061 5873
9820 7842
8740 7899
36 3600
330 8694
987 4016
1357 1993
2960 3517
1953 9034
4579 578
4295 3331
5674 1144
6932 2510
3281 4948
6048 7092
3907 9453
1940 5689
3826 956
8038 5570
2592 4167
7622 1142
6087 9597
6353 3797
7847 6855
3585 843
3851 4812
6100 5271
5978 1178
8627 7612
5979 8944
7517 6625
7350 7499
8695 436
6026 1848
7037 5564
1600 8404
8925 2203
8878 6179
6705 2577
6670 5502
1775 1139
3198 3880
6840 7893
6623 9854
8694 3044
4255 1626
2641 1941
8146 5491
7923 6274
1164 9921
5916 7592
763 5164
2176 7808
5518 2123
557 9877
251 5207
742 3819
9590 8007
1544 7432
8020 9906
2280 5717
6304 9399
8281 8198
9527 2957
8161 3368
4965 9886
7263 1113
6633 720
8597 8616
7052 3966
5020 4452
241 266
382 1961
9893 6705
770 2998
2363 5946
8443 8822
9694 7046
9720 9694
8290 6463
655 4819
8955 5771
2266 4597
4605 2863
3826 6736
4134 7583
7583 3729
7327 4213
9269 4302
7680 4571
7910 4937
5624 7842
1673 8752
9004 8405
0.5374 0.1222 0.7279 0.8223 0.5614 0.5495 0.2841 0.4850 0.6584 0.4729 0.2312 0.6279 0.3180
0.4263 0.2727 0.1096 0.7407 0.6396 0.8360 0.1383 0.3666 0.4006 0.5270 0.7285 0.2772 0.2971
0.8350 0.3871 0.8330 0.3928 0.1804 0.3813 0.3244 0.2913 0.3602 0.8335 0.2077 0.3263 0.1538
0.7896 0.5076 0.4688 0.3564 0.3186 0.1988 0.1517 0.5366 0.2031 0.2350 0.5356 0.6719 0.3739
0.8629 0.4438 0.2118 0.6197 0.2926 0.8192 0.8420 0.1323 0.3645 0.2824 0.1990 0.8531 0.8928
0.8651 0.1506 0.7899 0.3096 0.4688 0.6172 0.3984 0.1436 0.6052 0.4186 0.8097 0.3597 0.7550
0.8992 0.3373 0.1526 0.4173 0.4418 0.3626 0.1733 0.2708 0.5225 0.1214 0.4481 0.1783 0.6242
0.1799 0.5773 0.5192 0.4633 0.4422 0.7963 0.2036 0.1966 0.3199 0.1435 0.7072 0.3378 0.5156
0.6475 0.2539 0.3842 0.3258 0.8189 0.7552 0.6100 0.7660 0.8586 0.2806 0.1101 0.6006 0.1189
0.7898 0.6837 0.3154 0.5753 0.3702 0.7869 0.5103 0.7664 0.5906 0.6831 0.5883 0.1255 0.4988
0.8477 0.2963 0.3670 0.4615 0.8129 0.3348 0.2183 0.3077 0.6148 0.4245 0.4620 0.3515 0.1959
0.4956 0.3807 0.5443 0.4735 0.2492 0.3641 0.1514 0.7905 0.3736 0.1569 0.8365 0.8666 0.1953
0.8078 0.1801 0.5239 0.3653 0.3182 0.3167 0.3451 0.7169 0.4471 0.5784 0.6788 0.4862 0.3272
0.5895 0.5829 0.4160 0.4101 0.8831 0.7136 0.2718 0.7382 0.1994 0.2122 0.1852 0.6931 0.7610
0.8452 0.8069 0.7417 0.4584 0.8374 0.1868 0.8643 0.4321 0.8609 0.6971 0.6310 0.4336 0.6358
0.2114 0.6956 0.1390 0.2054 0.4181 0.3791 0.3485 0.8800 0.3068 0.5247 0.1960 0.2771 0.7261
0.4175 0.2962 0.4294 0.4327 0.2524 0.3434 0.7619 0.1177 0.8035 0.2099 0.5681 0.4075 0.7728
0.6902 0.7484 0.7277 0.4948 0.7585 0.5228 0.7861 0.8755 0.5572 0.1183 0.5189 0.6177 0.2966
0.3580 0.1531 0.1719 0.2109 0.5855 0.2830 0.5397 0.4050 0.7459 0.2463 0.8929 0.2884 0.5544
0.4115 0.3588 0.8136 0.1631 0.7702 0.5694 0.4822 0.5269 0.8207 0.5968 0.8599 0.1673 0.8170
0.7121 0.1465 0.1715 0.4344 0.2155 0.5322 0.4170 0.6682 0.5284 0.7663 0.6930 0.3891 0.3199
0.5147 0.2148 0.1504 0.1366 0.1106 0.7341 0.3269 0.2202 0.1256 0.4471 0.1740 0.3015 0.6003
0.3207 0.3535 0.6693 0.6928 0.5083 0.1840 0.1773 0.8016 0.2350 0.5999 0.7295 0.1996 0.3113
0.6230 0.7513 0.3180 0.1654 0.3436 0.6229 0.6436 0.7845 0.8369 0.3231 0.7121 0.3139 0.4585
0.5972 0.4351 0.6208 0.3047 0.1322 0.3163 0.3362 0.8660 0.3954 0.1853 0.4594 0.7210 0.6723
0.7681 0.7658 0.3507 0.5937 0.8884 0.3503 0.7349 0.3310 0.6102 0.2963 0.7698 0.2638 0.5071
0.5070 0.2627 0.4928 0.7268 0.5021 0.7179 0.4119 0.2779 0.1214 0.2118 0.2015 0.1787 0.1290
0.3277 0.6861 0.6703 0.2361 0.6504 0.2378 0.8091 0.7980 0.8355 0.4468 0.5852 0.8066 0.5680
0.3080 0.2358 0.4417 0.6421 0.1244 0.1180 0.5391 0.5373 0.5006 0.8749 0.7090 0.6483 0.1555
0.4831 0.2435 0.7359 0.6875 0.1076 0.5711 0.2268 0.1686 0.1527 0.3259 0.6230 0.6413 0.8957
0.8383 0.7084 0.6643 0.5733 0.6710 0.2716 0.8368 0.1769 0.4248 0.1259 0.1710 0.7258 0.2135
0.2324 0.4481 0.5293 0.5602 0.8645 0.1471 0.8054 0.8519 0.8064 0.8126 0.3607 0.8387 0.8807
0.6551 0.5579 0.5302 0.3988 0.8395 0.1885 0.2064 0.7902 0.3930 0.5478 0.8399 0.6530 0.5157
0.8224 0.3498 0.5356 0.2275 0.3588 0.4407 0.4360 0.3577 0.4271 0.6363 0.3610 0.2041 0.6965
0.7797 0.1344 0.5906 0.4195 0.3100 0.4883 0.3587 0.7615 0.1298 0.6595 0.4754 0.3139 0.7530
