13 320 47
6824 4310
3815 7458
2350 2690
7403 9209
1511 5339
3298 8234
2414 4097
8778 4908
9385 9661
4151 1583
3216 6237
7357 1018
5924 745
791 1258
1334 9257
7680 6992
5020 957
3351 4941
2068 568
963 2407
9989 2738
6035 8534
5376 7139
2000 786
6692 3299
2334 1484
8907 5841
3798 3397
7572 3012
7336 8320
1105 443
9259 4531
6749 5495
7757 5659
1341 9132
7460 6909
4601 5357
2268 2141
6882 7460
1448 4907
9092 3090
2844 5565
8339 3459
8490 463
7047 9527
757 7780
600 5304
5846 4085
8781 7212
3163 8365
7379 8492
4128 3882
8994 9288
2665 3767
2551 6534
9864 5014
686 2487
4408 9082
5544 5365
8375 5558
4029 1376
2190 2991
2750 50
5289 2603
304 4785
8713 8542
4108 5510
3470 4417
7428 630
9205 758
5936 5647
5346 4085
8006 3843
9011 7889
2807 4460
1202 5423
8551 5559
4699 7784
9630 5917
2754 8862
8135 5471
4177 2535
5060 4385
1299 325
7215 545
8387 1981
4037 1809
2205 6573
7739 4071
4137 5780
6592 6770
8617 5779
2390 4477
8669 8654
7583 9104
6414 1792
6315 4931
4466 8612
5954 9545
1931 5625
4807 4596
3489 514
2323 8594
7651 7462
5126 3010
1097 8386
8842 4717
4459 1563
1102 6420
1680 3710
5019 7671
3908 360
6025 5310
8134 7677
2791 7537
7747 2808
8778 1762
9777 3658
3849 8018
1755 8006
8999 1969
9776 8123
2066 8504
6200 6259
8527 1935
4514 6045
7304 313
8233 8422
201 3783
2430 9576
5856 3740
2640 8109
6447 7659
4611 8142
268 4152
5079 6418
5713 2597
1584 1273
8324 4494
8811 7512
6732 803
3599 4186
6158 4733
7712 7733
1802 9409
7221 249
4208 8082
1101 307
3859 2886
6209 8557
8310 7263
7559 8449
4139 756
6108 7505
8113 7966
9144 2533
4910 8245
2440 6060
5907 3848
7504 4319
2914 4165
1125 5810
2653 6601
7084 9681
9854 5946
9730 5982
4611 646
1490 806
5881 7363
9132 5372
7867 1659
1167 8792
2831 349
4351 4848
8611 6522
8672 1871
9575 1423
9708 5627
2130 1212
3865 2136
800 8646
3124 4834
6601 5266
3905 3886
3984 3729
5800 3141
7110 7875
3728 4196
2983 8717
1708 4648
3652 1208
6234 2596
9716 267
4364 6544
1467 317
7770 7912
4446 9408
3565 7837
1683 268
4230 8277
5824 6542
1453 8099
216 5722
5615 5453
3302 5790
5773 7603
7170 5374
2345 5523
9991 2950
1585 5983
4210 2102
5014 9056
7307 3016
92 2061
6198 417
8949 7148
1343 4775
4406 3225
8315 5981
2070 7877
1763 6516
5603 2492
6311 7788
8705 2661
1823 7487
4450 6214
4059 6948
5227 8187
4273 9276
4453 5010
4272 9136
141 8965
3044 4529
9997 1945
1444 599
8820 57
1810 720
1922 4172
381 2774
7276 2241
7931 1305
3831 4435
5073 6938
7949 3150
8715 4014
4649 2029
5417 8616
6957 8596
1092 2562
3418 4006
3485 2094
5919 5286
3385 2649
8071 264
1637 7092
6993 2609
1234 4326
8082 3609
305 6397
6650 2250
7408 196
6551 4749
7465 4660
8941 7285
4683 6451
7263 8565
6428 245
3016 4985
1224 221
4382 7780
5348 1836
8235 343
2314 9169
316 3116
5398 563
4 6814
8911 6218
5344 4935
9707 7330
1301 2665
9374 9383
7648 897
9529 7880
6910 544
4903 2974
6018 5903
2022 7624
7200 8831
4348 7147
7513 127
6161 7664
6691 5126
9518 4994
9024 3949
439 4443
3832 5183
2846 4834
834 3276
4805 6377
3234 9259
3193 4464
8170 9229
9558 6272
4474 3015
3176 4210
8345 2846
2495 2614
7540 1662
6756 1079
9966 3235
5705 3979
6698 3012
268 8688
8274 1685
6142 5145
4632 1617
3946 6374
8917 5613
819 7501
9875 2305
1276 8492
8714 8871
2481 6180
1957 3177
3964 8561
8557 2442
5453 3434
6915 7130
5921 9431
5952 8086
834 5348
9639 3645
1954 6982
0.8580 0.2090 0.2202 0.2852 0.1210 0.2914 0.1805 0.7298 0.8994 0.5590 0.7803 0.4695 0.8727
0.6103 0.2392 0.4992 0.4416 0.1572 0.2754 0.7825 0.1594 0.7070 0.5982 0.2696 0.2584 0.1609
0.1599 0.3354 0.3307 0.3912 0.1486 0.5641 0.1677 0.7330 0.5745 0.3634 0.7727 0.4205 0.5151
0.7133 0.6822 0.3877 0.7322 0.3443 0.2242 0.5545 0.2994 0.3443 0.5351 0.8375 0.7953 0.1523
0.6062 0.6374 0.2960 0.6524 0.4698 0.2476 0.8226 0.2315 0.5418 0.7454 0.3627 0.5949 0.8722
0.4006 0.6429 0.3443 0.8992 0.1738 0.7305 0.7029 0.6009 0.1904 0.2126 0.1672 0.7918 0.7153
0.5387 0.5725 0.2624 0.7872 0.7234 0.7141 0.5060 0.5813 0.1294 0.8793 0.7900 0.6608 0.4083
0.5437 0.7736 0.4722 0.5254 0.1485 0.4993 0.7252 0.3121 0.5387 0.6818 0.6157 0.1782 0.8630
0.4566 0.4122 0.6127 0.4489 0.1271 0.6957 0.4420 0.4895 0.7712 0.5638 0.6167 0.7280 0.1505
0.2235 0.6067 0.7952 0.1117 0.8914 0.3242 0.2530 0.1654 0.6285 0.6875 0.2135 0.4683 0.1729
0.4666 0.7591 0.2651 0.3868 0.6310 0.7592 0.2795 0.1907 0.3184 0.6798 0.7795 0.1868 0.3428
0.1646 0.2147 0.4795 0.2320 0.1204 0.8468 0.7854 0.8616 0.1810 0.2048 0.2463 0.2726 0.5590
0.7106 0.7862 0.4816 0.8677 0.6690 0.3564 0.6799 0.8567 0.3300 0.2635 0.7943 0.6190 0.8332
0.5662 0.7145 0.6138 0.7749 0.8787 0.7313 0.8125 0.7783 0.7742 0.4376 0.3219 0.2910 0.1603
0.6519 0.1685 0.8586 0.7526 0.2060 0.4536 0.1748 0.3731 0.1253 0.3911 0.1060 0.8137 0.8681
0.7626 0.4175 0.3050 0.1373 0.7649 0.4691 0.5593 0.2867 0.1621 0.1722 0.7434 0.1306 0.8422
0.1250 0.7457 0.2553 0.1639 0.8213 0.8271 0.4375 0.1942 0.3764 0.8961 0.2277 0.1631 0.1274
0.4125 0.8032 0.4064 0.3175 0.4651 0.1533 0.2603 0.8503 0.6397 0.5051 0.2968 0.1984 0.3826
0.5925 0.6929 0.3463 0.2835 0.7448 0.2772 0.6300 0.1516 0.8675 0.4840 0.2937 0.2308 0.8838
0.7711 0.6467 0.4716 0.5786 0.3969 0.1138 0.8948 0.1267 0.5535 0.2225 0.8360 0.5629 0.1775
0.6230 0.4327 0.7878 0.7042 0.8658 0.9000 0.8776 0.7292 0.5064 0.8285 0.2873 0.7157 0.7478
0.6856 0.4711 0.2202 0.4819 0.1274 0.4739 0.2840 0.6964 0.2694 0.2827 0.5948 0.2476 0.4505
0.1992 0.4065 0.7824 0.3473 0.2989 0.5728 0.8920 0.4720 0.8987 0.1816 0.1918 0.8778 0.4765
0.4478 0.3199 0.4719 0.4068 0.6861 0.8825 0.5948 0.7833 0.3774 0.2476 0.8287 0.2779 0.3818
0.2623 0.4820 0.3692 0.3479 0.3095 0.3831 0.2580 0.4099 0.6176 0.5548 0.3832 0.8341 0.3338
0.1400 0.3361 0.2659 0.1784 0.6238 0.3968 0.5184 0.8127 0.1627 0.6583 0.7323 0.7616 0.3484
0.7389 0.8591 0.5991 0.5081 0.8423 0.7644 0.5729 0.6267 0.8530 0.1398 0.5675 0.6569 0.4700
0.5690 0.4418 0.2638 0.7245 0.5660 0.2334 0.6402 0.3372 0.5025 0.4460 0.8238 0.4678 0.4927
0.4010 0.6968 0.6444 0.7776 0.6298 0.4178 0.4141 0.7010 0.4921 0.7135 0.5658 0.8242 0.5324
0.7798 0.3959 0.6779 0.4383 0.5174 0.5999 0.3436 0.2312 0.3667 0.2637 0.2909 0.6252 0.4000
0.6962 0.2603 0.4688 0.4340 0.8979 0.2406 0.5988 0.8586 0.5021 0.5140 0.8381 0.1043 0.1394
0.4823 0.8892 0.8924 0.8372 0.3025 0.6992 0.3857 0.8532 0.6648 0.3023 0.2071 0.3714 0.2103
0.1725 0.8614 0.7353 0.6816 0.8144 0.8757 0.6025 0.4463 0.2633 0.3854 0.7171 0.1333 0.5320
0.7045 0.6374 0.4017 0.4228 0.8258 0.7641 0.5743 0.1360 0.1904 0.5742 0.4478 0.8782 0.1002
0.8271 0.7279 0.5952 0.2762 0.6825 0.7822 0.1622 0.8848 0.8781 0.7035 0.2902 0.7480 0.3263
0.6105 0.4913 0.2499 0.5439 0.6945 0.8560 0.5826 0.6414 0.7459 0.2887 0.3375 0.2556 0.4981
0.2050 0.3610 0.4788 0.5105 0.4594 0.5857 0.7008 0.8344 0.8640 0.8542 0.1602 0.7220 0.8839
0.4656 0.3990 0.2884 0.1739 0.7050 0.7738 0.7527 0.6937 0.4111 0.4151 0.4186 0.6317 0.5765
0.4676 0.8635 0.2310 0.8093 0.4140 0.7230 0.1386 0.4887 0.1106 0.1657 0.2696 0.3804 0.1792
0.5497 0.2471 0.3881 0.1987 0.3646 0.3768 0.5027 0.3853 0.3070 0.5467 0.7650 0.6036 0.7185
0.7478 0.8406 0.4695 0.7988 0.4111 0.4920 0.7457 0.8539 0.4688 0.8020 0.8473 0.7872 0.8276
0.2939 0.4162 0.7878 0.5542 0.8649 0.1308 0.5930 0.6014 0.8088 0.7232 0.2339 0.6917 0.4006
0.4041 0.1307 0.4358 0.1705 0.5871 0.3747 0.6208 0.3652 0.8760 0.8090 0.5266 0.1032 0.5319
0.6877 0.7908 0.6620 0.8218 0.7111 0.6018 0.1662 0.6303 0.5303 0.3741 0.8659 0.6748 0.6683
0.3254 0.2431 0.6919 0.3838 0.1460 0.5505 0.5806 0.6868 0.6030 0.4941 0.7794 0.6784 0.7850
0.2621 0.3542 0.4083 0.2995 0.1020 0.2994 0.6551 0.1790 0.3351 0.3353 0.4232 0.8778 0.7067
0.3025 0.1192 0.5837 0.1872 0.1525 0.6140 0.4654 0.7833 0.2424 0.7315 0.7226 0.1327 0.6287
