11 371 44
7110 1433
8441 4513
984 8983
2428 7842
4673 7092
1716 3645
5255 4225
8333 5160
6049 6010
66 1203
2601 4593
9018 8704
7745 7652
8054 5764
2413 4519
1539 7697
2299 2411
2234 5099
1142 6047
3579 4621
6233 4708
961 6176
2825 4421
4765 2827
4358 8936
7800 5548
8564 5485
4150 5402
6426 8418
145 1726
4814 641
4686 4772
1318 2947
3615 1146
5406 1278
8037 3309
1988 2552
1783 2112
2821 6932
8596 1665
2994 6633
4092 195
500 2524
2247 7797
5155 9651
8407 4410
749 8484
2354 9379
4290 9723
2562 4158
1760 1003
5020 8198
4251 6042
6659 1421
8085 5329
4601 3440
3709 8159
9615 8755
6008 3663
702 3108
3500 7033
4698 6941
9158 8072
7720 606
8127 9716
1992 8621
280 1605
1995 692
4830 5676
5779 8479
5099 6174
2022 9483
4113 2358
7978 6926
6038 2939
3508 4762
9703 2776
7393 3718
7122 5358
7761 2859
9836 5744
9603 5834
9118 1249
7441 4416
6175 6095
2853 887
4118 8568
7321 1574
3704 391
4022 709
4164 9958
7548 3347
1223 5785
8422 5343
681 1671
1263 7234
7971 4322
3661 3398
2426 8792
3174 4402
8269 4124
2454 8467
5685 8551
3504 7970
2681 5361
8802 6003
4757 7622
2502 6403
9588 64
1656 3763
743 3294
9410 8909
1792 7198
891 7079
8328 6012
3514 4229
4061 3620
3524 3751
874 526
3764 3758
1179 4506
9604 3229
7246 9012
6217 180
1855 8586
9324 4544
4743 5029
2826 2305
5473 7006
9914 4816
1207 1991
8175 7103
942 3791
1136 7600
7414 6238
2094 6556
2969 2799
1065 9860
6350 7932
773 8993
55 373
8852 2697
3558 6522
6054 9196
619 8430
4294 5143
4778 2636
3035 8013
1590 9520
7558 843
6845 5659
4315 651
4916 574
2611 7833
7978 8283
1120 2628
6038 3202
6235 7989
209 8953
9723 6670
8337 5714
1727 6027
8224 2860
4306 7076
9405 4914
2535 9976
216 5697
2292 1069
9181 6003
2712 1127
7274 366
6950 5034
3855 6671
7256 5166
4783 3558
5640 9566
6771 6167
5323 6814
6853 9222
7894 8359
2227 9591
8886 9283
4772 28
2997 6418
4 927
114 3517
752 2492
1364 3701
7568 113
9994 7182
5222 2521
2329 4115
431 7708
2541 3324
9422 6249
3643 3962
4649 2591
9507 7456
8339 4534
7436 5680
6490 3561
7646 3119
8912 6282
8534 4083
556 8956
9106 622
9023 1968
547 60
6508 2664
7962 4976
3468 6424
2492 2186
5793 6415
8272 2993
7052 7256
3326 8314
9674 301
4259 3039
4438 3906
8937 7385
2065 1234
3917 6569
104 4240
891 2780
4036 3244
3775 2984
8913 3635
5386 8938
8094 8322
866 7819
6352 2583
5877 290
3671 5232
8469 9539
8233 9724
5896 6730
2005 8976
424 4125
6407 7123
3044 8752
5390 4632
9396 3871
7388 5077
3015 4534
7861 7031
1011 1758
2669 5803
729 9606
8551 7548
2858 3000
681 796
2952 8350
3038 2520
6184 4419
4635 8481
3926 5302
2203 7343
5921 4890
4054 5780
9934 3074
9096 1641
693 7000
2548 5534
6245 8905
6136 2449
9214 8324
7290 3034
6672 5923
4802 1112
9131 8882
5222 4530
5375 8316
622 7874
5725 8881
1197 9223
833 3927
9944 3235
1681 1605
4395 4184
9243 9865
5311 4870
2970 667
2700 3811
2523 9218
5009 4440
146 516
4050 2437
7620 264
3577 9083
2250 4608
9745 4121
3910 4156
7481 3004
6864 9819
7812 9285
474 8784
9439 2586
3784 7313
1310 7969
9307 405
8471 5098
9372 8500
5719 3102
9463 2032
8297 8416
6484 9795
4558 5325
5146 8822
7131 6856
8451 1416
1959 4521
5025 7023
2092 1567
3054 6318
5090 2713
7516 1469
9228 3222
2078 4197
8825 6958
815 6887
3862 1033
9969 7607
9707 4432
3308 4772
3467 6139
6956 4531
3106 6740
811 5352
4874 4188
5461 9527
7972 8936
3924 5479
3661 6744
9261 8072
2239 3346
6220 387
8140 8000
4915 5135
8417 1621
1061 9301
4644 6497
4410 4930
9550 9806
6335 2478
6292 6685
9839 5430
709 5377
9461 6757
9998 5195
9435 9097
3573 5188
7256 862
3677 1435
2983 8885
1779 7384
1991 1765
2524 2041
5388 4495
8915 4123
5679 5277
3921 841
3819 2868
9649 472
9038 3661
3395 1245
8024 8172
8368 4916
5462 5427
7257 8517
3950 8175
2692 1578
3972 1276
8412 837
7414 836
7294 8001
504 6320
6587 1751
8883 1180
2096 4488
4006 2152
7615 7031
6493 922
0.5608 0.2867 0.7536 0.4154 0.3797 0.1203 0.6364 0.5423 0.4612 0.2592 0.8577
0.1112 0.4226 0.6193 0.7161 0.1078 0.5579 0.5939 0.2233 0.5252 0.3044 0.8598
0.1435 0.5367 0.6632 0.1210 0.4270 0.2344 0.8762 0.8206 0.4702 0.8101 0.3335
0.2349 0.8877 0.8922 0.3236 0.6372 0.5935 0.2028 0.5535 0.8753 0.1594 0.3190
0.2927 0.6696 0.5014 0.1649 0.3756 0.5749 0.5415 0.4078 0.1717 0.5523 0.6251
0.6129 0.8124 0.8536 0.5878 0.2192 0.5081 0.1223 0.7930 0.6900 0.2638 0.3761
0.8877 0.1660 0.3188 0.3292 0.6778 0.1921 0.2873 0.7115 0.2780 0.8641 0.4697
0.4276 0.3924 0.4216 0.6429 0.2923 0.2876 0.4537 0.4794 0.4117 0.5920 0.1172
0.2091 0.2852 0.3267 0.3807 0.1568 0.7605 0.7202 0.2048 0.8873 0.4417 0.5530
0.8622 0.2785 0.4867 0.5860 0.6151 0.6194 0.5217 0.7272 0.2451 0.8827 0.8201
0.5179 0.1612 0.7161 0.6536 0.2860 0.5180 0.5119 0.2817 0.2475 0.5225 0.5835
0.2628 0.7864 0.1283 0.7408 0.7435 0.8667 0.1566 0.1922 0.8956 0.5713 0.6550
0.2916 0.1122 0.6860 0.6910 0.2911 0.4597 0.3421 0.5311 0.4194 0.3140 0.6792
0.7220 0.8106 0.3168 0.8272 0.7749 0.8695 0.4874 0.3178 0.5632 0.8137 0.5009
0.2030 0.8535 0.1960 0.6464 0.8150 0.4151 0.4237 0.3209 0.5923 0.5201 0.5047
0.4872 0.7474 0.2440 0.8699 0.8346 0.7653 0.4532 0.1474 0.3895 0.2677 0.5790
0.6256 0.4502 0.1396 0.3630 0.5504 0.3907 0.2626 0.3275 0.8005 0.4471 0.6275
0.4251 0.4636 0.2793 0.8287 0.8199 0.5501 0.3669 0.6657 0.8231 0.1471 0.8766
0.1386 0.6274 0.1842 0.6911 0.5360 0.5144 0.8945 0.2528 0.7341 0.2544 0.6385
0.3932 0.6158 0.3766 0.4453 0.8136 0.3120 0.8452 0.1442 0.2182 0.6707 0.4740
0.1530 0.3596 0.4188 0.6106 0.5616 0.6827 0.8642 0.3234 0.6917 0.5987 0.8220
0.3296 0.5515 0.3520 0.4877 0.3175 0.3169 0.4358 0.6539 0.1019 0.8509 0.8841
0.5779 0.6717 0.1778 0.8275 0.6921 0.4162 0.5843 0.6271 0.7794 0.7349 0.4494
0.7872 0.3475 0.6055 0.5352 0.8556 0.4004 0.2135 0.8515 0.7910 0.3785 0.6475
0.4313 0.3727 0.6198 0.8138 0.1011 0.8573 0.3084 0.6260 0.3892 0.8273 0.3344
0.4498 0.2216 0.3404 0.1862 0.8605 0.1105 0.3304 0.4132 0.7197 0.6915 0.1198
0.8334 0.8349 0.8424 0.1690 0.1303 0.3906 0.8155 0.8222 0.6489 0.7845 0.3775
0.2764 0.1773 0.2380 0.8844 0.8452 0.8754 0.6747 0.1720 0.1677 0.5435 0.6140
0.7713 0.4779 0.3477 0.4600 0.1818 0.6456 0.5529 0.1488 0.7756 0.3254 0.8993
0.5337 0.7629 0.7082 0.5758 0.3573 0.5021 0.8246 0.8798 0.8404 0.6791 0.8476
0.7960 0.7798 0.1772 0.3712 0.8522 0.4441 0.6358 0.4387 0.6300 0.3849 0.3536
0.8289 0.8628 0.3743 0.1301 0.4780 0.2957 0.7951 0.6350 0.8363 0.5919 0.6185
0.5369 0.1587 0.3070 0.6478 0.8158 0.2749 0.5665 0.1645 0.3905 0.6847 0.5943
0.3829 0.3664 0.8966 0.6904 0.3612 0.7230 0.2168 0.4803 0.5801 0.3230 0.2469
0.7727 0.2608 0.5574 0.6732 0.3332 0.1813 0.1788 0.4229 0.3936 0.4428 0.6401
0.4120 0.2764 0.5000 0.6573 0.6097 0.7444 0.4561 0.6334 0.2640 0.6710 0.3071
0.1883 0.8095 0.1765 0.7291 0.5977 0.7131 0.6908 0.5827 0.8076 0.8099 0.8023
0.1098 0.3732 0.7826 0.8154 0.1649 0.1268 0.5190 0.7145 0.4829 0.2025 0.7038
0.2506 0.8934 0.1285 0.1946 0.5850 0.3924 0.3131 0.7313 0.7869 0.8187 0.4636
0.6376 0.1475 0.7935 0.8333 0.3447 0.2456 0.3616 0.8056 0.6086 0.5185 0.7415
0.7467 0.4410 0.1032 0.8247 0.5746 0.4172 0.8123 0.4849 0.1297 0.5892 0.7164
0.1430 0.5691 0.2790 0.1159 0.1671 0.2320 0.4034 0.4212 0.6284 0.5172 0.2173
0.4363 0.7735 0.8988 0.1482 0.1785 0.4167 0.7878 0.8783 0.4041 0.4601 0.3824
0.2052 0.4106 0.6293 0.3676 0.4314 0.3262 0.4933 0.3635 0.4833 0.7208 0.6364
