17 470 51
6949 4611
8827 4330
7454 8388
423 6264
2629 9193
53 3706
6559 3355
4389 6663
4853 2981
5663 8357
9285 7413
6061 3244
8354 7527
9175 273
493 819
2725 6327
6623 4893
2405 1935
8096 4890
870 6170
4993 5664
4277 9731
6249 3995
9818 5251
9088 6371
3183 5545
4689 1204
7066 2221
9411 9516
2440 4845
4721 279
979 9118
7736 4742
5951 217
9321 2655
806 281
3850 810
6762 7449
4284 959
515 5220
9873 6075
8019 6032
3726 8192
1647 7824
4640 5128
9456 2844
2523 2688
5418 1034
5928 7753
8032 6340
9155 1829
5374 611
1833 5492
5442 12
8790 6486
6613 5722
8170 8191
7182 721
1081 4760
3814 7025
3988 3058
5332 2792
5906 5139
6972 1732
9235 5406
6950 7997
2742 3791
3481 1313
5790 4825
17 2348
9720 5165
3715 3929
3461 8526
509 5096
2122 9092
7139 2879
3259 317
9185 9634
4709 763
9498 3993
6584 903
4344 831
7742 9340
22 6885
6443 9131
4144 7132
9008 6827
8910 9785
8892 4708
7376 4853
184 8763
4362 8972
7039 7789
1690 7614
2985 1395
1213 552
9488 494
9708 4012
4294 6436
8832 8767
3181 2659
4636 504
1110 6920
3314 4073
8939 809
2780 4674
5614 9263
2234 3648
9449 4727
9177 7902
9036 2159
6198 8885
845 5617
135 240
2209 7117
7426 5326
9493 5946
3170 2549
9536 7041
5966 8926
1878 191
5040 3908
731 554
189 6986
684 3688
1602 4367
1069 8809
3079 2754
2589 6746
7486 4764
937 5751
225 1256
8755 9003
2054 83
8604 4665
7451 2868
6150 9840
8483 517
9162 6100
1259 849
523 2783
5679 7319
3270 4809
1789 2693
6344 4045
1787 8086
1262 8942
8269 3695
7621 8905
9287 4228
9666 8597
5040 2730
369 2224
2856 2233
8842 5931
8962 5849
7034 8696
7671 4625
5965 3425
9666 6979
8897 2970
1439 1344
8908 260
9209 5627
170 1494
6745 324
8081 6499
7693 4875
6130 6937
8440 4675
821 5085
1368 3407
7385 5784
6745 9020
2718 2240
4640 1424
2437 9343
4885 9054
5850 3203
6452 7121
6171 7618
3519 2243
3386 2194
2652 1887
2520 8756
6770 8666
9959 1637
2855 8917
1344 3629
771 3872
1882 2046
4728 65
9849 9301
1992 2003
7735 4533
3287 5798
3040 616
6624 2689
3421 5554
8565 5957
5617 770
9717 3592
9771 1112
6552 2241
8897 1446
6736 4854
4756 8832
9227 8553
1094 4104
9300 347
5977 9602
3447 2662
4164 921
8503 196
9710 5568
9975 8480
9883 2840
6198 1294
607 8414
353 7445
2622 8167
3990 6109
1045 2087
1976 3068
7688 83
3926 4363
2105 7560
3527 4471
6932 5409
994 6731
7673 5280
1261 7711
78 7930
8371 1925
5004 5051
9074 9461
1580 5427
3728 6132
7530 3219
6476 5585
9695 9147
3931 1910
8657 2895
9482 9313
6645 4078
655 1817
7160 1499
4979 8470
1758 1131
2197 2407
843 9044
324 515
4922 2115
3861 3703
3645 6205
3872 1209
3398 7961
5274 8152
3403 6685
4558 2703
7413 3457
820 2666
399 4852
1448 7694
9828 6834
7182 7599
9599 230
5033 8263
1545 6926
2485 8202
8004 8016
4041 1480
8238 3908
4942 9687
2618 889
6690 3910
7802 6981
5844 1028
8308 2533
8406 1603
662 6645
4635 2812
9081 8398
3934 4720
6589 8362
2690 6521
2533 1772
8959 5719
162 764
7736 3295
9163 1147
5365 2976
4534 4733
1916 2646
2304 8355
412 9449
7741 2676
1643 143
5917 8294
5419 9660
5629 3021
5325 4999
6593 2042
8465 3602
2528 7625
6742 4202
4845 2449
7826 8238
175 7479
3325 3945
2406 3755
4443 5086
519 7387
6403 986
4933 6144
6294 9317
64 3206
3051 7838
1595 2379
9457 9675
1369 992
9224 6509
4732 6486
4199 6968
3647 4705
8072 8859
5081 2009
6624 1105
1789 7191
4579 6830
2307 2286
3564 6984
7309 2197
8948 4050
7432 4378
2690 4567
7597 1917
5595 1884
8161 5134
593 6510
1998 4845
5093 6058
3949 3598
7107 9610
3773 9010
4502 5320
5050 9113
1012 7897
8690 6128
7534 7213
10000 1441
2476 5581
4423 6109
7626 6629
4588 1032
4051 9947
7790 9033
9565 1331
138 7759
6053 1471
8742 64
5917 867
2943 4143
9057 2690
999 2452
7878 3181
3647 9982
5321 2538
6302 4287
1197 8237
6846 5703
2244 5114
1849 4285
3094 8809
2358 6837
6558 7185
7844 6780
8576 3757
9641 6003
495 3768
5665 6967
4359 9943
3484 7634
1671 8098
8137 7309
7446 2103
9606 6524
7516 4248
6204 7337
4376 8109
7864 1030
2580 2048
3296 8924
1196 6221
3147 5777
8018 2313
420 7038
9093 757
8485 6178
9144 5808
6626 9991
4892 8376
6623 272
938 4347
5906 3555
23 298
4967 4114
4657 188
9870 2302
5117 1393
5660 3293
1748 7000
8217 4144
1747 9308
76 5500
7256 5900
5168 3938
9065 1726
7821 9664
7108 918
3098 3283
7668 6383
2305 4547
4559 3758
8534 6614
9674 3704
7468 8582
9045 3336
86 6646
4445 4518
2203 2792
9143 6200
7605 6872
8791 1413
499 3091
6428 3856
6905 2074
7155 3594
8556 2618
7149 5900
2603 146
6072 1994
9509 3086
9077 8740
3265 3141
3999 2740
8336 5711
6194 1806
3787 987
1304 7984
567 7754
5903 9935
3614 4932
6337 3562
2402 805
6480 4990
8954 8747
3404 4667
6102 895
507 1483
106 8664
2243 4419
6930 5551
2772 1111
318 7081
5489 6733
4909 7236
752 8219
9558 3759
784 9689
3879 8430
6756 9993
2335 1502
784 3558
9375 6654
1198 9216
1352 6363
6705 7366
5423 1871
1863 1094
5625 3867
288 5724
6261 8340
9971 4282
1280 2778
8872 5790
7892 6477
0.2472 0.4618 0.4519 0.8210 0.5811 0.8560 0.1816 0.5446 0.7756 0.8574 0.8597 0.5279 0.4597 0.6457 0.4855 0.1527 0.2138
0.8229 0.1451 0.8471 0.7187 0.4890 0.4484 0.3701 0.3207 0.2240 0.6785 0.1445 0.6305 0.7452 0.4142 0.6647 0.4803 0.5272
0.2097 0.2603 0.7440 0.1742 0.1562 0.5889 0.8894 0.6711 0.5507 0.6046 0.7932 0.6009 0.5027 0.7006 0.5995 0.2111 0.8843
0.1629 0.5201 0.5087 0.1032 0.2614 0.5530 0.4542 0.6390 0.1582 0.3993 0.5490 0.1316 0.1473 0.8599 0.8044 0.8759 0.1412
0.5317 0.1643 0.4301 0.2690 0.1234 0.3607 0.7417 0.8849 0.2051 0.3468 0.1787 0.4592 0.2627 0.8546 0.2662 0.1151 0.8300
0.8851 0.5509 0.8956 0.7372 0.3264 0.6611 0.5080 0.3260 0.2031 0.3673 0.3839 0.3785 0.5384 0.5335 0.2133 0.8608 0.6659
0.1855 0.5783 0.4898 0.3937 0.8670 0.1531 0.4786 0.7946 0.8001 0.5724 0.2521 0.1183 0.8888 0.2850 0.5637 0.3126 0.5838
0.5044 0.7817 0.2103 0.5448 0.4841 0.4317 0.3660 0.3142 0.2990 0.3116 0.3216 0.3432 0.3498 0.4213 0.5880 0.4681 0.1878
0.2200 0.7206 0.4673 0.7737 0.6559 0.3871 0.6845 0.6722 0.6267 0.8751 0.8930 0.6831 0.5169 0.8470 0.1253 0.1149 0.1081
0.7101 0.8520 0.8106 0.5724 0.7015 0.7920 0.2862 0.4321 0.3986 0.3192 0.6430 0.1130 0.5700 0.4673 0.8471 0.4557 0.6398
0.3853 0.8348 0.4034 0.7489 0.7852 0.1274 0.5904 0.3251 0.3139 0.8572 0.8674 0.8313 0.2535 0.6784 0.6270 0.1010 0.2588
0.7284 0.3079 0.6020 0.4941 0.2965 0.1146 0.2327 0.1487 0.6680 0.2551 0.7322 0.7685 0.3111 0.2753 0.4273 0.5307 0.2170
0.6843 0.6983 0.1623 0.4487 0.5413 0.5793 0.2063 0.1571 0.7656 0.4551 0.3191 0.7353 0.2568 0.1569 0.2796 0.4298 0.4453
0.8002 0.3704 0.6085 0.3593 0.5353 0.3861 0.5853 0.2582 0.5045 0.6138 0.3929 0.6002 0.6687 0.6889 0.5954 0.2635 0.5425
0.2165 0.5180 0.5134 0.1316 0.3744 0.5702 0.2334 0.5807 0.6534 0.2683 0.6460 0.7558 0.5548 0.1496 0.7201 0.7235 0.7674
0.2816 0.8886 0.5818 0.4600 0.3153 0.1325 0.4400 0.3278 0.8861 0.2001 0.3550 0.2705 0.8132 0.8796 0.5501 0.2125 0.4076
0.2715 0.5415 0.1753 0.8116 0.8337 0.6477 0.6380 0.2670 0.7834 0.8582 0.4407 0.4776 0.7709 0.7327 0.3913 0.7467 0.1090
0.1080 0.5845 0.5660 0.3694 0.3185 0.7686 0.8025 0.7388 0.3932 0.5421 0.2646 0.5916 0.2577 0.5891 0.6312 0.4019 0.4183
0.4222 0.6526 0.5132 0.5017 0.4137 0.8251 0.7284 0.2672 0.1517 0.3103 0.7251 0.4680 0.2135 0.5287 0.8123 0.8925 0.5312
0.4974 0.4212 0.5950 0.4287 0.4070 0.7915 0.2840 0.6549 0.5183 0.7628 0.3349 0.6117 0.3702 0.3557 0.7846 0.1020 0.3302
0.3427 0.5630 0.2895 0.8241 0.3566 0.2309 0.2405 0.6871 0.5854 0.7550 0.1788 0.4140 0.3810 0.1035 0.2326 0.7223 0.8326
0.8478 0.5379 0.8430 0.4640 0.3851 0.5925 0.4512 0.7984 0.7141 0.6762 0.4237 0.5099 0.1167 0.2744 0.2765 0.8155 0.7128
0.3587 0.8822 0.1261 0.5942 0.5621 0.4288 0.1521 0.6010 0.7014 0.4784 0.6023 0.8206 0.6315 0.3092 0.2048 0.2836 0.4121
0.3993 0.6319 0.2651 0.3004 0.3841 0.4592 0.7779 0.7560 0.1103 0.8744 0.1671 0.7296 0.4644 0.3845 0.4882 0.7662 0.1032
0.4835 0.2426 0.3139 0.5774 0.7133 0.7785 0.3558 0.6276 0.7755 0.8200 0.7445 0.4843 0.1375 0.4899 0.3235 0.4220 0.4512
0.3686 0.7255 0.5333 0.3819 0.8411 0.6265 0.7109 0.7440 0.1851 0.6538 0.1463 0.5240 0.1822 0.1533 0.5178 0.7506 0.2155
0.8103 0.3902 0.1404 0.2500 0.8407 0.2794 0.8154 0.6862 0.3149 0.3169 0.5685 0.8971 0.6699 0.1310 0.8840 0.3245 0.8503
0.2700 0.8851 0.4582 0.8630 0.2598 0.1513 0.1540 0.2518 0.6125 0.7089 0.3800 0.1304 0.4703 0.7461 0.6823 0.2244 0.5377
0.3451 0.6111 0.3175 0.8751 0.4973 0.4983 0.5571 0.7745 0.4337 0.4348 0.5806 0.8637 0.8466 0.6450 0.5544 0.8900 0.2512
0.8404 0.4397 0.2196 0.4893 0.6559 0.6223 0.5370 0.4082 0.5540 0.5163 0.3514 0.7100 0.1391 0.4779 0.4968 0.3617 0.7560
0.8286 0.1554 0.7227 0.8997 0.6058 0.2444 0.3707 0.4919 0.7105 0.7174 0.4298 0.7824 0.6451 0.5796 0.2560 0.6116 0.3824
0.8137 0.8599 0.8689 0.8744 0.2035 0.7936 0.8623 0.6855 0.2551 0.7152 0.1688 0.6685 0.2210 0.7639 0.4248 0.7520 0.1339
0.8554 0.1432 0.3565 0.5957 0.3584 0.7829 0.6447 0.8000 0.4067 0.4341 0.4084 0.8030 0.7941 0.3591 0.7834 0.1450 0.4292
0.2712 0.6295 0.7374 0.2244 0.5199 0.6942 0.2791 0.4792 0.1275 0.5191 0.4656 0.7130 0.4092 0.1556 0.6672 0.8544 0.6125
0.3867 0.4554 0.6474 0.6138 0.1053 0.2199 0.4919 0.6221 0.6680 0.4346 0.2193 0.7762 0.7417 0.3667 0.8051 0.4876 0.8127
0.4437 0.1011 0.2350 0.2802 0.8317 0.7188 0.8923 0.2746 0.6369 0.8282 0.2712 0.8552 0.6034 0.2694 0.3787 0.4650 0.6996
0.1487 0.7589 0.6547 0.6039 0.5772 0.5961 0.4252 0.1938 0.2534 0.3176 0.4277 0.4933 0.7002 0.5107 0.2363 0.7488 0.6538
0.3259 0.5475 0.7853 0.6666 0.1133 0.7153 0.4214 0.8326 0.4780 0.1544 0.7829 0.2763 0.2939 0.2248 0.8354 0.6357 0.6422
0.6839 0.1078 0.8917 0.5266 0.1054 0.2732 0.3193 0.1831 0.2448 0.2171 0.5618 0.5097 0.3435 0.1528 0.6306 0.1565 0.5981
0.8457 0.4996 0.4934 0.2202 0.4712 0.7788 0.4254 0.7311 0.6204 0.6476 0.3553 0.2248 0.1893 0.5415 0.8929 0.3653 0.6223
0.2970 0.4074 0.8777 0.8432 0.3593 0.4917 0.8195 0.8292 0.5987 0.2694 0.3800 0.4205 0.4543 0.4911 0.1400 0.2411 0.8493
0.6363 0.6147 0.2110 0.8025 0.1226 0.6770 0.7404 0.5178 0.4007 0.4464 0.2286 0.3476 0.4540 0.1290 0.6752 0.4191 0.7998
0.6355 0.1364 0.2984 0.1504 0.2981 0.8489 0.3310 0.8126 0.3461 0.7854 0.8639 0.1037 0.4198 0.7999 0.8144 0.4103 0.2791
0.3902 0.7273 0.2463 0.3865 0.2886 0.6754 0.8460 0.2154 0.8877 0.2584 0.6824 0.1630 0.1124 0.2518 0.1591 0.8870 0.7822
0.7145 0.6834 0.1579 0.4708 0.7006 0.2124 0.8004 0.3661 0.2468 0.6391 0.5173 0.3032 0.6549 0.5781 0.8870 0.3897 0.5203
0.7668 0.1245 0.8154 0.8756 0.7364 0.5223 0.2572 0.4866 0.8366 0.6877 0.6900 0.8342 0.7463 0.5830 0.2558 0.8477 0.1634
0.3770 0.8912 0.4261 0.6665 0.2979 0.3585 0.1087 0.4797 0.4762 0.1731 0.6750 0.4604 0.6642 0.5103 0.6099 0.8882 0.1724
0.7241 0.6600 0.1013 0.3753 0.8828 0.8878 0.3887 0.7098 0.1560 0.3570 0.6838 0.4131 0.5885 0.1926 0.4796 0.7145 0.7084
0.8932 0.5480 0.5141 0.4622 0.3669 0.3717 0.3100 0.3059 0.8010 0.6431 0.6733 0.1749 0.2453 0.1869 0.1134 0.5983 0.8132
0.1323 0.6563 0.5290 0.2452 0.7779 0.7474 0.1585 0.2401 0.7397 0.5065 0.7237 0.1714 0.4861 0.5559 0.1264 0.7657 0.7426
0.2952 0.1732 0.2306 0.4041 0.4203 0.3729 0.7221 0.1881 0.8181 0.2072 0.3559 0.7155 0.4104 0.3933 0.6390 0.4732 0.1600
