8 236 29
105 9622
9610 302
6822 3222
6240 3941
1827 7826
3868 5797
9466 972
7740 6782
2068 8267
846 588
7667 6363
1478 2908
1114 2032
4134 9250
6557 4939
806 8176
9086 5392
8839 3164
5903 9044
7751 593
3359 819
3527 552
2569 4755
2840 8625
7583 9943
7456 5747
1858 590
2004 3169
9502 2638
1376 8573
5672 6381
9838 219
4756 2531
7467 8814
147 3494
2706 4489
5205 7773
2227 3947
2415 650
1132 5077
9875 2277
2547 4212
3379 1671
6500 2200
6133 8069
8352 7011
1748 1051
4636 5050
205 5108
8788 1885
5398 602
4111 1046
9618 2958
1146 8382
9465 9617
2462 2894
3129 6420
4538 2714
5271 4253
5514 7498
8935 5887
8704 1401
5674 2949
3126 1271
5545 1980
2236 1360
4062 9873
5540 9684
1717 6458
8326 8052
1337 7816
7421 1165
7422 7816
7150 8949
8964 1758
6311 5462
7362 3906
9287 1441
7712 8600
5030 5725
7082 8173
9594 8063
9798 5404
857 3722
8056 8183
9984 1768
6126 4624
7298 6352
8941 3865
4182 9516
5106 5660
2945 1954
4756 8835
8744 527
930 452
5259 2236
8368 5918
8209 7435
8081 5318
9647 2322
739 730
5798 308
6274 4874
3797 4341
2865 9324
2361 6922
3402 7981
3390 9423
7906 710
4477 1294
386 7230
8038 990
7837 1132
2021 1972
3551 7835
1609 2019
1452 1792
9789 2776
780 1618
9976 4978
9404 5523
3908 4775
7465 3910
6105 9804
9336 6670
459 1785
1183 4018
9750 9610
7416 2683
575 4795
5471 4090
1854 1002
8198 9420
4142 3710
713 4055
6127 6607
9409 4436
9342 1768
9182 6001
682 3116
3160 4232
5432 5552
3078 7666
8764 3315
6834 6655
3479 1393
3274 3380
5072 6978
1894 4242
1847 2342
2321 9710
8739 7331
8352 9477
1247 5443
39 7222
8783 5529
5167 1966
6641 7336
7174 4866
9766 7662
2519 8961
708 2099
1464 848
1104 6054
7197 7412
3715 2723
9982 4849
8466 7125
445 2617
8387 832
9266 4000
3638 2615
7332 4964
6471 8821
2028 120
8472 2321
8683 2226
9172 9487
4434 8449
4723 2969
8704 1026
760 8343
1062 8112
3025 7297
4052 4803
1079 693
8970 1125
9326 7484
3889 8683
4044 4167
7511 6612
3654 7971
1189 7247
238 8585
7725 3024
1860 1464
7828 2397
8985 5181
4136 1810
361 4412
8458 2457
9592 1166
8547 7293
3612 6026
4930 3164
2273 8534
2695 9624
5167 2118
8253 9105
3078 2046
4022 6668
6630 3876
9668 7729
9676 8257
2626 9819
3349 6326
3503 4673
3330 4575
1145 5948
7351 4534
8098 2446
4539 1511
1967 6942
8255 5559
990 5526
751 5528
9458 7204
507 7516
8115 6869
9774 7321
9055 307
2832 4205
3006 3669
9764 4708
7171 1746
2284 7038
7728 1677
4587 516
5384 2420
8786 7210
2048 4842
1009 7557
2162 893
683 6806
0.3117 0.2582 0.7333 0.6302 0.6194 0.1404 0.8152 0.4029
0.8693 0.8464 0.6869 0.3029 0.3270 0.6283 0.2250 0.1460
0.8995 0.8849 0.2463 0.1516 0.1462 0.2508 0.1657 0.6790
0.7106 0.8484 0.6948 0.5654 0.4507 0.6780 0.6299 0.2320
0.3156 0.3834 0.4180 0.4649 0.8106 0.8981 0.8324 0.3118
0.7119 0.6210 0.6402 0.2444 0.2010 0.2074 0.5906 0.1029
0.4285 0.7933 0.8569 0.4398 0.3946 0.2268 0.4671 0.6909
0.1835 0.6918 0.2235 0.5975 0.5281 0.7969 0.4429 0.3866
0.5320 0.7788 0.3318 0.3083 0.2275 0.3356 0.5868 0.3449
0.5022 0.2509 0.8383 0.1121 0.1196 0.6399 0.6953 0.5870
0.2961 0.6639 0.3687 0.2452 0.8788 0.2880 0.3750 0.1556
0.5460 0.2857 0.8863 0.1231 0.2643 0.3870 0.4737 0.6261
0.4448 0.4089 0.5013 0.6816 0.5740 0.2080 0.3675 0.5334
0.8856 0.7664 0.1833 0.7726 0.4353 0.5617 0.1022 0.2092
0.7074 0.2341 0.3231 0.4437 0.8574 0.5364 0.2490 0.2250
0.1247 0.4025 0.3555 0.7089 0.2516 0.7122 0.7185 0.1657
0.2921 0.1483 0.1063 0.2844 0.7486 0.8407 0.8959 0.1427
0.4805 0.6074 0.2971 0.5052 0.4482 0.6766 0.5920 0.1443
0.1302 0.4486 0.5828 0.8893 0.3892 0.8245 0.3505 0.3635
0.8618 0.3154 0.8824 0.3570 0.7978 0.7048 0.8094 0.7091
0.2426 0.6556 0.1994 0.6223 0.8094 0.8445 0.6448 0.8222
0.1858 0.5758 0.6990 0.2303 0.2372 0.8605 0.8482 0.5473
0.8767 0.2828 0.3198 0.5091 0.5864 0.3918 0.6685 0.7757
0.4389 0.6689 0.1291 0.4305 0.8682 0.1370 0.5987 0.2429
0.3273 0.2143 0.4415 0.3329 0.5775 0.1010 0.4807 0.6869
0.7816 0.1953 0.8467 0.5063 0.7432 0.4854 0.8586 0.3786
0.1288 0.2059 0.4289 0.8080 0.2194 0.1321 0.4311 0.7861
0.6668 0.4542 0.6632 0.6031 0.4878 0.8470 0.4079 0.7369
0.4039 0.8731 0.4630 0.4143 0.1691 0.8308 0.1681 0.8441
