13 516 44
9568 8737
4582 4346
8999 344
7702 9935
3024 3786
7275 7507
8498 8153
806 8649
2347 2846
3781 2934
9881 7757
8776 5023
5506 5716
9533 6569
8305 1701
9372 357
3310 7080
5195 9340
5912 3848
8620 3950
5612 3184
5057 7938
97 3750
7521 3879
8830 7739
3150 6083
67 7450
5032 9350
6757 6802
8356 2351
2687 9278
5351 2000
3387 9531
9380 4159
5536 9814
8520 8778
4148 8935
5859 6341
6723 5453
6846 9830
3092 7948
308 7944
4270 353
1421 8945
1861 7078
715 5973
8387 2191
6472 2122
563 37
6079 6399
4949 4384
592 2241
8071 8583
2996 385
1900 4717
455 7019
2392 9708
6170 407
8426 5188
4742 4073
1712 8941
1397 9415
7564 6743
1058 5985
8870 4914
9230 2152
7834 2972
1013 1733
5974 6587
2222 9368
8606 3391
9092 8835
8388 2050
1400 6166
8000 616
2717 9777
6978 7416
590 9495
9723 6103
2557 1407
9105 7706
8827 6339
706 1801
956 9564
618 2962
7298 6628
5071 3763
9273 8818
9866 1181
1926 9388
7100 3280
4925 6699
8491 2384
4081 4297
7900 4090
3125 6690
5289 3102
9497 6392
1897 8378
4255 8417
5749 4159
8523 1131
6814 9114
5202 1864
5474 6780
2688 8443
9356 1508
8645 8728
4400 244
5243 6823
5360 4794
8235 7532
3490 4994
9534 7318
941 281
581 3944
5628 6495
6258 22
9275 6175
988 8157
8519 6224
9149 5238
7493 7108
1176 6443
6058 688
4097 5221
6344 2890
6632 2497
6384 4548
1731 6322
5676 76
675 4052
222 377
6270 8641
2958 6530
1304 9770
5356 4212
3616 2270
3832 6898
3600 8542
8903 8312
9080 8192
3784 814
9300 3111
1648 5364
6214 8850
8503 5830
2649 382
9212 4145
6841 2563
7198 7121
3230 3736
499 9113
3748 7960
5515 2391
2609 6867
2506 4158
7283 8496
5446 2591
3635 3470
4220 459
8848 1638
9485 9575
3819 6212
2475 6018
3004 2692
1016 2506
8621 8539
4666 2308
310 1998
8453 4799
5966 3091
3882 2538
3518 6954
5402 6679
7574 9965
3748 1295
3380 1918
2810 1318
1411 3207
4154 3017
8666 1068
1514 7356
496 175
4623 7976
943 8018
3192 1092
4531 3039
6546 6782
5626 2417
7407 4136
5273 9741
2477 3809
7607 3037
7858 1399
2869 543
6634 7854
8993 1768
1848 8467
3064 7227
8404 5526
5833 2077
4727 3928
710 9452
4472 2346
614 6042
1943 1590
6148 1646
5385 2923
9908 6216
1764 2751
1663 333
6640 9427
8624 1216
5487 5304
9157 5487
2331 9346
6298 7124
5183 9173
2050 7361
7457 6271
186 1055
3519 1772
2963 5113
6584 6211
9469 8721
6337 4940
184 5514
1718 8504
7497 6637
8415 7702
2303 5732
6958 2727
4651 2179
2587 7875
1168 5044
2352 5986
2789 1911
2946 8314
82 3986
336 3645
6020 3953
9581 7993
4242 2828
4394 9932
3089 5116
5724 9802
3129 5280
4099 4510
8882 9306
4143 2787
1251 7696
856 6910
8256 3149
141 9849
1262 431
539 9021
8908 5687
5094 1955
3430 6468
9875 9773
6649 3115
5803 6713
2625 7045
2640 3145
2685 6790
9705 9948
2863 5917
6339 4794
2228 7135
6736 7348
1767 4363
4510 8360
6183 243
3103 5661
1129 3502
4253 3048
5535 8548
7761 8141
2627 1584
14 6129
622 9187
3729 4334
8248 5090
9224 7765
7487 4552
6028 7239
3023 6421
6323 1206
5563 9285
6725 6514
2327 3088
5203 2981
4175 8489
5242 3297
5946 6018
776 7033
5143 3381
9736 6380
2173 3853
2914 2185
2229 6822
2476 8326
9213 7564
850 5104
5439 9932
2812 6362
6985 8993
8404 6299
3375 5444
5805 5321
4980 2944
5658 6785
290 4493
3131 2406
7904 5506
3745 6291
5733 2278
1259 705
1902 6400
4673 6100
1089 2768
9904 6871
1018 1386
329 8212
2415 9572
1867 3906
4356 7104
4794 8288
9045 4901
4098 9746
8932 1423
175 2785
836 4697
4850 9601
3715 91
788 6794
1649 3306
5481 8875
5951 665
9143 617
5894 5891
3683 5586
4531 4612
9593 9379
3837 2795
4048 3063
236 3174
477 880
4787 4453
6157 4519
2655 604
6430 1085
121 5276
7380 1001
6872 7635
1638 6809
5809 3629
6974 6466
4325 9805
9765 8906
8789 1026
1303 7325
8401 9219
6926 8824
9892 8826
3409 2241
6101 2881
9066 7114
8168 6886
3277 8589
4518 6226
98 4619
8747 8325
7757 3992
5525 918
5973 8496
1593 916
1958 5920
3533 8865
7736 1250
2869 6639
2082 359
3378 7935
5333 187
2843 360
5877 9108
6664 6717
9493 5378
1118 2876
5226 2349
9157 259
1942 8161
8677 1503
4882 1343
8484 7855
4179 1399
8002 6586
1141 681
6901 8121
9023 5856
6944 9401
3270 8240
5427 9670
4924 7115
572 1989
8607 4658
5806 3021
6952 3734
36 6713
1476 647
3672 988
7120 8120
404 8944
4990 1335
6907 7263
3631 6641
1611 161
5501 4645
4097 7679
3725 8830
5476 4502
7314 2758
3431 789
5904 9215
1273 6745
2980 2475
9699 1919
9849 652
8143 7233
5782 5161
6712 4734
6020 3403
1300 5201
6151 8531
9918 2390
6287 7014
4194 8194
1172 7616
9992 4977
5863 1943
4179 2907
9330 7089
2298 9506
2879 7976
2751 5551
232 167
3150 8796
2573 1128
987 9206
9673 5449
3893 9212
7807 5163
5405 2351
9478 9813
4820 592
4862 4534
8598 8992
441 6133
5558 1645
8581 6661
780 3958
8849 2443
2944 6231
4450 4818
7201 5957
5856 7596
4203 9307
8335 823
979 2227
910 5500
9797 1669
2853 8096
6015 7928
9704 9765
9558 4450
1970 3214
4086 6979
315 2417
8135 2941
2859 5605
2123 1460
7415 2314
7667 5927
3645 1114
8486 1811
5779 8208
166 1976
2539 6133
1153 5206
5788 194
8112 8720
3320 764
1150 2087
338 717
4479 9528
3489 1505
8120 3251
5614 4820
5310 9366
2178 4496
9167 6369
9915 3265
1247 6880
9421 7363
6656 4551
3604 515
2380 7662
1701 9974
1368 5037
3076 2544
9836 1776
3325 5184
4529 2654
8869 8711
2712 868
4615 1414
282 6034
7073 6
4047 9405
275 824
7091 2512
5651 6213
6186 4292
29 4150
5954 6230
5111 8461
8889 4745
7613 8699
0.2769 0.8496 0.6908 0.6037 0.3683 0.4251 0.5502 0.5681 0.5866 0.5808 0.1357 0.8062 0.2003
0.8698 0.7579 0.4658 0.5433 0.4342 0.6490 0.3532 0.8720 0.4353 0.1552 0.7210 0.8981 0.3225
0.6669 0.3019 0.3844 0.4339 0.3048 0.8450 0.6785 0.2101 0.6702 0.3196 0.1653 0.8680 0.6141
0.3071 0.3098 0.4397 0.7546 0.1131 0.2953 0.2558 0.1765 0.6057 0.6140 0.2517 0.4776 0.4841
0.4781 0.6338 0.6650 0.4475 0.1699 0.2146 0.4372 0.6997 0.5182 0.6583 0.3841 0.7687 0.5850
0.8377 0.7745 0.2620 0.5030 0.3860 0.7945 0.8833 0.5190 0.4719 0.7129 0.2331 0.4985 0.5690
0.7681 0.4084 0.6846 0.8224 0.6745 0.3103 0.6620 0.8644 0.3059 0.8286 0.1175 0.4926 0.2448
0.3188 0.4944 0.7411 0.6618 0.3813 0.2808 0.5707 0.3093 0.1915 0.4533 0.8235 0.3798 0.5374
0.3709 0.3417 0.6545 0.6006 0.3683 0.7903 0.1100 0.4664 0.5135 0.8653 0.1824 0.3203 0.7766
0.6209 0.4770 0.5951 0.5546 0.1166 0.5509 0.3025 0.7401 0.8372 0.4573 0.5418 0.2393 0.2442
0.7950 0.1600 0.7831 0.4244 0.8700 0.8626 0.5405 0.8797 0.8605 0.2500 0.8820 0.4950 0.4103
0.4812 0.4455 0.6441 0.4776 0.5098 0.6212 0.7226 0.5453 0.1259 0.8796 0.1911 0.6009 0.5618
0.3406 0.8526 0.4436 0.8714 0.3392 0.4942 0.6245 0.4234 0.4644 0.6882 0.6571 0.2606 0.2683
0.8420 0.7477 0.4483 0.2525 0.5024 0.2106 0.8828 0.2387 0.6183 0.2610 0.8225 0.2757 0.6351
0.4665 0.5863 0.8501 0.6340 0.5678 0.7336 0.6983 0.6860 0.6368 0.3187 0.5988 0.2399 0.4761
0.7040 0.1302 0.6390 0.1792 0.7897 0.2052 0.8972 0.4532 0.3281 0.3134 0.4432 0.1399 0.5069
0.4557 0.2800 0.3617 0.6788 0.7819 0.1725 0.2308 0.1181 0.8360 0.4223 0.3111 0.3443 0.5252
0.6221 0.4776 0.7864 0.3108 0.6090 0.3537 0.6133 0.2030 0.1660 0.4479 0.3328 0.3571 0.5877
0.5060 0.5887 0.6880 0.6972 0.5299 0.5567 0.1499 0.5004 0.6909 0.3915 0.7545 0.3976 0.2665
0.4631 0.3611 0.5613 0.2470 0.7040 0.4143 0.6909 0.6220 0.4038 0.8620 0.7399 0.5331 0.5292
0.7618 0.5496 0.2534 0.7972 0.2521 0.8928 0.8728 0.7410 0.5321 0.3218 0.4800 0.3703 0.7489
0.8437 0.3450 0.3191 0.5865 0.8187 0.5421 0.7834 0.3509 0.8555 0.1180 0.4702 0.2439 0.1347
0.8274 0.1369 0.6903 0.7430 0.6396 0.2598 0.7102 0.8106 0.1187 0.4060 0.6628 0.2698 0.3033
0.7730 0.1046 0.4067 0.6595 0.1542 0.8532 0.3649 0.2833 0.5026 0.7313 0.8890 0.7705 0.7421
0.4436 0.8079 0.7417 0.1636 0.2066 0.1584 0.6275 0.2108 0.1873 0.6669 0.7278 0.8142 0.5190
0.3203 0.4299 0.4211 0.4838 0.6281 0.5622 0.8755 0.6614 0.7227 0.6099 0.8497 0.4590 0.8941
0.3095 0.3618 0.7364 0.3604 0.8978 0.8972 0.5029 0.5756 0.7184 0.1062 0.2328 0.2086 0.2220
0.5274 0.2824 0.3814 0.3432 0.7627 0.6854 0.3377 0.6590 0.6554 0.1279 0.7346 0.7488 0.2468
0.4395 0.6129 0.1807 0.4661 0.8298 0.2629 0.3566 0.5740 0.3698 0.1674 0.4769 0.7555 0.5916
0.2811 0.8707 0.7226 0.1047 0.3743 0.5637 0.4696 0.1495 0.7476 0.4129 0.3084 0.3816 0.6642
0.6803 0.6106 0.1071 0.8039 0.6866 0.1495 0.2747 0.7482 0.1161 0.2077 0.4722 0.2185 0.5843
0.4795 0.4694 0.1777 0.3752 0.5303 0.6566 0.4586 0.5798 0.2727 0.4853 0.8648 0.3942 0.2275
0.5152 0.4860 0.4654 0.3903 0.1909 0.1120 0.5381 0.6952 0.8588 0.6839 0.8736 0.6519 0.1882
0.8657 0.8378 0.1391 0.6678 0.6908 0.5709 0.7009 0.4892 0.1016 0.7239 0.6427 0.6694 0.3544
0.7481 0.3898 0.6296 0.5386 0.6890 0.5553 0.4114 0.8507 0.1976 0.3844 0.5120 0.5367 0.2728
0.6327 0.6135 0.1025 0.2631 0.1198 0.1516 0.6157 0.1421 0.4871 0.5476 0.4361 0.6875 0.7545
0.6387 0.8231 0.5792 0.2812 0.6665 0.1485 0.1206 0.3009 0.1909 0.7161 0.6606 0.5857 0.4690
0.7056 0.7631 0.3271 0.6396 0.6429 0.8234 0.7082 0.4636 0.1311 0.4096 0.2293 0.4910 0.7525
0.8735 0.7491 0.1595 0.4688 0.1644 0.5290 0.1677 0.7883 0.1986 0.2728 0.2971 0.2894 0.5531
0.7420 0.1287 0.5399 0.3307 0.6366 0.6999 0.2914 0.3607 0.5955 0.1416 0.2637 0.7963 0.7235
0.1499 0.8363 0.6713 0.4673 0.6757 0.2710 0.2551 0.3901 0.3736 0.1627 0.3551 0.6213 0.3351
0.2205 0.6935 0.3735 0.3550 0.7156 0.7692 0.1111 0.5274 0.2557 0.8736 0.1281 0.1900 0.5900
0.7793 0.4709 0.8228 0.1092 0.5126 0.6813 0.1552 0.4362 0.1858 0.8060 0.5494 0.7989 0.5209
0.4873 0.2068 0.6833 0.6794 0.1051 0.2832 0.1301 0.4021 0.1861 0.5040 0.8077 0.5555 0.5259
