5 238 13
9284 6570
3450 9791
4641 1339
6245 7685
1512 2808
5892 4605
4532 7084
7944 9115
7820 6337
8195 3083
1919 7148
7337 7916
1637 8260
4908 7435
9166 2374
3002 577
4489 1139
848 3835
8149 1168
5145 7017
4626 111
9939 3020
7706 2375
7133 4717
9954 9203
9656 2142
2188 3374
2325 4229
2970 9777
3555 2169
3400 6715
2890 8835
554 5195
8302 2887
8163 9601
7639 1608
7036 1831
3996 8960
679 2298
1677 3647
4448 143
4576 2300
9000 6047
5226 4123
1681 262
4192 1776
2473 3744
3708 7076
5774 6753
1501 5077
185 1944
6644 6798
7036 300
5020 5182
3466 4485
1786 5490
255 187
2844 6757
888 7430
2056 9465
8063 9085
6333 1413
6893 1563
6726 2672
5038 2236
7069 3440
7335 2798
9754 1811
7435 8659
8425 5251
709 209
4771 5471
3910 474
6280 6392
5101 5350
9535 8269
4043 6200
2268 1310
4151 4828
4710 9177
1905 3917
8093 1791
9154 3869
8936 5109
3805 3521
5267 2829
72 9266
1428 3450
9859 3639
3558 435
3677 9057
6865 5543
5675 7001
5987 5496
9019 2819
6800 1503
6092 8525
3789 5974
1625 3230
1617 5265
4968 6409
2154 3692
4012 1331
2173 6490
1180 3804
8214 1701
6252 6774
4779 5960
4923 1540
2161 775
6883 5933
3623 5264
7218 6621
5543 2058
8846 1236
3464 8685
6038 8224
3789 7971
2981 3032
6059 8826
6588 8318
4387 6428
5512 5165
6365 872
7200 1305
4938 6573
2291 5984
3918 57
7227 3759
3078 8977
3409 188
3298 4583
4436 6053
8329 1594
1656 6881
1220 8331
2367 3555
1559 8447
472 4462
9963 9674
4362 8280
3032 5675
7207 1115
1452 1858
7785 5585
2442 8885
405 1497
2465 327
718 422
7097 6228
7636 6780
3199 8120
3017 6581
849 5405
5775 140
6334 9669
5077 2950
1804 7109
6767 6540
6709 1008
6132 450
5528 2275
5937 9635
8561 9700
9828 7780
8613 7613
9287 1491
588 6260
412 612
3698 4922
3336 7836
7606 7484
2013 3658
4310 6055
8432 1162
451 9170
6366 8526
7993 3694
1719 9468
9829 862
4558 6153
8690 5560
8533 3063
2244 1531
6016 7161
2288 1704
60 3233
3910 5217
7732 2789
6800 1836
2212 52
7728 8792
4847 9111
2560 6892
7782 7330
7763 9913
9503 2722
904 708
3972 6662
8466 5934
708 6151
635 8783
2672 6498
1348 777
380 8124
2770 4033
5004 4281
669 3586
9945 7511
8593 4436
9059 9700
3449 5278
8067 1633
1219 6157
7645 5576
4160 7696
5724 7663
960 8293
9098 1140
7897 246
4359 4032
7330 2207
2902 7583
157 3361
3812 7157
9704 5026
16 4261
5274 7341
3392 9652
9724 639
5015 6860
6165 6832
1248 3980
3166 3174
8350 2240
571 2500
4387 6690
1848 601
1893 9581
5013 412
6513 3016
1996 6208
5796 472
0.7239 0.7441 0.4255 0.4490 0.3208
0.1920 0.4387 0.3339 0.7494 0.7677
0.8085 0.5194 0.8651 0.1320 0.3011
0.5859 0.5667 0.4136 0.6008 0.2877
0.6582 0.7140 0.2478 0.3717 0.6837
0.4460 0.8435 0.4638 0.8917 0.7654
0.3051 0.7877 0.7459 0.1828 0.2001
0.7005 0.8710 0.1797 0.7886 0.5141
0.8934 0.4140 0.5950 0.6365 0.5736
0.4603 0.3938 0.8795 0.5474 0.7569
0.5279 0.1266 0.1353 0.1555 0.2786
0.2165 0.8124 0.4417 0.3601 0.2577
0.5793 0.2153 0.6884 0.2630 0.4320
