20 253 51
7138 2454
9227 7129
271 4916
2527 8046
3463 2727
2494 7307
8760 711
4912 3275
3799 9574
1810 4753
7011 1746
9365 9666
8037 5599
7929 1373
6477 9029
2574 2591
4251 6699
1327 1204
2628 5282
7641 6683
2827 7007
7539 6502
9897 754
1792 6828
5086 1912
590 8890
9305 9769
9951 5744
3053 1735
3304 3977
4662 3488
8122 9197
5127 5791
6906 8945
3722 4534
8570 2602
156 2584
5025 1768
7001 8125
205 9925
1515 3733
1799 9925
5100 4920
8478 9608
6228 9554
9030 5298
3328 9178
3046 4388
1788 3819
2897 7432
381 4741
320 6352
2070 7691
3105 5668
7145 9510
5626 3440
1161 7695
5715 6725
9901 7738
1567 6503
2208 9401
7227 4489
2496 409
3271 5929
7906 6866
8595 8090
6305 5557
8413 4071
3695 2602
5057 7028
8149 7277
6936 4862
6718 4259
560 3425
9971 3893
7584 9773
9149 9599
1699 244
630 5786
4437 1359
4859 6148
3870 3394
9701 4598
4458 6044
3579 778
6298 3402
9268 5335
3570 8731
6109 5238
8498 109
7476 95
2526 3202
9145 1845
9072 4035
1751 7656
6561 2185
6838 1521
8712 8214
7608 1005
695 6173
1888 7948
29 6650
8343 8808
7491 6763
2626 3858
2183 6081
1918 6345
3006 7854
2010 2608
9771 7397
4385 4860
9616 4898
5535 1885
243 595
9131 6611
8593 1600
8397 277
2954 2543
1631 5349
9974 6153
7146 9718
4260 7550
6041 1076
1273 811
4285 3953
3992 334
6924 3803
1284 9766
3301 9449
9504 5109
1077 8935
2449 5437
730 7557
7133 4163
9872 2745
9035 7127
3105 5455
388 448
3935 8606
7378 3149
5845 2692
2792 1959
1138 5434
4709 4499
2170 8902
4252 6520
7990 6518
5591 2855
8785 5493
3425 827
5181 9983
3320 2706
3846 529
9333 2304
6345 260
7577 5202
927 5712
8526 9953
1284 2139
8332 4321
9518 3137
858 5862
7808 7008
3992 4101
3933 5821
4995 3005
9594 3382
8942 5441
8983 5882
2755 2124
7542 6141
5784 128
9723 8549
1548 9717
3385 5159
4264 868
8222 8501
4216 985
1166 9978
9525 6396
2273 1243
7414 1669
4795 7111
224 3077
5750 5666
8453 6231
8143 218
7543 5497
5447 2026
820 4533
5022 966
2949 5019
9842 8952
3219 6491
3128 5109
3408 7417
2702 5763
5565 8807
4135 7093
5741 7437
4393 8535
4726 2188
1947 3290
6258 8693
200 4531
512 2170
6100 9267
854 2160
7320 5206
8305 9471
8336 6083
5024 8338
7001 2010
3840 1523
344 831
1027 4687
1033 8347
8393 1656
8419 8441
5232 5498
1404 6994
7333 6412
6274 4092
3741 8583
4384 6913
5140 1221
5316 4406
6182 3816
3157 1109
1466 2230
3696 2839
6532 1843
7454 3943
7582 9956
9242 2922
2768 3528
9577 5956
7134 2091
3280 2400
811 9818
1347 3532
8417 5755
4 173
4866 6717
6837 1406
9990 2196
7720 1110
2046 9278
314 5827
438 7307
9306 8098
907 910
1140 2768
4293 1802
7042 9695
5857 5449
8929 9758
7794 2155
3346 4367
2602 6207
8301 4988
4015 9905
8929 5136
4832 393
2464 3766
2283 6129
1021 1791
9543 3770
3773 2062
6534 1730
1063 3816
3385 4854
2970 1318
0.1691 0.6644 0.6723 0.5970 0.6842 0.6978 0.4718 0.1333 0.3291 0.2770 0.3386 0.6897 0.8077 0.5828 0.6840 0.5586 0.6514 0.1013 0.5319 0.3069
0.2391 0.8924 0.2948 0.2843 0.8055 0.5651 0.7658 0.3177 0.3569 0.6011 0.1602 0.6975 0.1326 0.6242 0.4012 0.6501 0.4694 0.2618 0.6123 0.8254
0.4985 0.5112 0.2984 0.6630 0.8958 0.2222 0.8849 0.6284 0.1063 0.3006 0.3752 0.3387 0.5038 0.2862 0.2730 0.5462 0.5376 0.5209 0.8204 0.4991
0.2460 0.4427 0.6731 0.2485 0.5764 0.1031 0.5047 0.5303 0.1183 0.2094 0.3292 0.4407 0.3227 0.3625 0.7573 0.5839 0.8313 0.7899 0.1649 0.5113
0.2158 0.4790 0.1493 0.1761 0.2172 0.2731 0.2494 0.6772 0.5459 0.5421 0.8985 0.4372 0.2942 0.6436 0.4666 0.8590 0.8855 0.5487 0.4262 0.1230
0.7449 0.8562 0.3526 0.1296 0.8651 0.8558 0.2750 0.1700 0.7137 0.5603 0.1524 0.6066 0.2223 0.6967 0.2997 0.2975 0.4642 0.8406 0.8591 0.7135
0.1400 0.4428 0.1058 0.1174 0.2747 0.2445 0.7327 0.1509 0.8744 0.7485 0.8754 0.1034 0.1527 0.4547 0.1802 0.5788 0.6334 0.5184 0.5841 0.3465
0.4025 0.1348 0.2713 0.6895 0.8835 0.7019 0.8104 0.8511 0.3656 0.8864 0.2665 0.5563 0.8105 0.1349 0.3044 0.8811 0.2591 0.7172 0.7023 0.1218
0.1808 0.7860 0.8400 0.6579 0.5189 0.6788 0.5674 0.4345 0.8975 0.5498 0.8656 0.4177 0.6709 0.1654 0.7672 0.8484 0.4102 0.4400 0.5358 0.7578
0.4204 0.7083 0.1952 0.1332 0.6662 0.7562 0.2352 0.1659 0.2631 0.1014 0.5611 0.6113 0.3413 0.3100 0.3438 0.2502 0.4159 0.4437 0.2409 0.1023
0.1465 0.4570 0.4444 0.6022 0.4485 0.1497 0.3401 0.4070 0.7185 0.7490 0.1234 0.7986 0.3617 0.1388 0.6496 0.5976 0.1864 0.4067 0.2705 0.4926
0.4600 0.1901 0.4654 0.1714 0.1215 0.1380 0.6431 0.7844 0.3663 0.3221 0.2684 0.5313 0.7061 0.5461 0.2701 0.1763 0.4914 0.3344 0.5065 0.8834
0.7160 0.2093 0.8177 0.3152 0.1286 0.5131 0.3243 0.6676 0.5657 0.7925 0.1746 0.6253 0.6773 0.7416 0.2852 0.4318 0.1349 0.6453 0.8273 0.7682
0.1896 0.3659 0.4863 0.2108 0.5282 0.6386 0.4860 0.8651 0.1696 0.8968 0.4091 0.7408 0.8272 0.3690 0.1819 0.8589 0.4344 0.6653 0.6393 0.7077
0.7412 0.6130 0.5456 0.3322 0.7337 0.4986 0.4242 0.2032 0.1378 0.7222 0.7003 0.3755 0.2576 0.8100 0.1395 0.8229 0.3971 0.2332 0.5540 0.6513
0.8828 0.1587 0.7538 0.3898 0.1858 0.3403 0.3482 0.7393 0.1083 0.7830 0.6757 0.6863 0.4438 0.8169 0.3733 0.4080 0.1310 0.2471 0.4718 0.4853
0.3786 0.1756 0.3704 0.6356 0.5762 0.5281 0.2186 0.3634 0.4334 0.4734 0.7020 0.6969 0.1781 0.1990 0.5305 0.1880 0.8243 0.6388 0.7120 0.6918
0.4261 0.3008 0.3584 0.2694 0.3842 0.4277 0.1321 0.3698 0.8595 0.8732 0.1941 0.4948 0.8456 0.5780 0.7568 0.5691 0.8244 0.7412 0.1053 0.7483
0.5861 0.5725 0.2528 0.7421 0.4993 0.2306 0.8240 0.7092 0.3589 0.6329 0.7145 0.4902 0.4893 0.6254 0.2452 0.6462 0.7946 0.8470 0.3267 0.8479
0.6497 0.2927 0.5648 0.1763 0.3775 0.3003 0.7751 0.8441 0.3373 0.4574 0.4620 0.7724 0.1189 0.4686 0.5277 0.3811 0.7766 0.4666 0.6171 0.7483
0.4443 0.4186 0.6422 0.1004 0.1385 0.1524 0.4185 0.8794 0.4489 0.2296 0.7880 0.4641 0.2790 0.8996 0.5905 0.4895 0.1892 0.8106 0.8125 0.4825
0.6177 0.7251 0.3705 0.8679 0.6259 0.3218 0.6036 0.2702 0.2345 0.6091 0.7209 0.8097 0.2848 0.7200 0.4520 0.1774 0.5931 0.3921 0.7384 0.4379
0.4963 0.8735 0.8688 0.5473 0.6390 0.8720 0.5275 0.1036 0.8825 0.6182 0.2692 0.2502 0.3524 0.5172 0.4642 0.8954 0.2684 0.1486 0.2864 0.8234
0.4154 0.1403 0.2262 0.1714 0.5329 0.8598 0.6074 0.3947 0.1407 0.8419 0.3548 0.7595 0.1770 0.1327 0.2600 0.6586 0.6881 0.4984 0.4115 0.5574
0.2052 0.7770 0.8076 0.1111 0.5738 0.8686 0.6368 0.4242 0.7091 0.3251 0.7193 0.4540 0.6531 0.7464 0.7987 0.1241 0.3863 0.8734 0.2662 0.8672
0.3093 0.1715 0.8757 0.5458 0.2187 0.4258 0.8123 0.7850 0.3160 0.2878 0.3774 0.1304 0.3212 0.2082 0.5818 0.6438 0.1601 0.7432 0.5287 0.3378
0.8207 0.5388 0.1336 0.4856 0.8868 0.8347 0.3330 0.1265 0.8595 0.6472 0.7137 0.6281 0.2380 0.5804 0.3989 0.6560 0.8205 0.5566 0.8463 0.6110
0.7502 0.1489 0.7178 0.5667 0.3335 0.2474 0.5019 0.4572 0.6401 0.7715 0.6423 0.7733 0.1074 0.4019 0.8804 0.6933 0.8465 0.4973 0.4522 0.3258
0.6845 0.2954 0.5743 0.7684 0.6225 0.1402 0.5786 0.4362 0.2752 0.3808 0.8628 0.3875 0.2903 0.8211 0.6110 0.2658 0.4084 0.7849 0.8784 0.2808
0.4230 0.7502 0.6595 0.7592 0.5168 0.8985 0.1093 0.7283 0.5714 0.5818 0.1059 0.8509 0.3082 0.3100 0.6857 0.2098 0.2183 0.2952 0.1238 0.2143
0.5610 0.1322 0.4696 0.4714 0.2517 0.5559 0.5932 0.1116 0.3767 0.8715 0.8917 0.8375 0.7902 0.5020 0.3387 0.4831 0.6601 0.2887 0.8510 0.5996
0.1879 0.7495 0.5995 0.1783 0.5870 0.6574 0.1064 0.6388 0.3205 0.8998 0.4530 0.8851 0.7303 0.5369 0.4503 0.8151 0.7157 0.8997 0.3535 0.4037
0.2781 0.5114 0.1048 0.7409 0.6959 0.8407 0.7121 0.2219 0.1822 0.2436 0.8481 0.5857 0.4285 0.2891 0.3282 0.8796 0.8070 0.1340 0.3486 0.8754
0.1919 0.3467 0.2971 0.7389 0.3101 0.6301 0.4106 0.3521 0.8785 0.6554 0.1920 0.1343 0.5166 0.4854 0.6501 0.5591 0.8296 0.3473 0.2891 0.1245
0.5280 0.4831 0.6561 0.5307 0.3309 0.6881 0.5869 0.8456 0.3938 0.1112 0.4283 0.2892 0.4822 0.8076 0.6705 0.2670 0.5434 0.8808 0.2534 0.2110
0.3161 0.4789 0.4682 0.1159 0.8573 0.1644 0.2113 0.7398 0.3501 0.5717 0.5499 0.1221 0.7424 0.1334 0.3570 0.6332 0.8456 0.4671 0.3657 0.3115
0.2017 0.6264 0.7255 0.1792 0.5865 0.4624 0.2854 0.1073 0.6168 0.5975 0.4647 0.6667 0.2419 0.1100 0.1446 0.2309 0.7129 0.2317 0.4435 0.4488
0.8165 0.6070 0.5632 0.1407 0.6492 0.7973 0.7420 0.3657 0.6118 0.8281 0.2427 0.2264 0.2107 0.6730 0.5109 0.7236 0.4833 0.6922 0.2155 0.6870
0.3214 0.3331 0.3473 0.8299 0.5080 0.2719 0.8529 0.2796 0.8464 0.3088 0.4248 0.7676 0.7678 0.8379 0.4448 0.5528 0.6792 0.7587 0.4898 0.4150
0.3048 0.8590 0.1395 0.7716 0.1599 0.4944 0.2066 0.1669 0.5968 0.6780 0.3681 0.3673 0.4530 0.2723 0.3725 0.1245 0.2018 0.1267 0.8633 0.8713
0.7059 0.8212 0.6436 0.1173 0.3598 0.6953 0.5673 0.4173 0.3903 0.6361 0.1719 0.7228 0.7722 0.1060 0.2725 0.3750 0.6081 0.3803 0.3182 0.4925
0.3057 0.4879 0.8094 0.6700 0.3184 0.6477 0.7664 0.5770 0.6326 0.8907 0.8242 0.6694 0.4366 0.7702 0.2222 0.4489 0.3638 0.5705 0.1866 0.2490
0.7396 0.7426 0.2932 0.3023 0.3892 0.3560 0.4250 0.2078 0.3042 0.7991 0.6529 0.6448 0.6575 0.5723 0.4983 0.2092 0.8409 0.1991 0.2951 0.5098
0.3093 0.4190 0.8180 0.1425 0.2086 0.6238 0.4731 0.1390 0.4648 0.5886 0.1330 0.1252 0.3392 0.7706 0.1479 0.5038 0.5532 0.5365 0.5891 0.6177
0.3920 0.6991 0.1365 0.5084 0.7679 0.2375 0.1265 0.2094 0.1659 0.2238 0.5144 0.5778 0.1521 0.7735 0.3466 0.3102 0.1968 0.5926 0.5672 0.5457
0.8166 0.7083 0.3285 0.2584 0.8499 0.1734 0.2414 0.2042 0.6547 0.7087 0.7840 0.4795 0.4204 0.4359 0.2716 0.5367 0.7356 0.5662 0.1621 0.4092
0.3320 0.8410 0.2483 0.6003 0.2659 0.7786 0.1351 0.5323 0.7440 0.6894 0.3611 0.7877 0.2426 0.4336 0.2921 0.2173 0.4589 0.7812 0.8966 0.2877
0.7487 0.7020 0.7842 0.7002 0.8693 0.7241 0.6865 0.5283 0.4769 0.3945 0.8445 0.4382 0.1660 0.6618 0.2388 0.7394 0.1522 0.2341 0.5046 0.8546
0.7201 0.6634 0.6390 0.1072 0.6811 0.5635 0.1309 0.3135 0.7573 0.5280 0.2857 0.8732 0.6608 0.5531 0.5968 0.1493 0.1817 0.7216 0.3659 0.6920
0.7696 0.4813 0.7958 0.5847 0.4774 0.7798 0.4094 0.2470 0.7267 0.5862 0.5014 0.7264 0.4285 0.3925 0.2700 0.4319 0.2403 0.8981 0.5633 0.5538
0.4607 0.3721 0.4362 0.6141 0.1653 0.4437 0.8541 0.6034 0.5978 0.2145 0.1939 0.6495 0.6144 0.1183 0.3606 0.4587 0.7624 0.4177 0.5179 0.6411
