14 555 17
3988 5871
7021 3036
9152 1933
7881 2160
1475 5173
112 8484
8669 6377
9410 6303
6904 8947
2382 1168
1439 6410
3115 6434
2205 1744
4524 2567
6292 5051
6773 7628
1905 4822
9149 53
5275 2243
9324 207
4369 845
813 7100
9975 8769
4225 6391
3838 3729
7390 9956
4475 5872
6613 4154
348 2835
4070 8884
6531 8707
6461 4586
9619 9616
5217 4682
3530 6966
8720 5300
4874 3097
7508 9805
120 8327
4427 9467
9257 422
438 7624
8852 5606
2014 3350
4794 2896
5803 1009
3392 2778
6148 8839
8770 368
6055 4420
8116 514
4865 5982
142 3359
8997 1663
768 8774
3507 8656
7800 977
1874 2805
317 9068
5204 9089
6898 9087
667 196
8520 7286
4293 7347
3091 6081
4143 6597
5000 427
3234 8169
6752 4319
8747 1979
1982 1449
5955 3651
6985 4485
8019 841
4220 4967
4925 5185
8760 895
2902 8562
3475 4497
5666 6449
6329 428
4528 4712
60 9926
1297 8725
5247 9717
7754 4243
8251 1973
1341 119
2953 1794
7345 5705
1716 5599
9148 9617
7878 3809
3459 6832
6506 216
1786 8466
6920 8726
6277 8878
2632 3256
4429 5961
9601 3337
8418 4848
6758 1444
9706 761
7783 4055
5502 175
9530 421
4707 1278
7494 4354
7710 7606
7888 5326
689 713
8911 4967
5537 9659
6782 2269
4955 1735
3601 4211
4808 5551
6576 8422
9018 2847
4840 5058
2399 5691
259 422
9866 8932
5499 434
4047 9396
7495 9622
3284 3400
528 2280
505 5573
5615 586
8444 1592
4942 7258
6837 3184
7982 5608
7156 9000
5908 9819
7641 4943
8271 3480
5914 6610
9144 6715
6703 8498
9000 9801
1995 8801
283 8124
8894 3937
4967 1271
4966 9964
8481 424
6903 7168
9304 6622
7681 8986
7509 9455
6812 1917
1782 1713
6494 6908
1042 6615
4146 1908
2716 8197
4339 9122
8872 1324
8138 2668
5699 9245
157 4123
7213 2459
9599 2592
5003 2765
7213 9248
3568 292
7711 7211
6360 7748
3082 3928
559 2176
7693 8616
2164 3809
9457 1130
2538 1804
3228 6814
1004 239
9851 4417
7228 5335
2840 5520
7569 8612
4849 888
2033 9257
7064 2823
8907 9246
5763 638
6598 5985
4176 5950
2695 584
6344 2065
4987 4089
9801 8411
1968 4904
7864 5460
1568 7909
1741 9180
7086 1562
2536 8285
6541 5297
2278 1861
1358 8503
4501 594
3811 4772
1865 6327
5887 722
6401 951
1723 5005
2261 8482
5148 8709
253 6700
9961 981
4037 7054
8910 7326
5669 2919
9774 122
7095 2125
3105 7730
9537 7817
3795 3958
2020 9730
7447 4471
5661 4136
8237 8892
4971 3877
6794 3948
9687 6928
8877 9907
957 1211
2663 8538
7457 850
8915 1507
7428 4107
3701 9839
2607 4684
3689 5784
7997 8585
1776 2861
763 2234
6037 1479
8728 9250
7464 5801
2031 5157
1036 6249
3734 425
8519 9607
9697 1446
1915 761
5229 5886
2935 1641
9995 6128
4012 3096
1250 8179
5406 1655
9124 3634
4453 1456
4849 9405
6574 9597
9380 3766
4434 190
4998 5286
8734 9407
929 4190
1818 7720
5406 9637
7614 3238
7226 7860
5651 3742
8680 7070
9165 6466
6151 6803
6802 7857
9668 6726
3009 9136
8850 2500
4355 7780
3943 407
7768 9267
1688 5244
6695 4652
5304 9189
8094 9351
627 9033
4015 9879
9864 2167
9262 2787
8834 2153
5620 4002
3690 2531
6390 9071
7277 1836
5533 2555
5636 9037
3080 5672
152 5752
7751 5292
5976 2188
8650 6507
6678 9238
9820 3441
3603 1632
6470 9850
1764 1506
1329 7839
9802 6231
141 5100
3260 5512
4574 3270
7966 1975
9998 6327
504 7943
7379 6075
9759 2498
3441 7809
5603 8611
910 456
9220 7095
2476 389
4619 9018
1474 2452
2882 3918
6992 7608
3237 5840
6919 5088
4994 5752
798 2065
2205 8698
3623 3732
383 9325
3739 5888
5780 2208
7137 3554
3939 6321
9959 6626
7864 9598
6876 2632
899 1019
944 3748
8990 2638
5599 202
8317 6369
1628 6661
909 8241
2263 5710
8136 1285
4879 8579
8533 4218
9112 4661
3695 3614
7305 5102
9391 6979
6203 9644
7855 2841
3119 4057
8821 5815
8683 3014
5455 1108
6403 1070
749 8576
2518 4409
3777 7575
3103 9936
4021 2130
554 2421
6306 5603
706 9531
6671 8967
7201 7562
8505 8281
9194 7526
147 3156
6730 7960
4419 4743
6142 8403
5765 2098
3332 8534
4535 9077
1365 9111
968 9152
9496 9306
2918 1382
7899 2707
7911 4061
1633 3289
9335 7733
5976 940
3029 7039
1383 4879
5068 8103
8873 8890
4264 1001
2566 7418
8396 3492
463 6816
3526 3846
2327 1576
7071 8803
2354 8768
7640 988
1007 7704
6595 2491
2865 6126
3661 8613
2742 3412
41 4062
6941 9555
77 9366
2917 7112
1420 6225
8129 2531
5447 973
8141 9569
9907 2515
4164 8462
3964 2277
3513 1289
3398 6295
5166 6683
6777 6082
1284 1012
8110 7646
676 8190
9135 575
2346 6536
6264 5265
5136 5545
5874 1127
8597 9768
5854 8871
9791 5157
5456 2182
3805 2098
2905 8824
9552 9908
4584 8491
1016 8026
286 845
2469 4290
1201 7844
3528 1519
5761 64
600 7224
8046 2933
3449 3411
1819 1832
581 1736
3887 6499
2590 5769
772 4069
8324 1520
4991 9583
752 9204
5937 3887
5485 5137
725 3
9415 8259
791 5281
6807 6506
5314 7236
4213 5609
2288 6685
2162 8498
2713 6204
5084 718
1438 4256
5477 7463
2912 6454
2042 2854
3496 810
387 4774
9054 1225
5712 6621
107 5979
2010 9565
9111 5652
8493 3336
5833 1662
5150 4907
4140 874
8043 8461
8723 4488
7612 2929
3678 1842
3552 5582
2495 622
1729 9697
5711 9374
4498 7388
4076 9696
775 4886
7404 692
2981 193
3756 185
6750 6853
3075 6848
2855 3682
6231 8521
7759 4878
1688 213
5499 778
1248 8617
9037 6455
5050 1628
9567 4081
7231 5965
6783 3283
1217 3830
8885 326
2666 9621
9459 8634
2487 7110
1742 1148
4200 281
4534 290
9543 7512
1180 869
1384 7308
3570 6682
6049 4609
4717 7001
7321 5378
8529 3744
7945 7712
9316 8949
6962 137
9270 8454
6097 9992
8556 1327
864 5398
7717 434
6097 1340
1062 4167
6066 53
2346 5948
1719 3655
3881 6818
5241 61
1267 7288
2984 4018
2722 6097
6820 868
1140 8987
9999 9626
3095 3063
2955 1012
4001 2586
5716 1912
5533 9877
3200 8406
1634 5072
7342 3410
4090 4471
9302 5534
7666 4022
7414 6378
3725 7459
8682 5922
1762 8178
6791 532
2663 9153
6998 6594
2096 2178
9467 3989
5310 1138
1663 9850
1655 418
1854 1343
6720 8322
0.5271 0.7015 0.6662 0.3773 0.4201 0.2476 0.5183 0.2899 0.8814 0.6708 0.5735 0.2972 0.1687 0.5737
0.2622 0.4223 0.4718 0.4550 0.1362 0.2284 0.2178 0.5922 0.4325 0.8108 0.6649 0.6952 0.3132 0.8117
0.7101 0.5807 0.3837 0.4362 0.8156 0.8706 0.3891 0.6030 0.4159 0.6564 0.2624 0.4300 0.6691 0.4916
0.3729 0.2244 0.5420 0.1726 0.8836 0.2054 0.1003 0.1863 0.3031 0.4593 0.1275 0.7499 0.1089 0.1007
0.1589 0.3216 0.6005 0.5001 0.8996 0.3611 0.6663 0.4296 0.1729 0.8305 0.4788 0.3274 0.5648 0.6482
0.4938 0.7324 0.7015 0.5256 0.7833 0.1892 0.6513 0.2863 0.4804 0.3902 0.5320 0.5262 0.8730 0.2813
0.8037 0.1506 0.5442 0.3706 0.2157 0.2915 0.7656 0.6521 0.1185 0.6391 0.4795 0.3505 0.3797 0.8485
0.5814 0.6216 0.1909 0.2189 0.8875 0.5731 0.8847 0.8582 0.7687 0.8684 0.4620 0.1370 0.7084 0.3012
0.5969 0.5494 0.7624 0.3448 0.6058 0.1359 0.6405 0.7512 0.2469 0.3076 0.2753 0.2864 0.4293 0.2730
0.5538 0.8095 0.2341 0.1216 0.3151 0.8117 0.5348 0.4551 0.1560 0.8679 0.6017 0.5679 0.4880 0.3298
0.8054 0.8655 0.2398 0.1133 0.8899 0.4202 0.4887 0.4830 0.2895 0.5676 0.5153 0.1784 0.1551 0.7034
0.4529 0.6792 0.4503 0.4337 0.5120 0.3063 0.3807 0.5877 0.7434 0.5678 0.4327 0.4565 0.8291 0.6810
0.6251 0.5111 0.8799 0.6332 0.4696 0.7528 0.8308 0.4566 0.5395 0.1886 0.2262 0.2697 0.2336 0.7462
0.5269 0.5741 0.1023 0.2368 0.2256 0.1294 0.5498 0.3219 0.8025 0.7138 0.8015 0.5676 0.7849 0.4136
0.7883 0.4989 0.7167 0.5355 0.8296 0.2419 0.1203 0.2160 0.7348 0.6240 0.6874 0.1840 0.4166 0.8530
0.4250 0.4605 0.4411 0.7409 0.2665 0.5510 0.1300 0.8444 0.2567 0.4435 0.6506 0.5706 0.3814 0.6380
0.1032 0.8096 0.4836 0.5140 0.3473 0.5627 0.6188 0.3015 0.7962 0.2902 0.3832 0.3470 0.3845 0.2531
