13 517 38
3476 9360
987 7795
7247 5288
7337 8862
3067 8391
2719 9861
9412 4931
1440 3432
3393 1215
2972 617
846 2475
551 9171
4923 7890
9831 2450
6355 8229
3130 5272
4070 1975
5334 6861
4535 7737
8487 4044
5293 9753
1211 4860
917 9028
1595 7334
6287 4231
3588 6661
3590 7132
2017 6604
2651 8929
2718 8126
5061 5656
2298 8208
5139 7990
7819 2278
3504 2253
9128 9176
234 2549
9982 754
1388 4591
6868 4662
768 9854
2748 8419
5525 5604
235 7760
8450 3402
650 1973
7776 4112
1886 9728
7479 7926
9487 2652
8096 9547
4200 2087
2976 1328
9310 914
3188 8611
5857 127
1299 8750
3170 1357
9506 6348
880 7403
5653 1040
508 7776
2160 7224
8866 9233
2951 9288
6727 719
8934 2304
620 2218
2513 6893
654 3753
2149 1164
8647 7307
5760 7053
497 3273
5035 1206
1953 1123
2767 5864
4040 4651
3250 8886
9133 3231
8210 8469
4825 4179
2987 3577
8551 2011
4486 5599
458 7559
8608 8012
8077 835
7651 1504
5036 7424
4172 2793
8162 6756
82 5808
7513 7627
4631 4005
4919 2582
6059 6480
3668 705
9118 6131
3609 6916
621 8827
4850 7526
8141 3060
8324 646
9623 3272
5006 3388
8856 5321
4011 7939
5138 959
2607 8838
4233 4862
1412 3602
1979 379
3015 3681
918 2334
9209 4249
1118 4291
7551 6580
5662 9387
9222 5836
5670 4269
2966 7625
8042 8456
6422 6285
4597 3394
3714 9113
5186 5609
4713 9038
7160 9006
7614 6220
3104 9314
4699 5058
9662 8600
4683 6034
1882 641
8486 7395
767 3704
2974 9086
9210 3359
8103 7333
3638 9525
2463 8305
3449 6275
9902 3205
3836 7792
3110 5952
1970 2649
4689 2216
841 4856
7144 611
3076 2557
5872 3442
4870 9135
5678 8421
1635 9469
5251 5009
5904 4766
466 5031
9530 4579
224 4470
2267 1247
9572 5996
3244 6039
9804 8409
1323 117
3294 4495
5757 1922
2639 2699
6191 9833
7806 6622
1297 4179
8600 428
6350 2525
2044 3846
2183 2297
1188 3432
9792 5294
8704 1885
1819 2262
2795 5515
638 6009
1821 2702
2506 7982
829 2626
8318 786
2163 2871
4613 9772
6270 7518
5646 9786
6391 2677
881 5985
7270 9639
4218 98
135 4394
2489 7280
934 8728
8630 4618
7262 9113
6591 8575
4165 8976
9876 3673
2927 1981
6017 2274
6485 3584
1581 1903
8311 2446
2392 4089
84 426
8907 3652
5794 7192
2103 8626
6670 1537
7227 2025
6937 2250
7823 9756
8593 8504
203 2375
1986 6917
8284 8753
4303 1939
9451 847
3822 5091
4429 8355
5981 9972
708 2919
2747 3485
310 6552
8043 3358
1649 8779
8146 6653
3643 1540
7105 8389
3333 5015
6182 2727
4415 4512
6031 7449
6055 1479
7274 764
3656 7573
9915 611
5297 1971
8837 3076
1592 5361
1207 1637
4754 530
9521 7260
45 7772
4479 5865
352 8184
8806 5544
7143 7292
679 7838
9556 1114
3055 1651
2751 7652
6908 7983
6635 7578
6989 3572
6549 6601
9102 985
5965 3581
9675 658
9505 5447
7680 5993
9786 1886
8830 587
222 798
652 6486
940 8560
8815 4851
6468 1459
9689 1813
7719 2406
2762 682
8857 7398
5431 924
25 7235
2021 863
5434 7909
8972 7866
7050 6364
9240 5566
3700 6981
8805 1890
6501 1897
5414 3751
2271 7669
4868 9251
8423 7518
9156 1407
1101 2283
3288 8716
9198 4523
7277 2652
936 7276
1461 1343
8379 4202
2067 1398
5501 5888
869 248
7055 2594
6304 9725
2152 536
1147 6585
6355 504
7078 9096
6055 1829
1602 3181
8157 7173
3305 574
4571 2920
5846 6118
9081 1565
2797 9172
1609 534
3444 3241
471 9248
2427 9178
5219 8100
3435 7563
4694 1203
1710 5723
4745 8183
1378 2303
7734 8698
8999 5498
5707 3123
4788 3010
2735 7960
357 7484
8349 7352
6148 8555
8571 947
5203 3620
3908 6030
3854 6124
9484 156
1794 6904
6003 3242
4447 9825
9571 6597
1485 7176
8759 9956
4921 2380
3676 5914
7085 3195
4016 195
2585 6086
1429 2923
9317 6103
2285 9803
6057 8234
18 3220
4690 7908
2180 4872
7163 6727
4081 8153
9271 4411
7802 6071
9089 230
1899 1688
8994 6795
5206 9427
2215 6616
8176 9988
2259 9030
3217 5493
7705 5385
2994 1487
1285 8895
1040 4405
3927 3367
3936 1424
3194 659
6843 6333
4752 4701
9665 7728
5154 1278
8575 7704
5094 5199
3045 7751
9618 3399
6021 9390
2945 4065
1814 8613
6645 6724
488 2908
7567 4070
780 2399
2150 7408
4853 8670
1019 9678
6078 4150
5005 5120
2239 5571
2492 9936
4930 4443
8949 3147
1958 6397
5689 6581
3893 1663
6359 3017
1932 5415
9419 1208
7389 6741
3354 8361
6834 5946
9757 3637
9010 5958
6843 1244
8422 9515
2292 59
3647 2924
5425 4863
6497 3458
3147 65
648 8516
8911 7619
4504 8077
4475 4116
1867 2111
1005 3801
185 9701
9956 4339
3840 3553
962 9953
7540 6826
3284 8541
2082 6397
9603 9944
5818 5036
9885 5138
3512 8803
6684 4378
4787 8395
152 4767
6806 8878
6267 7314
3261 7079
6619 8415
6767 9021
1556 2895
1542 794
5468 2733
6690 5644
8364 1574
7735 7304
9429 8595
8890 4022
847 3919
2563 5312
6522 8801
4864 3838
6952 7404
8488 4334
5445 4319
2277 4699
2725 6821
8755 1789
6137 6138
884 1044
4820 5455
735 7923
640 5112
3391 6773
5555 4939
1969 9590
1930 8267
4973 4263
827 8839
7961 6501
8921 1511
5877 5213
9822 6481
5404 9560
8892 5610
3407 936
4744 1974
7790 8936
7895 1979
1603 3340
603 1371
4097 4474
6491 7190
5582 672
6830 9534
4533 5201
9371 1982
8850 5747
738 2069
1885 3201
6215 5378
2568 4921
6552 2689
5978 4362
7550 6388
8362 4626
5124 4609
7518 5336
9414 3687
8015 8114
1564 5736
5575 2104
2202 6279
8160 4962
6774 830
8113 5412
7307 2863
5890 607
6770 3456
2871 2369
8302 4430
3479 7450
7409 5506
1072 3951
7940 775
2682 4514
3058 7467
3050 4229
6585 802
6944 5112
5701 8879
7869 638
5919 2778
8866 1281
719 7072
1431 3215
2349 557
8872 8102
8471 7295
0.4063 0.5882 0.2336 0.3489 0.1811 0.7870 0.4297 0.2488 0.5999 0.4669 0.1735 0.6560 0.6671
0.4185 0.6621 0.7493 0.2672 0.2190 0.2943 0.8743 0.7627 0.2923 0.8220 0.3761 0.6772 0.6252
0.7063 0.4847 0.3486 0.4922 0.8687 0.8808 0.3495 0.4203 0.8099 0.3543 0.1076 0.1324 0.2798
0.1492 0.8824 0.4155 0.1109 0.3776 0.7293 0.7297 0.7813 0.5437 0.8955 0.7830 0.7188 0.5257
0.6143 0.2959 0.7288 0.2061 0.2567 0.4752 0.8500 0.8429 0.6949 0.3743 0.1700 0.8223 0.6505
0.7214 0.7633 0.8190 0.4697 0.4718 0.1224 0.5597 0.3692 0.8338 0.5222 0.6198 0.6513 0.6193
0.1388 0.1485 0.7255 0.6682 0.6296 0.2689 0.4849 0.3206 0.6129 0.2252 0.6359 0.8920 0.1041
0.3014 0.6436 0.3683 0.5051 0.7973 0.8640 0.1378 0.2911 0.8362 0.6741 0.3513 0.7091 0.7976
0.5578 0.8228 0.4151 0.3609 0.4985 0.7729 0.3040 0.4894 0.2222 0.6688 0.2826 0.1674 0.6366
0.1625 0.8001 0.3841 0.5684 0.4870 0.1578 0.8009 0.7402 0.7099 0.1152 0.2378 0.6838 0.7090
0.8697 0.6071 0.3486 0.7577 0.6982 0.8571 0.7759 0.6147 0.5153 0.7350 0.8407 0.6244 0.7410
0.2110 0.4474 0.3809 0.8257 0.4681 0.7756 0.3239 0.8293 0.1530 0.5832 0.8241 0.6424 0.6332
0.5782 0.1350 0.1167 0.3030 0.4808 0.6355 0.7493 0.3274 0.1105 0.4036 0.3669 0.1770 0.7717
0.4402 0.1323 0.2594 0.6255 0.5801 0.5128 0.6684 0.7947 0.7117 0.8044 0.8039 0.3584 0.2776
0.6546 0.6287 0.4679 0.3798 0.8022 0.2924 0.3824 0.7682 0.3589 0.3047 0.1442 0.8803 0.1025
0.8920 0.2709 0.8510 0.4715 0.4557 0.8680 0.2550 0.7583 0.7904 0.3490 0.3327 0.1409 0.5955
0.6908 0.1645 0.6863 0.2694 0.6231 0.8475 0.1949 0.4416 0.8880 0.1198 0.3193 0.2306 0.8525
0.7979 0.5799 0.2365 0.7916 0.8361 0.3976 0.4419 0.5275 0.5599 0.4306 0.4093 0.4147 0.7763
0.8430 0.5933 0.1985 0.2984 0.1677 0.4622 0.2065 0.6081 0.7559 0.7478 0.6006 0.1623 0.8831
0.1861 0.4668 0.1972 0.5695 0.8635 0.4443 0.3101 0.5667 0.6578 0.5439 0.7109 0.5503 0.1191
0.4746 0.4182 0.3503 0.5265 0.4327 0.6111 0.7974 0.2848 0.1220 0.1354 0.8135 0.3894 0.4274
0.5856 0.7538 0.6471 0.2819 0.2429 0.4181 0.6854 0.8991 0.7693 0.5713 0.4061 0.3675 0.2741
0.6686 0.8006 0.6467 0.7890 0.3686 0.4879 0.3052 0.5073 0.4276 0.6356 0.6137 0.4931 0.3484
0.8579 0.6590 0.6809 0.2060 0.6466 0.8326 0.4697 0.5023 0.1498 0.3575 0.7329 0.5137 0.7203
0.8588 0.5659 0.1046 0.2067 0.7313 0.1805 0.3971 0.3783 0.4074 0.6834 0.7851 0.5025 0.4775
0.3043 0.4564 0.4302 0.7228 0.4651 0.3943 0.2948 0.8291 0.6241 0.2032 0.8104 0.2202 0.1593
0.7457 0.1804 0.7185 0.6217 0.7787 0.4099 0.4542 0.1381 0.1684 0.5191 0.4202 0.2147 0.8935
0.8582 0.2472 0.1400 0.6935 0.7454 0.4808 0.4568 0.6855 0.8866 0.1541 0.2700 0.4944 0.6289
0.7433 0.4036 0.3873 0.5862 0.4877 0.8720 0.1683 0.7289 0.1381 0.8361 0.1999 0.8785 0.7013
0.2578 0.3164 0.7194 0.4641 0.3675 0.7882 0.6254 0.1251 0.4671 0.2048 0.3069 0.2552 0.5639
0.1172 0.7341 0.4836 0.5485 0.7684 0.4442 0.7156 0.8311 0.7113 0.3946 0.7257 0.2371 0.6959
0.7444 0.3985 0.1720 0.3508 0.4420 0.8234 0.1562 0.1770 0.6265 0.4133 0.3368 0.7466 0.2224
0.8018 0.4134 0.3288 0.3032 0.2328 0.7202 0.3510 0.7641 0.4026 0.7575 0.2236 0.3048 0.3235
0.2671 0.8991 0.4353 0.3731 0.8247 0.8794 0.2621 0.1499 0.3112 0.8425 0.4141 0.8844 0.5537
0.8793 0.5578 0.3040 0.4436 0.7869 0.7832 0.8283 0.4610 0.3951 0.5374 0.2536 0.1532 0.1675
0.8413 0.5306 0.4464 0.3934 0.7972 0.3612 0.1813 0.7227 0.6410 0.1200 0.6412 0.3389 0.8943
0.2117 0.8444 0.8444 0.2005 0.3073 0.8753 0.6635 0.2460 0.5070 0.4345 0.5567 0.1859 0.3402
0.3890 0.1858 0.3634 0.2030 0.3915 0.1757 0.4578 0.2048 0.3537 0.7824 0.2683 0.7865 0.4641
