7 314 10
6504 2104
1848 1285
5869 8830
3295 5594
1493 3174
2076 1633
9917 5959
5443 3434
1319 7925
4651 3873
5758 4746
4232 2755
8197 7525
1878 5428
4370 1534
115 6953
8654 8943
7308 1244
6553 2427
4311 7733
444 789
4905 3989
7075 9951
7407 1037
2897 5958
7072 1561
5670 6803
9207 7925
905 7782
522 4590
2093 7619
922 3735
2555 7030
9070 5083
4606 8017
7744 6301
7328 4366
3675 7381
8064 8953
189 5706
1847 4858
1692 501
2685 6969
8448 75
9177 6465
5362 8596
4334 2350
7434 5961
5774 2983
5482 3545
1477 4680
5470 5231
6539 6895
2701 6252
1977 7139
1976 1520
3740 6524
8597 4170
7770 4163
9887 2611
4390 11
1534 2566
3777 9290
4076 3916
3198 1900
7035 7136
6691 332
1487 6480
9657 5933
2895 2688
6426 4492
3386 9447
7312 529
1860 7882
3136 4800
8812 4331
6554 4609
9603 2973
9187 8332
7061 8542
2628 2290
7074 6213
1182 5630
6168 7898
215 9100
1965 5813
1944 8677
7944 534
5754 6507
1146 1112
1235 4250
420 5962
3534 6445
5744 1517
83 9729
8792 1545
2049 9360
8108 9539
4466 4614
8303 3502
9913 4696
6192 1014
6653 8527
3746 5735
8963 7825
601 3788
6417 5788
6278 8559
4892 8150
9502 955
9308 2038
3551 5321
4355 4171
7729 3958
2047 703
9049 6807
6095 4233
1258 3951
3619 8279
9418 7596
5183 8803
1655 9747
988 7916
9194 9059
2832 3646
1873 9894
33 6792
4792 8043
9246 6832
4121 3608
5461 7589
6752 6015
9459 334
6107 7040
4724 7149
561 1288
566 2570
7218 2953
2975 1159
6935 4623
3127 5286
1194 2731
4170 2183
7200 6134
9087 9538
2374 9107
4854 2993
4719 8423
6294 8882
8003 3995
2831 4303
8197 8549
8384 6137
4772 9172
4727 4703
8791 6514
671 3886
4827 2853
8775 2811
4258 5024
4138 7686
8087 9690
3828 2837
3366 9927
5070 833
5940 7081
9745 1803
4845 6893
5216 5795
2464 1473
2605 5484
8530 2641
4248 2977
3945 820
7023 2431
145 1525
7749 5485
2650 2526
902 8898
3033 6307
820 7008
7184 5725
3725 2471
5658 8035
1462 9614
1690 3045
721 9046
4961 3193
3337 7354
6302 2191
3425 9334
5683 6378
9149 8176
5601 3044
7149 2722
8509 7419
6544 7098
456 370
6999 2183
7045 3438
464 6220
1753 2127
2669 7140
8600 6294
2228 2901
5146 180
8777 2297
2936 2006
1534 1538
2681 2632
6602 6009
8912 2559
9744 7737
8282 2839
9789 4609
6720 8668
5882 5159
7703 3297
143 5310
1274 9747
2207 1346
9409 8627
8325 1647
2220 299
4484 4407
5773 1782
3436 881
6157 2741
3718 1448
3744 7870
8126 9284
4796 5026
5375 7239
3613 4994
9065 6025
1331 8807
5936 7735
7900 1735
1296 2771
2424 4515
3993 7425
9542 1187
1941 1367
8130 3766
5728 4276
5498 4877
5326 3780
4180 6689
4884 4840
3555 8561
9879 4273
2193 6562
1273 3194
6391 9859
8443 5221
6227 1554
4659 5184
3329 6118
6195 5597
599 8
7570 4525
2116 5938
6129 9183
5353 8305
844 6910
890 7301
6961 9644
2988 5670
8195 8270
6086 5827
7464 2837
9254 9331
3902 236
1332 4294
2409 4647
4247 1688
5118 7098
4788 8725
547 5593
7551 6868
1210 2464
429 45
9313 6536
1747 2665
9130 8051
579 1838
68 4337
8842 5927
1643 394
1930 9311
1869 500
19 4180
4350 4331
8890 6499
9052 8746
451 9100
4633 286
7501 5782
963 2943
4997 1193
6944 9427
8510 6349
696 9522
2492 8478
9883 6954
1679 2418
3427 8446
5234 6948
9887 7987
9241 4250
8997 9038
8883 5709
387 3963
8262 1927
5452 5886
2603 3677
8210 1764
6016 5625
7673 9627
9780 9445
2010 5626
0.2425 0.2734 0.8958 0.6623 0.8286 0.5292 0.8578
0.4869 0.4193 0.2607 0.6367 0.3060 0.7111 0.8052
0.2015 0.7219 0.6190 0.2930 0.5641 0.3930 0.5513
0.4881 0.5095 0.4512 0.6963 0.6793 0.8037 0.8510
0.5152 0.1829 0.5682 0.5259 0.3280 0.8529 0.7074
0.6589 0.4228 0.1574 0.6878 0.1083 0.2477 0.5372
0.1480 0.2301 0.3999 0.7195 0.3455 0.3657 0.1392
0.4385 0.4040 0.7918 0.3545 0.1488 0.6975 0.1146
0.1339 0.5934 0.3914 0.7392 0.3917 0.7487 0.6016
0.3163 0.3115 0.5151 0.2802 0.2477 0.2324 0.3725
