10 310 40
545 5159
943 2094
3018 7034
8840 7579
863 6347
8261 418
966 3716
2658 6988
9112 820
5705 5490
12 2777
1542 1496
5006 9488
3473 570
6763 4773
4982 2955
7670 4965
3849 3190
4112 6909
4400 2545
2498 6343
7775 747
5768 3686
1356 6935
2737 1086
205 5475
9855 2186
7600 589
4840 4753
7237 2276
4114 1062
2458 4594
7135 896
7088 6577
9222 3657
761 5043
4543 4064
182 2360
4732 804
1932 7038
6243 5898
9860 1518
7907 312
7054 3294
3693 3404
6811 9413
8439 9600
2132 5885
1260 3467
7752 6957
6796 5259
5925 377
671 7339
9795 558
3097 1953
5481 3598
7909 835
5758 4352
3996 3369
2544 8209
6682 73
8048 9519
589 9306
5589 4965
9790 2262
1494 8208
890 6211
6562 3419
4486 5
2567 3509
2200 9625
4423 4605
4911 1839
1728 7284
9016 75
7022 1559
7569 1284
533 963
2674 228
5823 1241
779 5564
4125 3589
637 6995
8036 9781
4147 8011
5181 2115
4537 6329
5250 583
1259 4563
8196 4311
6374 7914
5598 6014
4380 6611
4866 8974
3790 9835
7445 8917
4192 9152
443 9666
3511 8700
9116 2294
5662 4773
2377 942
6983 4555
6461 3637
4931 3265
2772 8047
642 4126
8724 486
8457 116
3931 8091
393 1673
6354 411
9448 1886
1629 6932
8917 459
1882 1462
1632 5243
407 6245
1795 3212
6102 8387
5406 8369
3481 5156
6553 6197
346 2865
5254 2001
5534 3986
6156 3028
787 3210
5369 5130
7623 1623
8038 2089
2272 6899
2886 2102
4191 1500
7383 4779
7750 5237
1618 6534
9387 940
9140 6903
3494 1966
8759 7047
4294 6492
2520 7126
3233 263
7642 6624
7718 1409
2439 7680
239 3148
5337 779
4681 5281
6324 1237
3936 983
8183 3102
723 9359
2873 8014
2604 8956
25 3715
4991 1718
7170 718
4559 157
7533 3975
2659 3949
4748 9423
8071 5555
1788 3529
9161 6221
6087 3257
9448 2421
856 9794
5352 7738
1280 5748
601 6609
5818 9170
5946 2086
2265 4433
4594 4189
2451 8924
2603 2200
2593 6828
4850 6177
6917 4271
5434 5736
6490 1428
6767 6878
4412 5442
6045 7082
3352 5883
7663 1493
1358 9287
9958 2727
5966 2995
3226 4653
739 1267
1084 9822
7419 6873
3452 7459
8972 3469
2270 222
9694 9926
5591 7078
3435 1363
6907 2875
5087 7537
4528 5931
786 8955
1047 7059
2915 7083
4120 1358
94 7610
7735 1178
3161 9308
8886 6064
4847 772
4477 5276
9887 9901
5492 8254
3611 1948
5061 9645
4251 6632
9080 4611
7336 1964
7120 6852
4765 2456
9376 1433
6053 1911
4886 2311
8679 40
9315 5238
2695 5277
5339 4647
2757 9272
5856 2931
8204 6701
995 3382
8447 4860
2519 8574
4797 6731
3990 4930
5713 9356
5168 6308
2878 3765
9081 7664
24 6006
6515 7629
2893 6595
99 6966
6322 3499
7303 3859
5137 4971
5021 7283
7386 8002
7155 5093
9625 6367
2831 5092
1270 98
581 5461
7136 8787
8252 1380
4927 6294
2663 8862
2808 4243
2532 50
3445 7906
1807 3794
9323 6735
9174 5882
9576 4456
9898 7363
3041 6430
6010 6368
2700 7245
6013 5392
4851 4924
6385 5341
1829 8869
5739 2667
7085 4700
8236 6926
7581 3743
1591 4084
236 4787
1148 829
878 723
6623 3646
989 1345
2636 9771
4270 9226
7423 8144
3603 7165
9671 4208
5087 9969
3806 3428
1154 4696
7568 7423
7411 9961
6905 5687
6628 4523
1897 9521
2715 7441
8451 1933
1272 1408
1756 2522
6926 7690
6909 8311
1961 2552
3841 4192
3427 897
5624 5423
5055 3336
7106 7538
8646 1598
8852 8484
2772 6024
7657 6999
3748 8066
4776 9663
7200 2039
3926 2129
6349 3729
2774 4092
0.2596 0.3580 0.6133 0.2486 0.5357 0.6825 0.3605 0.2867 0.2636 0.5753
0.8883 0.3406 0.3715 0.4722 0.5746 0.5642 0.4504 0.5782 0.3293 0.1696
0.5621 0.7075 0.1701 0.8219 0.2450 0.8036 0.5438 0.7547 0.7993 0.2062
0.4011 0.7541 0.2844 0.3027 0.3538 0.4214 0.2401 0.2232 0.2577 0.8062
0.2183 0.2272 0.3798 0.5954 0.3981 0.7023 0.5356 0.4152 0.4868 0.1445
0.4029 0.3929 0.5975 0.7372 0.2552 0.5170 0.4389 0.6563 0.1244 0.2297
0.2122 0.7749 0.3412 0.4392 0.4163 0.7648 0.1537 0.5151 0.6206 0.4738
0.3378 0.6927 0.2131 0.3187 0.8004 0.3539 0.6052 0.3928 0.1537 0.2546
0.5970 0.6408 0.3434 0.5574 0.6111 0.2393 0.1376 0.7509 0.1235 0.2850
0.5723 0.8684 0.3752 0.3218 0.8430 0.2220 0.6268 0.7567 0.4366 0.8317
0.6205 0.8686 0.4436 0.6702 0.3945 0.8135 0.5736 0.6539 0.1833 0.5995
0.3799 0.4038 0.5751 0.5090 0.3608 0.6693 0.2332 0.1311 0.6174 0.6844
0.3198 0.8351 0.7605 0.1861 0.4708 0.2517 0.1454 0.3112 0.7210 0.4243
0.4210 0.2124 0.1280 0.4500 0.3898 0.5031 0.5902 0.8972 0.2695 0.2180
0.7945 0.1915 0.7110 0.6919 0.6718 0.2349 0.7040 0.6787 0.4584 0.6552
0.5968 0.8052 0.5056 0.6205 0.1474 0.7217 0.4153 0.3076 0.5118 0.4787
0.8606 0.6183 0.7228 0.3111 0.8063 0.1835 0.3201 0.5257 0.7555 0.5585
0.4642 0.1344 0.1427 0.3165 0.7612 0.5239 0.6065 0.6402 0.6222 0.5071
0.5797 0.8368 0.3311 0.3548 0.7745 0.5428 0.2839 0.3756 0.4157 0.3609
0.8307 0.7374 0.2684 0.3562 0.7347 0.7620 0.7101 0.4373 0.2345 0.5357
0.8575 0.1835 0.6313 0.6081 0.4548 0.7043 0.6901 0.7162 0.3684 0.3285
0.5529 0.7207 0.5286 0.1617 0.5549 0.5700 0.7969 0.6351 0.5587 0.1806
0.8633 0.7403 0.4486 0.1093 0.7998 0.8043 0.1912 0.4369 0.1448 0.1789
0.1037 0.4251 0.3765 0.4085 0.3837 0.8092 0.1241 0.1413 0.8019 0.6650
0.1445 0.6315 0.2490 0.8336 0.6596 0.7048 0.4432 0.4047 0.6208 0.5083
0.5938 0.5503 0.2003 0.4848 0.2446 0.5881 0.6236 0.6966 0.7740 0.6003
0.8990 0.5200 0.4815 0.6389 0.6451 0.4695 0.8726 0.7098 0.8562 0.5773
0.1958 0.1108 0.3303 0.3651 0.1855 0.2502 0.8095 0.8464 0.5457 0.5632
0.1726 0.3599 0.6758 0.5255 0.8421 0.7199 0.6292 0.6291 0.8217 0.7724
0.2366 0.5463 0.4492 0.5554 0.4857 0.7588 0.3446 0.6484 0.2607 0.5026
0.1914 0.3312 0.5048 0.7849 0.6370 0.1410 0.4248 0.7600 0.5156 0.4636
0.2478 0.6647 0.1195 0.4755 0.7061 0.4687 0.3117 0.6301 0.1685 0.4301
0.2592 0.8730 0.7344 0.4635 0.3010 0.5783 0.5195 0.8241 0.4450 0.1996
0.4443 0.8211 0.7587 0.8771 0.5633 0.6110 0.2000 0.1779 0.5877 0.7642
0.6493 0.3163 0.3307 0.4489 0.5376 0.5596 0.8098 0.7823 0.7019 0.4639
0.7577 0.5390 0.3540 0.2001 0.7893 0.5065 0.3480 0.7674 0.2631 0.5038
0.5573 0.5083 0.6038 0.8580 0.2525 0.7155 0.7461 0.4251 0.5777 0.4674
0.1893 0.4398 0.8791 0.4591 0.2976 0.3764 0.7400 0.7200 0.2484 0.3700
0.4551 0.8467 0.8495 0.8176 0.3209 0.3595 0.8049 0.6554 0.7202 0.8096
0.6963 0.1987 0.1154 0.5623 0.5106 0.4664 0.7328 0.8073 0.7600 0.5838
