20 561 24
5784 9163
6788 2391
7463 6583
8293 8955
8535 7191
8921 486
4079 579
3551 5218
6902 3609
3478 3130
8052 4533
6223 6234
7304 1639
4243 7190
7986 9514
9043 1811
8431 2051
4728 1643
6538 9731
5089 7203
8952 6740
882 3534
7639 3210
6876 5791
8766 4088
2743 9594
1364 2040
2549 2519
2605 9913
5005 3646
4858 7135
7838 2950
1289 5421
4249 3748
4399 3012
4535 4797
2757 4946
5802 8803
3597 6043
8379 8125
9895 9499
3043 1391
6620 5535
1297 4878
7968 2616
7595 4718
7555 4924
3475 5395
4537 6762
3470 2943
9323 3316
3407 147
1969 3651
6653 7968
5107 998
4018 2883
6986 953
4275 13
951 203
6329 3700
8185 1299
7929 3215
8366 5948
7066 4180
1049 501
4588 3289
7216 7545
7927 7415
385 4423
9701 151
3187 7166
7073 8236
767 8347
7676 2692
6087 3358
7371 7914
2462 980
1122 8753
5757 6443
960 9310
5786 9427
5345 5175
3355 7263
8142 6869
2443 5072
2296 8233
2014 6447
740 8167
5902 5254
9127 5963
7542 2087
6464 8622
5439 9901
777 9477
7871 1819
9020 7446
8009 8202
7112 6616
904 7094
9433 1207
607 9260
9443 5107
992 6180
478 2140
2496 9479
4624 3191
2631 508
5922 8636
2635 224
9841 7263
6877 105
507 757
392 2234
1355 9177
9947 4432
6417 6588
7352 6234
484 1529
671 2338
1567 2270
8380 6389
1270 3631
2489 8519
4849 2580
2577 674
6648 8133
5103 9073
5988 816
9214 8697
8179 8025
4788 1478
4023 9900
1253 5627
9522 1284
9914 7427
1702 2743
6212 4104
5837 3510
9823 7545
3347 6908
6955 9484
6002 5946
812 7277
3268 3399
36 9907
8805 1475
8398 3822
632 5705
3861 7817
5197 9361
6650 9997
2852 9616
8457 3430
5610 1831
1903 7920
1270 1616
159 7372
9825 3070
4338 7304
4464 8861
7986 5032
2157 9534
3451 6976
8520 913
9015 7656
7118 9234
28 4835
9666 2860
4408 4410
8824 6486
5537 2159
1741 7809
9167 9
5054 8738
343 3887
1830 69
82 5930
5378 9789
9384 3971
6540 1256
1014 5084
9398 8411
4134 419
127 7945
7459 4358
6171 5999
6830 2536
8800 3375
4248 2686
9786 4828
5647 8052
9431 2047
1247 7598
972 3682
4206 2216
3667 11
5730 3543
3825 1075
2285 1931
5567 6364
2264 416
6299 305
9434 9643
6671 722
7159 8580
3251 101
725 2898
8446 1618
9534 6123
4231 8479
4665 6830
3244 1805
1653 9711
3788 8350
9386 3729
4637 6409
9759 1189
3966 7948
2956 2268
8354 2231
4339 7498
6799 9598
526 4170
8919 3113
456 7185
6545 8877
3710 1557
8254 1436
4896 9463
5587 9631
9849 7676
7998 8430
5024 3115
1696 8159
596 9010
2701 615
1430 8056
1122 7267
3467 1652
2747 799
6304 1423
7852 4211
5461 8
8676 6650
3325 3063
2956 654
9515 6431
9927 8769
9544 1429
8856 7988
1658 3844
6674 476
2317 1215
1558 9926
667 2659
5977 9895
4248 1975
9689 2510
8327 7874
3709 8463
2996 4230
4662 8001
3513 4199
5522 1295
8278 210
6004 8057
5797 1069
5944 4660
1093 9106
4450 5048
6782 670
7260 964
3947 3365
8262 2888
9118 5120
8898 2460
992 752
2772 5211
1209 9515
1861 8511
326 729
589 7926
1858 4871
7905 5150
4935 3866
2931 4698
1800 4063
6239 142
5484 2678
235 7170
8445 1401
4618 5407
6065 5279
236 113
7449 6939
3127 3544
6993 5466
6099 2598
9727 5823
2182 7658
7457 8592
1952 8034
6961 1976
5733 5998
5618 3334
1897 5966
5419 2984
5357 1536
1634 1923
2236 9844
8471 5646
6642 7164
2990 4110
2563 7635
1866 3286
2981 3675
1300 6050
4006 2652
3668 4631
137 4593
3769 1914
1393 4424
6924 6052
3897 2322
7406 9482
2513 8358
9649 3689
4746 214
9682 9526
2562 5770
9058 635
1549 4626
2833 2714
1925 2449
4780 2435
6731 6764
9935 1177
7535 1263
4764 2857
7693 422
9276 2588
4321 6630
4655 4262
4682 6501
965 1984
3612 3249
7824 2531
6079 3774
6146 9323
3363 6358
9136 1542
7281 663
2232 2167
5821 6898
8814 1056
389 8811
6138 4243
4169 3106
9455 7734
6787 4842
150 1918
2128 6599
9184 8581
5179 3158
6872 6458
8386 4290
6515 8294
3803 2936
9606 7901
8681 7585
648 2782
5019 915
8931 702
2371 3500
1633 9067
9496 7872
351 1914
9148 4200
6985 5354
4703 3255
6540 5084
670 5935
7683 4413
4877 9146
1187 8304
6169 3688
6967 8147
1723 1763
6212 1594
3336 6800
6533 7637
4394 6169
4023 7356
4076 4875
8411 9446
6428 9075
8384 5115
7066 4877
3345 7693
7822 8575
4288 6746
1654 449
9862 1272
9881 9323
6529 9015
5788 2252
1411 2421
4402 1153
2321 6773
5463 6886
3893 6401
1199 9239
7981 6058
9238 5346
3425 5155
1702 9322
9659 3011
1070 9398
8182 6283
4992 3367
8647 5456
9448 2588
8671 2678
823 2106
4509 7674
1635 7072
8546 6702
4192 669
2386 4828
7365 1471
3313 7119
3018 5945
7204 2266
8652 4645
7602 3876
9272 8448
8417 4065
2969 778
6407 3944
8048 3457
2214 7260
6132 2442
310 5632
5697 9027
7881 6315
3361 8597
8612 2036
3151 2191
125 6839
6351 3376
8499 9377
9965 5733
7725 1602
3283 5915
3312 5044
2855 3320
7623 6181
5463 3578
4420 264
5017 1110
1927 5442
1518 3419
7110 7094
6845 3048
2868 3455
2535 1320
4599 9625
247 3781
6903 9318
3375 8815
9805 9145
7568 2197
9320 8083
454 5707
9258 1083
1024 3325
2610 1803
6670 4669
3276 2177
2773 7887
6170 6550
3605 5128
5311 9981
7463 2182
2577 9362
2110 6872
4885 1843
3620 9907
4542 2574
2397 583
3611 7044
6916 6566
180 2293
8985 6476
1461 7643
2516 553
5305 3393
5344 6871
5735 7999
5953 9147
7109 3146
3697 5405
266 3379
2906 7847
8716 1535
3579 686
2876 5962
2251 3690
1770 9591
1459 5056
3 4138
5108 3816
7107 3798
5513 9753
1824 2461
9662 897
4244 7584
4596 1364
5539 1576
8948 9181
5387 656
5413 3730
2500 3671
5904 8499
2684 9182
743 9951
7963 3979
5179 922
7490 9218
6097 8663
9561 8744
9936 7544
9268 5628
6077 8315
486 7088
303 516
115 9605
9891 8878
9399 436
8293 3034
7242 8897
6267 5316
6443 5225
5175 2920
7472 8195
6862 335
8166 8939
9030 3271
7733 6882
3845 7238
3306 2837
9454 4638
891 6479
3395 5763
1508 8213
4131 9101
2779 3150
1725 2368
7609 3613
5417 847
1325 5140
2025 271
4891 1385
6819 8883
3587 3592
4035 5317
7675 9319
1634 2107
3759 8007
6026 356
7786 8747
4634 7778
1833 4401
9654 8817
6191 3560
8027 7167
6808 4519
7972 2744
2157 4690
1165 4852
5650 8804
0.2847 0.3694 0.2419 0.2991 0.4134 0.1249 0.4199 0.1310 0.8067 0.7183 0.6351 0.2051 0.5228 0.2507 0.6476 0.7729 0.4082 0.5397 0.6238 0.4617
0.2066 0.3248 0.1279 0.5383 0.6033 0.5284 0.1526 0.1022 0.7758 0.2652 0.2979 0.3809 0.7151 0.1966 0.4279 0.8270 0.1368 0.1433 0.2223 0.1622
0.6516 0.7051 0.1563 0.6231 0.8337 0.7619 0.7442 0.1313 0.3037 0.5284 0.7618 0.4734 0.5811 0.6207 0.6283 0.1394 0.8796 0.3767 0.2629 0.1812
0.3370 0.2977 0.8886 0.5958 0.6995 0.1715 0.6639 0.1944 0.4737 0.4969 0.1936 0.6437 0.7981 0.8036 0.6076 0.5167 0.4114 0.2753 0.1293 0.1533
0.8911 0.1284 0.4394 0.6265 0.2060 0.1742 0.3448 0.2658 0.2226 0.7112 0.8852 0.5008 0.4338 0.8256 0.5464 0.1249 0.4891 0.3569 0.2372 0.3820
0.2613 0.2510 0.7443 0.5096 0.7625 0.5798 0.5678 0.6869 0.1864 0.4532 0.4047 0.2608 0.3006 0.5874 0.1770 0.3902 0.3065 0.6939 0.6128 0.6964
0.6184 0.7179 0.2217 0.4988 0.8293 0.3616 0.3066 0.6409 0.1813 0.5562 0.6952 0.7470 0.1013 0.4188 0.5505 0.7937 0.4961 0.6261 0.2546 0.1537
0.7611 0.1697 0.4294 0.2293 0.3601 0.6926 0.2117 0.2200 0.8812 0.8891 0.3309 0.5849 0.4321 0.1377 0.5906 0.8841 0.8731 0.4923 0.7918 0.2590
0.4556 0.5058 0.3579 0.1388 0.5186 0.5872 0.6883 0.8693 0.4631 0.2191 0.4822 0.7729 0.1572 0.6124 0.5303 0.3409 0.2621 0.7854 0.3076 0.8790
0.3782 0.7768 0.6940 0.8912 0.4222 0.5492 0.1186 0.4958 0.5974 0.8917 0.5844 0.4200 0.7421 0.8133 0.7766 0.2973 0.8289 0.3285 0.8055 0.4992
0.8805 0.6186 0.8714 0.4799 0.3640 0.3595 0.4179 0.6903 0.8466 0.2287 0.2794 0.5236 0.1723 0.3764 0.7152 0.8333 0.5141 0.4796 0.5438 0.4986
0.8477 0.2510 0.5941 0.1485 0.3974 0.2655 0.5754 0.5423 0.4603 0.4427 0.5846 0.1064 0.5487 0.5302 0.7799 0.7998 0.7502 0.8088 0.8012 0.8016
0.8183 0.3250 0.6420 0.4598 0.4919 0.3369 0.5804 0.8325 0.3482 0.6341 0.6217 0.3286 0.3870 0.4745 0.8573 0.4669 0.5071 0.1220 0.8792 0.5414
0.2859 0.1006 0.2373 0.5784 0.6404 0.1935 0.3105 0.3834 0.1866 0.4806 0.1565 0.2759 0.6042 0.6534 0.2678 0.5380 0.6444 0.3454 0.7474 0.7161
0.6631 0.6556 0.8805 0.8470 0.8046 0.1359 0.2913 0.8643 0.6386 0.6063 0.2371 0.4983 0.4235 0.7296 0.7550 0.2781 0.5366 0.1478 0.5644 0.2039
0.3853 0.8646 0.7726 0.2487 0.8457 0.4792 0.2992 0.1936 0.3679 0.5095 0.4702 0.2528 0.7065 0.5309 0.6431 0.3014 0.1262 0.2031 0.3430 0.3077
0.8635 0.4632 0.5237 0.8202 0.8520 0.5893 0.1124 0.4695 0.3521 0.1136 0.6669 0.2537 0.4283 0.1294 0.4194 0.3172 0.4986 0.1830 0.3076 0.8122
0.1001 0.8369 0.8676 0.2292 0.2502 0.7506 0.1049 0.2703 0.6032 0.8704 0.2294 0.1339 0.7581 0.7041 0.2684 0.8825 0.6589 0.6544 0.5012 0.8231
0.7950 0.1658 0.7203 0.8169 0.5494 0.2541 0.7704 0.8305 0.8649 0.6048 0.3951 0.3817 0.6289 0.4909 0.4728 0.6503 0.5455 0.1673 0.6022 0.2324
0.5060 0.7988 0.4406 0.2992 0.7794 0.2609 0.4824 0.6548 0.8996 0.3802 0.2896 0.1998 0.7105 0.4256 0.5855 0.2798 0.6016 0.1717 0.6461 0.5797
0.6784 0.1788 0.7627 0.1386 0.2494 0.1664 0.2087 0.1333 0.3454 0.7541 0.5231 0.4683 0.8628 0.3165 0.3153 0.2161 0.1198 0.4686 0.4767 0.8057
0.6541 0.2796 0.7707 0.2112 0.1778 0.5453 0.7500 0.6932 0.5399 0.6294 0.5868 0.1492 0.8887 0.3964 0.7735 0.7968 0.8523 0.6397 0.1174 0.6015
0.6837 0.1747 0.5285 0.2969 0.4771 0.3151 0.8458 0.5903 0.4841 0.7422 0.5344 0.7288 0.8270 0.1232 0.6714 0.1105 0.4374 0.3697 0.2126 0.2321
0.1202 0.4788 0.3138 0.3089 0.8011 0.2774 0.3760 0.3868 0.4420 0.5822 0.6151 0.6791 0.2888 0.8876 0.1638 0.7657 0.6958 0.6014 0.4285 0.6839
