6 228 10
4013 707
3518 3766
2916 8557
8571 306
224 2074
3494 9811
957 8753
8372 3530
1779 5783
161 8563
1922 8245
9875 9093
5746 7161
9837 1915
3119 5541
3991 9567
7130 8409
5703 5857
985 7665
9756 9127
7830 5236
3610 5242
4799 7273
325 1579
9969 9875
149 4134
6970 7901
9802 6671
9800 8948
4287 7380
8860 129
8055 8123
8474 2482
6169 2153
5884 2861
6691 2901
9792 8729
6089 7775
2125 5713
1208 2554
7579 6747
3579 5894
1057 1782
2070 9798
4318 5635
6731 1743
6755 8371
6267 377
2809 7595
7917 5735
7783 207
4603 3188
7697 768
883 6692
6297 5911
4537 6754
4972 9258
4892 9603
2038 2445
7302 3880
7368 441
8749 1016
6034 2785
2784 8481
7966 4647
4427 2795
2247 5724
9103 3954
2959 683
4491 5991
4184 7948
4658 8891
5496 3237
436 5431
2232 8624
9651 5210
1919 1131
7787 4105
9587 2339
5888 6316
15 5662
5237 52
3455 3991
2187 6708
1224 968
3509 1472
7052 8319
3659 7656
7967 7947
8829 405
1437 2944
6301 9211
8591 4328
8121 6985
4700 4269
8294 1529
1556 5408
1981 9455
1018 1035
2438 7535
4035 3870
6634 1814
2975 3892
5038 4518
8913 1037
7896 3557
2268 9730
1746 675
5046 2635
5807 9381
706 3208
6955 1662
4827 4419
6061 930
674 7965
5456 2511
9788 6778
1528 5201
3261 6837
4588 3445
9783 5017
2627 7612
1435 9044
1230 4653
8284 5153
9542 3899
6599 9597
7349 7875
6826 9037
8705 395
5392 358
7197 1242
6585 3110
6265 5805
7904 3176
2543 2074
8174 5652
8238 6545
2424 3368
2474 3982
2755 8679
9052 6577
427 7301
4225 1491
4330 4273
2270 7739
9181 668
9453 4631
4162 6630
1769 2926
2893 9449
604 8071
6955 9294
5242 5495
6457 491
2471 3059
2989 6751
1555 559
9292 9142
9871 9647
811 7035
5265 503
1589 5743
7972 7522
8880 8094
5165 6353
5099 7613
5246 5392
6003 163
843 4691
4571 1315
9211 2663
2631 9302
5372 9971
1460 5727
2337 2420
4064 7257
6543 7800
7484 26
1823 2470
1362 923
812 808
9290 6904
4337 6118
6687 345
6218 8378
7259 4229
5364 6749
2172 5551
9544 7685
2665 5032
7568 4840
9837 9979
8343 5856
4947 767
4940 2980
796 3255
7372 1606
7326 8221
2050 4428
605 2952
8601 6090
8885 926
3194 7059
9124 2278
2307 1510
8687 8278
8014 5083
8117 8422
2665 8529
3619 442
1947 6980
3819 1937
4865 863
7564 9997
1850 2183
2415 4313
1298 2947
4642 2056
9429 9305
6716 6532
2800 3683
4981 3852
2578 6585
120 6707
2038 5972
3117 1965
3988 1359
3844 8748
5036 7289
4569 223
8486 659
3206 2984
5102 2300
0.3068 0.4489 0.8946 0.3074 0.3989 0.6750
0.4822 0.1964 0.4768 0.7005 0.7466 0.2541
0.7956 0.5124 0.2732 0.3965 0.6044 0.3645
0.8533 0.4980 0.3116 0.4697 0.7323 0.4567
0.5512 0.1018 0.4808 0.6111 0.8225 0.7029
0.1017 0.7872 0.8649 0.1683 0.4858 0.3780
0.8448 0.1846 0.7373 0.3509 0.6839 0.4127
0.3427 0.4026 0.6070 0.2929 0.4796 0.1398
0.3905 0.2652 0.2284 0.8719 0.3371 0.5192
0.5135 0.6945 0.8621 0.6410 0.4244 0.1580
