12 445 35
4697 9213
5160 8924
1504 9847
8168 558
6370 6298
9140 803
3325 1417
2126 8176
2248 7019
4743 3713
8545 9228
8703 8769
7694 2398
3792 4416
6603 9226
492 9312
2261 761
3405 892
6484 7496
7784 1526
2093 3327
8784 7665
1155 1971
3429 8637
8350 5421
6305 3974
7876 2468
3875 7049
4888 5728
1217 8539
8938 351
5196 9303
3173 6432
4163 2144
3944 4945
4462 9854
9992 2398
3292 4079
4230 5002
5380 1898
3723 2670
566 1683
5449 7544
8444 6098
6467 3112
2166 1328
4505 7084
7645 524
2617 927
9207 6385
7451 2093
5409 7725
3260 5594
9189 9760
1794 8126
645 9571
7819 1796
6111 4206
8106 7917
7864 3961
2462 538
2422 1085
9552 6141
1558 1715
8359 3150
3942 8565
9373 2194
9528 4697
4260 3391
8785 1746
3378 624
1895 2881
2118 1501
8418 1292
1798 1629
4736 899
8104 1090
4888 8
4153 9093
1783 580
1334 778
1295 6337
1288 9327
9217 3333
2530 8941
4962 684
5876 6674
809 6596
9335 1486
7131 3231
5718 1809
9456 3259
3118 4412
2707 4046
7606 1451
8800 8877
2414 8268
2305 506
5344 3776
4490 5546
2410 3802
7202 3781
5951 8364
3875 5258
8812 4074
7988 5613
8721 5788
5235 1148
3797 8639
9809 3484
5831 6432
9491 2822
1154 769
3065 6569
3048 9724
3736 4816
1781 9342
8210 8498
9866 7689
3083 7747
4676 9507
2492 7592
9805 1814
4386 9768
7437 3297
3425 3276
592 3243
4947 7024
1163 5880
6472 1577
2724 8606
4838 900
9237 2495
5976 7726
1247 6966
9327 3214
7063 8810
1889 1003
9022 8075
8457 1164
9483 9441
2390 663
4437 9160
6871 776
9191 2144
5076 6572
8918 9530
3809 8774
7457 3771
2580 4662
1023 6162
7524 9873
6957 934
2434 7066
4726 8882
9265 4552
700 5877
7455 6899
6187 2476
8231 1830
8808 3359
5234 5959
2399 2245
8119 3598
1669 9425
8934 8961
9867 3146
3032 8839
9167 5962
7603 9381
1634 9819
8276 9727
2956 4578
2195 2461
8513 5999
208 256
6664 8359
9506 4537
7792 6536
8032 5806
9371 6150
75 5178
6591 1921
716 6390
172 6861
1571 343
9089 3868
3333 3683
3488 7025
2674 9595
7049 3536
7262 4989
3602 4720
4702 4683
8124 2832
3288 936
5380 3045
3830 8378
2407 5489
9094 4939
6416 5454
3126 7001
9462 5810
4455 8901
9350 775
6033 2852
3512 4887
2761 645
4859 1093
4123 7142
7890 5970
22 325
5722 9146
5456 278
7014 125
2168 9130
981 3703
7316 6978
8080 9616
7943 8288
3953 3677
8567 5618
130 3172
4817 9766
5718 7124
2306 7491
2368 2632
6599 5079
5186 1965
8735 5529
2601 197
2634 1219
835 3416
722 3536
8080 1904
7644 7527
8903 8647
8279 9
4469 9662
1686 4932
1237 7920
4893 4389
6701 9889
7408 9126
194 3525
3844 647
4612 1254
9687 2162
4934 5974
9645 8944
5179 4378
7051 6497
3775 5001
8058 2921
4265 3072
350 501
4812 6438
8826 7274
446 7036
5810 9770
570 9956
4435 6855
8749 6501
1478 2763
1605 8051
5928 6321
7716 1410
5030 9070
9685 1071
1853 8734
8492 6204
3239 7077
9676 7157
3747 9799
847 283
6545 5881
9526 5647
4133 514
4248 4263
7048 612
9588 5024
1767 9632
3253 5721
3871 2216
30 8028
5310 1998
3627 4921
217 3398
1527 2196
2124 4698
4330 541
3389 1980
2722 2406
7513 5612
7361 6660
9472 8262
4327 8359
7502 8925
503 6795
8977 7865
2533 5379
5982 4390
194 8114
2919 4697
7591 5280
9285 3094
8852 4182
2777 2185
8451 5662
1046 3018
8575 1762
8712 5197
592 5181
5118 8362
6126 5429
3890 2994
9103 7528
4099 3320
6134 5075
7390 1508
7419 159
2000 297
445 3960
6711 5232
7782 1969
1943 7236
476 8739
5465 6441
1212 3973
6986 6993
2259 8352
8161 2589
5585 6794
507 7913
9426 1299
4538 3206
7124 1603
9056 1018
1591 9915
5312 7374
4770 1844
3977 896
4621 7152
7133 7638
6314 3679
6735 8092
687 8597
7834 344
2295 5728
8009 6725
934 8180
8685 4941
9602 3246
6001 6081
2835 9566
9561 92
1054 7384
6506 6371
380 9986
6695 7517
910 9443
739 9876
4597 656
8240 6919
3604 5175
2788 9811
438 3007
4290 4564
9341 3780
3764 4066
2421 7231
240 1131
3391 2923
7319 5184
2201 9348
8933 5805
425 6419
529 7676
83 7192
9745 4337
9187 1201
8377 7965
1063 6650
2127 2846
2556 7701
6218 6471
6502 3383
6717 378
9681 2671
2168 3799
4153 6866
504 6657
3529 5872
9555 669
2812 1302
5750 1088
2381 2005
5108 4686
7786 1206
7937 4869
6 5505
6431 4841
613 6489
1549 9209
3806 9700
9152 7055
8290 4618
4153 1294
8782 4738
3238 1842
9822 1353
1284 1251
9845 8569
3316 6033
4471 4846
6612 9962
4921 8063
8971 8385
4401 3949
2426 3292
8375 4151
9505 9281
385 4846
8088 4287
7796 8902
8226 2328
7673 2545
4424 9027
8014 7820
7882 8019
2917 8984
3132 6080
607 46
6571 6132
5442 8032
9589 4777
9465 6881
2468 3413
6061 9064
63 9129
1309 4532
3695 6022
5448 4861
5548 3670
2112 302
3745 3471
1413 4117
667 6009
6829 7107
8262 8869
4212 7601
8535 2696
7440 5463
578 5817
3844 5707
6705 937
8447 5343
0.3950 0.3461 0.1696 0.8584 0.8866 0.5461 0.4678 0.4859 0.3701 0.1821 0.7391 0.3393
0.6426 0.8155 0.2178 0.8556 0.3259 0.7025 0.2498 0.3908 0.1085 0.5144 0.1927 0.5310
0.1878 0.3152 0.8187 0.5987 0.5881 0.3780 0.4065 0.7159 0.8323 0.6616 0.5117 0.6705
0.1497 0.5365 0.6536 0.1339 0.5527 0.5384 0.2977 0.1397 0.3585 0.4288 0.2913 0.1027
0.6742 0.8208 0.8273 0.5771 0.2584 0.5255 0.1776 0.3384 0.3546 0.8705 0.4141 0.5979
0.5830 0.5811 0.1359 0.4450 0.1365 0.3409 0.6603 0.3759 0.2456 0.2924 0.4591 0.4906
0.5327 0.3079 0.5174 0.5219 0.6343 0.8069 0.8332 0.2733 0.1169 0.6237 0.1588 0.3627
0.5043 0.6032 0.5182 0.4925 0.6820 0.6752 0.3677 0.8043 0.1117 0.2498 0.7703 0.2185
0.2807 0.3417 0.1391 0.7668 0.8652 0.4393 0.3410 0.1592 0.7922 0.5621 0.1936 0.4344
0.4367 0.6653 0.3156 0.8159 0.2846 0.5593 0.2004 0.2606 0.1592 0.7899 0.1939 0.4866
0.2444 0.2196 0.3575 0.2879 0.4040 0.2136 0.7321 0.6937 0.8524 0.3974 0.6556 0.4234
0.4553 0.7584 0.3241 0.6020 0.5849 0.5684 0.1270 0.5174 0.2203 0.8498 0.4669 0.5494
0.5185 0.7012 0.4779 0.2546 0.4713 0.6242 0.1237 0.7922 0.4828 0.7451 0.2920 0.6312
0.5991 0.7119 0.5065 0.1145 0.1443 0.7394 0.3382 0.6874 0.1892 0.2248 0.5311 0.7515
0.4022 0.4070 0.7691 0.7000 0.5290 0.7266 0.7401 0.1799 0.3762 0.8237 0.5628 0.7626
0.7823 0.8419 0.7968 0.2026 0.1242 0.4620 0.5973 0.5629 0.3853 0.7562 0.7891 0.2392
0.5699 0.3438 0.5417 0.4484 0.5572 0.8885 0.7175 0.6594 0.3481 0.1872 0.6143 0.4408
0.1947 0.4941 0.1217 0.8468 0.7874 0.5979 0.6641 0.6973 0.8819 0.3675 0.5318 0.6798
0.2668 0.4752 0.3107 0.7288 0.3045 0.3147 0.4862 0.8855 0.5237 0.7945 0.3087 0.8454
0.2206 0.6567 0.6743 0.7381 0.4233 0.1660 0.7930 0.2551 0.6946 0.2554 0.7627 0.8828
0.3024 0.3350 0.4944 0.8947 0.3120 0.2981 0.5913 0.4675 0.8221 0.7671 0.4687 0.8285
0.8195 0.4066 0.5450 0.7871 0.3461 0.6832 0.8147 0.1778 0.6585 0.4522 0.2721 0.6771
0.1235 0.8640 0.2442 0.6715 0.6262 0.1675 0.2075 0.8858 0.8390 0.8845 0.2006 0.1539
0.1522 0.2748 0.7454 0.7741 0.1321 0.8680 0.8986 0.1477 0.8679 0.2860 0.6106 0.5373
0.8624 0.4189 0.7591 0.4066 0.8015 0.5107 0.6379 0.1459 0.7644 0.5501 0.4190 0.6599
0.6500 0.1382 0.3899 0.3360 0.7526 0.8613 0.5459 0.8428 0.5751 0.5248 0.2861 0.8383
0.2608 0.4497 0.5315 0.7191 0.8120 0.4690 0.2608 0.1804 0.8626 0.2896 0.7706 0.2244
0.5481 0.2699 0.5383 0.7409 0.3446 0.7004 0.7774 0.5869 0.4664 0.1905 0.3233 0.4543
0.2773 0.8813 0.7188 0.4204 0.2205 0.5817 0.3108 0.1957 0.8946 0.7487 0.4117 0.2499
0.4758 0.2950 0.1705 0.8838 0.7479 0.7301 0.8789 0.4699 0.1358 0.1726 0.6993 0.2987
0.6559 0.6911 0.4917 0.1293 0.6563 0.3871 0.2820 0.5320 0.4013 0.2642 0.8282 0.6312
0.5346 0.8608 0.3622 0.4383 0.8473 0.5524 0.1956 0.2556 0.7383 0.1853 0.6765 0.4095
0.8885 0.8258 0.3470 0.2311 0.4041 0.3814 0.1964 0.2920 0.2723 0.6737 0.5421 0.1684
0.4527 0.1714 0.6880 0.8058 0.3257 0.4041 0.4410 0.4856 0.8100 0.7204 0.4850 0.8856
0.5837 0.8637 0.6552 0.4188 0.1981 0.8108 0.8677 0.4545 0.5940 0.7226 0.4489 0.7480
