5 150 18
905 9614
2790 2226
2765 3427
8900 2901
2720 5144
5584 2344
9623 1281
5963 8655
6257 8690
9354 9195
1314 4897
7725 4303
1256 5486
9176 4199
4991 1648
8212 3475
8897 672
3817 1642
8986 8547
4619 6267
3455 1219
1174 4922
9987 6036
9326 7576
9771 4378
5830 8887
5081 9660
4045 168
7590 341
7052 1280
5567 3683
9531 7974
606 4999
2208 3504
8613 3012
6415 1824
2484 7255
1596 8817
2241 2109
3734 2500
9782 6318
3796 9595
1361 7880
1229 6658
5458 3595
8868 3440
6086 2154
8434 4810
1011 3780
3258 765
5399 1615
4197 9141
3927 4488
7212 6917
7056 619
785 5623
5675 6316
4410 8940
9226 402
6882 1771
6111 1368
2692 9458
414 8105
3119 1565
9263 7180
7548 2597
4730 9646
7978 8097
8739 6805
5018 3552
4875 1084
6530 1534
330 5215
8172 7370
6553 2856
7009 2122
3610 8845
8970 4786
9389 4930
1510 4136
2835 8400
710 5044
3335 5303
4480 4042
6315 8226
4196 4765
3087 7679
4372 1927
5826 3237
4894 731
6773 7131
4885 1973
4085 9284
2234 110
2486 2212
1686 8398
6643 3140
5540 5257
5769 2421
1805 3660
8023 5392
4802 1334
7985 6779
1518 7929
7730 3596
6577 1756
5549 2682
6806 9814
2748 6614
244 4371
9423 1338
1399 8195
6259 2098
1976 8343
3883 7221
5168 3075
1509 9513
8697 3600
1972 7145
8915 8201
9816 8697
456 344
9282 2115
5144 1861
7794 9108
7163 2957
7607 4216
1996 6940
8449 5984
1035 3025
4875 5964
4148 2087
1046 4154
9614 9433
7544 9897
5169 750
8754 3980
2702 4178
7988 1267
4722 6984
5451 7791
4002 7925
5997 6236
1497 9625
9765 7832
9949 5503
3108 7884
5552 2901
1536 3436
5591 3112
9706 8055
4990 3703
8543 4634
6519 451
2059 3278
0.1825 0.5469 0.2047 0.2111 0.6194
0.2826 0.8560 0.8626 0.2117 0.2703
0.1119 0.4515 0.1049 0.4366 0.8225
0.2693 0.3240 0.6297 0.4019 0.1720
0.5934 0.8015 0.2089 0.8910 0.7383
0.7892 0.7157 0.6166 0.4261 0.4283
0.1337 0.2715 0.2624 0.7611 0.1687
0.4849 0.3445 0.3022 0.8068 0.7176
0.4889 0.8830 0.7804 0.5905 0.4120
0.2102 0.7746 0.6425 0.1856 0.3017
0.2939 0.8556 0.6986 0.7569 0.3440
0.1562 0.2269 0.6922 0.2933 0.4379
0.4071 0.3563 0.6914 0.6707 0.1572
0.3420 0.2694 0.8472 0.2178 0.3306
0.6232 0.6849 0.2182 0.6426 0.7782
0.8067 0.1870 0.4110 0.7045 0.1144
0.7936 0.2415 0.7882 0.5809 0.2177
0.8078 0.4055 0.4377 0.6200 0.6105
