15 352 20
7202 8919
2914 7416
1838 5612
5448 7957
7500 4816
5657 179
6951 5676
7821 8943
2514 7757
4443 6179
8739 5692
8182 259
4473 7285
3027 7530
4444 8784
3033 5697
7839 1253
3249 893
3104 2588
2201 7434
9743 5345
1142 8065
4454 9341
5765 94
1969 7017
8500 5236
9463 8610
3341 9205
909 3811
7836 5640
6027 6073
3097 68
3227 8946
4150 852
8658 6268
2647 9879
886 3469
1789 2414
753 8354
2242 1817
8393 9110
4940 6881
9750 9702
9745 5892
3609 7859
9409 7964
9359 6902
8855 1450
2230 9649
1471 1619
5116 4747
1235 4752
4634 3289
6208 1794
5981 7872
6947 8007
1180 6728
7874 4723
4426 2777
2046 2012
1984 1006
5353 8016
1215 7886
7827 84
2664 7841
4050 8711
7721 1091
5561 381
1610 8222
2380 592
8498 5961
4370 3691
8415 7572
8792 4902
849 5802
3990 4518
4407 9715
6991 1863
747 2062
641 9034
2354 4567
4285 3929
6008 1951
8695 7774
5702 8958
3308 3239
9706 1233
1972 1884
7958 5861
6591 4672
7461 8712
5127 1014
8195 4573
10 2346
1280 7340
4900 1287
6178 5248
1846 1061
2675 3413
5102 6267
6974 2015
9242 2590
7750 6431
764 9837
5748 2939
5354 186
9066 4927
7319 911
2316 1018
7839 9894
9854 8018
8549 9487
7121 7723
6193 8105
9208 8009
8269 9019
6179 5055
7498 6639
5274 862
1961 4748
9370 81
6428 1251
3187 6728
5802 7454
3922 2838
375 5864
2931 4889
685 2208
3895 9420
1815 6974
605 2453
1330 4480
9524 2190
3335 3446
6013 8998
5093 7459
2380 3600
4465 3055
690 3009
3547 6065
2549 9083
7672 5179
3958 6400
7537 7436
356 677
7815 2471
4215 7994
7159 341
1579 9169
5534 8980
880 3956
1146 9596
5957 4100
8527 619
119 1486
3911 1242
117 4365
2170 1260
7381 1682
1040 5749
8164 2741
387 7814
7090 5831
3484 2744
1076 8694
4059 665
3090 6840
5588 4070
4350 2070
2412 6685
2955 8644
6489 4505
686 6538
2802 1302
5807 5147
6467 7352
4303 7894
2358 3148
4467 7409
2277 2961
755 8467
2762 4501
8106 7189
4136 8777
4915 6523
4519 6106
273 9028
1576 7004
2672 2186
6741 377
1904 8479
5363 5265
6996 3134
2052 4596
6401 9706
9528 6789
3706 5382
1471 1992
6712 5659
7165 2896
547 3632
5993 4740
5164 7233
2274 8828
7295 4356
9021 3759
6441 3364
3258 7301
5283 7107
6794 9572
4530 1929
2782 6108
9065 3068
9592 9047
8041 5378
8137 1006
6637 568
9531 4587
6538 1899
8646 6829
3334 8452
9726 6197
6608 6326
1020 3600
7126 6438
4112 9822
4753 1223
2259 7251
4063 7935
6705 6248
7900 408
6605 6876
8154 8671
2121 6926
4022 4193
6982 1061
638 8116
7922 8854
3075 2192
3645 7976
4508 5707
5708 7077
9921 2255
346 9162
1085 9195
8481 6406
8080 9502
3679 4949
8067 7000
9640 9980
9982 6152
870 2809
1705 6361
4812 8786
1905 512
2897 4273
9988 8557
3320 6519
5470 4587
6436 1894
1371 2480
2410 1317
7830 7166
8086 4991
1942 5961
1544 5384
9046 7409
7601 2630
7547 4474
6193 3560
6658 2456
1707 360
2669 5540
4278 1811
2355 29
8348 2709
4058 9111
3103 6408
432 9994
2594 213
7290 3172
9034 459
4433 3327
3405 7154
7872 8100
5459 3621
3259 9058
3374 3106
6730 2309
4370 1326
7671 396
8408 6549
233 6215
6014 7350
7947 3626
3495 3005
4662 3189
2439 1186
4743 2862
8563 6042
6907 3491
4008 3872
3728 6719
6344 5863
9201 4818
2126 8888
2010 3472
2123 9074
8320 8427
9012 302
2100 85
6584 5272
4653 3064
6470 3173
8111 2976
43 2846
4483 6481
7100 4143
8168 5524
4616 828
9790 3853
7619 7373
4700 1361
452 9676
2523 9799
2800 6342
7285 6152
8364 9349
6719 9478
337 9789
255 2318
2102 1619
3443 6718
799 6979
9119 7672
3784 2333
3247 7953
5315 1559
7945 5316
471 3902
7557 1148
4849 3979
4821 6723
1104 5299
9086 5809
2041 4452
4834 4697
8651 2401
9998 6302
4126 4494
767 1767
6524 203
5691 6219
3633 425
2998 2441
1717 6884
3527 1578
2542 4736
6990 8312
1652 9548
843 8847
4931 2171
7532 20
7833 5297
5444 2663
2203 2140
8102 4064
0.8927 0.8830 0.5663 0.2085 0.6920 0.5911 0.3282 0.1784 0.7189 0.8161 0.2137 0.5561 0.8285 0.7211 0.5642
0.6248 0.2488 0.2406 0.4475 0.4726 0.7270 0.7584 0.3508 0.1116 0.2461 0.4182 0.1764 0.6618 0.6923 0.1339
0.4040 0.1856 0.3137 0.3539 0.1449 0.7606 0.5321 0.6011 0.2520 0.6810 0.8391 0.4923 0.6614 0.1970 0.7335
0.7879 0.3444 0.6133 0.6071 0.1735 0.4614 0.8537 0.8551 0.2758 0.2346 0.8052 0.2531 0.4090 0.8956 0.1509
0.7967 0.3139 0.3139 0.8666 0.1910 0.1724 0.4735 0.6518 0.5463 0.1801 0.1011 0.3200 0.3076 0.3509 0.7780
0.1241 0.6273 0.7870 0.7258 0.6187 0.7980 0.7680 0.6706 0.2303 0.2935 0.2396 0.1874 0.6683 0.6663 0.3843
0.6224 0.3979 0.4769 0.3090 0.7964 0.1918 0.1700 0.4659 0.6977 0.4475 0.6607 0.8923 0.8174 0.7117 0.7840
0.4068 0.2647 0.6216 0.4348 0.7905 0.3913 0.6429 0.8546 0.8857 0.3470 0.7213 0.8900 0.4184 0.7909 0.5817
0.1303 0.4492 0.8260 0.8751 0.2564 0.6239 0.4705 0.2162 0.7527 0.3748 0.8230 0.6034 0.1825 0.6022 0.6355
0.8744 0.3365 0.2112 0.4873 0.3967 0.8105 0.4890 0.2511 0.3610 0.5608 0.1446 0.2894 0.1022 0.3723 0.6175
0.6581 0.4589 0.7094 0.2608 0.2255 0.8840 0.8176 0.1402 0.3865 0.6109 0.1868 0.7008 0.4537 0.5494 0.3353
0.1835 0.1245 0.1609 0.1498 0.6175 0.5843 0.3885 0.5730 0.3968 0.8881 0.1088 0.4326 0.6887 0.4253 0.6485
0.7007 0.4944 0.3891 0.4063 0.8082 0.8952 0.5567 0.6505 0.2093 0.4487 0.1505 0.3754 0.4599 0.6864 0.4745
0.8498 0.5407 0.5458 0.5663 0.5604 0.8384 0.1940 0.5932 0.8285 0.7409 0.4072 0.7183 0.4165 0.6271 0.7488
0.8219 0.6279 0.5629 0.3103 0.4576 0.8780 0.6016 0.4836 0.3345 0.7811 0.1623 0.5024 0.7113 0.7603 0.7101
0.5345 0.3332 0.8326 0.8713 0.1088 0.2920 0.4518 0.1196 0.3741 0.5258 0.8496 0.6494 0.6960 0.2896 0.5051
0.1558 0.7940 0.6612 0.2108 0.3209 0.6121 0.2690 0.2653 0.1061 0.4044 0.7774 0.5774 0.7925 0.3405 0.2933
0.8819 0.1836 0.1736 0.2752 0.5856 0.1249 0.2292 0.8031 0.6016 0.2446 0.5143 0.1072 0.6125 0.2193 0.5276
0.4174 0.6858 0.3967 0.1162 0.4732 0.4191 0.7631 0.4259 0.1050 0.5034 0.7422 0.4620 0.2788 0.4158 0.5882
0.1468 0.4584 0.1262 0.6509 0.8627 0.2903 0.3932 0.4246 0.4364 0.7878 0.1062 0.6354 0.4440 0.6350 0.7539
