10 406 17
607 7109
4598 677
6500 7262
7264 6036
9228 4408
2553 7691
9724 3872
499 7182
3479 6561
8735 2390
4443 4335
3547 8411
1714 7715
4846 3583
6777 230
5080 3769
9847 9632
4124 661
9518 4907
7334 1027
9056 7769
8766 8940
9591 571
42 5998
5858 9187
4946 4659
2627 6409
8878 7716
4720 8650
9909 4985
2633 8081
6158 8217
3852 1630
5418 2815
7872 2250
4487 4891
8044 1034
1391 9130
8515 5283
7856 8812
3622 5499
7716 9824
8366 8135
7512 8931
2790 9061
8849 3923
1982 9962
5889 9549
6826 7613
9888 4260
3229 3007
4768 5596
2397 4940
8348 958
7004 9325
7121 2084
6166 425
6222 9531
813 6626
4284 9574
7716 6774
3205 3753
4123 1805
8736 7042
5324 6996
7094 2936
987 1467
543 6521
8551 2603
85 8018
3366 4190
8411 6039
4627 6069
5824 5622
5105 9142
6468 3625
9373 2588
158 3445
6380 4771
9530 1111
1148 3186
6506 1145
5928 1918
7664 8602
9072 1863
8992 4796
6271 258
4603 7121
6113 4841
5524 8680
205 7506
478 8170
6648 7045
5176 1871
3978 7062
9739 3524
5051 3205
4758 8498
9296 3863
7356 2466
9116 9854
5842 2748
3785 4862
2073 5135
1218 6358
5518 8310
1338 1678
1778 4411
4954 5126
1802 4205
4379 642
256 7831
2427 7949
3309 7404
5322 5252
8216 2422
7822 4978
2241 3465
5358 7279
4582 3089
5488 3941
7472 5391
2505 5091
3465 1901
4240 8877
4708 5770
1280 4089
5387 5157
7099 3094
7049 9486
1593 4770
5863 4910
8687 423
2001 2728
1037 822
4622 7860
768 4379
1892 6734
1146 2560
5891 3691
8741 2531
6138 666
7882 1828
9810 6996
8471 9190
820 1551
3826 2327
8339 3967
8440 4844
1920 1435
4912 1866
5531 6086
4808 2766
8214 3149
1433 748
814 6901
5762 2417
9640 2873
8582 1687
6328 2916
4384 1242
4037 6682
1942 8060
2988 2236
7190 5882
3076 1729
5097 2156
483 4274
7200 1008
8921 1656
5746 2671
4100 418
3429 865
2239 4736
7628 64
8502 6798
9079 2564
555 2950
6807 5863
7731 1087
2544 6851
8628 1183
8370 5561
2819 2673
8964 1507
7114 6560
4970 9593
1702 2498
8815 6316
553 882
9729 312
1015 8983
8885 4141
3317 6867
6123 2011
1104 2441
2448 6809
8119 2122
5155 5997
4289 7728
8399 9893
7492 7753
1421 7433
4533 9817
467 9568
2996 5474
899 7960
1106 3676
5922 5935
4715 843
4481 3166
7513 9611
8931 9758
561 5908
9053 3400
1282 1489
5295 9914
1661 8890
7362 316
6427 1390
3804 9373
7616 7310
7755 314
2353 1163
5973 3870
959 9312
3190 8487
9975 8470
3634 289
2754 4222
9504 6954
6628 6123
4389 8047
6780 435
996 3156
448 6044
7608 8350
3346 3130
1617 5918
7892 1389
2256 9464
2330 8663
6583 5596
3714 6217
2186 4246
4244 477
547 5440
2633 514
3413 641
3475 5651
744 3764
1843 3099
219 8561
7595 549
3123 4402
5133 5280
8023 4610
7006 8027
6749 9162
6621 8531
7876 7086
5391 6529
4905 8482
7682 4829
6442 1602
7386 3403
1337 8426
936 7840
5271 2410
4927 1127
8997 5150
1405 5946
6576 7847
9902 3013
964 3673
9674 1574
8411 1712
4436 3624
8260 2732
2341 7681
3554 7810
3819 2988
1906 5383
8665 6897
81 2723
6961 5103
5950 9888
1587 2614
6603 1901
2012 5284
6625 2029
1450 8964
3461 2811
6184 4451
28 327
6150 2110
9791 6481
5723 5788
5175 203
9092 1612
2009 5717
3889 9952
8030 5499
136 9989
9235 9412
8508 1284
8257 3049
5222 4118
2091 9927
3445 6852
6722 8382
9233 8909
6242 3045
7927 7551
2817 9273
9130 581
7001 7265
9924 4877
8415 2668
1675 3736
3974 3585
9118 9430
6590 3084
1322 4716
2048 8134
2423 609
6049 8611
4155 6446
7889 8090
8704 9621
7132 5717
4600 2484
797 6151
7285 5526
6711 1932
8306 1990
6499 9787
5832 5062
6173 1875
2448 2216
7201 9566
1042 8520
9396 504
8146 3533
7102 2465
7909 4107
2113 105
6545 3854
1570 8995
4986 1037
4274 310
3433 1710
4888 4976
3247 4350
7060 3836
2846 8812
6309 2109
3605 2126
9527 5752
5483 4049
1263 5206
9222 8795
1519 1264
2498 4527
6216 7330
2141 851
6114 785
4478 6939
4804 7954
9777 9531
4784 1882
4428 2812
5428 5324
7377 6219
3143 639
5319 17
3292 587
3577 6762
3135 2247
3545 8745
8015 545
5231 4836
8290 3705
3510 5446
6506 4111
8535 7507
8856 3659
794 9188
5344 6038
8323 5431
4404 9206
5804 1346
9515 6501
8858 1201
6431 5784
8093 6869
4269 4193
8557 4846
8626 1295
4462 3515
5033 8380
4398 3427
9578 1649
7357 5142
5056 2802
2669 9394
7964 9498
8083 3283
6016 9554
1252 1073
863 3481
6728 6102
5806 3023
6130 2266
8538 2800
4832 7340
0.3150 0.1310 0.2376 0.8219 0.4838 0.1760 0.3299 0.7786 0.1165 0.5140
0.1184 0.8868 0.3100 0.7779 0.7703 0.5536 0.8533 0.7717 0.5410 0.8487
0.2947 0.6204 0.6768 0.7191 0.1219 0.4426 0.4112 0.6930 0.1832 0.3767
0.6662 0.2409 0.6935 0.8384 0.3191 0.3489 0.8074 0.7406 0.2596 0.8050
0.6363 0.4910 0.3047 0.3415 0.5780 0.3304 0.1932 0.2072 0.8642 0.6030
0.2366 0.3157 0.6786 0.7178 0.6467 0.1490 0.7677 0.3033 0.7981 0.2609
0.3821 0.1971 0.6347 0.5664 0.6220 0.3917 0.3729 0.8277 0.1119 0.5511
0.8978 0.5527 0.7064 0.7737 0.6365 0.6873 0.4122 0.2985 0.7457 0.5044
0.1829 0.5062 0.1032 0.5411 0.2214 0.6108 0.4960 0.6658 0.2772 0.8217
0.6031 0.6138 0.8113 0.2171 0.4742 0.8938 0.7629 0.8092 0.2129 0.7012
0.2101 0.7359 0.7013 0.4521 0.4941 0.2532 0.2958 0.2643 0.1078 0.3780
0.4863 0.2458 0.6076 0.4149 0.2758 0.8436 0.7219 0.5388 0.2041 0.8273
0.4138 0.6908 0.3887 0.2098 0.5324 0.6248 0.2066 0.7362 0.6680 0.7542
0.8272 0.7864 0.1585 0.1605 0.6317 0.1334 0.6443 0.2523 0.6156 0.2724
0.2030 0.1040 0.6362 0.2640 0.1448 0.4127 0.2696 0.6598 0.5898 0.6238
0.5633 0.1498 0.5974 0.3763 0.3392 0.3505 0.4261 0.3191 0.5861 0.5254
0.8310 0.2130 0.2155 0.2578 0.5918 0.8784 0.4430 0.8638 0.3056 0.3188
