6 241 12
4459 7403
4830 9046
9739 3998
7405 5851
1381 4108
6852 9627
6018 7736
8293 5814
705 126
9661 7358
6183 1305
7738 9130
6905 6350
7783 1872
3208 5411
1605 9354
7226 6732
2377 5871
814 515
8937 9494
3770 6903
7079 4406
9644 2099
238 1819
4954 6184
1180 8682
1120 2779
3069 4684
2480 6314
57 7777
5917 2143
3052 7688
5907 7598
1279 9531
709 7561
3023 8023
7675 227
2613 662
8348 2916
5463 713
6913 6713
3389 284
8965 7715
4458 3767
2332 8490
4796 1807
2180 3905
2391 9792
1265 1990
2740 5062
6004 4236
9590 1516
6298 6263
8854 9918
159 821
4501 5122
4466 3548
2830 3353
679 7175
3367 8997
313 3500
1384 84
7158 7106
8915 3964
7580 8129
210 7219
9537 5187
3159 8926
8263 2349
7568 1949
576 9164
7303 7960
8984 5633
1921 1564
7931 2369
904 1661
8903 2550
1900 636
6047 4365
457 7307
690 3396
8326 6955
9576 4972
8857 8371
666 8478
6708 6350
7470 5546
7182 9309
6425 1042
3159 9624
1400 1660
5912 7027
8786 2212
7960 1420
1495 4160
4259 8673
719 1833
168 4144
7911 7078
4816 2601
7311 6591
3970 8811
9690 2601
4163 9716
6097 2671
2805 3216
8842 4669
2756 1732
3565 3545
2933 8238
2813 1899
8832 7327
2457 2413
7975 7633
3835 3404
5783 9173
1855 2703
3715 5448
8622 7372
3265 2960
5214 2441
3410 9651
9517 5848
9819 1475
2264 613
3103 3735
3013 2199
2136 8641
5961 1958
1959 2403
1374 5773
4422 9419
5080 1683
8323 4255
5857 1058
1528 5096
2396 7091
1702 1189
7667 8067
9831 932
7405 2240
5362 2671
1375 4671
2366 5390
9139 7230
781 8865
5521 6425
9738 9806
1715 6613
7692 2616
7898 9813
4636 5927
8307 7891
2162 3243
3384 3820
4578 8095
1371 584
1854 3359
3003 4051
5800 5625
2716 486
699 1121
210 1049
337 5539
4379 1220
3265 4680
4905 5448
8099 239
282 8579
7123 9983
5920 262
2617 8539
7476 6544
8505 6451
1084 8926
6771 9955
7605 7741
8414 3355
2642 2548
5765 5527
3175 2611
2660 5228
1310 213
3667 5270
2309 6106
7502 7453
2106 1332
4948 1454
3473 1505
2412 6566
2176 819
998 2500
4871 5111
2713 2962
1458 7489
638 9939
6469 6915
4780 4247
9643 9634
3889 1678
6266 6556
7548 2585
4519 6288
4019 4867
9120 9388
7706 4657
1666 8414
4291 4717
9440 8971
6260 9586
6444 1509
3431 5183
8095 2844
4898 9747
4030 8691
751 7785
7335 7308
9063 983
2248 80
7228 6387
9143 9547
7840 5881
6258 5147
4270 562
2680 2268
2106 1435
456 4317
3123 3092
2049 2922
8247 6410
4270 7790
4136 2286
8030 80
5125 9735
769 2366
1189 818
2173 9303
806 5527
4555 7711
148 2717
5185 1491
9199 3027
6125 2948
326 4730
1486 2579
2 3102
9083 5186
0.7075 0.8794 0.6970 0.7753 0.8953 0.1465
0.8488 0.2129 0.1809 0.8200 0.5760 0.8083
0.4637 0.7838 0.6469 0.5366 0.6114 0.2667
0.8760 0.4528 0.3691 0.3987 0.3204 0.1966
0.2813 0.7319 0.1489 0.1950 0.4325 0.4994
0.7795 0.3504 0.5595 0.3872 0.4475 0.8855
0.4428 0.3729 0.6249 0.1777 0.5316 0.3182
0.1974 0.8240 0.2203 0.8363 0.7874 0.6392
0.5753 0.4943 0.2515 0.5822 0.7067 0.8679
0.2298 0.4218 0.8002 0.3239 0.8382 0.4739
0.4316 0.2093 0.5189 0.4433 0.3689 0.8181
0.2075 0.8522 0.1515 0.6441 0.2175 0.1209
