18 880 57
7453 6705
4754 2448
9865 6134
2322 430
8755 3350
2052 1994
6322 5002
5748 3660
2263 156
3475 7062
656 1445
3797 5429
5551 6004
1686 6703
6416 5118
6079 8957
3414 6485
2204 2918
2515 4656
420 172
3769 8498
2232 3167
4670 1859
862 5060
3365 4965
2763 9986
5090 302
9458 3852
6515 8389
1647 7463
513 8991
8050 2133
4056 4833
8918 6308
805 802
5095 3234
7996 3572
3610 624
8753 6125
5988 3335
5091 5177
8416 2858
3563 8939
3868 4718
108 8002
8370 2249
6192 906
677 6022
4592 4763
3223 659
6548 3247
7558 9537
6659 2630
3905 1965
1678 9204
6028 9842
2506 8495
4209 3747
552 222
6346 9851
4669 4901
1298 5172
8992 998
3406 5469
2597 6331
3498 6139
9778 9973
440 4991
7992 1599
2817 3248
8165 6646
7325 752
1858 4370
6326 7382
6360 35
7656 3572
8537 9085
9423 1899
9172 201
4916 1685
5387 4421
6654 6814
7330 5114
2587 3079
7516 4937
341 2153
7442 9791
4715 6298
8241 3838
4502 4709
2493 3330
3441 2893
5768 6354
8724 1905
7538 3627
6415 9182
6679 7979
6693 4439
613 0
4914 9122
8804 4417
2294 6865
3871 947
7611 9089
926 1128
3150 7380
795 5950
5075 9110
9600 9937
6407 7917
5231 3865
4598 7483
9250 8473
7241 4034
3025 3593
6504 7223
5853 7584
1605 3341
2449 8962
4257 7026
4552 4590
4756 2752
6571 9884
8307 6961
3638 8834
6657 9604
3512 1551
4477 8013
5608 19
3893 1622
5302 3100
5430 5829
1732 795
6919 4048
9135 1208
1588 8597
4551 1554
8660 917
5221 4268
3042 1878
5445 8024
203 3458
496 4792
9046 6128
3289 1527
4813 428
8267 4520
1552 874
2288 6638
3548 8590
915 4866
4911 4696
2548 1594
2315 306
3761 1087
7874 4220
2203 2243
980 5140
7640 5533
5347 665
9287 1384
1560 6601
7794 6997
8246 9474
1319 5929
8033 6237
1389 8590
5107 1908
8038 260
5702 2097
4466 4077
6145 7718
3940 1400
9645 4353
8188 461
8443 8959
1166 5176
4177 3316
2777 5063
5867 4060
8665 3586
1080 8490
373 2570
4033 4305
5060 9448
7080 5015
7126 2471
5694 6429
1219 9814
2809 3404
9982 8553
8678 7532
4361 537
4957 409
2758 5894
4700 3094
2353 4242
8048 7153
1123 9374
1225 8623
2516 5991
1471 489
444 7050
3703 6196
9408 2139
2667 3836
6742 7829
3857 6090
6184 5122
6270 2824
3236 929
8694 9411
7892 6208
1654 8278
1269 3172
3598 7502
3041 3822
4158 1265
3075 6588
6453 3118
717 2583
2474 2383
1295 8969
5031 4491
125 5379
1346 3606
1805 26
4831 3931
5809 8382
7366 8456
4516 6512
4667 6525
6328 5227
5738 4378
8185 735
2698 5710
6866 9802
6048 2303
4309 6338
2753 6670
612 6293
5563 6766
7094 6890
9298 4863
8189 4824
941 5677
9320 8366
4437 2329
2247 2667
18 9182
89 9324
5132 1128
4557 3625
9195 8189
9787 7135
5122 1689
8389 1655
5285 9936
2037 2594
5961 414
671 4328
2399 5568
8245 6711
6691 5521
2370 8750
7868 9195
3480 2118
5736 360
5396 6103
1519 8285
32 2031
8247 8518
9728 9244
4351 9000
1388 955
5030 4971
2840 2768
7305 4426
5148 5765
4127 6040
3272 6435
5608 9473
8865 6401
3864 5118
167 8413
5931 9190
9865 2949
899 965
7423 213
5880 3136
8569 1720
1954 2929
4339 9475
168 7086
3410 8953
5240 7701
7149 5957
6241 5448
8028 973
4300 2094
7597 7462
2848 8479
1492 4321
2028 7734
4 7221
6741 4921
4205 475
2986 8623
24 3966
2425 9911
4373 1144
2097 4811
8260 7562
8681 1069
5062 7804
4399 8456
3887 5280
8318 6783
1276 1844
6691 1322
3887 3241
1878 9453
2138 883
6361 7482
5499 3680
8892 8557
5072 4339
5884 9784
7032 5830
2066 1059
7400 6357
868 9148
156 6351
8818 3946
1191 5306
7472 6255
2863 8747
1095 118
6514 1397
7398 7961
6353 1476
3285 5094
1447 4969
3629 9706
2670 5036
2467 4856
196 1332
3321 3870
9106 989
2706 6270
1908 4869
48 6142
6839 3866
6380 5715
2247 7549
8611 8275
6691 5653
461 4368
9798 2663
810 6177
1319 6537
945 6357
4092 9733
9641 2205
4716 147
8274 9948
6296 699
8377 6
2581 286
2521 7396
1649 2331
6387 2110
629 9146
3676 2254
3798 2572
8106 8176
2631 7149
2876 1663
5197 6820
2183 3463
7091 2359
646 276
7354 9649
4679 6651
2657 1374
8410 4604
4606 4209
6115 3460
1111 8338
8748 8549
3117 152
9191 8822
9647 8860
8589 9434
8682 9215
8912 3036
5893 7173
3238 2273
2230 4647
3492 7456
1378 4758
1067 5660
9127 7407
9977 156
8584 1325
9854 2335
2554 5573
4925 9739
4592 7125
8413 6855
7469 2102
9721 8673
769 5455
2478 3898
4773 3586
6296 4655
678 3297
7019 9620
2353 2467
9870 3278
4555 1217
1831 861
7649 7682
8525 5097
3180 6310
1968 8739
4573 8248
4230 6492
9541 7250
9639 2726
3985 4536
2362 3302
5368 9766
8202 5590
3483 4747
7796 1904
3608 4157
2406 1506
6049 1840
9883 1030
1898 2649
9872 7597
283 9288
9739 3435
416 8009
3067 3147
82 4627
6267 4842
6933 2655
8189 48
5488 8568
1697 8112
5997 6905
5803 6108
6341 6590
9972 6961
5236 5622
6974 5432
7035 6341
3454 7248
47 3646
5174 3412
4361 7847
1501 3479
4605 803
8810 1
8005 6479
6328 7092
7115 5325
8833 1509
4525 7867
5414 3441
4178 9368
3945 6022
2023 5137
8431 1133
1755 7217
9513 1150
6172 1215
1169 2461
4979 8551
3203 392
6311 3787
745 6966
3022 5042
144 9778
8470 281
848 3942
4850 4416
4844 8842
9242 1512
3684 1753
3806 3561
6777 4663
6675 6388
1640 90
1598 3890
7436 7701
9125 8086
497 6398
5041 2082
8121 1504
3284 7192
2930 3922
6251 297
8622 159
4749 9879
60 5897
2743 5261
1805 8904
7314 2241
9363 9293
1795 6149
9763 5205
9915 798
6735 7430
6638 4799
6093 7618
7473 8177
1088 1819
3700 3698
900 7366
6680 1898
3054 9563
6509 8003
2112 7428
7446 6842
6668 2468
8280 4141
9292 6283
6902 2797
4117 8881
2256 1057
5756 2442
7184 3817
8286 4347
9120 672
1050 8156
8946 5671
4659 7207
4812 3475
4942 3510
2333 8316
5434 9301
2947 2346
397 9364
7071 9883
5095 714
2094 6170
7811 9559
6667 7059
4478 4461
1076 8911
6335 8726
4205 3642
4083 9614
3368 9670
1646 2036
6095 4203
4831 6317
7091 7837
6360 467
4496 5014
686 6122
3613 9147
3128 3231
7194 6727
3307 6852
5450 68
6189 5827
442 1306
4727 1204
4960 3123
5310 16
0 323
8212 1325
8738 2482
9890 4836
8760 496
3076 1978
2740 8395
6983 8218
4312 6673
7823 9951
3977 8127
6837 5438
8135 2665
1322 5812
5593 1342
5793 728
6837 2184
3735 4618
4643 9726
9387 3349
2154 7102
9960 7192
6469 5846
8503 9333
3618 416
9695 5866
4966 2560
4255 8906
5895 8286
9561 9754
8671 5639
9149 6776
8524 5982
8146 5431
511 5601
9706 8327
1929 943
2729 9851
597 8150
6183 8448
8748 5433
3335 7786
5433 2544
1698 1705
9828 6519
6772 9991
7892 1039
9313 4260
2521 5278
4748 3317
2954 4888
8880 7005
492 8168
5614 9134
183 7861
6620 1522
1166 7647
8920 338
9474 1619
5018 1204
6248 138
4687 5934
8382 2478
5143 2861
1593 1471
6109 409
4065 3056
3370 1811
4411 2440
8056 6643
4719 888
9807 1592
9968 8353
6240 9973
8319 2697
2468 6342
2942 5253
910 7771
9988 9985
5921 2327
2186 6582
7741 564
7411 9403
3415 1698
7497 7572
5243 8051
6822 3370
7899 7407
9769 4137
8222 345
4559 3735
2878 610
2383 7585
4335 3206
5764 4850
9532 7931
7140 8712
2919 892
1132 3808
9519 7399
1879 9027
5021 2649
6696 191
3322 8016
426 3030
9338 9476
1944 9729
5699 9688
9898 6011
4263 1032
5665 2842
9901 6317
692 738
7538 344
5275 7819
8991 9129
5982 5273
4431 956
8288 1639
9485 4567
4508 9284
6086 4505
623 3521
8673 3091
8299 2950
8500 6517
208 6481
1758 7338
109 1015
6488 9102
5768 3974
3741 6010
5865 3450
1038 7211
7506 9949
2823 386
9933 8075
6550 439
2289 5078
1932 1093
5439 2084
5876 9604
1532 7464
4849 6149
7125 7253
8884 9862
5895 6988
6727 9281
7748 55
4327 4795
9006 8250
1511 4179
9903 697
2686 572
7917 5529
8325 8428
7505 3310
2714 8599
4396 361
7063 9079
3200 5624
2111 8144
4740 3756
6568 9349
2945 8048
2014 4982
6800 9448
5990 9417
1536 8747
1770 7698
259 3656
3802 2024
5707 9088
5128 7335
3250 2813
4094 5537
2668 9558
7085 8386
9624 2915
8877 6004
2869 7362
9647 5362
2019 6275
6279 3319
8966 3281
1244 1244
8824 594
6177 7174
438 4546
4429 7026
1702 661
391 7660
6352 7792
594 2651
8477 6707
7090 6702
2545 2073
5566 1732
9774 8160
2047 9257
1381 2064
3523 1415
3843 6455
5472 3818
3055 1445
3469 1889
6274 9535
4068 3303
8819 2993
4046 8248
7815 3049
8923 7690
8849 9451
7046 1288
7291 8983
958 545
9956 9408
3738 3269
564 6942
195 400
5226 6338
3626 1036
5776 4749
8412 9485
2890 5162
6062 6140
2734 7924
5272 8404
6103 6869
7930 9393
9912 5275
9126 7066
5974 5523
1956 9104
1646 3087
3585 5501
4251 8767
7847 8752
3510 490
5874 6333
9205 948
7878 6513
6579 894
7159 1494
4997 3912
55 7047
5526 5328
1128 3431
6287 5350
3717 1369
4007 2414
2176 8323
5046 5456
5745 7497
3199 1793
6645 8124
889 2585
4116 1436
1233 9654
7630 2797
7251 3498
829 9661
2975 4346
999 4403
5663 589
211 3993
9390 9135
6501 1974
5443 4277
2998 9152
3773 7731
1750 3037
3568 3614
8255 2411
4866 2445
937 8312
6806 9063
9314 8891
9529 3681
4891 7704
6840 3501
9424 5163
8495 7365
832 8161
9287 8044
1212 6069
5446 6468
9261 9257
3196 3157
2880 2187
4824 6457
8465 6193
9225 8285
4857 8405
4108 1596
6902 6257
6732 2554
3038 9450
5607 450
9350 6376
9060 4383
6113 6677
7699 4629
2745 4186
9450 2563
3345 7493
1457 2666
7035 8019
6923 1774
5973 2150
6023 7942
5255 311
892 6728
3727 1555
4511 8577
5869 2498
590 7875
7236 6612
813 1654
6502 2466
9327 4510
9933 4455
4594 1092
929 1948
0.4027 0.8586 0.1219 0.6112 0.3720 0.8742 0.5265 0.4179 0.3428 0.7097 0.7754 0.7903 0.8965 0.1045 0.5992 0.1523 0.3540 0.6565
0.4112 0.1447 0.1394 0.4631 0.8121 0.8857 0.7389 0.6455 0.8638 0.1142 0.3311 0.3538 0.8064 0.7362 0.7293 0.1766 0.3690 0.7630
0.6371 0.6893 0.5528 0.8549 0.7493 0.1170 0.5151 0.3876 0.2712 0.5959 0.3095 0.6707 0.5851 0.2167 0.5929 0.5368 0.1580 0.8616
0.6330 0.5835 0.8613 0.5114 0.3503 0.1191 0.2185 0.7890 0.1471 0.8800 0.1865 0.6574 0.2666 0.5191 0.2251 0.8166 0.7487 0.8462
0.2397 0.7676 0.2433 0.5976 0.5361 0.2220 0.4294 0.3317 0.5364 0.3956 0.6861 0.8222 0.1062 0.2212 0.2946 0.6698 0.4949 0.1765
0.7351 0.6575 0.6627 0.2158 0.4823 0.5305 0.6248 0.2743 0.1238 0.5216 0.7777 0.8612 0.2313 0.1046 0.7263 0.7207 0.1945 0.1761
0.8970 0.3030 0.5540 0.5752 0.2016 0.5810 0.3730 0.8527 0.2588 0.4744 0.6155 0.7519 0.4441 0.8679 0.7369 0.5956 0.5575 0.4838
0.8641 0.5974 0.2557 0.5942 0.4624 0.3898 0.5493 0.5567 0.2322 0.2755 0.2293 0.8697 0.4282 0.8614 0.6609 0.6334 0.8347 0.8366
0.6174 0.1384 0.8364 0.4886 0.2170 0.6967 0.5725 0.1449 0.4841 0.2119 0.4780 0.4969 0.6418 0.5772 0.5123 0.7534 0.2451 0.8180
0.2090 0.5679 0.2529 0.1631 0.1843 0.7866 0.7925 0.1622 0.4139 0.5031 0.4884 0.5419 0.3357 0.8713 0.5153 0.2672 0.6946 0.7374
0.3271 0.5712 0.3463 0.8801 0.6540 0.8704 0.2088 0.1849 0.1391 0.4856 0.7548 0.2108 0.5743 0.5339 0.7358 0.8100 0.3870 0.1087
0.1587 0.5366 0.1949 0.5460 0.2279 0.7463 0.7957 0.4907 0.7990 0.2748 0.1616 0.5596 0.5497 0.7630 0.4770 0.5396 0.2070 0.1424
0.7212 0.8785 0.6238 0.5545 0.2709 0.6201 0.4942 0.8041 0.6929 0.5603 0.6837 0.8575 0.4579 0.7249 0.8404 0.8169 0.2021 0.2366
0.4483 0.6057 0.1860 0.4223 0.7192 0.5475 0.8437 0.6921 0.7208 0.1584 0.5640 0.6830 0.3688 0.1883 0.4260 0.6649 0.7096 0.3468
0.7180 0.1019 0.7324 0.8145 0.5228 0.2231 0.7006 0.4352 0.8498 0.1953 0.2422 0.8414 0.4349 0.6913 0.8975 0.5931 0.7071 0.1573
0.2724 0.8104 0.8561 0.1796 0.2886 0.4047 0.6414 0.8082 0.1925 0.3124 0.8650 0.4908 0.7378 0.3819 0.5036 0.7868 0.3057 0.2455
0.7178 0.7965 0.3100 0.4613 0.5543 0.7275 0.2488 0.7787 0.8600 0.7180 0.5827 0.4530 0.4987 0.8552 0.4885 0.7955 0.3331 0.6005
0.8518 0.7125 0.4155 0.1847 0.3223 0.6405 0.7347 0.5934 0.4913 0.8725 0.6911 0.4775 0.1124 0.8772 0.4582 0.4835 0.8547 0.2804
0.8626 0.5420 0.5580 0.3404 0.4350 0.6799 0.2256 0.4508 0.6278 0.6312 0.1296 0.5106 0.6044 0.6072 0.8252 0.8711 0.7843 0.7147
0.4908 0.7970 0.1002 0.3872 0.1236 0.6624 0.5482 0.3876 0.1332 0.2340 0.2136 0.1966 0.4702 0.5341 0.7669 0.7478 0.6496 0.4670
0.1333 0.2861 0.3623 0.5069 0.2609 0.2451 0.6739 0.1373 0.8232 0.6635 0.5250 0.5071 0.3748 0.7172 0.4612 0.3873 0.1215 0.3261
0.5806 0.2953 0.2131 0.2041 0.7005 0.1810 0.4024 0.1879 0.4027 0.2119 0.2005 0.6147 0.2335 0.5725 0.8968 0.7524 0.6530 0.5052
0.6698 0.1311 0.3493 0.4444 0.1389 0.7954 0.8550 0.7639 0.6369 0.1611 0.2140 0.3377 0.4303 0.5226 0.7309 0.3375 0.7180 0.8733
0.1359 0.3199 0.6631 0.6933 0.7573 0.2548 0.6448 0.7889 0.3855 0.6782 0.2007 0.3683 0.2259 0.3135 0.5459 0.3317 0.2246 0.4383
0.1819 0.2782 0.6859 0.4645 0.1159 0.2040 0.8868 0.8315 0.7763 0.6577 0.6875 0.7015 0.4621 0.3104 0.5190 0.4498 0.2607 0.5312
0.8222 0.5676 0.2692 0.5777 0.7155 0.7824 0.4886 0.3127 0.7400 0.3285 0.5416 0.3349 0.4210 0.6687 0.4215 0.5714 0.8113 0.1658
0.7020 0.8581 0.4215 0.4292 0.2466 0.8351 0.1153 0.6397 0.8469 0.1298 0.4616 0.2565 0.1123 0.8873 0.8041 0.4804 0.2672 0.8159
0.2810 0.2200 0.8704 0.8286 0.8259 0.3637 0.8311 0.7930 0.3642 0.3645 0.1503 0.7585 0.5244 0.4239 0.7441 0.4434 0.7090 0.4025
0.6520 0.4087 0.7457 0.1789 0.1649 0.2513 0.8695 0.3959 0.2141 0.3764 0.8252 0.4456 0.4205 0.5467 0.7486 0.7876 0.4163 0.1396
0.4671 0.5938 0.5664 0.6153 0.5878 0.8654 0.6435 0.7984 0.4991 0.1638 0.4522 0.4105 0.4377 0.1814 0.7057 0.3725 0.8293 0.2947
0.5815 0.7531 0.6555 0.4841 0.6868 0.4388 0.6090 0.1780 0.7549 0.3078 0.8027 0.1832 0.4231 0.5730 0.4598 0.8260 0.4334 0.6344
0.2214 0.7839 0.8524 0.3355 0.8633 0.2395 0.6496 0.1033 0.6061 0.4444 0.6557 0.8374 0.1566 0.4485 0.2146 0.8205 0.7120 0.7672
0.1738 0.5766 0.2809 0.3644 0.5641 0.6614 0.2039 0.6908 0.7702 0.4688 0.4587 0.6525 0.6796 0.8102 0.3859 0.5633 0.6258 0.2531
0.7015 0.4166 0.6901 0.8220 0.1600 0.7794 0.5608 0.2984 0.6485 0.5423 0.3072 0.3071 0.2999 0.6088 0.4237 0.4115 0.1287 0.2160
0.4815 0.7474 0.2273 0.4243 0.2324 0.4082 0.1260 0.4199 0.7769 0.6640 0.2566 0.4979 0.3835 0.3723 0.3010 0.6399 0.3461 0.3636
0.6517 0.4115 0.7290 0.4911 0.8961 0.2506 0.5040 0.3816 0.8425 0.6116 0.3684 0.6756 0.8581 0.5393 0.3715 0.4828 0.5417 0.4249
0.8233 0.1286 0.8317 0.6478 0.8695 0.1081 0.1168 0.3161 0.8642 0.1125 0.5283 0.6218 0.8692 0.6030 0.4653 0.3085 0.6375 0.7246
0.7425 0.4626 0.7871 0.8818 0.3432 0.6828 0.6502 0.3002 0.4211 0.4201 0.3018 0.8888 0.5120 0.7297 0.1235 0.7572 0.8421 0.3574
0.5358 0.1311 0.7979 0.1295 0.6462 0.5977 0.6343 0.1637 0.7222 0.8618 0.2151 0.5848 0.8255 0.2301 0.3659 0.7311 0.6125 0.6154
0.6939 0.6785 0.7165 0.4335 0.2515 0.4181 0.2180 0.2805 0.2514 0.8609 0.5253 0.1363 0.6297 0.2870 0.2799 0.1953 0.3878 0.8527
0.5680 0.4420 0.7793 0.4902 0.5279 0.5776 0.4938 0.5683 0.8000 0.8780 0.2353 0.8446 0.3185 0.6095 0.6911 0.7356 0.6441 0.7552
0.6935 0.1867 0.8198 0.1653 0.6965 0.1497 0.3776 0.7156 0.3624 0.8976 0.8207 0.6099 0.2362 0.4906 0.4743 0.5709 0.5030 0.4426
0.4633 0.6148 0.5050 0.1574 0.6888 0.6624 0.4217 0.8538 0.1989 0.1766 0.3773 0.1154 0.3744 0.4063 0.3855 0.6191 0.8731 0.8852
0.2010 0.8708 0.7043 0.6440 0.7394 0.4424 0.2610 0.3763 0.2880 0.2258 0.5594 0.7837 0.6490 0.6899 0.6252 0.6546 0.2512 0.4609
0.6169 0.4914 0.7597 0.5510 0.3304 0.5743 0.7697 0.5245 0.2158 0.2539 0.1284 0.7008 0.4929 0.1328 0.4148 0.7894 0.1974 0.5869
0.7425 0.6955 0.6934 0.6926 0.8496 0.7737 0.2539 0.8818 0.6385 0.7550 0.4623 0.8900 0.1614 0.1099 0.1480 0.3019 0.1007 0.3043
0.8478 0.3264 0.6889 0.1907 0.6825 0.1251 0.7672 0.5462 0.7520 0.5170 0.8051 0.4516 0.5488 0.4127 0.2631 0.4671 0.8574 0.5650
0.3946 0.5594 0.5650 0.3398 0.6559 0.8569 0.6710 0.5550 0.3381 0.3466 0.1227 0.5235 0.8633 0.8137 0.5285 0.6585 0.1287 0.6607
0.3495 0.5394 0.8653 0.1583 0.4743 0.1346 0.2936 0.6277 0.8686 0.3812 0.6876 0.4354 0.3468 0.1485 0.6410 0.1037 0.3411 0.1038
0.8641 0.3258 0.3132 0.4472 0.8482 0.1116 0.3477 0.6829 0.6704 0.6605 0.5771 0.4279 0.6885 0.4197 0.2585 0.5510 0.7693 0.5621
0.2127 0.3628 0.1442 0.2843 0.7869 0.6209 0.4924 0.4203 0.1087 0.4218 0.4773 0.1468 0.3653 0.7851 0.8225 0.8296 0.2340 0.2031
0.3290 0.8337 0.8134 0.2524 0.8161 0.2052 0.8461 0.7636 0.1341 0.5275 0.3193 0.2714 0.6214 0.2941 0.2294 0.4302 0.3531 0.7437
0.1361 0.2790 0.6390 0.6563 0.8632 0.7908 0.7738 0.1150 0.4352 0.4760 0.4409 0.8898 0.5887 0.7030 0.8682 0.7718 0.5505 0.2481
0.2096 0.5131 0.5475 0.8964 0.2714 0.5503 0.4734 0.1698 0.1582 0.4343 0.7457 0.3606 0.1604 0.6204 0.8875 0.3578 0.7884 0.2888
0.1558 0.2377 0.6693 0.1744 0.5466 0.6317 0.8414 0.6456 0.4238 0.1693 0.3206 0.5261 0.8170 0.8177 0.4743 0.4325 0.3451 0.6215
0.4736 0.8396 0.4188 0.3681 0.2644 0.7296 0.6018 0.3937 0.4465 0.2564 0.1861 0.3340 0.4014 0.2519 0.6754 0.3290 0.5316 0.2394
0.7198 0.3750 0.5380 0.6856 0.2320 0.8622 0.6056 0.2232 0.3311 0.8045 0.8322 0.1347 0.4130 0.4293 0.4220 0.1209 0.7780 0.8398
