18 884 26
5293 8860
9809 2853
2239 5951
6983 1133
4004 8072
8599 4159
8891 7712
3437 1471
4454 1437
1358 6791
9110 6518
7819 4255
3130 1592
2066 6398
4006 584
771 802
3805 5993
5906 547
9794 3260
9691 7501
5412 2950
7320 1992
1642 2133
5894 878
913 6301
8036 4007
3224 958
698 3932
4378 297
9821 1927
634 7577
9319 1304
227 5507
4382 4925
9380 9609
3691 4406
9344 3425
1235 2702
2314 1726
1662 8953
8692 8231
6963 8057
8036 5168
3933 4967
7888 2767
5686 50
1403 3979
6168 5909
7459 7461
4973 4742
8390 8438
3397 8698
184 2140
1606 2720
4478 366
1388 3145
5869 5939
9300 8448
2127 1576
9148 8617
499 3143
132 6899
5107 3599
552 331
6445 1313
810 3517
7743 2180
1084 46
1348 8719
5230 9021
5500 3225
5189 2546
2586 9319
4553 7522
7118 4371
4730 291
4485 8084
8318 2681
7312 6061
8756 3482
9342 2242
6594 4954
2610 5580
8242 3786
8496 2246
2124 9848
754 2062
6173 1103
2535 9500
1469 3381
2960 9241
9244 2990
3453 8956
9396 3709
870 4216
6169 1647
6804 4416
6279 6777
149 3756
4271 6310
6958 2772
3114 6823
625 8838
5331 9614
5139 861
1421 9264
236 5219
9436 4660
1511 9817
5732 4663
5952 1723
8132 5314
116 7441
7465 6065
6783 8288
9494 6656
8394 8703
6277 3977
8484 9844
4724 8594
854 7218
3450 6314
4231 9823
4526 3698
9476 6459
9523 5870
764 6750
9698 5833
8441 5654
3219 4755
1895 6270
4190 9236
5491 6365
5169 3715
4437 6917
3145 6390
2910 7712
9081 1613
8418 2832
4174 4496
1813 5900
2955 5377
1764 4300
6011 2867
6321 4794
9624 3093
2454 4845
3837 3887
1510 8409
7358 4605
1488 3050
6694 214
6466 7338
5924 8071
8552 7514
9240 7251
6332 10000
802 6528
800 2223
2481 8227
6760 7994
6230 9970
5084 7581
8638 5957
9350 2651
9778 9138
3030 5942
1954 9221
4688 5563
2418 8559
7932 5676
8481 7811
7245 9373
6191 7858
7620 751
4790 5718
9958 1438
6058 5884
5668 7192
5122 2688
5004 9369
9949 6740
9677 5985
3281 1887
542 8695
7891 8194
5749 4498
7426 7677
7267 7812
6682 2617
142 7969
1845 952
2408 2767
3586 2410
6989 7302
7400 311
544 9353
5653 9147
3487 2084
9866 7678
428 4966
4817 8714
1729 9827
628 7380
7483 8077
6463 1919
6137 4678
8860 6570
6610 6984
947 5377
268 6337
7204 1244
5439 4995
3394 5247
218 9412
7529 3366
8961 9603
803 5344
7605 1665
465 907
6249 6971
4802 563
389 6409
8617 3393
3073 4317
8836 4440
3392 3474
2953 5553
2313 1287
3000 8680
4855 8418
1183 9289
1141 9830
8983 4237
3425 7418
8813 1266
3332 9347
7988 8831
9521 8034
5940 1419
8148 155
6301 433
307 5693
2746 8542
8510 6675
2210 1187
3277 6159
3943 3424
4976 8115
8308 9079
4844 4560
2021 2669
2708 3731
8079 2322
3305 9451
1785 581
9728 9039
5142 6857
6388 6296
9448 2922
5736 6228
2245 4904
8476 5838
1659 1307
7308 4352
4350 6472
4075 1147
1026 6038
5671 1276
2179 6398
899 8133
774 9518
7630 6984
3071 6228
5902 9934
4308 9677
4874 8579
9940 9147
6503 4537
6208 1460
6283 3450
3274 7752
8282 5193
265 4335
8830 3810
1550 1384
1223 522
1770 17
3477 8549
967 1742
8955 1339
1408 4106
3424 6020
4813 6394
6125 4881
1006 6586
2382 7601
8039 2087
1023 3779
8920 5439
6208 9148
294 4176
7876 774
2840 9116
3830 9447
8285 5306
5003 6299
6307 8169
3578 8483
9486 2508
3290 3404
4724 9285
8502 8693
7566 6122
5522 3031
5260 4465
116 4510
7434 1917
8860 4567
2320 5539
3360 9873
6274 8528
1824 2745
3360 4079
823 2751
1216 749
8457 2074
9671 1243
5359 3311
6264 2267
7202 1848
5724 8185
4409 8520
9806 347
2228 421
7209 3181
582 1212
9554 2281
9770 8435
39 5865
8913 6820
53 2051
4217 5446
8862 5274
5548 9394
8475 7418
8358 7533
6751 1206
7350 1047
9983 2017
1742 152
523 8159
3534 3489
2003 5284
3715 3928
9142 2787
6137 7299
3053 7814
6442 5775
464 2175
7020 7948
6623 4467
7581 8380
1186 1036
1971 5639
2423 5394
7278 2984
566 7080
7041 9689
2135 6231
2062 3156
5357 30
8623 2747
3401 864
9076 7934
6221 6430
9517 8981
7475 8745
1515 102
8738 159
5308 3603
9219 9063
7356 6591
848 9940
4551 4822
2387 4423
8149 1462
5320 7634
6125 9872
6204 8078
6917 6870
4334 9954
41 6476
2048 6838
1198 2594
72 1417
4603 8881
5786 3273
8739 6808
2045 2039
1719 9231
8437 5426
1144 6876
2946 414
6428 8333
3839 8225
3762 5516
2930 7542
880 9794
1247 952
4493 9943
6796 3053
5436 4212
6725 8447
6041 4785
4568 6330
306 2282
3691 7304
8466 4503
634 3016
4396 5424
4846 7349
4462 5971
3341 4756
8056 608
95 4141
5533 5997
8174 8382
5061 5201
6821 817
7482 2671
3075 4641
7883 8776
7896 1800
5320 4033
4432 2049
7254 9681
4205 6021
4261 4170
5772 4314
7880 8454
3203 8530
9430 9977
9665 9853
5405 4576
4736 6011
8520 1111
864 9389
971 2716
9453 1497
2812 4195
6950 2951
1410 3867
3895 7484
962 8624
9641 11
5099 6715
3759 119
7146 9204
6220 4600
2726 1262
7585 5296
1415 5223
8813 3066
2484 3050
5100 5989
1981 1460
3886 5883
8701 8733
2499 2294
4352 8200
4368 8311
905 5122
2634 70
7890 9728
136 5144
4236 5867
3956 7101
5849 7858
232 1314
7916 3217
6811 2597
5610 7886
3357 4616
7614 7185
5700 6687
6651 5844
9373 776
7164 3946
4948 7305
7458 2864
3314 8162
8130 5648
3478 3368
3240 5515
4907 1450
4829 9978
5192 8733
8190 1189
5051 3339
7968 9871
6904 3816
9441 7413
6893 3644
4893 4262
8418 494
488 4614
3563 6038
3819 7218
2439 5724
7037 1828
2640 5745
3683 5385
5183 2081
7667 3166
9247 1234
8554 8930
7316 8791
8180 2677
7631 2711
9334 1112
6721 6254
2995 2929
4130 7264
2512 6345
1628 3037
1017 5803
8649 6621
7120 1964
1417 7538
7564 1015
6635 1997
2334 6510
203 9899
7765 5331
7975 5313
7785 6499
8418 7904
2314 58
5161 7247
7197 5843
7330 7473
4947 632
8381 3192
3179 4322
3138 7738
6594 2313
7627 8617
691 8988
3316 4507
3277 2690
5062 2197
8252 9721
7621 5869
5586 1206
2200 3357
5608 6763
9771 7030
2175 7126
7973 155
4426 1599
457 1152
3814 2109
4330 951
701 3197
3159 221
6234 4888
9017 1501
6371 9192
7002 1302
1241 9395
7951 3108
4443 4295
8676 6928
7527 8211
2366 9026
8546 3609
4461 2487
8297 376
9998 3449
1587 9934
9802 679
9387 5141
4901 3276
1692 7662
8435 965
5680 6858
4330 6055
5352 8692
711 1792
5861 8352
1595 6948
12 3875
6079 1394
5431 147
1187 3626
10000 1344
9561 643
5175 2902
8083 1755
9455 9101
1637 9159
6633 6524
4308 2964
9755 4750
4177 5264
7823 1315
1728 8427
7876 5021
9679 4817
6880 9160
5410 7128
367 3794
6362 9366
1275 2191
6319 7424
6788 7640
6854 9354
9939 8157
8952 8362
7288 2582
8563 7306
6035 1586
736 8797
3486 7148
8831 7453
4241 5558
1086 8740
5960 7452
5709 360
7729 7312
9301 8256
4236 1502
7170 2247
9290 9477
4010 2760
3177 9354
1304 8115
7727 1156
3330 3181
549 5155
4065 3186
1555 5631
6422 5676
3538 7948
1591 7732
7143 651
7949 6231
2811 3900
700 6133
148 8912
5536 1585
2507 1312
5751 2311
4244 2054
1066 3101
7460 1432
2197 8882
4913 9917
7993 9075
895 1293
482 5905
4644 2175
3664 569
1496 2594
5978 712
5390 9235
5250 3023
3753 3614
3965 8241
4215 1341
3234 7294
1108 6773
5292 7074
8848 9609
8550 5681
6491 4765
1847 3801
6425 3794
1192 9055
551 2321
381 7404
6947 4481
4296 1673
2570 2129
334 391
8874 7145
2607 3652
1139 9436
3148 3269
8443 2946
2005 248
6170 3344
1774 1475
1804 3542
3835 300
6305 619
7015 9501
3827 2548
383 3959
1918 4228
324 3343
5347 5637
802 2891
9998 352
5684 1689
3874 8570
6832 6224
9082 5578
256 5996
7127 6026
5962 5781
5772 9432
4165 9669
5642 3068
887 3889
7330 5165
1407 5650
4991 2530
7328 7109
7516 2995
4288 8076
9116 9506
7985 255
6037 9063
6672 7181
181 1044
9869 9895
7022 5874
8051 3232
8428 1393
2185 5849
3383 6716
4447 6802
4471 3866
8852 4292
4131 2869
9978 1600
8635 6074
8288 6517
8932 9709
1827 6438
6852 1795
8701 5425
406 587
8343 165
240 1189
970 1551
8232 5885
6141 5456
4395 2587
5997 1939
9575 2677
6940 3484
8583 282
4778 1844
9798 3963
8864 2831
360 8657
8331 4338
4355 4432
4978 1973
4588 3977
8661 1131
2338 4560
1782 8330
5929 3150
4189 7474
6385 3928
4114 3434
4548 9789
2596 3946
1307 1420
3570 3053
3284 1466
9570 5706
5814 100
3722 4738
5452 2461
4878 2461
8158 1074
4035 2198
1373 9999
48 2558
9648 7174
507 7185
7983 6363
1964 6006
8375 5574
5969 7331
260 6893
572 2052
9164 3118
8520 6905
5609 698
6881 6126
2798 6325
4601 2532
3193 3727
2803 7842
1757 3873
9943 3542
8545 8128
496 84
5604 9506
3073 4535
3558 4549
7826 4588
5293 9866
234 4750
4062 171
2370 9688
1578 8306
4342 5043
9208 8824
9921 6293
2569 7195
9753 149
9806 459
2479 2682
6006 4912
7946 4628
8728 3838
1585 3877
3912 5249
6024 8701
8632 9766
6758 1875
5111 7982
5855 5652
2193 4734
6062 3378
8493 836
8977 2215
4688 6509
6379 5125
7276 5477
95 2683
7406 3108
5678 2776
271 8852
459 6205
6629 1576
7145 9743
5403 5934
7355 4824
5648 2673
3046 2005
8653 3663
5146 1169
8854 7975
2457 5954
2542 7799
236 1797
1943 9421
4690 411
9776 1180
7020 5752
8810 4683
3311 4343
9472 2363
4303 3199
737 9651
8780 1418
2518 890
3240 5260
6063 9696
4526 1086
8199 6247
6230 3023
7404 4271
5593 2544
8875 9443
7181 7279
1407 2180
8913 2080
9666 9640
2564 4134
6742 10
4765 8829
1073 8168
5810 3842
9522 9359
8981 3760
4637 7135
7848 7694
137 8695
6480 6511
9432 5732
861 4909
4801 172
1541 733
5456 7510
3702 1386
2251 1633
545 9186
4824 4891
5641 8323
5433 2573
7051 9166
1093 7375
2902 1779
0.4299 0.3400 0.2955 0.1340 0.2119 0.8135 0.1543 0.2026 0.2842 0.4947 0.4423 0.2094 0.7472 0.6941 0.8796 0.7870 0.3191 0.3286
0.4651 0.5985 0.7893 0.3784 0.1366 0.2535 0.8455 0.1136 0.8787 0.8247 0.5722 0.3991 0.6748 0.2721 0.5920 0.6162 0.3418 0.7802
0.7700 0.8804 0.2734 0.7007 0.4989 0.8124 0.2383 0.8408 0.6321 0.1045 0.1483 0.1053 0.3143 0.3822 0.5722 0.7316 0.4347 0.8977
0.8475 0.4821 0.7642 0.6686 0.7075 0.6402 0.6301 0.6682 0.6574 0.6843 0.4260 0.6732 0.1894 0.3103 0.1574 0.5374 0.3117 0.1393
0.5777 0.3011 0.7229 0.3067 0.4905 0.4409 0.2767 0.5762 0.1043 0.1717 0.6123 0.6783 0.4860 0.7339 0.2136 0.6184 0.5404 0.1667
0.7951 0.6462 0.4341 0.5776 0.8186 0.4022 0.2559 0.1734 0.5823 0.5583 0.8135 0.7570 0.7266 0.6649 0.1778 0.7344 0.5067 0.8100
0.4216 0.3742 0.6732 0.5783 0.1347 0.1662 0.7061 0.4408 0.1720 0.3679 0.6537 0.2750 0.4991 0.5194 0.3767 0.4859 0.3138 0.4460
0.1661 0.4165 0.1610 0.2763 0.8560 0.3092 0.8631 0.6587 0.5582 0.1111 0.3055 0.2089 0.1502 0.8537 0.3210 0.5767 0.4426 0.5850
0.7656 0.7056 0.1756 0.8570 0.5430 0.2965 0.2322 0.3673 0.2096 0.4171 0.7374 0.3456 0.5075 0.5341 0.5381 0.8262 0.5284 0.7762
0.1827 0.7184 0.2548 0.5629 0.6918 0.7470 0.3736 0.8102 0.4508 0.6431 0.1460 0.4719 0.3328 0.5051 0.4199 0.6455 0.4022 0.1429
0.2237 0.1033 0.1670 0.1395 0.7285 0.6877 0.5151 0.8677 0.7480 0.2668 0.1426 0.6752 0.1922 0.2543 0.3018 0.4994 0.4803 0.2349
0.5008 0.3353 0.2679 0.2734 0.2288 0.1987 0.3420 0.2286 0.6281 0.3659 0.5109 0.3406 0.8258 0.3261 0.7380 0.4812 0.4358 0.5931
0.7010 0.4276 0.8671 0.5869 0.5857 0.1892 0.5452 0.1459 0.5681 0.6305 0.6097 0.2726 0.7602 0.5252 0.6331 0.5553 0.2185 0.7868
0.5896 0.4600 0.3750 0.4015 0.3718 0.5270 0.7234 0.3807 0.1963 0.4891 0.1325 0.5199 0.4372 0.1569 0.3700 0.3951 0.3610 0.7487
0.1639 0.6112 0.5951 0.3320 0.2687 0.4968 0.6644 0.6203 0.6638 0.7312 0.4581 0.7532 0.1108 0.8338 0.8982 0.3302 0.6527 0.1695
0.3711 0.6741 0.8029 0.6848 0.1828 0.5389 0.7875 0.8859 0.5571 0.3190 0.7361 0.4892 0.4481 0.1106 0.2253 0.3355 0.2178 0.7143
0.5784 0.4020 0.4242 0.6121 0.4507 0.6279 0.4530 0.4688 0.4232 0.7893 0.2096 0.7935 0.5878 0.4247 0.1581 0.6998 0.1264 0.2141
0.8653 0.3826 0.4826 0.8684 0.4260 0.4991 0.1558 0.8538 0.6654 0.4731 0.5997 0.2570 0.7055 0.5710 0.5790 0.7375 0.5042 0.1463
0.4221 0.2089 0.4639 0.2284 0.7632 0.3212 0.8427 0.2600 0.7183 0.6441 0.2006 0.1863 0.8452 0.4686 0.1618 0.8588 0.6608 0.3214
0.1384 0.1391 0.5648 0.4057 0.7670 0.2970 0.1431 0.8562 0.5867 0.7736 0.4580 0.3316 0.4981 0.8589 0.2350 0.6817 0.3282 0.1437
0.6590 0.1936 0.1105 0.8314 0.5722 0.5938 0.2120 0.1482 0.4908 0.8785 0.5601 0.5127 0.4157 0.4417 0.8386 0.2120 0.7788 0.8712
0.8236 0.8786 0.6668 0.3976 0.6176 0.5038 0.6319 0.6816 0.1784 0.1493 0.8720 0.7439 0.7014 0.7159 0.6935 0.8957 0.1099 0.5368
0.3783 0.3885 0.3153 0.8259 0.1416 0.8009 0.3441 0.1085 0.2816 0.6259 0.7527 0.1816 0.7478 0.2743 0.8059 0.8949 0.4079 0.4663
0.8540 0.1373 0.4799 0.1026 0.7078 0.3561 0.5976 0.2708 0.6123 0.5521 0.2804 0.2492 0.6666 0.1285 0.2345 0.1848 0.1527 0.5421
0.5342 0.6669 0.6046 0.5346 0.8487 0.3864 0.1880 0.5144 0.8222 0.8358 0.3081 0.4324 0.3262 0.2629 0.2190 0.8199 0.3934 0.4819
0.3817 0.4973 0.4046 0.4739 0.3078 0.3861 0.5300 0.3322 0.2875 0.5307 0.6097 0.5633 0.3619 0.5777 0.2419 0.8611 0.5653 0.4646
