18 494 71
7329 4442
5334 8240
8104 3586
1375 7249
6498 1961
964 8636
201 1144
9061 3257
7412 5907
8797 8839
2683 4466
3938 6660
8138 2193
3190 674
8868 2258
2399 9908
668 912
3426 8787
995 3402
9867 8011
246 5437
9095 4693
858 5995
3714 7844
3976 2442
6125 8320
670 1472
9561 6896
4285 8343
8756 8045
6852 8906
9001 3115
4841 980
6137 5730
2647 939
8289 8103
6689 5117
5004 8888
9051 3792
6112 9426
2247 7908
6346 2204
6222 578
8737 4845
2927 7975
5442 7737
594 7922
3889 933
3255 8045
8882 1957
5952 4751
4767 1074
7998 4974
6220 8444
2830 2619
1465 9489
7571 448
682 7365
9287 3080
4823 8343
6334 909
1005 9018
1397 4832
8954 7773
5056 4533
5755 7178
6878 4855
1563 5996
6241 4668
3923 4388
3595 5993
6919 9692
3705 9048
3733 3201
9018 1302
293 2419
2417 8195
4638 4787
6626 5844
628 2010
8739 7281
3365 6477
9168 8211
6650 7323
4154 4767
4617 3297
7507 7468
7340 8255
6483 4319
4970 1347
6682 1480
9250 8823
3890 5125
5041 817
7258 8112
7850 109
912 7609
925 8920
4300 690
7077 6964
3978 9618
2327 4291
9750 1963
1552 8565
9167 8482
6286 2812
9715 1276
1042 5086
762 6666
6388 1319
9587 5102
6497 8269
3932 5276
3694 2532
3294 9208
4152 151
9824 6536
1837 36
5029 4812
2062 5105
4224 4965
227 1336
7695 7043
5990 4606
4907 8081
3200 8384
2348 5607
7992 4640
1234 7051
4021 3309
7139 7195
1945 9114
7049 8165
973 6630
1270 2969
4554 7986
4255 8471
5749 2297
2360 2446
7046 718
3856 1084
5785 1415
4867 6550
1855 3435
4809 5636
6580 9771
4246 2633
9814 3984
124 7086
1261 6314
6473 972
914 5184
7046 4153
887 8236
9695 4853
2442 2010
8118 3101
9905 7472
8393 483
7407 2840
4956 6066
2099 7647
3725 431
6112 1190
7812 2555
3460 9211
6702 7002
9854 7611
1687 9896
7084 1730
8893 6212
9976 3339
771 7047
2979 9080
5460 7320
2790 2460
4336 6026
9211 2426
6893 3014
4490 1971
7658 2018
5275 2203
5383 6270
6892 1817
1038 9844
7641 6126
8212 360
5303 1606
4736 5433
416 7932
3651 9731
5823 976
1302 1244
4568 9321
2862 1276
9595 9390
2644 8707
6138 9602
8839 4735
211 4394
1529 8075
3828 2234
8532 5779
1574 9456
8626 1768
5399 489
4075 4280
3007 6085
2056 9509
9008 2257
5981 7420
5560 3499
2081 8548
6390 3850
8323 1246
3062 3182
7287 4736
2078 8269
9719 4437
7428 7340
1253 5705
9484 337
7916 9737
7632 9717
3825 3516
8755 8387
4566 6005
3101 8137
7890 2247
4721 7422
6408 6231
9526 5943
9945 1220
2020 8640
7275 2645
6470 156
5835 5202
9139 331
1156 4321
4358 6968
3967 4614
5056 23
2503 3001
1361 6853
5946 6317
6398 9569
1016 3681
1484 1831
8968 6900
5829 4102
7244 5965
3104 5933
1422 9670
7482 188
5351 3768
2636 9924
9253 7491
4893 3390
8707 1959
9079 5377
9890 5375
123 9475
7538 2255
11 7722
3456 3996
8552 6074
2873 847
7562 2971
181 6606
4093 5647
3759 3709
6080 7637
2002 4048
7943 1890
6579 1538
335 6895
1549 7831
4485 9928
913 1902
2817 488
1237 7984
7772 2149
7713 1463
5872 7850
1880 4854
9610 6303
2055 2383
7352 84
4236 3321
5190 1230
3428 3636
6 455
6434 5061
6776 7324
7192 6876
3399 6380
7654 5564
4299 5675
2174 8696
6638 7886
2822 8849
7873 6516
5958 1736
5636 5780
9514 9880
6811 7485
6738 5432
6072 317
7299 6784
9670 1120
3354 2202
9469 9701
7498 1135
4586 6649
4687 3115
2565 5485
580 6378
2556 3603
8140 4125
4153 2265
2506 3493
7913 1687
7895 6158
7655 8691
4671 2909
7970 999
9836 4690
6628 181
746 6459
5742 2986
78 9234
3089 7259
6225 5059
755 5121
5176 4126
2287 67
9634 3108
550 3755
2257 3815
7841 4808
5323 2321
694 9694
7942 8046
9268 2014
9825 4979
5157 4377
4249 7467
1183 8626
5 158
8587 6270
7378 2505
452 4297
4840 7218
3768 38
1097 184
4428 1674
7724 5996
1818 859
9965 7883
5519 4391
4050 6052
8591 8546
2703 7542
6910 1258
1752 5058
2353 7945
9156 3609
2565 792
7883 2661
3338 6891
3045 2004
2041 1171
6381 7632
2846 5046
6674 1227
8645 2299
9091 8899
2074 7157
4164 3613
3205 2676
4399 4549
494 3628
3807 7909
5036 4414
9689 3341
7672 337
3480 9352
3581 9864
9052 1166
5451 2989
950 2164
6905 2005
2729 339
6800 9449
4941 3509
9640 8732
1946 7110
939 1068
3524 4131
5859 3073
4680 4154
6572 5275
5984 8135
5671 5555
8617 4810
1887 8331
8010 2225
331 3279
2860 8756
1158 9776
6437 9933
2673 3342
362 6483
5749 3597
5676 4613
7684 9513
4138 7031
8868 6632
2493 8636
3782 3851
1060 3193
8361 246
5130 1323
9862 6688
9754 3069
3063 9359
1859 5600
8171 8644
7173 160
86 9359
9106 169
8176 7531
9773 9319
1179 4494
6691 8671
832 2255
8859 9467
198 1594
590 1774
4157 6490
390 4148
2864 306
5365 5146
5410 268
3209 1800
715 9545
3381 7927
7396 6537
7518 8284
7024 5898
9470 6197
3688 4854
5786 5835
9650 8390
2288 7243
2846 6019
7137 6059
4581 3706
8458 6191
6990 5200
1272 6791
2517 7763
2382 275
3388 7151
9995 9340
3726 1488
2198 9862
5178 6074
7788 3767
2325 1845
5762 4317
3295 5103
2871 3778
8937 9559
9732 344
9918 2357
4397 6491
6363 9462
9449 3408
8205 6820
1659 3170
4454 4305
1080 9259
8830 7477
3925 1728
5603 4314
9254 988
752 5786
5098 9643
7698 8296
7973 8554
4054 772
5059 7018
4472 9653
163 122
9280 9161
9205 6560
1454 4034
9536 7989
1154 6489
2502 1132
236 2629
4180 763
4794 4994
6999 6550
3650 3290
1901 6404
7417 3138
4110 1471
1616 1784
6934 4480
80 5098
0.8061 0.5746 0.3184 0.4923 0.4165 0.7935 0.7220 0.4165 0.2486 0.2952 0.5654 0.8855 0.1159 0.2481 0.7236 0.8400 0.5862 0.4451
0.1436 0.6152 0.2381 0.3827 0.6403 0.5966 0.4134 0.2243 0.2203 0.2745 0.7750 0.4122 0.2700 0.2602 0.7459 0.5627 0.2590 0.6703
0.2638 0.3437 0.4793 0.4617 0.7885 0.8450 0.6711 0.8474 0.5368 0.2342 0.2955 0.3900 0.6558 0.2773 0.5304 0.1218 0.7971 0.7529
0.7643 0.8549 0.7666 0.1075 0.8322 0.7741 0.3168 0.3050 0.7779 0.5236 0.5146 0.1344 0.3605 0.5606 0.8240 0.8034 0.7562 0.5380
0.8435 0.8819 0.2235 0.3910 0.4649 0.7227 0.2918 0.7699 0.6134 0.6702 0.7617 0.3573 0.7370 0.3626 0.7968 0.3744 0.5775 0.8172
0.5015 0.8304 0.2912 0.5432 0.5005 0.7959 0.4630 0.2056 0.2249 0.1927 0.7193 0.7725 0.3813 0.5469 0.8317 0.4511 0.1255 0.4007
0.8600 0.6481 0.3963 0.1937 0.2282 0.6601 0.5763 0.6691 0.6146 0.3135 0.2947 0.5139 0.5144 0.4111 0.4309 0.6055 0.2464 0.2764
0.3309 0.7918 0.5392 0.3979 0.7427 0.2440 0.6570 0.4624 0.5789 0.2849 0.1422 0.6752 0.1581 0.4610 0.7255 0.4587 0.1113 0.8584
0.4898 0.7698 0.3288 0.6142 0.8617 0.5325 0.6794 0.2978 0.7054 0.2960 0.3657 0.1033 0.4240 0.4688 0.4224 0.5210 0.7603 0.1963
0.2124 0.5488 0.5834 0.8306 0.1554 0.3380 0.8606 0.8318 0.8416 0.7997 0.4350 0.5692 0.2490 0.2349 0.2829 0.7379 0.7703 0.4150
0.7470 0.8652 0.4914 0.1733 0.2830 0.5079 0.7413 0.7529 0.1334 0.5667 0.8736 0.6040 0.4860 0.8860 0.2726 0.8656 0.6135 0.3262
0.2914 0.8898 0.3204 0.2111 0.8360 0.7578 0.6048 0.4415 0.8444 0.7218 0.8322 0.2023 0.1254 0.5983 0.4450 0.6726 0.4071 0.1657
0.8696 0.2068 0.3533 0.8068 0.5109 0.4188 0.7950 0.7211 0.4680 0.7638 0.8902 0.4850 0.1447 0.3191 0.1093 0.2598 0.5055 0.4040
0.4986 0.3075 0.2650 0.3208 0.6269 0.4716 0.5044 0.3083 0.8045 0.4799 0.8195 0.7638 0.1928 0.3732 0.1682 0.6433 0.3703 0.1941
0.3289 0.3064 0.8076 0.7897 0.7592 0.2424 0.8508 0.5438 0.4967 0.3597 0.8868 0.8675 0.8630 0.2834 0.6551 0.7226 0.1551 0.4031
0.4410 0.7828 0.2659 0.3563 0.4659 0.1395 0.5484 0.7943 0.4533 0.5164 0.3182 0.6514 0.1756 0.7916 0.8389 0.3868 0.1478 0.3263
0.7681 0.4443 0.3805 0.4008 0.2853 0.6130 0.1911 0.8722 0.3827 0.8460 0.1476 0.6614 0.1687 0.1429 0.6766 0.4593 0.7579 0.3185
0.8814 0.6039 0.2470 0.8663 0.8244 0.7264 0.3757 0.6585 0.4631 0.4660 0.3500 0.2415 0.7850 0.1577 0.2791 0.4494 0.5548 0.6968
0.2933 0.6448 0.7803 0.6624 0.7224 0.7368 0.4809 0.7630 0.6949 0.3025 0.7519 0.6742 0.3375 0.2725 0.5885 0.7151 0.2328 0.2900
0.5330 0.4263 0.3195 0.5454 0.1127 0.3755 0.7591 0.4662 0.5989 0.2302 0.2342 0.2019 0.8230 0.4549 0.6035 0.2041 0.7700 0.4035
0.6417 0.3109 0.5941 0.6377 0.1227 0.2989 0.7846 0.8469 0.8159 0.4543 0.2362 0.6698 0.6641 0.6394 0.2220 0.7090 0.4125 0.2434
0.3634 0.5528 0.5951 0.7991 0.2460 0.1084 0.4783 0.8681 0.8425 0.1572 0.2726 0.7958 0.3474 0.4065 0.1715 0.1225 0.3627 0.5768
0.1164 0.4195 0.5695 0.8948 0.1546 0.7019 0.2597 0.4929 0.1499 0.6172 0.6276 0.3147 0.8085 0.6826 0.4670 0.3402 0.2464 0.4061
0.5656 0.1150 0.7967 0.8146 0.4881 0.1061 0.1798 0.2472 0.2691 0.4375 0.2933 0.8867 0.8210 0.6263 0.8342 0.6384 0.2020 0.3315
0.7090 0.7439 0.6605 0.1803 0.1169 0.7096 0.1155 0.3607 0.2321 0.7777 0.7323 0.8229 0.8681 0.2946 0.3458 0.5902 0.7647 0.7339
0.5788 0.6357 0.1252 0.3238 0.6630 0.6701 0.5305 0.3306 0.7721 0.4142 0.5570 0.5396 0.5383 0.2862 0.3094 0.6882 0.8689 0.4475
0.3165 0.5969 0.7425 0.6298 0.4087 0.4044 0.4052 0.6429 0.1705 0.4876 0.7527 0.5412 0.4015 0.8839 0.7964 0.3816 0.6700 0.4321
0.7941 0.3069 0.3056 0.5592 0.6682 0.1270 0.7666 0.2007 0.6949 0.7494 0.6951 0.1137 0.1600 0.8805 0.4516 0.6946 0.5355 0.5896
0.5077 0.7881 0.3170 0.8194 0.3600 0.1648 0.4680 0.1729 0.1777 0.4477 0.5151 0.7109 0.6667 0.8308 0.7313 0.4728 0.4952 0.1659
0.3774 0.8853 0.8899 0.3301 0.5682 0.5594 0.3603 0.2947 0.3066 0.7292 0.2626 0.5003 0.1698 0.4683 0.3140 0.5605 0.1994 0.1407
0.8894 0.6557 0.5561 0.1378 0.2085 0.5122 0.8049 0.4101 0.8552 0.2383 0.4944 0.5282 0.5033 0.3733 0.5824 0.6135 0.5565 0.8623
0.6291 0.8154 0.5399 0.3003 0.5339 0.6801 0.4240 0.5973 0.7598 0.2696 0.1685 0.3779 0.6306 0.7612 0.4219 0.6396 0.6660 0.7674
0.1911 0.1686 0.1015 0.4231 0.3239 0.7573 0.4166 0.2659 0.7316 0.1583 0.1596 0.5124 0.8798 0.2988 0.5891 0.5972 0.8988 0.4826
0.3634 0.8247 0.8624 0.3405 0.1688 0.3341 0.3520 0.5170 0.8786 0.3129 0.1230 0.8219 0.8321 0.8302 0.7638 0.5665 0.2469 0.2259
0.1770 0.8113 0.5825 0.6716 0.1705 0.4857 0.7946 0.4766 0.8832 0.6929 0.2765 0.3108 0.7663 0.7744 0.8987 0.2850 0.2046 0.7249
0.2972 0.8368 0.1856 0.8821 0.1565 0.1859 0.1861 0.2304 0.3740 0.4398 0.8180 0.3102 0.5351 0.7318 0.1766 0.6179 0.4146 0.1705
0.1228 0.6930 0.5289 0.7879 0.2658 0.6570 0.1750 0.4725 0.1697 0.3103 0.5111 0.8151 0.5327 0.6427 0.3710 0.6544 0.6296 0.5648
0.7692 0.3763 0.8199 0.4082 0.1047 0.6182 0.4846 0.7593 0.4603 0.8829 0.7727 0.2780 0.4279 0.6884 0.8533 0.6642 0.6289 0.2783
0.5708 0.2399 0.5838 0.5585 0.5076 0.3331 0.5073 0.6840 0.1870 0.4723 0.5741 0.8682 0.6668 0.7919 0.1073 0.7576 0.4212 0.8968
0.5954 0.3682 0.2580 0.8012 0.7049 0.6508 0.4831 0.5238 0.8852 0.2776 0.2177 0.5157 0.8102 0.6177 0.3888 0.2174 0.4014 0.1102
0.5891 0.4760 0.1428 0.1338 0.7689 0.5709 0.4504 0.8111 0.3677 0.8911 0.8427 0.7791 0.2969 0.2821 0.4801 0.1936 0.5803 0.6582
0.7766 0.8628 0.8846 0.4466 0.8832 0.3924 0.4072 0.1648 0.5229 0.7765 0.8563 0.2727 0.3496 0.5182 0.6825 0.2778 0.8585 0.5933
0.4363 0.2626 0.7489 0.7247 0.2849 0.6681 0.2988 0.3067 0.5345 0.5375 0.2525 0.1573 0.3138 0.8826 0.6416 0.3879 0.7767 0.3856
0.2302 0.5027 0.7479 0.8076 0.5937 0.7207 0.6597 0.7967 0.2347 0.1233 0.2315 0.4893 0.1478 0.5640 0.7910 0.1452 0.2217 0.4337
0.6875 0.1003 0.7072 0.8769 0.2550 0.4477 0.8001 0.2038 0.3824 0.2047 0.7032 0.7624 0.3777 0.6322 0.1962 0.4897 0.1213 0.6262
0.2585 0.3237 0.3927 0.5566 0.4457 0.3873 0.5452 0.6275 0.1915 0.7225 0.7746 0.1937 0.4369 0.8165 0.7861 0.3979 0.3325 0.5830
0.3775 0.8507 0.8508 0.6225 0.3070 0.3230 0.2482 0.7322 0.8905 0.3436 0.7899 0.7473 0.3878 0.2445 0.6047 0.5312 0.4810 0.7402
0.8508 0.6200 0.2731 0.4144 0.3133 0.5046 0.7800 0.4982 0.2350 0.7402 0.2796 0.2924 0.3199 0.1891 0.2603 0.3848 0.1921 0.2573
0.8572 0.1654 0.7935 0.7489 0.1252 0.6768 0.6389 0.8179 0.3287 0.2930 0.2450 0.5668 0.6073 0.8335 0.1696 0.5800 0.4804 0.1532
0.5384 0.1701 0.8735 0.5003 0.7481 0.4509 0.7198 0.2569 0.6728 0.8159 0.5042 0.6750 0.7585 0.8970 0.2092 0.4834 0.7415 0.8884
0.4758 0.5130 0.5039 0.8885 0.7639 0.2394 0.1162 0.8060 0.5928 0.7240 0.3553 0.5472 0.5364 0.3854 0.3850 0.2212 0.2059 0.7955
0.7643 0.7702 0.2236 0.6499 0.2279 0.3135 0.8980 0.3147 0.4118 0.7714 0.4060 0.5343 0.8514 0.8344 0.8918 0.2627 0.6065 0.5917
0.7638 0.4380 0.4223 0.2039 0.6974 0.4945 0.1978 0.7425 0.6567 0.7676 0.4280 0.2737 0.8949 0.7103 0.8709 0.2758 0.4474 0.2340
0.8658 0.4836 0.2795 0.5923 0.6770 0.7437 0.6614 0.4538 0.8570 0.5661 0.7060 0.4498 0.6276 0.4478 0.7875 0.8372 0.6831 0.1076
0.7371 0.6716 0.6204 0.3641 0.7161 0.7125 0.3961 0.5692 0.1366 0.8143 0.8587 0.5517 0.7864 0.6065 0.8565 0.2608 0.2744 0.2190
0.6079 0.5650 0.4242 0.4637 0.2377 0.1286 0.3683 0.6283 0.2448 0.5602 0.4882 0.1531 0.4021 0.5139 0.5265 0.2554 0.7662 0.6269
0.6756 0.3700 0.7546 0.8025 0.8606 0.8812 0.3753 0.5480 0.7663 0.6059 0.2997 0.6063 0.7435 0.1060 0.7175 0.2354 0.7354 0.3646
0.4214 0.7472 0.6773 0.3169 0.5647 0.1323 0.3310 0.5889 0.1591 0.8772 0.2061 0.4160 0.1279 0.1154 0.4336 0.3643 0.5628 0.4913
0.1063 0.2042 0.5047 0.3167 0.5621 0.5901 0.2592 0.6516 0.6248 0.7425 0.8773 0.2987 0.7351 0.1282 0.5824 0.6625 0.3288 0.1156
0.3212 0.7569 0.6448 0.1347 0.2882 0.2486 0.1357 0.5840 0.5207 0.4743 0.7075 0.6431 0.2436 0.7990 0.3540 0.6439 0.7432 0.3019
0.5371 0.3226 0.6618 0.4621 0.1963 0.1395 0.5216 0.2183 0.6756 0.1404 0.3469 0.8018 0.2780 0.4438 0.6304 0.1911 0.8905 0.8947
0.8318 0.5953 0.8502 0.3737 0.4442 0.4484 0.4011 0.1674 0.4821 0.1348 0.2601 0.3316 0.7235 0.6260 0.6093 0.3779 0.1322 0.4313
0.4668 0.1531 0.1944 0.3286 0.2677 0.3307 0.3119 0.6343 0.1081 0.7196 0.4321 0.2003 0.8907 0.5712 0.4472 0.8991 0.6614 0.3834
0.3989 0.1136 0.4794 0.7976 0.3427 0.3297 0.8416 0.2895 0.5603 0.6689 0.3453 0.5738 0.8874 0.1736 0.6881 0.7252 0.4099 0.7842
0.6660 0.1440 0.5907 0.6530 0.5689 0.3776 0.5795 0.1059 0.5667 0.3736 0.5074 0.1075 0.5366 0.8634 0.7883 0.6214 0.4670 0.5933
0.6302 0.5413 0.7688 0.6539 0.1756 0.3276 0.5456 0.4364 0.2411 0.3696 0.4021 0.4009 0.7090 0.1710 0.6673 0.4825 0.7096 0.5441
0.3176 0.6935 0.8307 0.8669 0.3318 0.1245 0.5718 0.5955 0.4266 0.2337 0.4496 0.6612 0.7615 0.5480 0.1730 0.5047 0.3921 0.4432
0.4928 0.1416 0.2333 0.6297 0.7966 0.7947 0.1427 0.3582 0.1048 0.3008 0.8856 0.6457 0.6653 0.6122 0.8458 0.4607 0.2521 0.1038
0.2507 0.4840 0.7507 0.1624 0.4370 0.1055 0.8138 0.7261 0.1856 0.3205 0.2940 0.5868 0.8990 0.1100 0.4281 0.5003 0.5578 0.8211
0.8576 0.6011 0.5252 0.5451 0.4822 0.2837 0.1173 0.1410 0.2816 0.4091 0.3940 0.6195 0.5638 0.5235 0.2568 0.6528 0.8993 0.5676
0.3527 0.4576 0.7290 0.7158 0.6231 0.5397 0.8403 0.5289 0.7067 0.4202 0.7894 0.1133 0.4876 0.7234 0.7170 0.3915 0.8280 0.1494
