40 39 1541
2 0 3 4 3 0 6 0 7 0 6 8 0 4
6 8 9 6 10 2 10 11 7 12 12 3 10 13
13 13 7 14 14 4 11 15 0 9 16 16 6 14
17 17 0 9 18 18 18 5 17 19 19 4 13 20
20 20 2 11 21 21 21 8 21 22 22 6 15 23
23 23 23 7 17 24 24 2 16 25 25 25 10 19
25 26 26 26 1 7 15 25 27 27 1 8 19 28
28 28 28 2 11 17 25 29 29 29 7 16 28 30
30 30 30 8 22 31 31 0 16 29 32 32 2 10
0 17 23 27 33 33 33 33 8 17 29 34 34 34
1 7 13 18 25 32 35 35 35 35 4 12 22 28
32 36 36 36 36 36 36 6 19 28 37 37 37 37
37 37 37 5 11 16 21 27 35 38 38 38 38 38
38 38 38 2 8 14 19 25 33 39 39 39 39 39
2 1 0 8 D
0 2 1 3 R
1 2 2 3 R
2 2 3 1 L
3 0 0 5 D
3 1 3 1 R
3 2 0 9 D
0 3 1 2 R
1 3 2 3 R
2 3 3 2 L
3 3 0 0 L
4 0 4 4 R
4 1 4 4 R
4 2 4 0 R
4 3 0 1 R
0 4 1 3 L
1 4 2 1 D
2 4 0 3 L
3 4 4 5 D
4 4 5 5 R
5 0 5 5 R
5 1 5 5 R
5 2 5 4 L
5 3 5 4 L
5 4 0 4 L
0 5 1 0 R
1 5 2 1 R
2 5 3 2 R
3 5 4 2 L
4 5 5 3 L
5 5 0 4 L
6 0 6 6 R
6 1 6 6 R
6 2 6 6 R
6 3 6 5 L
6 4 6 5 L
6 5 0 5 L
0 6 1 0 R
1 6 2 1 R
2 6 3 2 R
3 6 4 3 L
4 6 5 11 D
5 6 6 4 L
6 6 0 5 L
7 0 7 11 D
7 1 7 7 R
7 2 7 7 R
7 3 7 6 L
7 4 7 6 L
7 5 7 6 L
7 6 0 6 L
0 7 1 7 R
1 7 2 7 R
2 7 3 3 L
3 7 4 4 L
4 7 5 5 L
5 7 0 6 L
6 7 7 12 D
7 7 8 4 R
8 0 8 7 L
8 1 8 7 L
8 2 0 7 L
8 3 8 12 D
8 4 8 8 R
8 5 8 0 L
8 6 8 1 L
8 7 0 2 L
0 8 1 12 D
1 8 2 8 R
2 8 3 6 L
3 8 0 7 L
4 8 5 8 L
5 8 0 4 D
6 8 7 5 D
7 8 0 8 D
8 8 9 8 L
9 0 9 7 R
9 1 9 12 D
9 2 9 2 U
9 3 9 9 R
9 4 9 2 U
9 5 0 13 D
9 6 9 8 L
9 7 9 9 R
9 8 0 1 L
0 9 1 9 R
1 9 2 1 U
2 9 3 2 U
3 9 4 13 D
4 9 5 0 R
5 9 0 1 D
6 9 7 6 L
7 9 8 0 U
8 9 9 8 L
9 9 10 7 R
10 0 10 8 R
10 1 10 7 D
10 2 10 9 R
10 3 0 9 L
10 4 10 9 L
10 5 10 10 R
10 6 10 9 L
10 7 10 10 R
10 8 10 13 D
10 9 0 10 R
0 10 1 3 L
1 10 0 10 R
2 10 3 4 L
3 10 4 0 R
4 10 5 6 L
5 10 6 2 R
6 10 7 4 R
7 10 8 10 L
8 10 9 6 R
9 10 0 7 R
10 10 11 10 L
11 0 11 8 R
11 1 11 10 L
11 2 11 10 R
11 3 11 2 D
11 4 11 11 R
11 5 11 10 L
11 6 11 11 R
11 7 0 11 R
11 8 11 11 R
11 9 11 1 L
11 10 0 11 R
0 11 1 3 L
1 11 2 10 D
2 11 3 0 R
3 11 4 5 L
4 11 5 1 R
5 11 6 14 D
6 11 0 2 R
7 11 8 3 R
8 11 9 9 L
9 11 10 5 R
10 11 11 15 D
11 11 12 11 L
12 0 12 7 R
12 1 12 15 D
12 2 0 9 R
12 3 12 10 R
12 4 12 11 L
12 5 12 11 R
12 6 12 11 L
12 7 12 12 R
12 8 12 7 U
12 9 0 2 D
12 10 12 12 R
12 11 0 4 D
0 12 1 7 D
1 12 2 6 L
2 12 0 12 R
3 12 4 11 D
4 12 5 3 U
5 12 6 14 D
6 12 7 12 R
7 12 8 5 U
8 12 9 12 L
9 12 0 1 R
10 12 11 16 D
11 12 12 3 R
12 12 13 8 U
13 0 13 8 U
13 1 0 16 D
13 2 13 8 U
13 3 13 0 D
13 4 0 1 D
13 5 13 10 R
13 6 13 3 D
13 7 13 13 R
13 8 13 5 D
13 9 0 13 R
13 10 13 13 R
13 11 13 0 U
13 12 0 10 D
0 13 1 2 U
1 13 2 6 L
2 13 3 3 U
3 13 4 13 R
4 13 5 4 U
5 13 6 0 R
6 13 0 15 D
7 13 8 2 R
8 13 9 9 U
9 13 10 9 U
10 13 11 9 U
11 13 12 17 D
12 13 13 13 L
13 13 14 5 R
14 0 14 6 R
14 1 0 17 D
14 2 14 10 R
14 3 14 12 R
14 4 14 13 L
14 5 14 14 R
14 6 14 14 R
14 7 14 17 D
14 8 14 2 U
14 9 0 17 D
14 10 14 14 R
14 11 14 1 D
14 12 14 14 R
14 13 0 3 D
0 14 1 14 R
1 14 2 14 R
2 14 3 9 L
3 14 0 10 U
4 14 5 6 D
5 14 6 11 L
6 14 7 14 R
7 14 8 14 R
8 14 9 1 R
9 14 10 14 L
10 14 0 10 U
11 14 12 10 U
12 14 13 14 L
13 14 14 6 R
14 14 15 7 R
15 0 15 18 D
15 1 15 9 R
15 2 15 18 D
15 3 0 14 L
15 4 15 18 D
15 5 15 14 L
15 6 15 15 R
15 7 15 15 R
15 8 15 0 L
15 9 15 15 R
15 10 15 18 D
15 11 15 11 U
15 12 15 11 U
15 13 15 3 L
15 14 0 18 D
0 15 1 4 L
1 15 2 15 R
2 15 3 0 D
3 15 4 5 L
4 15 5 15 R
5 15 6 15 R
6 15 7 8 L
7 15 8 0 R
8 15 0 13 L
9 15 10 4 U
10 15 11 15 L
11 15 12 15 L
12 15 13 6 R
13 15 14 8 R
14 15 15 10 D
15 15 16 15 L
16 0 16 9 R
16 1 16 8 U
16 2 0 15 D
16 3 16 15 L
16 4 16 16 D
16 5 16 15 L
16 6 16 16 R
16 7 16 19 D
16 8 16 16 R
16 9 16 16 R
16 10 0 19 D
16 11 16 19 D
16 12 16 3 L
16 13 16 12 U
16 14 16 19 D
16 15 0 5 L
0 16 1 16 R
1 16 2 12 U
2 16 3 16 R
3 16 4 12 U
4 16 5 12 U
5 16 0 10 L
6 16 7 12 L
7 16 8 19 D
8 16 9 15 L
9 16 10 16 R
10 16 11 19 D
11 16 12 12 U
12 16 13 0 U
13 16 0 19 D
14 16 15 2 U
15 16 16 16 L
16 16 17 2 D
17 0 17 3 D
17 1 0 4 D
17 2 17 6 D
17 3 17 7 D
17 4 17 7 U
17 5 17 9 D
17 6 17 9 U
17 7 0 16 R
17 8 17 11 U
17 9 17 13 D
17 10 17 16 D
17 11 17 2 L
17 12 17 13 U
17 13 17 13 U
17 14 17 13 U
17 15 17 20 D
17 16 0 17 R
0 17 1 9 L
1 17 2 11 L
2 17 3 13 U
3 17 4 13 U
4 17 5 13 U
5 17 6 20 D
6 17 7 20 D
7 17 8 20 D
8 17 0 17 R
9 17 10 17 L
10 17 11 3 U
11 17 12 2 R
12 17 13 4 U
13 17 14 20 D
14 17 15 4 R
15 17 16 8 U
16 17 17 20 D
17 17 0 17 L
18 0 18 17 L
18 1 18 4 D
18 2 18 9 R
18 3 18 5 D
18 4 18 11 R
18 5 0 14 U
18 6 18 9 D
18 7 18 0 L
18 8 18 12 D
18 9 18 17 R
18 10 18 18 R
18 11 18 18 R
18 12 0 14 U
18 13 18 14 U
18 14 18 7 L
18 15 18 8 L
18 16 18 18 R
18 17 0 18 R
0 18 1 21 D
1 18 2 18 R
2 18 3 21 D
3 18 4 18 R
4 18 0 18 R
5 18 6 21 D
6 18 7 15 L
7 18 8 18 R
8 18 9 21 D
9 18 10 2 R
10 18 11 3 R
11 18 12 21 D
12 18 13 4 R
13 18 14 5 R
14 18 15 11 U
15 18 16 12 U
16 18 0 21 D
17 18 18 18 L
18 18 19 8 R
19 0 19 2 D
19 1 19 15 U
19 2 19 9 R
19 3 19 12 R
19 4 19 13 R
19 5 0 5 D
19 6 19 15 U
19 7 19 18 L
19 8 19 18 R
19 9 19 13 D
19 10 19 14 D
19 11 19 15 U
19 12 19 19 R
19 13 19 19 R
19 14 19 1 U
19 15 0 19 D
19 16 19 21 D
19 17 19 7 L
19 18 0 19 R
0 19 1 22 D
1 19 2 19 R
2 19 3 22 D
3 19 0 19 R
4 19 5 22 D
5 19 6 13 U
6 19 7 22 D
7 19 8 17 L
8 19 9 19 R
9 19 10 16 U
10 19 11 16 U
11 19 12 16 U
12 19 0 19 R
13 19 14 16 U
14 19 15 22 D
15 19 16 1 R
16 19 17 22 D
17 19 18 16 U
18 19 19 16 U
19 19 0 22 D
20 0 20 16 U
20 1 20 16 U
20 2 20 1 D
20 3 20 2 D
20 4 0 4 D
20 5 20 15 R
20 6 20 6 D
20 7 20 7 D
20 8 20 4 U
20 9 20 9 D
20 10 20 6 U
20 11 0 7 U
20 12 20 8 U
20 13 20 12 D
20 14 20 5 L
20 15 20 20 R
20 16 20 14 D
20 17 20 20 R
20 18 20 12 U
20 19 0 13 U
0 20 1 14 U
1 20 0 21 D
2 20 3 12 L
3 20 4 17 U
4 20 5 20 R
5 20 6 17 U
6 20 7 17 U
7 20 8 17 U
8 20 9 23 D
9 20 10 20 R
10 20 0 23 D
11 20 12 20 L
12 20 13 2 R
13 20 14 17 U
14 20 15 17 U
15 20 16 17 U
16 20 17 23 D
17 20 18 17 U
18 20 19 17 U
19 20 20 6 R
20 20 21 23 D
21 0 0 17 U
21 1 21 20 L
21 2 21 11 R
21 3 21 23 D
21 4 21 23 D
21 5 21 23 D
21 6 21 15 R
21 7 21 0 L
21 8 0 5 U
21 9 21 3 D
21 10 21 1 L
21 11 21 19 R
21 12 21 21 R
21 13 21 3 L
21 14 21 10 U
21 15 21 21 R
21 16 21 7 L
21 17 0 12 U
21 18 21 13 U
21 19 21 21 R
21 20 0 14 U
0 21 1 21 R
1 21 2 16 U
2 21 3 13 L
3 21 4 19 D
4 21 5 18 U
5 21 6 21 D
6 21 7 21 R
7 21 0 17 L
8 21 9 18 L
9 21 10 0 R
10 21 11 24 D
11 21 12 1 R
12 21 13 21 L
13 21 14 18 U
14 21 15 24 D
15 21 16 24 D
16 21 17 18 U
17 21 18 6 R
18 21 19 18 U
19 21 20 21 L
20 21 0 24 D
21 21 22 21 L
22 0 22 9 R
22 1 22 10 R
22 2 22 11 R
22 3 22 21 L
22 4 22 1 U
22 5 22 24 D
22 6 22 16 R
22 7 0 21 L
22 8 22 21 L
22 9 22 6 U
22 10 22 22 R
22 11 22 22 R
22 12 22 3 L
22 13 22 7 D
22 14 22 8 D
22 15 22 11 U
22 16 22 22 R
22 17 22 14 U
22 18 22 7 L
22 19 0 13 D
22 20 22 8 L
22 21 0 17 D
0 22 1 22 R
1 22 2 12 L
2 22 3 18 D
3 22 4 19 D
4 22 5 22 R
5 22 0 18 L
6 22 7 20 L
7 22 8 25 D
8 22 9 19 U
9 22 10 25 D
10 22 11 19 U
11 22 12 25 D
12 22 13 19 U
13 22 14 19 U
14 22 0 22 R
15 22 16 22 L
16 22 17 19 U
17 22 18 25 D
18 22 19 25 D
19 22 20 3 R
20 22 21 19 U
21 22 22 25 D
22 22 0 25 D
23 0 23 0 U
23 1 23 25 D
23 2 23 25 D
23 3 23 25 D
23 4 0 25 D
23 5 23 25 D
23 6 23 0 D
23 7 23 1 D
23 8 23 8 U
23 9 23 20 R
23 10 23 10 U
23 11 0 11 U
23 12 23 5 D
23 13 23 14 U
23 14 23 5 L
23 15 23 17 U
23 16 23 18 U
23 17 23 9 D
23 18 23 19 U
23 19 23 20 U
23 20 23 23 R
23 21 0 12 D
23 22 0 20 U
0 23 1 20 U
1 23 2 15 D
2 23 3 20 U
3 23 4 17 D
4 23 5 17 L
5 23 6 23 R
6 23 0 19 D
7 23 8 23 L
8 23 9 23 L
9 23 10 20 U
10 23 11 20 U
11 23 12 20 U
12 23 13 23 R
13 23 14 23 R
14 23 15 20 U
15 23 16 20 U
16 23 0 26 D
17 23 18 23 L
18 23 19 6 R
19 23 20 26 D
20 23 21 23 L
21 23 22 26 D
22 23 23 8 R
23 23 24 10 R
24 0 24 23 L
24 1 24 8 U
24 2 0 26 D
24 3 24 26 D
24 4 24 10 U
24 5 24 23 L
24 6 24 17 R
24 7 24 23 L
24 8 24 26 D
24 9 24 14 U
24 10 24 22 R
24 11 24 0 L
24 12 24 16 U
24 13 0 2 L
24 14 24 20 U
24 15 24 5 L
24 16 24 21 U
24 17 24 24 R
24 18 24 7 L
24 19 24 26 D
24 20 24 21 U
24 21 24 26 D
24 22 24 24 R
24 23 0 11 L
0 24 1 13 L
1 24 0 26 D
2 24 3 0 D
3 24 4 15 L
4 24 5 24 R
5 24 6 21 U
6 24 7 2 D
7 24 8 18 L
8 24 9 4 D
9 24 10 24 R
10 24 11 23 L
11 24 12 21 U
12 24 13 21 U
13 24 14 6 D
14 24 15 24 L
15 24 0 24 L
16 24 17 3 R
17 24 18 24 L
18 24 19 5 R
19 24 20 4 U
20 24 21 24 L
21 24 22 14 D
22 24 23 10 R
23 24 24 24 L
24 24 25 24 L
25 0 25 24 L
25 1 25 14 R
25 2 0 24 L
25 3 25 16 R
25 4 25 24 L
25 5 25 20 D
25 6 25 24 L
25 7 25 21 D
25 8 25 22 D
25 9 25 15 U
25 10 25 20 R
25 11 25 24 L
25 12 25 17 U
25 13 25 0 L
25 14 25 23 R
25 15 0 2 L
25 16 25 24 R
25 17 25 4 L
25 18 25 6 L
25 19 25 27 D
25 20 25 27 D
25 21 25 11 L
25 22 25 22 U
25 23 0 25 R
25 24 0 25 R
0 25 1 27 D
1 25 2 22 U
2 25 3 27 D
3 25 4 27 D
4 25 5 22 U
5 25 6 27 D
6 25 7 22 U
7 25 8 22 U
8 25 9 21 L
9 25 0 25 R
10 25 11 22 U
11 25 12 22 U
12 25 13 25 L
13 25 14 27 D
14 25 15 22 U
15 25 16 22 U
16 25 17 25 L
17 25 18 27 D
18 25 0 25 R
19 25 20 0 U
20 25 21 1 D
21 25 22 2 D
22 25 23 3 D
23 25 24 4 D
24 25 0 7 D
25 25 26 8 D
26 0 26 9 D
26 1 26 10 D
26 2 26 8 U
26 3 26 10 U
26 4 0 11 U
26 5 26 14 D
26 6 26 13 U
26 7 26 15 U
26 8 26 16 U
26 9 26 18 D
26 10 26 18 U
26 11 26 19 U
26 12 0 21 D
26 13 26 22 U
26 14 26 23 U
26 15 26 24 D
26 16 26 23 U
26 17 26 26 D
26 18 26 10 L
26 19 0 28 D
26 20 26 28 D
26 21 26 23 U
26 22 26 23 U
26 23 26 23 U
26 24 26 18 L
26 25 0 23 U
0 26 0 28 D
1 26 2 20 L
2 26 3 28 D
3 26 4 24 L
4 26 5 28 D
5 26 6 1 U
6 26 0 26 R
7 26 8 28 D
8 26 9 4 U
9 26 10 26 L
10 26 11 26 L
11 26 12 28 D
12 26 13 9 U
13 26 14 12 U
14 26 0 26 R
15 26 16 26 L
16 26 17 26 R
17 26 18 14 U
18 26 19 16 U
19 26 20 26 L
20 26 21 3 D
21 26 22 20 U
22 26 23 4 D
23 26 24 7 R
24 26 0 6 D
25 26 26 26 L
26 26 27 10 R
27 0 27 7 D
27 1 27 24 U
27 2 27 11 D
27 3 27 26 L
27 4 27 13 D
27 5 27 24 U
27 6 27 16 D
27 7 0 16 R
27 8 27 24 U
27 9 27 26 L
27 10 27 18 R
27 11 27 19 R
27 12 27 24 U
27 13 27 24 U
27 14 27 23 R
27 15 27 3 L
27 16 0 1 U
27 17 27 9 L
27 18 27 27 R
27 19 27 27 R
27 20 27 25 D
27 21 27 29 D
27 22 27 29 D
27 23 27 29 D
27 24 27 9 U
27 25 27 15 L
27 26 0 12 U
0 27 0 15 U
1 27 2 17 L
2 27 3 29 D
3 27 4 27 R
4 27 5 25 L
5 27 6 29 D
6 27 7 29 D
7 27 0 22 U
8 27 9 27 L
9 27 10 25 U
10 27 11 29 D
11 27 12 27 R
12 27 13 29 D
13 27 14 25 U
14 27 15 29 D
15 27 16 29 D
16 27 17 25 U
17 27 18 27 L
18 27 0 25 U
19 27 20 25 U
20 27 21 0 R
21 27 22 27 L
22 27 23 0 D
23 27 24 25 U
24 27 25 27 L
25 27 26 25 U
26 27 27 3 D
27 27 0 5 D
28 0 28 25 U
28 1 28 27 L
28 2 28 6 D
28 3 28 8 D
28 4 28 9 D
28 5 28 27 L
28 6 28 27 L
28 7 0 12 D
28 8 28 13 D
28 9 28 14 D
28 10 28 15 D
28 11 28 2 U
28 12 28 3 U
28 13 0 4 U
28 14 28 18 D
28 15 28 6 U
28 16 28 7 U
28 17 28 8 U
28 18 28 22 D
28 19 28 11 L
28 20 28 11 U
28 21 0 24 D
28 22 28 13 U
28 23 28 14 U
28 24 28 30 D
28 25 28 16 U
28 26 28 30 D
28 27 0 17 L
0 28 1 19 L
1 28 0 30 D
2 28 3 30 D
3 28 4 28 R
4 28 5 27 L
5 28 6 21 U
6 28 7 22 U
7 28 8 23 U
8 28 9 28 L
9 28 10 25 U
10 28 0 28 R
11 28 12 30 D
12 28 13 28 R
13 28 14 28 L
14 28 15 28 L
15 28 16 28 R
16 28 0 26 U
17 28 18 2 D
18 28 19 26 U
19 28 20 28 R
20 28 21 28 L
21 28 22 10 D
22 28 23 26 U
23 28 24 5 R
24 28 0 26 U
25 28 26 26 U
26 28 27 26 U
27 28 28 26 U
28 28 29 8 R
29 0 29 21 D
29 1 29 28 L
29 2 29 26 U
29 3 29 25 D
29 4 29 26 D
29 5 29 15 R
29 6 0 29 D
29 7 29 31 D
29 8 29 20 R
29 9 29 0 L
29 10 29 1 U
29 11 29 31 D
29 12 29 1 L
29 13 29 31 D
29 14 29 5 U
29 15 29 24 R
29 16 0 31 D
29 17 29 8 U
29 18 29 11 U
29 19 29 12 U
29 20 29 26 R
29 21 29 9 L
29 22 29 12 L
29 23 29 13 U
29 24 0 29 R
29 25 29 0 D
29 26 29 29 R
29 27 29 21 L
29 28 0 22 L
0 29 1 3 D
1 29 2 23 L
2 29 3 4 D
3 29 4 24 U
4 29 5 26 U
5 29 6 29 R
6 29 0 27 U
7 29 8 11 D
8 29 9 29 R
9 29 10 27 L
10 29 11 28 L
11 29 12 16 D
12 29 13 17 D
13 29 14 29 L
14 29 15 29 R
15 29 0 27 U
16 29 17 27 U
17 29 18 23 D
18 29 19 24 D
19 29 20 27 U
20 29 21 26 D
21 29 22 27 D
22 29 23 27 U
23 29 24 29 L
24 29 25 29 L
25 29 26 27 U
26 29 27 29 L
27 29 0 4 R
28 29 29 27 U
29 29 30 29 L
30 0 30 32 D
30 1 30 27 U
30 2 30 27 U
30 3 30 29 L
30 4 30 11 R
30 5 0 32 D
30 6 30 32 D
30 7 30 29 L
30 8 30 32 D
30 9 30 32 D
30 10 30 5 U
30 11 30 6 U
30 12 0 32 D
30 13 30 0 D
30 14 30 1 D
30 15 30 1 D
30 16 30 12 U
30 17 0 13 U
30 18 30 28 R
30 19 30 15 U
30 20 30 30 R
30 21 30 16 U
30 22 30 32 D
30 23 30 20 U
30 24 30 32 D
30 25 30 30 R
30 26 0 17 L
30 27 30 22 U
30 28 30 30 R
30 29 0 23 U
0 30 1 30 R
1 30 2 30 R
2 30 3 25 U
3 30 4 30 R
4 30 5 23 L
5 30 6 32 D
6 30 7 30 R
7 30 0 26 L
8 30 9 32 D
9 30 10 30 R
10 30 11 28 U
11 30 12 30 R
12 30 13 30 R
13 30 14 30 L
14 30 15 30 R
15 30 16 28 U
16 30 17 28 U
17 30 18 28 U
18 30 19 30 L
19 30 20 28 U
20 30 21 30 R
21 30 0 30 L
22 30 23 1 D
23 30 24 4 R
24 30 25 2 D
25 30 26 5 R
26 30 27 6 R
27 30 28 30 L
28 30 29 8 R
29 30 30 30 L
30 30 31 13 R
31 0 31 28 U
31 1 0 30 L
31 2 31 30 L
31 3 31 28 U
31 4 31 16 R
31 5 31 18 R
31 6 31 19 R
31 7 31 30 L
31 8 31 22 R
31 9 31 30 L
31 10 31 13 D
31 11 31 28 U
31 12 31 28 U
31 13 31 28 R
31 14 0 1 L
31 15 31 28 U
31 16 31 31 R
31 17 31 28 U
31 18 31 31 R
31 19 31 31 R
31 20 31 28 U
31 21 31 19 D
31 22 31 31 R
31 23 31 2 U
31 24 31 9 L
31 25 31 24 D
31 26 31 25 D
31 27 31 12 L
31 28 31 31 R
31 29 31 27 D
31 30 0 14 L
0 31 1 15 L
1 31 2 31 R
2 31 3 28 D
3 31 4 31 R
4 31 5 30 D
5 31 6 31 R
6 31 7 31 R
7 31 8 10 U
8 31 9 31 R
9 31 10 24 L
10 31 11 33 D
11 31 12 14 U
12 31 13 27 L
13 31 14 31 R
14 31 15 33 D
15 31 0 30 L
16 31 17 17 U
17 31 18 31 L
18 31 19 31 R
19 31 20 18 U
20 31 21 31 L
21 31 22 31 R
22 31 23 19 U
23 31 24 1 R
24 31 25 2 R
25 31 26 31 L
26 31 27 31 L
27 31 28 8 R
28 31 0 31 L
29 31 30 12 R
30 31 31 31 L
31 31 32 13 R
32 0 32 33 D
32 1 32 14 R
32 2 32 33 D
32 3 32 33 D
32 4 32 33 D
32 5 32 31 L
32 6 32 29 U
32 7 32 31 L
32 8 32 19 R
32 9 32 29 U
32 10 0 31 L
32 11 32 33 D
32 12 32 21 R
32 13 32 25 R
32 14 32 29 R
32 15 32 5 L
32 16 32 1 D
32 17 32 2 D
32 18 32 7 L
32 19 32 29 U
32 20 0 10 L
32 21 32 32 R
32 22 32 29 U
32 23 32 7 D
32 24 32 8 D
32 25 32 29 U
32 26 32 9 D
32 27 32 10 D
32 28 32 29 U
32 29 32 32 R
32 30 32 15 L
32 31 0 29 U
0 32 1 18 L
1 32 0 20 L
2 32 3 32 R
3 32 4 29 U
4 32 5 20 D
5 32 6 22 D
6 32 7 1 U
7 32 8 2 U
8 32 9 32 L
9 32 0 32 L
10 32 11 28 D
11 32 12 29 D
12 32 13 7 U
13 32 14 31 D
14 32 15 32 D
15 32 16 10 U
16 32 0 34 D
0 0 1 34 D
1 0 0 34 D
0 1 1 34 D
1 1 2 34 D
2 0 0 16 U
17 32 18 19 U
18 32 19 20 U
19 32 20 21 U
20 32 21 34 D
21 32 22 34 D
22 32 0 25 U
23 32 24 27 U
24 32 25 29 U
25 32 26 34 D
26 32 0 32 L
27 32 28 34 D
28 32 29 30 U
29 32 30 30 U
30 32 31 32 L
31 32 32 30 U
32 32 33 30 U
33 0 0 30 U
33 1 33 34 D
33 2 33 8 R
33 3 33 34 D
33 4 33 32 L
33 5 33 32 L
33 6 0 0 U
33 7 33 3 U
33 8 33 16 R
33 9 33 7 U
33 10 33 3 L
33 11 33 4 L
33 12 33 5 L
33 13 33 0 D
33 14 33 11 U
33 15 0 4 D
33 16 33 29 R
33 17 33 17 U
33 18 33 20 U
33 19 33 7 D
33 20 33 10 L
33 21 33 11 L
33 22 33 12 L
33 23 33 23 U
33 24 33 9 D
33 25 33 33 R
33 26 33 15 L
33 27 0 13 D
33 28 33 14 D
33 29 33 33 R
33 30 33 15 D
33 31 33 18 L
33 32 0 31 U
0 33 1 20 L
1 33 2 21 L
2 33 3 22 L
3 33 4 18 D
4 33 5 19 D
5 33 6 31 U
6 33 7 22 D
7 33 0 26 L
8 33 9 31 U
9 33 10 31 U
10 33 11 33 R
11 33 12 31 L
12 33 13 31 U
13 33 14 33 L
14 33 15 33 L
15 33 16 33 L
16 33 0 33 L
17 33 18 30 D
18 33 19 31 U
19 33 20 33 L
20 33 21 33 D
21 33 22 33 R
22 33 23 33 L
23 33 24 33 L
24 33 25 33 L
25 33 26 34 D
26 33 27 6 U
27 33 28 33 L
28 33 0 9 U
29 33 30 35 D
30 33 31 5 R
31 33 32 33 L
32 33 33 12 R
33 33 34 33 L
34 0 34 33 L
34 1 34 35 D
34 2 34 35 D
34 3 0 33 L
34 4 34 35 D
34 5 34 19 R
34 6 34 22 U
34 7 34 35 D
34 8 34 35 D
34 9 34 33 L
34 10 34 35 D
34 11 34 28 U
34 12 34 21 R
34 13 34 33 L
34 14 34 0 L
34 15 34 30 U
34 16 34 31 U
34 17 0 3 L
34 18 34 4 L
34 19 34 32 U
34 20 34 35 D
34 21 34 30 R
34 22 34 13 L
34 23 34 32 U
34 24 34 14 L
34 25 34 32 U
34 26 34 17 L
34 27 0 32 U
34 28 34 18 L
34 29 34 35 D
34 30 34 32 U
34 31 34 24 L
34 32 34 35 D
34 33 0 32 U
0 34 0 26 L
1 34 2 35 D
2 34 3 35 D
3 34 4 35 D
4 34 5 35 D
5 34 6 0 D
6 34 0 0 U
7 34 8 32 U
8 34 9 32 U
9 34 10 32 U
10 34 11 4 D
11 34 12 34 L
12 34 0 5 D
13 34 14 32 U
14 34 15 32 U
15 34 16 34 L
16 34 17 9 D
17 34 0 34 L
18 34 19 10 D
19 34 20 32 U
20 34 21 34 L
21 34 22 32 U
22 34 23 32 U
23 34 24 34 L
24 34 0 0 U
25 34 26 16 D
26 34 27 34 L
27 34 28 20 D
28 34 29 34 L
29 34 30 34 L
30 34 31 3 R
31 34 0 6 U
32 34 33 7 U
33 34 34 34 L
34 34 35 9 U
35 0 35 34 L
35 1 35 14 U
35 2 35 34 L
35 3 35 12 R
35 4 0 30 D
35 5 35 17 U
35 6 35 34 L
35 7 35 35 D
35 8 35 23 U
35 9 35 36 D
35 10 35 1 L
35 11 35 2 L
35 12 35 21 R
35 13 0 23 R
35 14 35 36 D
35 15 35 36 D
35 16 35 6 L
35 17 35 32 U
35 18 35 36 D
35 19 35 10 L
35 20 35 11 L
35 21 35 33 U
35 22 35 36 D
35 23 0 29 R
35 24 35 33 U
35 25 35 33 U
35 26 35 16 L
35 27 35 33 U
35 28 35 20 L
35 29 0 35 R
35 30 35 35 R
35 31 35 33 U
35 32 35 26 L
35 33 35 27 L
35 34 0 36 D
0 35 1 33 U
1 35 2 28 L
2 35 3 33 U
3 35 0 35 R
4 35 5 1 D
5 35 6 33 U
6 35 7 35 R
7 35 8 31 L
8 35 9 32 L
9 35 10 9 D
10 35 11 35 L
11 35 0 35 R
12 35 13 10 D
13 35 14 6 U
14 35 15 11 D
15 35 16 35 R
16 35 17 35 L
17 35 18 35 L
18 35 19 11 U
19 35 20 15 U
20 35 21 16 U
21 35 0 35 R
22 35 23 35 R
23 35 24 35 L
24 35 25 18 D
25 35 26 23 U
26 35 27 25 U
27 35 0 27 U
28 35 29 22 D
29 35 30 23 D
30 35 31 24 D
31 35 0 33 U
32 35 33 26 D
33 35 34 27 D
34 35 35 28 D
35 35 36 29 D
36 0 36 30 D
36 1 0 34 U
36 2 36 34 U
36 3 36 34 U
36 4 36 33 D
36 5 0 35 D
36 6 36 34 U
36 7 36 2 L
36 8 36 34 U
36 9 0 15 R
36 10 36 17 R
36 11 36 6 L
36 12 36 7 L
36 13 36 34 U
36 14 36 34 U
36 15 0 34 U
36 16 36 23 R
36 17 36 24 R
36 18 36 11 L
36 19 36 12 L
36 20 36 28 R
36 21 36 34 U
36 22 0 34 U
36 23 36 34 U
36 24 36 31 R
36 25 36 18 L
36 26 36 19 L
36 27 36 34 U
36 28 36 36 R
36 29 36 22 L
36 30 0 36 R
36 31 36 36 R
36 32 36 25 L
36 33 36 26 L
36 34 36 5 U
36 35 0 37 D
0 36 1 36 R
1 36 2 8 U
2 36 3 36 R
3 36 4 36 R
4 36 5 29 L
5 36 0 36 R
6 36 7 36 R
7 36 8 32 L
8 36 9 33 L
9 36 10 37 D
10 36 11 34 L
11 36 12 37 D
12 36 13 17 U
13 36 14 36 R
14 36 15 36 R
15 36 16 36 R
16 36 17 37 D
17 36 18 36 L
18 36 0 36 R
19 36 20 24 U
20 36 21 25 U
21 36 22 36 L
22 36 23 36 L
23 36 24 36 L
24 36 25 36 R
25 36 26 36 R
26 36 27 36 R
27 36 0 0 R
28 36 29 36 L
29 36 30 36 L
30 36 31 36 L
31 36 32 5 R
32 36 33 6 R
33 36 34 5 D
34 36 35 7 R
35 36 36 35 U
36 36 37 8 R
37 0 0 35 U
37 1 37 36 L
37 2 37 36 L
37 3 37 35 U
37 4 37 36 L
37 5 37 12 R
37 6 37 13 R
37 7 37 11 D
37 8 37 15 R
37 9 0 12 D
37 10 37 2 L
37 11 37 4 L
37 12 37 35 U
37 13 37 19 R
37 14 37 35 U
37 15 37 20 R
37 16 0 35 U
37 17 37 35 U
37 18 37 21 D
37 19 37 35 U
37 20 37 25 R
37 21 0 35 U
37 22 37 23 D
37 23 37 24 D
37 24 37 25 D
37 25 0 35 U
37 26 37 26 D
37 27 37 27 D
37 28 37 28 D
37 29 37 34 R
37 30 0 1 U
37 31 37 3 U
37 32 37 37 R
37 33 37 37 R
37 34 37 37 R
37 35 0 33 D
37 36 0 8 U
0 37 1 37 D
1 37 2 31 L
2 37 3 37 R
3 37 4 37 R
4 37 0 37 R
5 37 6 13 U
6 37 7 37 L
7 37 8 37 L
8 37 9 37 R
9 37 10 14 U
10 37 0 37 R
11 37 12 37 L
12 37 13 37 L
13 37 14 37 R
14 37 15 37 R
15 37 0 21 U
16 37 17 37 L
17 37 18 37 L
18 37 19 37 R
19 37 20 27 U
20 37 0 37 R
21 37 22 37 L
22 37 23 37 L
23 37 24 37 R
24 37 25 37 L
25 37 26 36 U
26 37 0 36 U
27 37 28 38 D
28 37 29 37 L
29 37 30 37 R
30 37 31 37 L
31 37 32 38 D
32 37 33 1 R
33 37 34 36 U
34 37 0 38 D
35 37 36 36 U
36 37 37 37 L
37 37 38 37 L
38 0 38 37 L
38 1 0 4 R
38 2 38 37 L
38 3 38 0 L
38 4 38 36 U
38 5 38 10 R
38 6 0 36 U
38 7 38 3 U
38 8 38 2 L
38 9 38 3 L
38 10 38 15 R
38 11 38 10 D
38 12 0 17 R
38 13 38 8 L
38 14 38 9 L
38 15 38 14 U
38 16 38 16 U
38 17 0 22 R
38 18 38 13 L
38 19 38 17 U
38 20 38 14 L
38 21 38 17 D
38 22 0 21 U
38 23 38 18 L
38 24 38 20 L
38 25 0 19 D
38 26 38 29 R
38 27 38 30 R
38 28 0 31 R
38 29 38 34 R
38 30 38 35 R
38 31 38 36 R
38 32 38 32 U
38 33 0 38 R
38 34 38 38 R
38 35 38 38 R
38 36 38 36 U
38 37 0 38 R
0 38 1 32 L
1 38 0 38 R
2 38 3 38 R
3 38 4 38 R
4 38 5 37 U
5 38 6 38 R
6 38 7 38 L
7 38 0 38 R
8 38 9 38 R
9 38 10 38 R
10 38 11 38 L
11 38 12 38 R
12 38 13 38 L
13 38 0 37 U
14 38 15 38 R
15 38 16 38 R
16 38 17 38 L
17 38 18 38 R
18 38 0 38 L
19 38 20 38 R
20 38 21 38 R
21 38 22 38 L
22 38 23 38 R
23 38 24 38 L
24 38 0 37 U
25 38 26 38 R
26 38 27 38 R
27 38 28 38 L
28 38 29 38 R
29 38 30 38 L
30 38 31 37 U
31 38 32 38 L
32 38 0 38 R
33 38 34 37 U
34 38 35 0 R
35 38 36 1 R
36 38 37 38 L
37 38 38 38 L
38 38 0 5 R
39 0 39 6 R
39 1 39 7 R
39 2 39 38 L
39 3 39 38 L
39 4 39 6 U
39 5 0 11 R
39 6 39 7 U
39 7 39 12 R
39 8 39 2 L
39 9 39 3 L
39 10 39 4 L
39 11 0 15 R
39 12 39 16 R
39 13 39 8 L
39 14 39 9 L
39 15 0 16 U
39 16 39 19 U
39 17 39 13 L
39 18 0 14 L
39 19 0 18 L
