60 59 3533
0 1 2 8 9 4 10 1 9 11 2 8 12 12 12 0 2
3 5 7 13 13 0 0 4 9 14 14 14 14 2 5 0 0
7 14 6 9 16 17 17 18 19 12 21 9 1 24 21 25 7
17 22 26 26 27 27 27 25 26 27 3 24 29 8 30 30 30
1 5 17 3 32 33 30 35 20 36 22 25 33 37 1 10 14
21 25 37 38 26 29 30 39 39 39 0 2 6 10 27 34 36
40 40 40 40 41 32 42 16 20 24 29 30 33 35 43 43 43
43 43 43 8 44 42 45 45 45 0 3 4 7 9 19 0 25
26 28 38 46 4 10 46 47 47 47 47 47 47 47 47 47 47
47 47 47 14 48 48 48 48 0 1 2 3 4 5 10 13 15
16 18 26 46 49 0 33 7 51 51 51 51 51 51 51 51 0
51 0 8 17 32 38 43 50 16 19 21 35 43 51 53 53 53
53 53 53 53 6 10 13 18 54 28 55 1 27 52 56 56 56
56 56 56 3 9 11 13 17 36 40 43 46 49 52 57 57 57
57 57 57 57 57 57 57 57 57 3 7 10 13 17 27 30 32
36 39 43 44 47 51 55 58 58 58 58 58 58 4 21 24 25
28 30 32 33 35 38 42 46 51 58 59 59 59 59 59 0 59
0 8 0 12 D
1 8 0 12 D
2 8 3 8 R
3 8 4 0 R
4 8 5 1 R
5 8 6 8 L
6 8 7 2 D
7 8 0 2 R
8 8 9 3 R
9 0 9 5 R
9 1 9 7 R
9 2 0 9 R
9 3 9 9 R
9 4 9 7 D
9 5 9 9 R
9 6 9 8 D
9 7 9 9 R
9 8 0 9 D
0 9 1 9 R
1 9 2 10 D
2 9 3 1 R
3 9 0 12 D
4 9 5 4 L
5 9 6 3 R
6 9 7 6 L
7 9 8 5 R
8 9 9 8 L
9 9 10 7 R
10 0 10 9 L
10 1 10 9 R
10 2 0 9 L
10 3 10 10 R
10 4 10 9 L
10 5 10 10 R
10 6 10 9 L
10 7 10 10 R
10 8 10 0 L
10 9 0 10 R
0 10 0 2 L
1 10 2 10 R
2 10 3 4 L
3 10 4 0 R
4 10 5 6 L
5 10 6 2 R
6 10 7 8 L
7 10 8 4 R
8 10 0 10 L
9 10 10 6 R
10 10 11 10 L
11 0 11 8 R
11 1 11 10 L
11 2 11 10 R
11 3 11 10 L
11 4 11 11 R
11 5 0 10 L
11 6 11 11 R
11 7 11 10 L
11 8 11 11 R
11 9 11 1 L
11 10 0 3 L
0 11 1 11 R
1 11 0 5 L
2 11 3 11 R
3 11 4 7 L
4 11 5 11 R
5 11 6 9 L
6 11 7 0 R
7 11 0 11 L
8 11 9 2 R
9 11 10 11 L
10 11 11 4 R
11 11 12 11 L
12 0 12 5 R
12 1 0 11 L
12 2 12 7 R
12 3 12 11 L
12 4 12 11 L
12 5 12 9 R
12 6 0 1 L
12 7 12 10 R
12 8 12 3 L
12 9 0 6 L
12 10 12 12 R
12 11 0 8 L
0 12 1 12 R
1 12 0 11 L
2 12 0 12 L
3 12 4 8 U
4 12 0 14 D
5 12 6 12 R
6 12 0 10 D
7 12 8 4 R
8 12 9 5 R
9 12 10 8 U
10 12 11 8 U
11 12 12 15 D
12 12 13 8 U
13 0 13 8 U
13 1 13 8 U
13 2 13 14 D
13 3 0 8 U
13 4 13 16 D
13 5 0 6 R
13 6 13 16 D
13 7 13 0 D
13 8 13 1 D
13 9 13 2 D
13 10 13 4 D
13 11 13 9 U
13 12 0 6 D
0 13 1 13 R
1 13 2 13 R
2 13 3 13 R
3 13 0 13 R
4 13 5 13 R
5 13 6 13 R
6 13 7 13 R
7 13 8 13 R
8 13 0 18 D
9 13 10 0 R
10 13 11 1 R
11 13 12 2 R
12 13 13 3 R
13 13 0 13 L
14 0 14 12 D
14 1 14 5 R
14 2 14 6 R
14 3 14 7 R
14 4 0 13 L
14 5 14 9 R
14 6 14 10 R
14 7 14 11 R
14 8 0 4 L
14 9 14 13 R
14 10 14 7 D
14 11 14 14 R
14 12 0 8 L
14 13 0 14 R
0 14 1 14 R
1 14 0 12 L
2 14 3 24 D
3 14 4 14 R
4 14 0 14 L
5 14 6 13 D
6 14 0 14 L
7 14 8 1 R
8 14 9 9 R
9 14 10 12 R
10 14 11 15 R
11 14 12 12 U
12 14 13 15 R
13 14 0 15 R
14 14 15 12 U
15 0 15 25 D
15 1 15 15 R
15 2 15 25 D
15 3 15 0 R
15 4 15 25 D
15 5 15 3 R
15 6 15 1 D
15 7 15 5 R
15 8 15 3 D
15 9 15 7 R
15 10 15 10 R
15 11 15 4 D
15 12 15 12 R
15 13 15 5 D
15 14 0 16 R
0 15 1 7 D
1 15 2 16 R
2 15 3 8 D
3 15 4 16 R
4 15 5 14 L
5 15 0 16 R
6 15 7 12 U
7 15 8 14 L
8 15 9 12 U
9 15 10 0 L
10 15 11 14 D
11 15 12 16 D
12 15 13 12 U
13 15 14 12 U
14 15 15 20 D
15 15 16 2 L
16 0 16 22 D
16 1 16 12 U
16 2 16 4 L
16 3 16 24 D
16 4 16 6 L
16 5 16 26 D
16 6 16 8 L
16 7 16 26 D
16 8 16 16 R
16 9 16 0 U
16 10 16 16 R
16 11 16 11 L
16 12 16 26 D
16 13 16 1 U
16 14 16 26 D
16 15 0 3 U
0 16 1 13 L
1 16 2 26 D
2 16 3 15 L
3 16 4 26 D
4 16 5 15 L
5 16 6 26 D
6 16 7 16 R
7 16 8 15 L
8 16 0 26 D
9 16 10 26 D
10 16 11 15 L
11 16 12 15 L
12 16 13 2 L
13 16 14 3 R
14 16 15 6 D
15 16 0 5 R
16 16 17 9 D
17 0 17 16 L
17 1 17 10 D
17 2 17 16 L
17 3 17 7 R
17 4 17 14 D
17 5 17 11 U
17 6 0 15 D
17 7 0 16 D
17 8 17 7 R
17 9 17 8 R
17 10 17 9 R
17 11 17 10 R
17 12 17 11 R
17 13 17 12 R
17 14 17 13 R
17 15 17 14 R
17 16 0 15 R
0 17 1 16 R
1 17 2 13 U
2 17 3 17 R
3 17 4 13 U
4 17 5 18 R
5 17 6 18 R
6 17 7 18 R
7 17 8 18 R
8 17 9 18 R
9 17 10 13 U
10 17 11 18 R
11 17 12 18 R
12 17 13 18 R
13 17 14 18 R
14 17 15 18 R
15 17 16 18 R
16 17 17 18 R
17 17 18 13 U
18 0 18 18 R
18 1 18 18 R
18 2 18 18 R
18 3 18 18 R
18 4 18 18 R
18 5 18 18 R
18 6 0 0 R
18 7 18 1 R
18 8 18 2 R
18 9 18 3 R
18 10 18 4 R
18 11 18 5 R
18 12 18 6 R
18 13 18 7 R
18 14 18 8 R
18 15 18 9 R
18 16 18 10 R
18 17 0 11 R
0 18 1 12 R
1 18 2 13 R
2 18 3 14 R
3 18 4 15 R
4 18 5 16 R
5 18 6 17 R
6 18 7 18 R
7 18 8 19 R
8 18 9 19 R
9 18 10 19 R
10 18 11 19 R
11 18 12 19 R
12 18 13 27 D
13 18 14 19 R
14 18 15 19 R
15 18 16 19 R
16 18 17 19 R
17 18 18 19 R
18 18 19 19 R
19 0 0 19 R
19 1 19 19 R
19 2 19 19 R
19 3 19 19 R
19 4 19 19 R
19 5 19 0 R
19 6 19 2 R
19 7 19 4 R
19 8 19 6 R
19 9 19 8 R
19 10 19 10 R
19 11 19 14 R
19 12 19 17 R
19 13 19 19 R
19 14 19 20 R
19 15 19 20 R
19 16 19 20 R
19 17 19 20 R
19 18 0 20 R
0 19 1 20 R
1 19 2 20 R
2 19 3 20 R
3 19 4 20 R
4 19 5 20 R
5 19 6 1 R
6 19 7 27 D
7 19 8 3 R
8 19 9 5 R
9 19 10 7 R
10 19 11 9 R
11 19 0 11 R
12 19 13 13 R
13 19 14 27 D
14 19 15 15 R
15 19 16 0 D
16 19 17 17 R
17 19 18 1 D
18 19 19 19 R
19 19 20 2 D
20 0 20 20 R
20 1 20 3 D
20 2 20 21 R
20 3 20 4 D
20 4 20 21 R
20 5 20 5 D
20 6 20 21 R
20 7 20 6 D
20 8 20 21 R
20 9 20 7 D
20 10 20 21 R
20 11 20 8 D
20 12 20 21 R
20 13 20 9 D
20 14 20 21 R
20 15 20 10 D
20 16 20 11 D
20 17 20 21 R
20 18 20 12 D
20 19 0 21 R
0 20 1 13 D
1 20 2 21 R
2 20 3 14 D
3 20 4 0 R
4 20 5 15 D
5 20 6 2 R
6 20 7 16 D
7 20 8 17 D
8 20 9 5 R
9 20 10 18 D
10 20 11 7 R
11 20 12 19 D
12 20 13 9 R
13 20 14 20 D
14 20 15 11 R
15 20 16 21 D
16 20 17 13 R
17 20 18 22 D
18 20 19 15 R
19 20 20 23 D
20 20 21 17 R
21 0 21 24 D
21 1 21 19 R
21 2 21 25 D
21 3 21 21 R
21 4 21 26 D
21 5 21 22 R
21 6 21 27 D
21 7 21 22 R
21 8 21 28 D
21 9 21 22 R
21 10 21 28 D
21 11 21 22 R
21 12 0 28 D
21 13 21 28 D
21 14 21 19 L
21 15 21 28 D
21 16 21 19 L
21 17 21 28 D
21 18 21 19 L
21 19 21 19 L
21 20 0 22 R
0 21 1 1 L
1 21 2 22 R
2 21 3 3 L
3 21 4 28 D
4 21 5 5 L
5 21 6 28 D
6 21 7 7 L
7 21 8 28 D
8 21 9 9 L
9 21 10 22 R
10 21 11 11 L
11 21 12 28 D
12 21 13 13 L
13 21 14 28 D
14 21 15 15 L
15 21 16 16 L
16 21 17 1 R
17 21 18 18 L
18 21 19 28 D
19 21 20 20 L
20 21 21 28 D
21 21 22 20 L
22 0 22 28 D
22 1 22 20 L
22 2 22 5 R
22 3 22 20 L
22 4 22 20 L
22 5 22 28 D
22 6 22 20 L
22 7 22 9 R
22 8 22 20 L
22 9 22 28 D
22 10 22 20 L
22 11 22 28 D
22 12 22 20 L
22 13 22 28 D
22 14 22 20 L
22 15 22 14 R
22 16 22 20 L
22 17 22 16 R
22 18 22 0 L
22 19 22 28 D
22 20 22 2 L
22 21 0 28 D
0 22 1 4 L
1 22 2 28 D
2 22 3 6 L
3 22 4 28 D
4 22 5 8 L
5 22 6 28 D
6 22 7 10 L
7 22 8 28 D
8 22 0 12 L
9 22 10 14 L
10 22 11 16 L
11 22 12 18 L
12 22 13 23 R
13 22 14 21 L
14 22 15 23 R
15 22 16 21 L
16 22 17 21 L
17 22 18 21 L
18 22 19 21 L
19 22 20 23 R
20 22 21 21 L
21 22 22 21 L
22 22 23 21 L
23 0 23 21 L
23 1 23 23 R
23 2 23 21 L
23 3 23 21 L
23 4 23 1 L
23 5 23 23 R
23 6 23 3 L
23 7 23 4 L
23 8 23 6 L
23 9 23 23 R
23 10 23 8 L
23 11 23 10 L
23 12 23 12 L
23 13 23 14 L
23 14 23 3 R
23 15 23 16 L
23 16 23 4 R
23 17 23 18 L
23 18 23 20 L
23 19 23 22 L
23 20 23 22 L
23 21 23 22 L
23 22 0 22 L
0 23 0 22 L
1 23 2 22 L
2 23 3 22 L
3 23 4 14 R
4 23 5 22 L
5 23 6 16 R
6 23 7 22 L
7 23 8 22 L
8 23 9 22 L
9 23 10 22 L
10 23 11 21 R
11 23 12 22 L
12 23 13 22 L
13 23 14 22 L
14 23 15 0 L
15 23 16 24 R
16 23 17 2 L
17 23 18 3 L
18 23 19 4 L
19 23 20 24 R
20 23 21 6 L
21 23 22 8 L
22 23 23 24 R
23 23 24 10 L
24 0 24 11 L
24 1 24 12 L
24 2 24 13 L
24 3 24 15 L
24 4 24 24 R
24 5 24 17 L
24 6 24 18 L
24 7 24 19 L
24 8 24 20 L
24 9 24 21 L
24 10 24 22 L
24 11 0 23 L
24 12 24 23 L
24 13 24 23 L
24 14 24 24 R
24 15 24 23 L
24 16 24 24 R
24 17 24 23 L
24 18 24 23 L
24 19 24 23 L
24 20 24 23 L
24 21 24 2 R
24 22 24 23 L
24 23 0 23 L
0 24 1 23 L
1 24 2 23 L
2 24 3 5 R
3 24 4 23 L
4 24 5 23 L
5 24 6 23 L
6 24 7 8 R
7 24 8 23 L
8 24 9 23 L
9 24 10 10 R
10 24 11 23 L
11 24 12 0 L
12 24 13 1 L
13 24 14 2 L
14 24 15 5 L
15 24 16 6 L
16 24 17 7 L
17 24 18 8 L
18 24 19 9 L
19 24 20 10 L
20 24 0 11 L
21 24 22 18 R
22 24 23 15 L
23 24 24 20 R
24 24 25 17 L
25 0 25 19 L
25 1 25 20 L
25 2 25 24 R
25 3 25 22 L
25 4 25 24 L
25 5 25 25 R
25 6 25 24 L
25 7 25 24 L
25 8 25 25 R
25 9 25 24 L
25 10 25 25 R
25 11 25 24 L
25 12 25 24 L
25 13 25 13 D
25 14 25 14 U
25 15 25 24 L
25 16 25 24 L
25 17 0 24 L
25 18 25 25 R
25 19 25 24 L
25 20 25 25 R
25 21 25 24 L
25 22 25 0 L
25 23 25 1 L
25 24 0 25 R
0 25 1 3 L
1 25 2 6 L
2 25 3 25 R
3 25 4 9 L
4 25 5 25 R
5 25 6 20 D
6 25 0 12 L
7 25 8 22 D
8 25 9 19 L
9 25 10 24 D
10 25 11 21 L
11 25 12 26 D
12 25 13 25 L
13 25 14 28 D
14 25 15 25 L
15 25 16 29 D
16 25 0 25 L
17 25 18 14 U
18 25 19 14 U
19 25 20 14 U
20 25 21 14 U
21 25 0 14 U
22 25 23 30 D
23 25 24 30 D
24 25 25 3 U
25 25 26 30 D
26 0 26 5 U
26 1 26 30 D
26 2 26 7 U
26 3 26 25 L
26 4 26 30 D
26 5 26 30 D
26 6 26 14 U
26 7 26 30 D
26 8 0 30 D
26 9 26 15 U
26 10 26 30 D
26 11 26 0 R
26 12 26 30 D
26 13 26 15 U
26 14 26 30 D
26 15 26 15 U
26 16 26 30 D
26 17 26 15 U
26 18 26 30 D
26 19 26 15 U
26 20 26 30 D
26 21 26 15 U
26 22 26 0 D
26 23 26 1 U
26 24 26 2 D
26 25 0 4 U
0 26 1 4 D
1 26 2 6 D
2 26 3 6 U
3 26 4 8 D
4 26 5 8 U
5 26 6 10 D
6 26 7 4 R
7 26 8 12 D
8 26 9 9 U
9 26 10 14 D
10 26 11 11 U
11 26 12 17 D
12 26 13 13 U
13 26 14 19 D
14 26 15 15 U
15 26 16 21 D
16 26 17 16 U
17 26 18 23 D
18 26 19 16 U
19 26 20 25 D
20 26 21 16 U
21 26 22 28 D
22 26 23 16 U
23 26 24 30 D
24 26 25 16 U
25 26 0 31 D
26 26 27 10 L
27 0 27 16 U
27 1 27 12 L
27 2 27 18 L
27 3 27 26 L
27 4 27 12 R
27 5 27 26 L
27 6 27 26 L
27 7 27 26 L
27 8 0 26 L
27 9 27 1 L
27 10 27 2 L
27 11 27 3 L
27 12 27 17 R
27 13 27 5 L
27 14 27 7 L
27 15 0 8 L
27 16 27 11 L
27 17 0 13 L
27 18 27 8 U
27 19 27 9 U
27 20 27 10 U
27 21 27 11 U
27 22 27 12 U
27 23 27 13 U
27 24 27 14 U
27 25 27 15 U
27 26 0 16 U
0 27 1 17 U
1 27 2 17 U
2 27 3 17 U
3 27 4 17 U
4 27 5 17 U
5 27 6 17 U
6 27 7 17 U
7 27 8 17 U
8 27 9 17 U
9 27 10 17 U
10 27 11 17 U
11 27 12 17 U
12 27 13 17 U
13 27 14 17 U
14 27 15 17 U
15 27 16 17 U
16 27 17 17 U
17 27 18 17 U
18 27 19 0 U
19 27 20 1 U
20 27 21 2 U
21 27 22 3 U
22 27 23 4 U
23 27 24 5 U
24 27 0 6 U
25 27 0 35 D
26 27 0 14 D
27 27 28 22 D
28 0 28 23 D
28 1 28 25 D
28 2 28 26 D
28 3 28 27 D
28 4 28 28 D
28 5 28 29 D
28 6 28 30 D
28 7 28 31 D
28 8 28 32 D
28 9 28 33 D
28 10 28 34 D
28 11 28 35 D
28 12 28 36 D
28 13 28 36 D
28 14 28 36 D
28 15 28 36 D
28 16 28 36 D
28 17 28 36 D
28 18 28 36 D
28 19 28 36 D
28 20 28 36 D
28 21 28 36 D
28 22 28 36 D
28 23 28 36 D
28 24 28 36 D
28 25 28 36 D
28 26 28 36 D
28 27 0 36 D
0 28 1 36 D
1 28 2 36 D
2 28 0 36 D
3 28 4 28 R
4 28 5 28 R
5 28 6 28 R
6 28 7 28 R
7 28 8 0 R
8 28 9 1 R
9 28 10 2 R
10 28 11 3 R
11 28 12 4 R
12 28 13 21 U
13 28 14 5 R
14 28 15 6 R
15 28 16 7 R
16 28 17 8 R
17 28 18 9 R
18 28 19 10 R
19 28 20 11 R
20 28 21 12 R
21 28 22 13 R
22 28 23 14 R
23 28 0 15 R
24 28 25 16 R
25 28 26 17 R
26 28 27 18 R
27 28 28 22 U
28 28 29 20 R
29 0 29 21 R
29 1 29 22 R
29 2 29 23 R
29 3 29 24 R
29 4 29 25 R
29 5 29 26 R
29 6 29 27 R
29 7 29 28 R
29 8 29 29 R
29 9 29 29 R
29 10 29 29 R
29 11 29 29 R
29 12 29 29 R
29 13 29 29 R
29 14 29 29 R
29 15 0 29 R
29 16 29 29 R
29 17 29 29 R
29 18 29 29 R
29 19 29 28 L
29 20 29 29 R
29 21 29 29 R
29 22 29 29 R
29 23 29 29 R
29 24 29 29 R
29 25 29 29 R
29 26 29 29 R
29 27 29 29 R
29 28 0 29 R
0 29 1 29 R
1 29 2 29 R
2 29 3 1 R
3 29 4 3 R
4 29 5 4 R
5 29 6 6 R
6 29 7 8 R
7 29 0 9 R
8 29 9 7 D
9 29 10 12 U
10 29 11 9 D
11 29 12 13 U
12 29 13 11 D
13 29 14 19 L
14 29 15 13 D
15 29 16 18 U
16 29 17 15 D
17 29 18 16 D
18 29 19 17 D
19 29 20 23 U
20 29 21 19 D
21 29 22 11 R
22 29 23 20 D
23 29 24 24 U
24 29 25 22 D
25 29 26 24 U
26 29 27 24 U
27 29 28 25 D
28 29 29 26 D
29 29 30 27 D
30 0 30 24 U
30 1 30 29 D
30 2 30 24 U
30 3 30 31 D
30 4 30 32 D
30 5 30 24 U
30 6 30 34 D
30 7 30 24 U
30 8 30 36 D
30 9 0 37 D
30 10 30 4 U
30 11 30 7 U
30 12 30 11 U
30 13 30 37 D
30 14 30 14 U
30 15 30 15 U
30 16 30 16 U
30 17 0 17 U
30 18 30 22 U
30 19 30 23 U
30 20 30 37 D
30 21 0 25 U
30 22 30 37 D
30 23 30 25 U
30 24 30 37 D
30 25 30 25 U
30 26 30 37 D
30 27 30 25 U
30 28 30 25 U
30 29 0 37 D
0 30 0 25 U
1 30 2 25 U
2 30 3 25 U
3 30 4 25 U
4 30 0 25 U
5 30 6 37 D
6 30 7 37 D
7 30 8 25 U
8 30 9 37 D
9 30 10 0 U
10 30 11 37 D
11 30 12 2 U
12 30 13 37 D
13 30 14 37 D
14 30 15 6 U
15 30 16 37 D
16 30 0 37 D
17 30 18 9 U
18 30 19 37 D
19 30 20 11 U
20 30 21 1 D
21 30 22 13 U
22 30 23 31 R
23 30 24 2 D
24 30 25 15 U
25 30 26 3 D
26 30 27 17 U
27 30 28 4 D
28 30 29 19 U
29 30 30 5 D
30 30 31 21 U
31 0 31 6 D
31 1 31 23 U
31 2 31 7 D
31 3 31 25 U
31 4 31 8 D
31 5 31 26 U
31 6 31 31 R
31 7 31 26 U
31 8 31 9 D
31 9 31 26 U
31 10 31 11 D
31 11 31 26 U
31 12 31 12 D
31 13 31 26 U
31 14 31 13 D
31 15 31 5 R
31 16 31 26 U
31 17 31 15 D
31 18 31 26 U
31 19 31 10 R
31 20 31 26 U
31 21 31 12 R
31 22 31 26 U
31 23 31 16 D
31 24 31 26 U
31 25 31 17 D
31 26 31 18 R
31 27 31 26 U
31 28 31 19 D
31 29 31 26 U
31 30 0 24 R
0 31 1 27 R
1 31 2 26 U
2 31 0 29 R
3 31 4 30 R
4 31 5 31 R
5 31 6 32 R
6 31 7 32 R
7 31 8 32 R
8 31 9 32 R
9 31 10 30 L
10 31 11 30 L
11 31 12 32 R
12 31 13 30 L
13 31 14 30 L
14 31 15 32 R
15 31 16 32 R
16 31 17 30 L
17 31 18 32 R
18 31 19 30 L
19 31 20 30 L
20 31 21 1 L
21 31 22 32 R
22 31 23 3 L
23 31 24 32 R
24 31 25 32 R
25 31 26 32 R
26 31 27 32 R
27 31 28 5 L
28 31 29 32 R
29 31 30 7 L
30 31 31 32 R
31 31 32 32 R
32 0 32 32 R
32 1 32 11 L
32 2 32 32 R
32 3 32 32 R
32 4 32 13 L
32 5 32 32 R
32 6 32 16 L
32 7 32 32 R
32 8 32 32 R
32 9 32 18 L
32 10 32 32 R
32 11 32 20 L
32 12 32 0 R
32 13 32 1 R
32 14 32 2 R
32 15 32 22 L
32 16 32 3 R
32 17 32 24 L
32 18 32 4 R
32 19 32 5 R
32 20 32 6 R
32 21 32 27 L
32 22 32 8 R
32 23 32 29 L
32 24 32 9 R
32 25 32 10 R
32 26 32 11 R
32 27 32 12 R
32 28 32 31 L
32 29 0 13 R
32 30 32 14 R
32 31 0 15 R
0 32 1 16 R
1 32 2 17 R
2 32 3 18 R
3 32 4 19 R
4 32 5 20 R
5 32 6 31 L
6 32 7 22 R
7 32 8 31 L
8 32 9 24 R
9 32 10 25 R
10 32 11 31 L
11 32 12 27 R
12 32 13 28 R
13 32 14 29 R
14 32 15 30 R
15 32 16 31 R
16 32 17 32 R
17 32 18 31 L
18 32 19 33 R
19 32 20 31 L
20 32 21 33 R
21 32 22 33 R
22 32 23 33 R
23 32 24 33 R
24 32 25 1 L
25 32 26 33 R
26 32 27 33 R
27 32 28 33 R
28 32 29 33 R
29 32 30 33 R
30 32 31 9 L
31 32 32 33 R
32 32 33 11 L
33 0 33 33 R
33 1 33 33 R
33 2 33 33 R
33 3 33 33 R
33 4 33 33 R
33 5 33 33 R
33 6 33 33 R
33 7 33 21 L
33 8 33 33 R
33 9 33 33 R
33 10 33 33 R
33 11 33 33 R
33 12 33 33 R
33 13 0 33 R
33 14 33 33 R
33 15 33 33 R
33 16 33 0 R
33 17 33 2 R
33 18 33 4 R
33 19 33 6 R
33 20 33 8 R
33 21 33 32 L
33 22 33 10 R
33 23 33 32 L
33 24 33 12 R
33 25 33 14 R
33 26 33 32 L
33 27 33 17 R
33 28 33 19 R
33 29 33 21 R
33 30 33 23 R
33 31 33 25 R
33 32 0 27 R
0 33 1 32 L
1 33 2 29 R
2 33 3 32 L
3 33 4 31 R
4 33 5 33 R
5 33 6 34 R
6 33 7 34 R
7 33 8 32 L
8 33 9 34 R
9 33 10 34 R
10 33 11 34 R
11 33 12 34 R
12 33 13 34 R
13 33 14 32 L
14 33 15 34 R
15 33 16 32 L
16 33 17 34 R
17 33 18 34 R
18 33 19 34 R
19 33 20 34 R
20 33 21 34 R
21 33 22 34 R
22 33 23 34 R
23 33 24 7 L
24 33 25 34 R
25 33 26 34 R
26 33 27 0 R
27 33 28 2 R
28 33 29 4 R
29 33 0 6 R
30 33 31 18 U
31 33 32 38 D
32 33 33 9 R
33 33 34 38 D
34 0 34 19 U
34 1 34 38 D
34 2 34 20 U
34 3 34 38 D
34 4 34 21 U
34 5 34 38 D
34 6 34 22 U
34 7 34 38 D
34 8 34 14 R
34 9 34 21 L
34 10 34 23 U
34 11 34 23 L
34 12 34 24 U
34 13 34 38 D
34 14 34 25 U
34 15 34 26 U
34 16 34 26 L
34 17 34 27 U
34 18 34 38 D
34 19 34 27 U
34 20 34 38 D
34 21 34 27 U
34 22 34 0 D
34 23 34 27 U
34 24 34 1 D
34 25 34 27 U
34 26 34 2 D
34 27 34 27 U
34 28 34 33 L
34 29 34 27 U
34 30 34 33 L
34 31 34 27 U
34 32 34 3 D
34 33 0 27 U
0 34 1 4 D
1 34 2 29 R
2 34 3 5 D
3 34 4 27 U
4 34 5 33 L
5 34 6 27 U
6 34 7 6 D
7 34 8 33 R
8 34 9 7 D
9 34 10 27 U
10 34 11 8 D
11 34 12 27 U
12 34 13 9 D
13 34 14 27 U
14 34 15 33 L
15 34 16 27 U
16 34 17 33 L
17 34 18 27 U
18 34 19 10 D
19 34 20 27 U
20 34 21 11 D
21 34 22 27 U
22 34 23 12 D
23 34 24 27 U
24 34 25 13 D
25 34 26 27 U
26 34 27 14 D
27 34 28 27 U
28 34 29 15 D
29 34 30 27 U
30 34 31 33 L
31 34 32 27 U
32 34 33 16 D
33 34 34 27 U
34 34 35 17 D
35 0 35 35 R
35 1 35 19 D
35 2 35 35 R
35 3 35 20 D
35 4 35 27 U
35 5 35 21 D
35 6 35 35 R
35 7 0 22 D
35 8 35 33 L
35 9 35 33 L
35 10 35 1 L
35 11 35 3 L
35 12 35 5 L
35 13 35 7 L
35 14 35 23 D
35 15 35 9 L
35 16 35 11 L
35 17 35 13 L
35 18 35 15 L
35 19 35 16 L
35 20 35 18 L
35 21 35 20 L
35 22 35 22 L
35 23 35 24 L
35 24 35 26 L
35 25 35 28 L
35 26 35 30 L
35 27 35 32 L
35 28 35 34 L
35 29 35 24 D
35 30 35 34 L
35 31 35 34 L
35 32 35 34 L
35 33 35 25 D
35 34 0 34 L
0 35 1 34 L
1 35 2 34 L
2 35 3 34 L
3 35 4 34 L
4 35 5 34 L
5 35 6 34 L
6 35 7 34 L
7 35 8 34 L
8 35 9 34 L
9 35 10 34 L
10 35 11 34 L
11 35 12 34 L
12 35 13 34 L
13 35 14 26 D
14 35 15 1 L
15 35 16 27 D
16 35 17 3 L
17 35 18 5 L
18 35 19 28 D
19 35 0 7 L
20 35 21 8 L
21 35 22 10 L
22 35 23 11 L
23 35 24 12 L
24 35 25 13 L
25 35 26 15 L
26 35 27 16 L
27 35 28 17 L
28 35 29 18 L
29 35 30 19 L
30 35 31 20 L
31 35 32 21 L
32 35 33 22 L
33 35 34 23 L
34 35 35 24 L
35 35 36 25 L
36 0 36 26 L
36 1 36 27 L
36 2 36 28 L
36 3 36 30 L
36 4 36 31 L
36 5 36 32 L
36 6 36 34 L
36 7 36 35 L
36 8 36 35 L
36 9 36 35 L
36 10 36 35 L
36 11 36 35 L
36 12 36 35 L
36 13 36 35 L
36 14 36 35 L
36 15 36 35 L
36 16 36 35 L
36 17 36 35 L
36 18 36 35 L
36 19 36 35 L
36 20 36 35 L
36 21 0 35 L
36 22 36 35 L
36 23 36 33 D
36 24 36 35 L
36 25 36 35 L
36 26 36 35 L
36 27 36 35 L
36 28 36 35 L
36 29 36 35 L
36 30 36 35 L
36 31 36 35 L
36 32 36 35 L
36 33 36 35 L
36 34 36 35 L
36 35 0 35 L
0 36 1 35 L
1 36 2 35 L
2 36 3 0 L
3 36 4 1 L
4 36 5 2 L
5 36 6 3 L
6 36 7 4 L
7 36 8 5 L
8 36 9 6 L
9 36 10 7 L
10 36 11 8 L
11 36 12 9 L
12 36 13 10 L
13 36 14 11 L
14 36 15 12 L
15 36 16 13 L
16 36 17 15 L
17 36 18 16 L
18 36 19 37 D
19 36 20 18 L
20 36 21 19 L
21 36 0 20 L
22 36 23 36 R
23 36 24 36 R
24 36 0 36 R
25 36 26 36 R
26 36 27 36 R
27 36 28 0 R
28 36 29 2 R
29 36 30 3 R
30 36 31 36 L
31 36 32 5 R
32 36 0 6 R
33 36 34 8 R
34 36 35 10 R
35 36 36 36 L
36 36 37 12 R
37 0 37 14 R
37 1 37 18 R
37 2 37 23 R
37 3 37 30 R
37 4 37 36 L
37 5 37 33 R
37 6 0 35 R
37 7 37 39 D
37 8 37 29 U
37 9 37 39 D
37 10 37 29 U
37 11 37 36 L
37 12 37 29 U
37 13 37 39 D
37 14 37 29 U
37 15 37 39 D
37 16 37 39 D
37 17 37 39 D
37 18 37 29 U
37 19 37 37 R
37 20 37 39 D
37 21 37 29 U
37 22 37 39 D
37 23 37 29 U
37 24 37 29 U
37 25 37 39 D
37 26 37 37 R
37 27 37 39 D
37 28 37 0 U
37 29 37 39 D
37 30 37 2 U
37 31 37 39 D
37 32 37 4 L
37 33 37 5 U
37 34 37 39 D
37 35 37 7 U
37 36 0 39 D
0 37 0 39 D
1 37 2 10 U
2 37 3 24 L
3 37 4 12 U
4 37 5 37 R
5 37 6 39 D
6 37 7 14 U
7 37 8 15 U
8 37 9 16 U
9 37 0 17 U
10 37 11 18 U
11 37 12 19 U
12 37 13 37 L
13 37 0 21 U
14 37 15 39 D
15 37 16 23 U
16 37 17 39 D
17 37 18 25 U
18 37 19 0 D
19 37 20 27 U
20 37 0 30 U
21 37 22 30 U
22 37 23 30 U
23 37 24 30 U
24 37 0 30 U
25 37 26 5 D
26 37 27 6 D
27 37 28 30 U
28 37 29 8 D
29 37 30 30 U
30 37 31 10 D
31 37 32 30 U
32 37 33 12 D
33 37 34 13 D
34 37 35 30 U
35 37 36 15 D
36 37 0 16 D
37 37 38 17 D
38 0 38 30 U
38 1 38 19 D
38 2 38 20 D
38 3 38 21 D
38 4 38 22 D
38 5 38 23 D
38 6 38 24 D
38 7 38 25 D
38 8 38 26 D
38 9 38 27 D
38 10 38 9 U
38 11 38 29 D
38 12 38 30 D
38 13 38 31 D
38 14 38 15 U
38 15 38 33 D
38 16 38 34 D
38 17 38 35 D
38 18 38 26 U
38 19 38 37 D
38 20 0 31 U
38 21 38 31 U
38 22 38 31 U
38 23 38 31 U
38 24 38 31 U
38 25 38 31 U
38 26 38 31 U
38 27 38 31 U
38 28 38 31 U
38 29 38 31 U
38 30 38 31 U
38 31 38 31 U
38 32 38 31 U
38 33 38 31 U
38 34 38 31 U
38 35 38 31 U
38 36 38 31 U
38 37 0 31 U
0 38 1 31 U
1 38 2 31 U
2 38 3 31 U
3 38 4 38 R
4 38 5 31 U
5 38 6 31 U
6 38 7 0 U
7 38 8 2 U
8 38 9 3 U
9 38 10 4 U
10 38 11 6 U
11 38 12 7 U
12 38 13 8 U
13 38 14 13 U
14 38 15 14 U
15 38 16 15 U
16 38 17 16 U
17 38 18 17 U
18 38 19 19 U
19 38 20 20 U
20 38 21 22 U
21 38 22 23 U
22 38 23 38 R
23 38 24 25 U
24 38 25 26 U
25 38 0 28 U
26 38 27 32 U
27 38 28 32 U
28 38 0 38 R
29 38 0 18 R
30 38 31 25 D
31 38 32 26 D
32 38 33 27 D
33 38 34 28 D
34 38 35 29 D
35 38 36 30 D
36 38 37 31 D
37 38 38 32 D
38 38 39 34 D
39 0 39 35 D
39 1 39 36 D
39 2 39 37 D
39 3 39 38 D
39 4 39 39 D
39 5 39 40 D
39 6 39 41 D
39 7 39 42 D
39 8 39 42 D
39 9 39 42 D
39 10 39 42 D
39 11 39 42 D
39 12 39 42 D
39 13 39 42 D
39 14 39 42 D
39 15 39 42 D
39 16 39 42 D
39 17 39 42 D
39 18 39 42 D
39 19 39 42 D
39 20 39 42 D
39 21 39 42 D
39 22 0 42 D
39 23 39 42 D
39 24 39 30 R
39 25 39 42 D
39 26 39 35 U
39 27 39 42 D
39 28 0 42 D
39 29 39 35 U
39 30 39 35 R
39 31 39 17 U
39 32 0 21 U
39 33 39 42 D
39 34 39 24 U
39 35 39 36 U
39 36 39 36 U
39 37 39 42 D
39 38 0 36 U
0 39 1 36 U
1 39 0 36 U
2 39 3 36 U
3 39 4 36 U
4 39 5 39 L
5 39 0 36 U
6 39 7 36 U
7 39 8 39 L
8 39 9 1 U
9 39 0 39 L
10 39 11 39 L
11 39 12 39 L
12 39 13 42 D
13 39 14 42 D
14 39 15 39 R
15 39 16 42 D
16 39 17 42 D
17 39 18 21 U
18 39 19 42 D
19 39 20 42 D
20 39 21 42 D
21 39 22 28 U
22 39 23 39 L
23 39 24 1 D
24 39 25 2 D
25 39 26 3 D
26 39 0 4 D
27 39 28 39 R
28 39 29 37 U
29 39 30 7 D
30 39 31 37 U
31 39 32 37 U
32 39 33 37 U
33 39 0 37 U
34 39 35 37 U
35 39 0 37 U
36 39 37 13 D
37 39 38 37 U
38 39 39 14 D
39 39 40 37 U
40 0 0 37 U
40 1 40 37 U
40 2 40 37 U
40 3 40 37 U
40 4 0 37 U
40 5 40 19 D
40 6 40 20 D
40 7 40 37 U
40 8 40 22 D
40 9 40 37 U
40 10 40 24 D
40 11 40 37 U
40 12 40 2 L
40 13 40 26 D
40 14 40 37 U
40 15 40 28 D
40 16 0 29 D
40 17 40 30 D
40 18 40 0 U
40 19 40 32 D
40 20 40 33 D
40 21 40 34 D
40 22 40 35 D
40 23 40 36 D
40 24 40 37 D
40 25 40 38 D
40 26 40 39 D
40 27 40 40 D
40 28 40 10 U
40 29 40 42 D
40 30 40 0 R
40 31 40 43 D
40 32 40 14 U
40 33 40 43 D
40 34 40 43 D
40 35 40 43 D
40 36 40 18 U
40 37 40 43 D
40 38 0 20 U
40 39 0 21 U
0 40 1 43 D
1 40 2 22 U
2 40 3 43 D
3 40 4 23 U
4 40 5 43 D
5 40 6 24 U
6 40 7 43 D
7 40 8 25 U
8 40 9 43 D
9 40 10 26 U
10 40 11 27 U
11 40 12 28 U
12 40 13 29 U
13 40 14 43 D
14 40 15 41 R
15 40 16 43 D
16 40 17 30 U
17 40 18 31 U
18 40 19 43 D
19 40 20 32 U
20 40 21 33 U
21 40 22 34 U
22 40 23 41 R
23 40 24 43 D
24 40 25 35 U
25 40 26 43 D
26 40 27 36 U
27 40 28 37 U
28 40 29 43 D
29 40 30 38 U
30 40 31 43 D
31 40 32 38 U
32 40 33 43 D
33 40 34 38 U
34 40 35 38 U
35 40 36 0 D
36 40 37 38 U
37 40 38 2 D
38 40 39 38 U
39 40 40 4 D
40 40 41 38 U
41 0 41 6 D
41 1 41 38 U
41 2 41 8 D
41 3 41 38 U
41 4 41 10 D
41 5 41 38 U
41 6 41 12 D
41 7 41 38 U
41 8 41 38 U
41 9 41 15 D
41 10 41 38 U
41 11 41 17 D
41 12 41 38 U
41 13 41 19 D
41 14 41 38 U
41 15 41 21 D
41 16 41 38 U
41 17 41 38 U
41 18 41 24 D
41 19 41 38 U
41 20 41 26 D
41 21 41 38 U
41 22 41 28 D
41 23 41 38 U
41 24 41 38 U
41 25 41 31 D
41 26 41 38 U
41 27 41 33 D
41 28 41 38 U
41 29 41 35 D
41 30 41 38 U
41 31 41 37 D
41 32 41 38 U
41 33 41 39 D
41 34 41 40 D
41 35 41 38 U
41 36 0 42 D
41 37 41 40 L
41 38 41 40 L
41 39 41 40 L
41 40 0 38 U
0 41 1 40 L
1 41 2 40 L
2 41 3 40 L
3 41 4 41 R
4 41 5 40 L
5 41 6 40 L
6 41 7 41 R
7 41 8 40 L
8 41 9 40 L
9 41 10 40 L
10 41 11 40 L
11 41 12 40 L
12 41 13 40 L
13 41 14 40 L
14 41 15 40 L
15 41 16 2 L
16 41 17 4 L
17 41 18 6 L
18 41 19 9 L
19 41 20 11 L
20 41 21 13 L
21 41 22 15 L
22 41 23 18 L
23 41 24 20 L
24 41 25 22 L
25 41 26 25 L
26 41 27 27 L
27 41 28 29 L
28 41 29 31 L
29 41 30 33 L
30 41 31 34 L
31 41 0 36 L
32 41 33 37 L
33 41 34 38 L
34 41 35 39 L
35 41 36 40 L
36 41 37 41 L
37 41 38 41 L
38 41 39 41 L
39 41 40 41 L
40 41 41 41 L
41 41 42 33 R
42 0 42 41 L
42 1 42 41 L
42 2 42 41 L
42 3 42 41 L
42 4 42 41 L
42 5 42 41 L
42 6 42 41 L
42 7 42 41 L
42 8 42 41 L
42 9 42 41 L
42 10 42 41 L
42 11 42 41 L
42 12 42 41 L
42 13 42 41 L
42 14 42 41 L
42 15 42 41 L
42 16 42 41 L
42 17 42 41 L
42 18 42 41 L
42 19 42 41 L
42 20 42 41 L
42 21 42 41 L
42 22 42 41 L
42 23 42 41 L
42 24 0 41 L
42 25 42 41 L
42 26 42 41 L
42 27 42 41 L
42 28 42 41 L
42 29 42 41 L
42 30 42 41 L
42 31 42 41 L
42 32 42 41 L
42 33 42 0 L
42 34 42 1 L
42 35 42 2 L
42 36 42 3 L
42 37 42 4 L
42 38 42 5 L
42 39 42 6 L
42 40 42 7 L
42 41 0 8 L
0 42 1 9 L
1 42 2 10 L
2 42 3 11 L
3 42 4 12 L
4 42 5 13 L
5 42 6 14 L
6 42 7 15 L
7 42 8 16 L
8 42 9 17 L
9 42 10 18 L
10 42 11 19 L
11 42 12 20 L
12 42 13 21 L
13 42 14 22 L
14 42 15 23 L
15 42 0 24 L
16 42 17 39 D
17 42 18 40 D
18 42 19 42 R
19 42 0 41 D
20 42 21 29 U
21 42 22 31 U
22 42 23 42 R
23 42 0 32 U
24 42 25 45 D
25 42 26 34 U
26 42 27 36 U
27 42 28 42 L
28 42 0 38 U
29 42 0 39 U
30 42 31 45 D
31 42 32 39 U
32 42 0 39 U
33 42 34 42 L
34 42 0 39 U
35 42 36 42 L
36 42 37 5 R
37 42 38 45 D
38 42 39 45 D
39 42 40 39 U
40 42 41 45 D
41 42 42 45 D
42 42 43 45 D
43 0 43 39 U
43 1 43 45 D
43 2 43 45 D
43 3 43 45 D
43 4 0 45 D
43 5 43 12 R
43 6 43 39 U
43 7 43 45 D
43 8 43 39 U
43 9 43 39 U
43 10 43 39 U
43 11 0 39 U
43 12 0 39 U
43 13 43 39 U
43 14 43 45 D
43 15 0 39 U
43 16 43 1 U
43 17 43 3 U
43 18 0 4 U
43 19 43 45 D
43 20 43 45 D
43 21 43 7 U
43 22 43 45 D
43 23 43 9 U
43 24 43 45 D
43 25 43 11 U
43 26 43 45 D
43 27 43 14 U
43 28 43 45 D
43 29 0 18 L
43 30 43 45 D
43 31 43 18 U
43 32 43 45 D
43 33 43 45 D
43 34 43 45 D
43 35 43 45 D
43 36 43 45 D
43 37 43 45 D
43 38 43 0 D
43 39 43 1 D
43 40 43 2 D
43 41 43 28 U
43 42 0 4 D
0 43 1 5 D
1 43 2 32 U
2 43 3 7 D
3 43 4 8 D
4 43 5 9 D
5 43 6 36 U
6 43 7 11 D
7 43 0 38 U
8 43 9 39 U
9 43 10 13 D
10 43 11 40 U
11 43 12 14 D
12 43 13 40 U
13 43 14 15 D
14 43 15 40 U
15 43 16 16 D
16 43 17 40 U
17 43 18 17 D
18 43 19 40 U
19 43 20 40 U
20 43 21 40 U
21 43 22 40 U
22 43 23 18 D
23 43 24 40 U
24 43 25 19 D
25 43 26 40 U
26 43 27 40 U
27 43 28 20 D
28 43 29 40 U
29 43 30 40 U
30 43 31 40 U
31 43 32 40 U
32 43 33 22 D
33 43 34 40 U
34 43 35 23 D
35 43 36 40 U
36 43 37 40 U
37 43 38 44 R
38 43 39 40 U
39 43 40 24 D
40 43 41 40 U
41 43 42 26 D
42 43 43 40 U
43 43 44 40 U
44 0 44 27 D
44 1 44 40 U
44 2 44 28 D
44 3 44 40 U
44 4 44 29 D
44 5 44 40 U
44 6 44 30 D
44 7 44 1 U
44 8 44 31 D
44 9 44 3 U
44 10 44 32 D
44 11 44 5 U
44 12 44 34 D
44 13 44 7 U
44 14 44 8 U
44 15 44 35 D
44 16 44 10 U
44 17 44 36 D
44 18 44 12 U
44 19 44 37 D
44 20 44 14 U
44 21 44 38 D
44 22 44 16 U
44 23 44 17 U
44 24 44 39 D
44 25 44 19 U
44 26 44 41 D
44 27 44 21 U
44 28 44 42 D
44 29 44 23 U
44 30 44 24 U
44 31 44 43 D
44 32 44 26 U
44 33 44 44 D
44 34 44 28 U
44 35 44 45 D
44 36 44 30 U
44 37 44 46 D
44 38 44 32 U
44 39 44 46 D
44 40 44 46 D
44 41 44 35 U
44 42 0 46 D
44 43 0 43 L
0 44 1 43 L
1 44 2 43 L
2 44 3 43 L
3 44 4 43 L
4 44 5 43 L
5 44 6 43 L
6 44 7 43 L
7 44 8 43 L
8 44 9 43 L
9 44 10 43 L
10 44 11 43 L
11 44 12 43 L
12 44 13 43 L
13 44 14 43 L
14 44 15 43 L
15 44 16 43 L
16 44 17 43 L
17 44 18 13 R
18 44 19 43 L
19 44 20 43 L
20 44 21 43 L
21 44 22 1 L
22 44 23 3 L
23 44 24 5 L
24 44 25 7 L
25 44 26 9 L
26 44 27 11 L
27 44 28 13 L
28 44 29 14 L
29 44 30 16 L
30 44 31 18 L
31 44 32 20 L
32 44 33 22 L
33 44 34 23 L
34 44 35 27 L
35 44 36 29 L
36 44 37 30 L
37 44 38 32 L
38 44 39 34 L
39 44 40 36 L
40 44 41 38 L
41 44 0 41 L
42 44 43 43 L
43 44 44 44 L
44 44 45 44 L
45 0 45 44 L
45 1 45 44 L
45 2 45 44 L
45 3 45 44 L
45 4 45 44 L
45 5 45 44 L
45 6 45 44 L
45 7 45 44 L
45 8 45 44 L
45 9 45 44 L
45 10 45 44 L
45 11 45 44 L
45 12 45 44 L
45 13 45 44 L
45 14 45 44 L
45 15 45 44 L
45 16 45 44 L
45 17 45 44 L
45 18 45 44 L
45 19 45 44 L
45 20 45 44 L
45 21 45 44 L
45 22 45 44 L
45 23 45 44 L
45 24 45 38 R
45 25 45 44 L
45 26 45 44 L
45 27 45 44 L
45 28 45 44 L
45 29 45 44 L
45 30 45 44 L
45 31 45 44 L
45 32 45 44 L
45 33 45 44 L
45 34 45 44 L
45 35 0 44 L
45 36 45 19 L
45 37 45 21 L
45 38 0 25 L
45 39 45 1 D
45 40 45 43 R
45 41 0 2 D
45 42 45 42 U
45 43 45 45 R
45 44 0 42 U
0 45 1 5 D
1 45 2 42 U
2 45 0 42 U
3 45 0 42 U
4 45 5 8 D
5 45 6 42 U
6 45 0 42 U
7 45 8 42 U
8 45 0 45 L
9 45 10 12 D
10 45 11 42 U
11 45 12 13 D
12 45 13 45 R
13 45 14 14 D
14 45 15 0 U
15 45 16 16 D
16 45 17 45 L
17 45 18 17 D
18 45 0 18 D
19 45 20 6 U
20 45 21 19 D
21 45 22 8 U
22 45 23 9 U
23 45 24 10 U
24 45 0 11 U
25 45 0 15 U
26 45 27 16 U
27 45 0 17 U
28 45 29 31 D
29 45 30 32 D
30 45 31 21 U
31 45 32 34 D
32 45 33 23 U
33 45 34 36 D
34 45 35 25 U
35 45 36 38 D
36 45 37 27 U
37 45 0 40 D
38 45 39 41 D
39 45 40 31 U
40 45 41 43 D
41 45 42 44 D
42 45 43 45 D
43 45 44 46 D
44 45 45 47 D
45 45 46 47 D
46 0 46 47 D
46 1 46 47 D
46 2 46 47 D
46 3 46 41 U
46 4 46 47 D
46 5 46 47 D
46 6 46 43 U
46 7 46 47 D
46 8 46 47 D
46 9 46 47 D
46 10 46 43 U
46 11 46 47 D
46 12 0 43 U
46 13 46 47 D
46 14 46 47 D
46 15 46 47 D
46 16 46 46 R
46 17 46 47 D
46 18 46 47 D
46 19 46 47 D
46 20 46 47 D
46 21 46 43 U
46 22 46 47 D
46 23 46 47 D
46 24 46 47 D
46 25 46 43 U
46 26 46 47 D
46 27 46 47 D
46 28 46 47 D
46 29 46 47 D
46 30 46 47 D
46 31 46 47 D
46 32 46 47 D
46 33 46 46 R
46 34 46 47 D
46 35 46 47 D
46 36 46 47 D
46 37 46 47 D
46 38 46 47 D
46 39 46 47 D
46 40 46 25 U
46 41 46 47 D
46 42 46 47 D
46 43 46 47 D
46 44 46 47 D
46 45 0 47 D
0 46 1 47 D
1 46 2 47 D
2 46 3 0 D
3 46 0 1 D
4 46 5 2 D
5 46 6 44 U
6 46 7 44 U
7 46 8 46 R
8 46 9 44 U
9 46 0 44 U
10 46 11 44 U
11 46 12 44 U
12 46 13 44 U
13 46 14 0 U
14 46 15 1 U
15 46 16 2 U
16 46 17 3 U
17 46 18 4 U
18 46 19 5 U
19 46 20 6 U
20 46 21 7 U
21 46 22 8 U
22 46 23 9 U
23 46 24 10 U
24 46 25 11 U
25 46 26 12 U
26 46 27 14 U
27 46 28 15 U
28 46 29 16 U
29 46 30 17 U
30 46 31 18 U
31 46 32 20 U
32 46 33 0 R
33 46 34 22 U
34 46 35 23 U
35 46 36 24 U
36 46 37 26 U
37 46 38 27 U
38 46 39 28 U
39 46 40 29 U
40 46 41 30 U
41 46 42 31 U
42 46 43 32 U
43 46 44 33 U
44 46 45 34 U
45 46 0 35 U
46 46 47 36 U
47 0 0 37 U
47 1 47 47 D
47 2 0 4 R
47 3 47 42 U
47 4 0 44 U
47 5 47 48 D
47 6 0 45 U
47 7 0 45 U
47 8 47 48 D
47 9 0 45 U
47 10 47 45 U
47 11 0 9 L
47 12 47 48 D
47 13 47 11 L
47 14 47 48 D
47 15 47 45 U
47 16 47 48 D
47 17 47 48 D
47 18 0 48 D
47 19 47 24 R
47 20 47 45 U
47 21 47 45 U
47 22 47 45 U
47 23 0 45 U
47 24 47 20 L
47 25 47 21 L
47 26 0 22 L
47 27 0 25 L
47 28 47 45 U
47 29 47 33 R
47 30 0 45 U
47 31 47 48 D
47 32 47 48 D
47 33 47 45 U
47 34 47 48 D
47 35 47 45 U
47 36 47 48 D
47 37 47 45 U
47 38 47 48 D
47 39 47 45 U
47 40 0 30 L
47 41 47 48 D
47 42 47 45 U
47 43 47 48 D
47 44 47 48 D
47 45 47 48 D
47 46 0 48 D
0 47 1 48 D
1 47 2 48 D
2 47 3 48 D
3 47 4 48 D
4 47 5 48 D
5 47 6 3 U
6 47 7 48 D
7 47 8 48 D
8 47 9 6 U
9 47 10 48 D
10 47 11 48 D
11 47 12 10 U
12 47 13 48 D
13 47 0 12 U
14 47 15 48 D
15 47 16 48 D
16 47 17 48 D
17 47 18 0 D
18 47 19 4 D
19 47 20 5 D
20 47 21 7 D
21 47 22 21 U
22 47 23 12 D
23 47 24 13 D
24 47 25 15 D
25 47 26 25 U
26 47 27 17 D
27 47 28 18 D
28 47 29 20 D
29 47 30 21 D
30 47 31 23 D
31 47 32 24 D
32 47 33 25 D
33 47 34 33 U
34 47 35 27 D
35 47 36 29 D
36 47 37 30 D
37 47 38 31 D
38 47 39 32 D
39 47 40 34 D
40 47 41 40 U
41 47 42 36 D
42 47 43 37 D
43 47 44 38 D
44 47 45 39 D
45 47 46 40 D
46 47 47 41 D
47 47 48 42 D
48 0 48 7 R
48 1 0 43 D
48 2 48 46 D
48 3 48 46 U
48 4 48 46 U
48 5 48 46 U
48 6 48 46 U
48 7 48 44 R
48 8 0 47 L
48 9 48 46 U
48 10 48 46 U
48 11 48 46 U
48 12 48 46 U
48 13 48 46 U
48 14 48 46 U
48 15 48 46 U
48 16 48 46 U
48 17 48 46 U
48 18 48 46 U
48 19 48 46 U
48 20 48 46 U
48 21 48 46 U
48 22 48 46 U
48 23 48 46 U
48 24 48 46 U
48 25 48 46 U
48 26 48 46 U
48 27 48 46 U
48 28 48 46 U
48 29 48 46 U
48 30 48 46 R
48 31 48 46 U
48 32 48 46 U
48 33 48 46 U
48 34 48 46 U
48 35 48 46 U
48 36 48 46 U
48 37 48 46 U
48 38 48 46 U
48 39 48 46 U
48 40 48 46 U
48 41 48 46 U
48 42 48 46 U
48 43 48 46 U
48 44 48 6 D
48 45 0 46 U
48 46 0 46 U
48 47 0 48 R
0 48 0 3 U
1 48 0 6 U
2 48 0 7 U
3 48 0 48 L
4 48 0 10 U
5 48 6 48 L
6 48 7 15 U
7 48 8 48 R
8 48 9 48 R
9 48 0 48 R
10 48 11 48 R
11 48 12 48 R
12 48 0 23 U
13 48 14 48 R
14 48 0 26 U
15 48 0 27 U
16 48 17 28 U
17 48 0 29 U
18 48 19 51 D
19 48 20 51 D
20 48 21 51 D
21 48 22 35 U
22 48 23 51 D
23 48 24 37 U
24 48 25 51 D
25 48 0 39 U
26 48 27 51 D
27 48 28 42 U
28 48 29 1 R
29 48 30 2 R
30 48 31 3 R
31 48 32 6 R
32 48 33 8 R
33 48 34 9 R
34 48 35 10 R
35 48 36 14 R
36 48 37 51 D
37 48 38 47 U
38 48 39 19 R
39 48 40 22 R
40 48 41 51 D
41 48 42 47 U
42 48 43 28 R
43 48 44 33 R
44 48 45 51 D
45 48 0 47 U
46 48 47 51 D
47 48 48 44 R
48 48 49 45 R
49 0 49 51 D
49 1 49 48 R
49 2 49 49 R
49 3 49 49 R
49 4 49 49 R
49 5 49 49 R
49 6 49 49 R
49 7 49 51 D
49 8 49 49 R
49 9 49 49 R
49 10 49 49 R
49 11 49 47 U
49 12 49 49 R
49 13 49 51 D
49 14 49 49 R
49 15 49 49 R
49 16 49 47 U
49 17 49 49 R
49 18 49 51 D
49 19 49 49 R
49 20 49 49 R
49 21 49 49 R
49 22 49 49 R
49 23 49 49 R
49 24 49 49 R
49 25 49 51 D
49 26 49 47 U
49 27 49 49 R
49 28 49 49 R
49 29 49 49 R
49 30 49 49 R
49 31 49 49 R
49 32 49 51 D
49 33 49 49 R
49 34 49 51 D
49 35 49 47 U
49 36 49 49 R
49 37 49 49 R
49 38 49 51 D
49 39 49 49 R
49 40 49 49 R
49 41 49 49 R
49 42 49 51 D
49 43 0 51 D
49 44 49 1 R
49 45 49 1 R
49 46 49 2 R
49 47 49 3 U
49 48 0 4 U
0 49 1 0 R
1 49 2 2 R
2 49 3 3 R
3 49 4 3 R
4 49 5 1 R
5 49 6 4 R
6 49 7 4 R
7 49 8 0 R
8 49 9 1 R
9 49 10 4 R
10 49 11 5 R
11 49 12 16 L
12 49 13 5 R
13 49 14 0 R
14 49 15 2 R
15 49 16 4 R
16 49 17 5 R
17 49 18 6 R
18 49 19 6 R
19 49 20 6 R
20 49 21 0 R
21 49 22 2 R
22 49 23 4 R
23 49 24 6 R
24 49 25 7 R
25 49 26 7 R
26 49 27 7 R
27 49 28 5 U
28 49 29 6 U
29 49 30 0 R
30 49 31 2 R
31 49 32 4 R
32 49 0 8 U
0 0 1 9 U
1 0 0 49 R
0 1 1 10 U
1 1 2 49 R
2 0 2 11 U
2 1 0 49 R
0 2 1 12 U
1 2 2 49 R
2 2 3 13 U
3 0 3 49 R
3 1 3 14 U
3 2 0 49 R
0 3 1 15 U
1 3 2 49 R
2 3 3 16 U
3 3 4 49 R
4 0 4 17 U
4 1 4 49 R
4 2 4 18 U
4 3 0 1 R
0 4 1 19 U
1 4 2 3 R
2 4 3 20 U
3 4 4 5 R
4 4 5 21 U
5 0 5 7 R
5 1 5 9 R
5 2 5 22 U
5 3 5 23 U
5 4 0 13 R
0 5 1 24 U
1 5 2 15 R
2 5 3 49 L
3 5 4 17 R
4 5 5 25 U
5 5 6 26 U
6 0 6 19 R
6 1 6 27 U
6 2 6 21 R
6 3 6 28 U
6 4 6 24 R
6 5 0 26 R
0 6 1 29 U
1 6 2 28 R
2 6 3 30 U
3 6 4 30 R
4 6 5 31 U
5 6 6 32 R
6 6 7 32 U
7 0 7 34 R
7 1 7 33 U
7 2 7 36 R
7 3 7 34 U
7 4 7 38 R
7 5 7 35 U
7 6 0 40 R
0 7 1 36 U
1 7 2 37 U
2 7 3 43 R
3 7 4 38 U
4 7 5 45 R
5 7 6 39 U
6 7 7 47 R
7 7 8 40 U
8 0 8 49 R
8 1 8 41 U
8 2 8 50 R
8 3 8 42 U
8 4 8 50 R
8 5 8 43 U
8 6 8 50 R
8 7 0 45 U
33 49 34 50 R
34 49 35 1 L
35 49 36 50 R
36 49 37 0 L
37 49 38 50 R
38 49 39 2 L
39 49 40 50 R
40 49 41 2 L
41 49 42 50 R
42 49 43 1 L
43 49 44 50 R
44 49 45 3 L
45 49 46 50 R
46 49 47 3 L
47 49 48 50 R
48 49 49 0 L
49 49 50 50 R
50 0 50 2 L
50 1 50 50 R
50 2 50 4 L
50 3 50 50 R
50 4 50 4 L
50 5 50 50 R
50 6 50 4 L
50 7 50 50 R
50 8 50 51 D
50 9 50 50 R
50 10 50 2 L
50 11 50 50 R
50 12 50 3 L
50 13 50 50 R
50 14 50 5 L
50 15 50 50 R
50 16 50 5 L
50 17 50 50 R
50 18 50 5 L
50 19 50 50 R
50 20 50 1 L
50 21 50 50 R
50 22 50 51 D
50 23 50 3 L
50 24 50 50 R
50 25 50 51 D
50 26 50 50 R
50 27 50 6 L
50 28 50 50 R
50 29 50 6 L
50 30 50 1 R
50 31 50 6 L
50 32 50 3 R
50 33 50 6 L
50 34 50 5 R
50 35 50 1 L
50 36 50 7 R
50 37 50 3 L
50 38 50 9 R
50 39 50 5 L
50 40 50 11 R
50 41 50 7 L
50 42 50 7 L
50 43 50 13 R
50 44 50 7 L
50 45 50 15 R
50 46 50 7 L
50 47 50 17 R
50 48 50 51 D
50 49 0 19 R
0 50 1 1 L
1 50 2 21 R
2 50 3 3 L
3 50 4 23 R
4 50 5 5 L
5 50 6 25 R
6 50 0 7 L
7 50 8 51 D
8 50 9 49 L
9 50 10 0 D
10 50 11 49 L
11 50 12 2 D
12 50 13 49 L
13 50 14 4 D
14 50 15 49 L
15 50 16 6 D
16 50 17 49 L
17 50 18 8 D
18 50 19 49 L
19 50 20 49 L
20 50 21 10 D
21 50 22 49 L
22 50 23 12 D
23 50 24 0 L
24 50 25 14 D
25 50 26 2 L
26 50 27 16 D
27 50 28 4 L
28 50 29 18 D
29 50 30 6 L
30 50 31 20 D
31 50 32 8 L
32 50 33 22 D
33 50 34 10 L
34 50 35 24 D
35 50 36 12 L
36 50 37 26 D
37 50 38 14 L
38 50 39 28 D
39 50 40 16 L
40 50 41 30 D
41 50 42 18 L
42 50 43 32 D
43 50 44 20 L
44 50 45 34 D
45 50 46 22 L
46 50 47 36 D
47 50 48 25 L
48 50 49 38 D
49 50 50 27 L
50 50 51 40 D
51 0 51 29 L
51 1 51 42 D
51 2 51 31 L
51 3 51 44 D
51 4 51 33 L
51 5 51 46 D
51 6 51 35 L
51 7 51 48 D
51 8 51 37 L
51 9 51 50 D
51 10 51 39 L
51 11 51 52 D
51 12 51 41 L
51 13 51 52 D
51 14 51 44 L
51 15 51 52 D
51 16 51 46 L
51 17 51 52 D
51 18 51 48 L
51 19 51 52 D
51 20 51 50 L
51 21 51 52 D
51 22 51 50 L
51 23 51 52 D
51 24 51 50 L
51 25 51 52 D
51 26 0 50 L
51 27 0 28 R
51 28 0 52 D
51 29 51 34 R
51 30 51 35 R
51 31 51 36 R
51 32 51 52 D
51 33 0 37 R
51 34 51 38 R
51 35 51 39 R
51 36 51 40 R
51 37 0 41 R
51 38 51 42 R
51 39 51 43 R
51 40 51 44 R
51 41 0 52 D
51 42 51 45 R
51 43 51 46 R
51 44 0 1 D
51 45 51 6 D
51 46 0 47 R
51 47 0 14 D
51 48 51 48 U
51 49 51 48 U
51 50 0 34 D
0 51 1 35 D
1 51 2 36 D
2 51 3 37 D
3 51 4 48 U
4 51 5 39 D
5 51 6 48 U
6 51 7 50 L
7 51 0 48 U
8 51 9 41 D
9 51 10 48 U
10 51 11 51 R
11 51 12 48 U
12 51 13 48 U
13 51 14 45 D
14 51 15 48 U
15 51 16 47 D
16 51 0 48 U
17 51 18 48 D
18 51 19 51 R
19 51 20 49 D
20 51 21 11 U
21 51 22 50 D
22 51 23 51 R
23 51 24 51 D
24 51 25 52 D
25 51 26 26 U
26 51 27 53 D
27 51 28 53 D
28 51 29 35 U
29 51 30 53 D
30 51 31 51 L
31 51 0 53 D
32 51 33 47 U
33 51 34 51 L
34 51 35 51 R
35 51 36 49 U
36 51 37 49 U
37 51 0 49 U
38 51 39 0 U
39 51 40 3 U
40 51 41 51 L
41 51 42 5 U
42 51 0 7 U
43 51 44 51 L
44 51 45 11 U
45 51 46 53 D
46 51 47 23 U
47 51 48 53 D
48 51 49 42 U
49 51 0 53 D
50 51 51 53 D
51 51 52 50 U
52 0 52 53 D
52 1 52 50 U
52 2 52 53 D
52 3 52 50 U
52 4 52 53 D
52 5 52 50 U
52 6 52 53 D
52 7 52 50 U
52 8 52 53 D
52 9 52 50 U
52 10 52 53 D
52 11 52 50 U
52 12 52 53 D
52 13 52 50 U
52 14 52 53 D
52 15 52 50 U
52 16 52 53 D
52 17 52 50 U
52 18 52 53 D
52 19 52 50 U
52 20 52 53 D
52 21 52 50 U
52 22 52 53 D
52 23 52 50 U
52 24 52 53 D
52 25 52 50 U
52 26 52 53 D
52 27 52 50 U
52 28 52 53 D
52 29 52 50 U
52 30 52 53 D
52 31 52 50 U
52 32 52 53 D
52 33 52 50 U
52 34 52 0 D
52 35 52 50 U
52 36 52 2 D
52 37 52 50 U
52 38 52 4 D
52 39 52 50 U
52 40 52 6 D
52 41 52 0 U
52 42 52 8 D
52 43 52 2 U
52 44 52 10 D
52 45 52 4 U
52 46 52 12 D
52 47 52 6 U
52 48 52 14 D
52 49 52 8 U
52 50 52 16 D
52 51 0 10 U
0 52 1 18 D
1 52 2 12 U
2 52 3 20 D
3 52 4 14 U
4 52 5 22 D
5 52 6 16 U
6 52 7 23 D
7 52 8 18 U
8 52 9 25 D
9 52 10 20 U
10 52 11 27 D
11 52 12 22 U
12 52 13 29 D
13 52 14 24 U
14 52 15 31 D
15 52 0 26 U
16 52 17 27 U
17 52 18 54 D
18 52 0 52 R
19 52 20 54 D
20 52 0 5 D
21 52 22 29 U
22 52 23 30 U
23 52 24 52 R
24 52 25 52 R
25 52 26 52 R
26 52 27 31 U
27 52 28 52 R
28 52 29 52 R
29 52 30 32 U
30 52 31 42 D
31 52 32 52 R
32 52 33 52 R
33 52 34 50 D
34 52 0 33 U
35 52 36 52 R
36 52 37 52 R
37 52 38 52 R
38 52 39 55 D
39 52 40 52 R
40 52 41 52 R
41 52 42 52 R
42 52 0 52 L
43 52 44 52 R
44 52 45 52 R
45 52 46 0 R
46 52 47 55 D
47 52 48 2 R
48 52 49 4 R
49 52 50 52 L
50 52 0 55 D
51 52 52 7 R
52 52 53 8 R
53 0 53 9 R
53 1 53 2 D
53 2 53 10 R
53 3 53 11 R
53 4 53 12 R
53 5 0 52 L
53 6 53 19 D
53 7 53 15 R
53 8 53 22 D
53 9 53 17 R
53 10 53 19 R
53 11 53 21 R
53 12 53 22 R
53 13 0 5 L
53 14 53 32 D
53 15 53 24 R
53 16 53 33 D
53 17 53 26 R
53 18 53 34 D
53 19 53 28 R
53 20 53 37 D
53 21 53 39 D
53 22 53 30 R
53 23 0 13 L
53 24 53 40 D
53 25 53 16 L
53 26 53 41 D
53 27 53 18 L
53 28 53 43 D
53 29 53 20 L
53 30 53 45 D
53 31 0 23 L
53 32 53 48 U
53 33 53 49 U
53 34 0 49 D
53 35 53 50 D
53 36 53 51 D
53 37 53 52 D
53 38 53 51 U
53 39 53 51 U
53 40 0 51 U
53 41 53 55 D
53 42 53 51 U
53 43 53 51 U
53 44 53 51 U
53 45 53 56 D
53 46 53 51 U
53 47 0 53 R
53 48 53 56 D
53 49 53 56 D
53 50 53 56 D
53 51 53 43 L
53 52 0 51 U
0 53 1 56 D
1 53 2 56 D
2 53 3 51 U
3 53 4 53 R
4 53 5 53 R
5 53 0 56 D
6 53 7 51 U
7 53 8 51 U
8 53 9 53 R
9 53 0 51 U
10 53 11 51 U
11 53 12 51 U
12 53 0 51 U
13 53 14 51 U
14 53 15 51 U
15 53 16 56 D
16 53 17 51 U
17 53 0 56 D
18 53 19 56 D
19 53 20 51 U
20 53 21 34 R
21 53 22 1 U
22 53 23 36 R
23 53 24 3 U
24 53 25 56 D
25 53 26 5 U
26 53 27 56 D
27 53 28 7 U
28 53 29 39 R
29 53 30 9 U
30 53 31 41 R
31 53 32 11 U
32 53 33 43 R
33 53 34 13 U
34 53 35 45 R
35 53 36 15 U
36 53 37 56 D
37 53 38 17 U
38 53 39 48 R
39 53 40 19 U
40 53 41 56 D
41 53 42 21 U
42 53 43 51 R
43 53 44 23 U
44 53 45 56 D
45 53 46 25 U
46 53 47 56 D
47 53 48 27 U
48 53 49 56 D
49 53 50 29 U
50 53 51 56 D
51 53 52 31 U
52 53 53 54 R
53 53 54 33 U
54 0 54 56 D
54 1 54 35 U
54 2 54 54 R
54 3 54 37 U
54 4 54 56 D
54 5 54 39 U
54 6 54 54 R
54 7 54 41 U
54 8 54 54 R
54 9 54 43 U
54 10 54 56 D
54 11 54 45 U
54 12 54 54 R
54 13 54 47 U
54 14 54 54 R
54 15 54 49 U
54 16 54 56 D
54 17 54 51 U
54 18 54 56 D
54 19 54 52 U
54 20 54 56 D
54 21 54 52 U
54 22 54 52 U
54 23 54 54 R
54 24 54 52 U
54 25 54 56 D
54 26 54 52 U
54 27 54 54 R
54 28 54 52 U
54 29 54 56 D
54 30 54 52 U
54 31 54 56 D
54 32 0 52 U
54 33 54 53 L
54 34 54 54 R
54 35 54 53 L
54 36 54 52 U
54 37 54 53 L
54 38 54 53 L
54 39 54 54 R
54 40 54 53 L
54 41 54 54 R
54 42 54 53 L
54 43 54 54 R
54 44 54 53 L
54 45 54 54 R
54 46 54 53 L
54 47 54 53 L
54 48 54 54 R
54 49 54 53 L
54 50 54 53 L
54 51 54 54 R
54 52 54 53 L
54 53 0 53 L
0 54 1 53 L
1 54 2 53 L
2 54 3 53 L
3 54 4 54 R
4 54 5 53 L
5 54 6 1 L
6 54 7 54 R
7 54 8 3 L
8 54 9 5 L
9 54 10 52 U
10 54 11 7 L
11 54 12 0 R
12 54 13 9 L
13 54 14 11 L
14 54 15 3 R
15 54 16 13 L
16 54 17 52 U
17 54 18 15 L
18 54 19 17 L
19 54 20 19 L
20 54 21 21 L
21 54 22 9 R
22 54 23 24 L
23 54 24 26 L
24 54 25 12 R
25 54 26 28 L
26 54 27 30 L
27 54 0 32 L
28 54 29 33 L
29 54 30 17 R
30 54 31 35 L
31 54 32 37 L
32 54 33 38 L
33 54 34 20 R
34 54 35 40 L
35 54 36 22 R
36 54 37 42 L
37 54 38 24 R
38 54 39 44 L
39 54 40 26 R
40 54 41 46 L
41 54 42 47 L
42 54 43 28 R
43 54 44 49 L
44 54 45 30 R
45 54 46 52 L
46 54 47 53 L
47 54 48 54 L
48 54 49 54 L
49 54 50 35 R
50 54 51 54 L
51 54 52 54 L
52 54 53 38 R
53 54 54 54 L
54 54 55 54 L
55 0 55 41 R
55 1 55 54 L
55 2 55 54 L
55 3 55 44 R
55 4 55 54 L
55 5 55 54 L
55 6 55 54 L
55 7 55 54 L
55 8 55 54 L
55 9 55 49 R
55 10 55 54 L
55 11 55 54 L
55 12 55 52 R
55 13 55 54 L
55 14 55 54 L
55 15 0 54 L
55 16 55 54 L
55 17 55 52 U
55 18 55 54 L
55 19 55 54 L
55 20 55 52 U
55 21 55 54 L
55 22 55 52 U
55 23 55 54 L
55 24 55 52 U
55 25 55 54 L
55 26 55 52 U
55 27 55 54 L
55 28 55 52 U
55 29 55 54 L
55 30 55 52 U
55 31 55 54 L
55 32 55 54 L
55 33 55 54 L
55 34 55 54 L
55 35 55 55 R
55 36 55 54 L
55 37 55 54 L
55 38 55 52 U
55 39 55 54 L
55 40 55 54 L
55 41 55 52 U
55 42 55 1 L
55 43 55 2 L
55 44 55 52 U
55 45 55 4 L
55 46 55 6 L
55 47 55 7 L
55 48 55 8 L
55 49 55 52 U
55 50 55 10 L
55 51 55 11 L
55 52 55 52 U
55 53 55 13 L
55 54 0 14 L
0 55 0 15 L
1 55 2 16 L
2 55 3 18 L
3 55 4 19 L
4 55 5 21 L
5 55 6 23 L
6 55 7 25 L
7 55 8 27 L
8 55 9 29 L
9 55 10 56 D
10 55 11 31 L
11 55 12 32 L
12 55 13 33 L
13 55 14 34 L
14 55 15 55 R
15 55 16 36 L
16 55 17 37 L
17 55 18 39 L
18 55 19 40 L
19 55 20 43 L
20 55 21 45 L
21 55 22 46 L
22 55 23 47 L
23 55 24 48 L
24 55 25 51 L
25 55 26 53 L
26 55 0 54 L
27 55 28 55 L
28 55 29 55 L
29 55 30 55 L
30 55 31 55 L
31 55 32 55 L
32 55 33 55 L
33 55 34 55 L
34 55 35 55 L
35 55 36 55 L
36 55 37 55 L
37 55 38 55 L
38 55 39 55 L
39 55 40 7 R
40 55 41 55 L
41 55 42 55 L
42 55 43 55 L
43 55 44 55 L
44 55 45 55 L
45 55 46 55 L
46 55 47 55 L
47 55 48 55 L
48 55 49 55 L
49 55 50 56 D
50 55 51 55 L
51 55 0 55 L
52 55 53 55 L
53 55 54 55 L
54 55 55 55 L
55 55 56 55 L
56 0 56 55 L
56 1 56 55 L
56 2 56 55 L
56 3 56 55 L
56 4 56 55 L
56 5 56 55 L
56 6 56 55 L
56 7 56 25 R
56 8 56 55 L
56 9 56 55 L
56 10 56 55 L
56 11 56 55 L
56 12 56 55 L
56 13 56 3 U
56 14 56 55 L
56 15 56 55 L
56 16 56 55 L
56 17 56 55 L
56 18 0 55 L
56 19 56 55 L
56 20 56 55 L
56 21 56 55 L
56 22 56 0 L
56 23 56 1 L
56 24 56 3 L
56 25 56 8 L
56 26 56 9 L
56 27 56 11 L
56 28 56 12 L
56 29 56 14 L
56 30 56 15 L
56 31 0 16 L
56 32 56 20 L
56 33 56 21 L
56 34 56 23 L
56 35 56 24 L
56 36 56 26 L
56 37 56 27 L
56 38 56 28 L
56 39 0 29 L
56 40 56 25 U
56 41 56 10 D
56 42 56 27 U
56 43 56 11 D
56 44 56 29 U
56 45 56 13 D
56 46 0 31 U
56 47 56 32 U
56 48 56 33 U
56 49 0 17 D
56 50 56 18 D
56 51 56 19 D
56 52 56 20 D
56 53 56 38 U
56 54 0 40 U
56 55 0 42 U
0 56 1 44 U
1 56 2 24 D
2 56 0 46 U
3 56 4 25 D
4 56 5 26 D
5 56 6 27 D
6 56 7 28 D
7 56 8 53 U
8 56 0 29 D
9 56 10 53 U
10 56 0 53 U
11 56 12 53 U
12 56 0 53 U
13 56 14 53 U
14 56 15 38 D
15 56 16 53 U
16 56 0 40 D
17 56 18 41 D
18 56 19 42 D
19 56 20 43 D
20 56 21 53 U
21 56 22 44 D
22 56 23 56 R
23 56 24 45 D
24 56 25 46 D
25 56 26 47 D
26 56 27 48 D
27 56 28 56 R
28 56 29 49 D
29 56 30 56 R
30 56 31 50 D
31 56 32 51 D
32 56 33 52 D
33 56 34 53 D
34 56 35 54 D
35 56 0 55 D
36 56 37 50 U
37 56 38 54 U
38 56 39 56 R
39 56 0 56 R
40 56 41 54 U
41 56 42 56 R
42 56 0 56 R
43 56 44 56 R
44 56 45 56 R
45 56 0 55 U
46 56 47 57 D
47 56 48 56 R
48 56 0 55 U
49 56 50 55 U
50 56 51 56 R
51 56 0 57 D
52 56 53 55 U
53 56 54 4 U
54 56 55 5 U
55 56 56 6 U
56 56 57 4 R
57 0 57 10 U
57 1 57 13 U
57 2 57 17 U
57 3 0 18 U
57 4 57 8 R
57 5 57 30 U
57 6 0 31 U
57 7 57 35 U
57 8 57 36 U
57 9 0 38 U
57 10 57 42 U
57 11 57 57 D
57 12 57 44 U
57 13 57 57 D
57 14 0 46 U
57 15 57 47 U
57 16 57 48 U
57 17 0 57 D
57 18 57 57 D
57 19 57 57 D
57 20 57 57 D
57 21 57 53 U
57 22 0 54 U
57 23 57 56 U
57 24 0 56 U
57 25 57 30 R
57 26 57 57 D
57 27 57 31 R
57 28 57 57 D
57 29 0 33 R
57 30 57 34 R
57 31 57 36 R
57 32 57 56 U
57 33 0 56 U
57 34 57 56 U
57 35 57 56 U
57 36 0 37 R
57 37 57 56 U
57 38 57 57 D
57 39 57 56 U
57 40 0 57 D
57 41 57 0 D
57 42 57 56 R
57 43 57 56 U
57 44 57 1 D
57 45 57 2 D
57 46 57 57 R
57 47 57 3 D
57 48 57 4 D
57 49 57 5 D
57 50 57 6 D
57 51 57 7 D
57 52 57 8 D
57 53 57 57 R
57 54 57 9 D
57 55 0 57 R
57 56 0 57 R
0 57 1 56 U
1 57 2 57 R
2 57 0 57 R
3 57 4 57 R
4 57 5 56 U
5 57 6 57 R
6 57 0 57 R
7 57 8 57 R
8 57 9 57 R
9 57 0 56 U
10 57 11 57 R
11 57 12 57 R
12 57 0 57 R
13 57 14 56 U
14 57 15 57 R
15 57 16 57 R
16 57 0 58 D
17 57 18 56 U
18 57 19 57 R
19 57 20 56 U
20 57 21 56 U
21 57 22 56 U
22 57 23 0 U
23 57 24 1 U
24 57 25 57 R
25 57 26 2 U
26 57 0 3 U
27 57 28 57 R
28 57 29 5 U
29 57 0 6 U
30 57 31 7 U
31 57 0 9 U
32 57 33 58 D
33 57 34 12 U
34 57 35 58 D
35 57 0 14 U
36 57 37 15 U
37 57 38 16 U
38 57 0 58 D
39 57 40 58 D
40 57 41 57 L
41 57 42 21 U
42 57 0 22 U
43 57 0 23 U
44 57 45 57 R
45 57 46 57 L
46 57 0 57 R
47 57 48 57 R
48 57 49 57 L
49 57 50 57 R
50 57 0 32 U
51 57 52 35 U
52 57 53 57 L
53 57 54 57 R
54 57 0 57 L
55 57 56 57 L
56 57 57 39 U
57 57 0 57 L
58 0 58 10 R
58 1 58 11 R
58 2 58 12 R
58 3 58 13 R
58 4 58 14 R
58 5 58 15 R
58 6 58 16 R
58 7 58 17 R
58 8 58 18 R
58 9 0 19 R
58 10 58 20 R
58 11 58 21 R
58 12 58 22 R
58 13 58 23 R
58 14 58 24 R
58 15 58 25 R
58 16 58 26 R
58 17 58 27 R
58 18 58 28 R
58 19 0 29 R
58 20 58 30 R
58 21 58 57 U
58 22 58 31 R
58 23 58 32 R
58 24 58 33 R
58 25 58 34 R
58 26 58 35 R
58 27 58 36 R
58 28 58 37 R
58 29 0 39 R
58 30 58 40 R
58 31 58 41 R
58 32 58 42 R
58 33 58 43 R
58 34 58 44 R
58 35 58 45 R
58 36 58 46 R
58 37 58 47 R
58 38 58 49 R
58 39 0 50 R
58 40 58 51 R
58 41 58 52 R
58 42 58 53 R
58 43 58 54 R
58 44 58 55 R
58 45 58 56 R
58 46 58 57 R
58 47 58 58 R
58 48 58 38 L
58 49 58 58 R
58 50 0 58 R
58 51 58 58 R
58 52 58 58 R
58 53 58 58 R
58 54 58 58 R
58 55 58 58 R
58 56 58 58 R
58 57 0 58 R
0 58 1 58 R
1 58 2 48 L
2 58 3 58 R
3 58 0 58 R
4 58 5 57 U
5 58 6 35 D
6 58 7 57 U
7 58 8 37 D
8 58 9 57 U
9 58 10 58 R
10 58 11 57 U
11 58 12 40 D
12 58 13 57 U
13 58 14 58 R
14 58 15 42 D
15 58 16 57 U
16 58 17 44 D
17 58 18 45 D
18 58 19 57 U
19 58 20 47 D
20 58 0 57 U
21 58 22 49 D
22 58 23 58 R
23 58 0 57 U
24 58 0 57 U
25 58 26 57 U
26 58 27 51 D
27 58 0 57 U
28 58 29 57 U
29 58 0 58 R
30 58 31 58 L
31 58 0 57 U
32 58 0 58 R
33 58 34 58 L
34 58 0 58 R
35 58 36 58 L
36 58 37 58 R
37 58 0 58 R
38 58 39 58 L
39 58 40 58 R
40 58 41 58 L
41 58 0 58 R
42 58 43 58 L
43 58 44 58 R
44 58 45 58 L
45 58 0 58 R
46 58 47 58 L
47 58 48 58 R
48 58 49 58 L
49 58 50 58 R
50 58 0 58 R
51 58 52 58 L
52 58 53 0 R
53 58 54 58 L
54 58 55 2 R
55 58 56 58 L
56 58 57 4 R
57 58 0 6 R
58 58 59 58 L
59 0 59 8 R
59 1 59 58 L
59 2 59 10 R
59 3 59 58 L
59 4 59 12 R
59 5 59 58 L
59 6 0 14 R
59 7 59 58 L
59 8 59 16 R
59 9 59 1 L
59 10 59 18 R
59 11 59 3 L
59 12 59 20 R
59 13 59 5 L
59 14 0 22 R
59 15 59 7 L
59 16 59 25 R
59 17 59 9 L
59 18 59 28 R
59 19 59 11 L
59 20 59 30 R
59 21 59 13 L
59 22 59 32 R
59 23 0 34 R
59 24 59 15 L
59 25 59 36 R
59 26 59 38 R
59 27 59 17 L
59 28 59 41 R
59 29 59 19 L
59 30 59 43 R
59 31 59 21 L
59 32 59 46 R
59 33 59 23 L
59 34 0 48 R
59 35 59 24 L
59 36 59 58 U
59 37 59 26 L
59 38 59 58 U
59 39 59 58 U
59 40 59 27 L
59 41 59 58 U
59 42 59 29 L
59 43 59 58 U
59 44 59 50 R
59 45 59 31 L
59 46 59 58 U
59 47 59 33 L
59 48 0 58 U
59 49 59 39 L
59 50 0 58 U
59 51 0 58 U
