21 21 440
0 2 3 3 4 2 5 5 1 3
4 6 6 3 6 7 7 7 4 6
7 8 2 7 9 9 3 9 10 10
0 6 11 11 5 11 12 0 9 13
13 13 2 8 14 14 0 0 6 10
13 15 15 15 3 9 16 16 16 2
5 10 16 17 17 0 5 10 16 18
18 18 18 0 6 11 19 19 3 8
9 11 14 18 20 20 20 20 1 0
3 4 6 9 12 15 18 19 0 0
0 2 1 2 R
1 2 0 0 D
2 2 3 3 R
3 0 3 3 R
3 1 0 2 L
3 2 0 3 R
0 3 1 0 R
1 3 2 1 R
2 3 0 1 L
3 3 4 3 R
4 0 4 4 R
4 1 4 6 D
4 2 0 3 L
4 3 0 4 R
0 4 1 4 R
1 4 0 2 L
2 4 3 0 R
3 4 4 1 R
4 4 0 4 L
5 0 5 3 R
5 1 5 4 R
5 2 0 5 R
5 3 5 5 R
5 4 0 5 R
0 5 0 7 D
1 5 2 5 R
2 5 0 7 D
3 5 0 7 D
4 5 5 7 D
5 5 6 2 U
6 0 0 3 D
6 1 6 4 D
6 2 6 5 L
6 3 6 6 R
6 4 0 0 U
6 5 0 2 U
0 6 1 1 L
1 6 2 2 L
2 6 0 8 D
3 6 4 6 L
4 6 5 6 L
5 6 0 2 D
6 6 0 6 L
7 0 7 6 L
7 1 0 4 U
7 2 7 0 L
7 3 7 7 R
7 4 7 2 U
7 5 0 9 D
7 6 0 7 R
0 7 1 2 L
1 7 2 2 D
2 7 3 3 D
3 7 0 5 L
4 7 5 6 D
5 7 0 7 D
6 7 0 9 D
7 7 8 10 D
8 0 8 5 U
8 1 8 7 R
8 2 8 10 D
8 3 0 10 D
8 4 8 10 D
8 5 8 3 U
8 6 8 8 R
8 7 0 8 R
0 8 1 2 L
1 8 0 4 U
2 8 3 5 U
3 8 4 5 D
4 8 5 8 R
5 8 6 0 R
6 8 0 8 L
7 8 8 6 U
8 8 9 4 R
9 0 9 5 R
9 1 9 8 L
9 2 0 11 D
9 3 9 8 L
9 4 9 8 R
9 5 9 11 D
9 6 0 1 L
9 7 9 3 L
9 8 0 9 R
0 9 1 6 L
1 9 2 1 U
2 9 0 9 R
3 9 4 7 L
4 9 5 3 U
5 9 6 7 D
6 9 7 4 U
7 9 8 9 L
8 9 0 5 R
9 9 10 6 U
10 0 10 7 U
10 1 10 9 L
10 2 10 12 D
10 3 10 12 D
10 4 10 7 U
10 5 0 8 R
10 6 10 12 D
10 7 10 12 D
10 8 0 9 R
10 9 0 2 D
0 10 1 10 R
1 10 2 7 D
2 10 3 0 U
3 10 4 1 U
4 10 5 0 R
5 10 0 9 D
6 10 7 2 R
7 10 8 11 D
8 10 9 5 U
9 10 10 6 U
10 10 11 10 L
11 0 11 7 R
11 1 0 8 U
11 2 11 9 R
11 3 11 13 D
11 4 11 8 U
11 5 11 13 D
11 6 11 10 L
11 7 11 11 R
11 8 0 1 L
11 9 11 11 R
11 10 0 3 L
0 11 1 11 R
1 11 2 6 L
2 11 3 11 R
3 11 4 8 L
4 11 0 13 D
5 11 6 10 L
6 11 7 11 R
7 11 8 11 L
8 11 9 5 D
9 11 10 1 R
10 11 0 11 L
11 11 12 5 R
12 0 12 11 L
12 1 12 11 R
12 2 12 11 L
12 3 12 9 U
12 4 0 9 U
12 5 12 12 R
12 6 12 9 U
12 7 12 14 D
12 8 12 9 U
12 9 12 14 D
12 10 12 0 L
12 11 0 12 R
0 12 1 9 U
1 12 2 0 U
2 12 3 1 U
3 12 4 1 D
4 12 5 12 R
5 12 6 9 L
6 12 7 10 L
7 12 8 4 U
8 12 0 1 R
9 12 10 14 D
10 12 11 14 D
11 12 12 3 R
12 12 13 12 L
13 0 13 12 L
13 1 0 14 D
13 2 13 14 D
13 3 13 12 L
13 4 0 0 L
13 5 13 10 R
13 6 13 10 U
13 7 13 1 D
13 8 13 10 U
13 9 0 2 D
13 10 13 13 R
13 11 13 5 D
13 12 0 10 U
0 13 1 8 L
1 13 0 10 U
2 13 3 13 R
3 13 4 8 D
4 13 5 4 U
5 13 6 13 L
6 13 7 13 L
7 13 0 13 R
8 13 9 0 R
9 13 10 11 U
10 13 11 13 L
11 13 12 13 L
12 13 13 4 R
13 13 0 15 D
14 0 14 6 R
14 1 14 15 D
14 2 14 13 L
14 3 14 13 L
14 4 14 10 R
14 5 0 15 D
14 6 14 15 D
14 7 14 1 L
14 8 14 2 L
14 9 14 3 L
14 10 14 14 R
14 11 14 2 U
14 12 14 3 U
14 13 0 4 U
0 14 1 6 U
1 14 2 7 L
2 14 3 8 L
3 14 4 9 L
4 14 5 8 U
5 14 0 5 D
0 0 1 7 D
1 0 0 12 U
0 1 1 12 U
1 1 2 14 L
2 0 2 14 L
2 1 0 12 U
6 14 7 14 D
7 14 8 16 D
8 14 9 0 L
9 14 0 16 D
10 14 11 16 D
11 14 12 14 L
12 14 0 4 U
13 14 14 5 U
14 14 15 16 D
15 0 15 6 U
15 1 15 16 D
15 2 0 16 D
15 3 15 14 L
15 4 15 16 D
15 5 15 16 D
15 6 0 12 U
15 7 15 3 L
15 8 15 0 D
15 9 15 13 U
15 10 15 4 L
15 11 0 15 R
15 12 15 13 U
15 13 15 9 L
15 14 0 10 L
0 15 1 9 D
1 15 2 11 D
2 15 0 15 R
3 15 4 13 L
4 15 5 14 L
5 15 6 15 L
6 15 7 15 D
7 15 8 15 R
8 15 0 15 R
9 15 10 17 D
10 15 11 15 L
11 15 12 15 L
12 15 13 15 L
13 15 14 6 R
14 15 15 11 U
15 15 16 12 U
16 0 0 13 U
16 1 16 15 L
16 2 16 15 L
16 3 16 15 L
16 4 16 14 U
16 5 16 17 D
16 6 0 12 R
16 7 16 17 D
16 8 16 1 L
16 9 16 2 L
16 10 16 0 U
16 11 16 1 U
16 12 16 17 D
16 13 0 1 U
16 14 16 8 L
16 15 0 9 L
0 16 1 17 D
1 16 0 1 D
2 16 3 15 L
3 16 4 14 U
4 16 0 14 U
5 16 6 14 U
6 16 7 5 D
7 16 8 0 U
8 16 9 16 R
9 16 0 16 R
10 16 11 1 R
11 16 12 9 D
12 16 13 2 R
13 16 14 6 U
14 16 15 11 D
15 16 0 5 R
16 16 17 7 U
17 0 17 6 R
17 1 17 7 R
17 2 17 8 R
17 3 17 16 L
17 4 17 11 U
17 5 0 12 R
17 6 17 12 U
17 7 17 13 R
17 8 17 14 R
17 9 17 18 D
17 10 17 3 L
17 11 17 18 D
17 12 0 16 R
17 13 17 17 R
17 14 17 17 R
17 15 17 10 L
17 16 0 17 R
0 17 1 18 D
1 17 2 17 R
2 17 3 17 R
3 17 4 15 U
4 17 0 0 U
5 17 6 17 R
6 17 7 3 U
7 17 8 17 R
8 17 9 4 U
9 17 0 11 D
10 17 11 14 D
11 17 12 10 U
12 17 13 11 U
13 17 14 17 R
14 17 15 19 D
15 17 0 13 U
16 17 17 19 D
17 17 18 19 D
18 0 18 2 R
18 1 0 19 D
18 2 18 16 U
18 3 0 16 U
18 4 18 16 U
18 5 18 7 R
18 6 0 16 U
18 7 18 13 R
18 8 18 6 L
18 9 18 14 R
18 10 18 16 U
18 11 0 16 R
18 12 18 16 U
18 13 18 18 R
18 14 18 18 R
18 15 18 10 L
18 16 18 18 R
18 17 0 4 U
0 18 1 18 R
1 18 2 18 R
2 18 3 19 D
3 18 4 15 L
4 18 5 18 R
5 18 0 2 D
6 18 7 3 D
7 18 8 18 R
8 18 9 18 R
9 18 10 18 R
10 18 0 18 R
11 18 12 18 L
12 18 13 8 D
13 18 14 4 R
14 18 15 9 D
15 18 16 6 R
16 18 17 11 D
17 18 18 9 R
18 18 19 10 R
19 0 19 12 R
19 1 19 12 D
19 2 0 17 U
19 3 19 18 L
19 4 19 15 R
19 5 19 18 L
19 6 19 14 D
19 7 19 17 U
19 8 19 18 L
19 9 19 17 U
19 10 19 16 D
19 11 19 0 L
19 12 19 18 R
19 13 0 1 L
19 14 19 3 L
19 15 19 5 L
19 16 19 17 U
19 17 19 8 L
19 18 0 19 R
0 19 1 20 D
1 19 2 17 U
2 19 0 13 L
3 19 4 20 D
4 19 5 17 L
5 19 6 0 U
6 19 7 19 R
7 19 0 19 L
8 19 0 3 U
9 19 10 4 U
10 19 0 19 R
11 19 12 19 L
12 19 13 8 U
13 19 0 19 R
14 19 15 12 U
15 19 16 19 L
16 19 17 1 R
17 19 0 17 U
18 19 19 19 L
19 19 20 5 R
20 0 20 18 U
20 1 20 7 R
20 2 0 19 L
20 3 20 20 D
20 4 20 19 L
20 5 20 10 R
20 6 20 0 L
20 7 0 18 U
20 8 20 20 D
20 9 20 4 L
20 10 20 6 L
20 11 20 20 D
20 12 20 20 D
20 13 0 2 U
20 14 20 20 D
20 15 20 7 U
20 16 0 19 R
20 17 20 16 U
20 18 20 15 L
20 19 0 20 R
0 20 0 19 U
1 20 2 18 L
2 20 0 19 U
3 20 0 19 U
4 20 5 19 U
5 20 0 20 L
6 20 7 20 L
7 20 8 19 U
8 20 0 20 L
9 20 10 20 L
10 20 11 20 L
11 20 0 20 L
12 20 13 20 L
13 20 14 20 L
14 20 0 20 L
15 20 16 20 L
16 20 17 20 L
17 20 0 13 U
18 20 0 20 R
19 20 0 17 U
