26 25 645
2 0 1 3 4 1 5 1 6 6 3
4 6 7 7 3 8 8 1 4 5 9
9 9 1 8 10 5 11 0 6 9 12
12 12 0 6 13 13 7 13 14 0 14
0 1 7 12 15 15 4 11 16 16 0
4 6 14 17 17 4 13 18 18 18 4
8 10 18 19 1 12 20 20 3 12 20
21 21 21 4 13 20 22 22 22 22 3
6 9 15 23 23 23 6 14 20 24 24
24 24 24 24 24 5 11 14 17 20 22
23 24 25 25 25 25 25 25 25 25 25
2 1 0 6 D
0 2 0 1 L
1 2 2 3 R
2 2 3 2 L
3 0 3 3 D
3 1 0 3 R
3 2 0 7 D
0 3 1 1 R
1 3 2 2 L
2 3 3 0 L
3 3 0 4 R
4 0 4 2 L
4 1 4 4 R
4 2 4 3 L
4 3 0 3 L
0 4 0 0 R
1 4 2 0 L
2 4 3 2 R
3 4 4 2 D
4 4 5 2 L
5 0 0 5 R
5 1 5 4 L
5 2 5 5 R
5 3 5 4 L
5 4 0 8 D
0 5 0 5 R
1 5 2 1 L
2 5 3 1 R
3 5 4 3 L
4 5 5 4 L
5 5 0 8 D
6 0 6 5 L
6 1 6 5 R
6 2 6 5 L
6 3 0 6 R
6 4 6 0 L
6 5 0 8 D
0 6 1 2 L
1 6 2 3 L
2 6 0 6 R
3 6 0 1 D
4 6 5 3 D
5 6 0 4 D
6 6 7 1 R
7 0 0 6 L
7 1 7 7 R
7 2 7 2 U
7 3 7 9 D
7 4 7 1 U
7 5 0 0 L
7 6 0 9 D
0 7 1 7 R
1 7 2 1 D
2 7 0 5 L
3 7 4 6 L
4 7 5 1 R
5 7 6 3 U
6 7 7 4 R
7 7 0 7 L
8 0 8 7 L
8 1 8 7 R
8 2 8 10 D
8 3 8 4 U
8 4 8 0 D
8 5 0 7 L
8 6 8 5 D
8 7 0 8 R
0 8 0 8 D
1 8 2 8 R
2 8 3 5 U
3 8 0 11 D
4 8 0 8 R
5 8 6 4 U
6 8 7 11 D
7 8 8 6 U
8 8 0 6 U
9 0 9 2 D
9 1 0 3 D
9 2 9 4 D
9 3 9 5 D
9 4 0 9 R
9 5 9 2 L
9 6 9 6 U
9 7 9 9 R
9 8 0 9 D
0 9 0 9 R
1 9 2 5 L
2 9 3 2 U
3 9 4 12 D
4 9 5 3 R
5 9 6 8 L
6 9 7 4 U
7 9 0 6 R
8 9 9 12 D
9 9 10 7 R
10 0 10 9 L
10 1 10 12 D
10 2 10 12 D
10 3 10 10 R
10 4 10 9 L
10 5 10 9 L
10 6 0 10 R
10 7 10 10 R
10 8 10 2 L
10 9 0 7 U
0 10 1 7 D
1 10 2 10 R
2 10 3 7 U
3 10 4 5 L
4 10 0 2 R
5 10 6 0 U
6 10 7 4 R
7 10 8 8 L
8 10 9 13 D
9 10 10 3 U
10 10 11 7 R
11 0 11 10 L
11 1 11 5 U
11 2 11 9 R
11 3 0 13 D
11 4 11 6 U
11 5 11 13 D
11 6 11 10 L
11 7 11 11 R
11 8 11 13 D
11 9 11 11 R
11 10 0 3 L
0 11 1 6 L
1 11 2 8 U
2 11 3 11 R
3 11 4 4 D
4 11 5 11 R
5 11 0 10 L
6 11 7 11 R
7 11 8 8 D
8 11 0 11 L
9 11 10 0 D
10 11 11 8 U
11 11 12 8 U
12 0 0 11 L
12 1 12 0 U
12 2 12 11 D
12 3 0 13 D
12 4 12 14 D
12 5 0 7 R
12 6 12 6 U
12 7 12 12 R
12 8 12 7 U
12 9 12 14 D
12 10 12 12 R
12 11 0 12 R
0 12 1 14 D
1 12 2 9 U
2 12 3 12 R
3 12 4 8 L
4 12 5 1 R
5 12 0 2 R
6 12 7 14 D
7 12 8 9 U
8 12 9 0 U
9 12 10 12 L
10 12 11 1 D
11 12 12 2 D
12 12 13 5 R
13 0 13 4 U
13 1 13 9 R
13 2 0 11 R
13 3 13 12 L
13 4 13 12 L
13 5 13 13 R
13 6 13 9 U
13 7 13 9 D
13 8 13 10 U
13 9 13 10 U
13 10 13 13 R
13 11 0 13 R
13 12 0 10 U
0 13 1 4 L
1 13 2 15 D
2 13 3 10 U
3 13 4 13 R
4 13 5 1 U
5 13 6 15 D
6 13 0 13 R
7 13 8 15 D
8 13 9 15 D
9 13 10 13 L
10 13 11 3 R
11 13 12 15 D
12 13 0 5 R
13 13 14 13 L
14 0 14 13 L
14 1 14 11 U
14 2 14 11 U
14 3 14 7 R
14 4 14 2 D
14 5 0 9 R
14 6 14 0 L
14 7 14 1 R
14 8 14 9 D
14 9 0 10 D
0 0 1 11 D
1 0 0 13 D
0 1 1 12 R
1 1 2 11 U
2 0 0 0 U
14 10 14 1 U
14 11 14 16 D
14 12 14 16 D
14 13 0 16 D
0 14 0 14 R
1 14 2 16 D
2 14 3 14 R
3 14 4 6 U
4 14 5 16 D
5 14 6 10 U
6 14 0 11 U
7 14 8 16 D
8 14 9 0 R
9 14 10 0 D
10 14 11 12 U
11 14 0 3 R
12 14 13 4 D
13 14 14 14 L
14 14 15 12 U
15 0 15 7 R
15 1 15 8 D
15 2 15 9 D
15 3 15 10 R
15 4 0 0 U
15 5 15 3 U
15 6 15 14 L
15 7 15 14 R
15 8 15 6 U
15 9 15 17 D
15 10 15 8 U
15 11 0 10 U
15 12 15 12 U
15 13 15 6 L
15 14 0 15 R
0 15 1 17 D
1 15 2 13 U
2 15 3 17 D
3 15 0 17 D
4 15 5 15 R
5 15 6 17 D
6 15 7 17 D
7 15 8 13 L
8 15 9 15 R
9 15 10 0 D
10 15 0 15 L
11 15 12 3 R
12 15 13 13 U
13 15 14 15 L
14 15 15 5 R
15 15 16 1 U
16 0 16 2 U
16 1 16 15 L
16 2 0 7 D
16 3 16 12 R
16 4 16 15 L
16 5 16 10 D
16 6 16 6 U
16 7 16 0 L
16 8 16 1 L
16 9 16 14 D
16 10 0 15 D
16 11 16 16 D
16 12 16 18 D
16 13 16 18 D
16 14 16 1 U
16 15 0 0 U
0 16 1 10 U
1 16 2 18 D
2 16 3 18 D
3 16 0 18 D
4 16 5 16 R
5 16 0 16 R
6 16 7 16 R
7 16 8 18 D
8 16 9 14 U
9 16 10 14 U
10 16 11 16 L
11 16 12 14 U
12 16 13 18 D
13 16 0 14 U
14 16 15 5 R
15 16 16 0 D
16 16 17 1 D
17 0 17 4 D
17 1 17 14 U
17 2 17 14 U
17 3 0 16 L
17 4 17 9 D
17 5 17 13 R
17 6 17 16 L
17 7 17 14 U
17 8 17 14 D
17 9 17 16 D
17 10 17 4 U
17 11 17 19 D
17 12 0 3 L
17 13 17 19 D
17 14 17 6 L
17 15 17 5 U
17 16 0 8 U
0 17 1 19 D
1 17 2 11 L
2 17 3 11 U
3 17 0 12 L
4 17 5 12 U
5 17 6 14 L
6 17 7 19 D
7 17 8 0 D
8 17 9 15 U
9 17 10 2 D
10 17 11 17 L
11 17 12 17 L
12 17 0 4 D
13 17 14 15 U
14 17 15 17 L
15 17 16 4 R
16 17 17 7 D
17 17 18 17 L
18 0 18 6 R
18 1 0 17 L
18 2 18 17 L
18 3 18 15 U
18 4 18 16 D
18 5 18 15 U
18 6 18 13 R
18 7 0 1 L
18 8 18 2 L
18 9 18 4 U
18 10 18 20 D
18 11 18 6 U
18 12 18 7 U
18 13 18 8 U
18 14 18 18 R
18 15 0 20 D
18 16 18 20 D
18 17 0 8 L
0 18 1 20 D
1 18 2 20 D
2 18 3 14 U
3 18 0 15 U
4 18 5 16 U
5 18 6 0 D
6 18 7 2 D
7 18 0 3 D
8 18 9 4 D
9 18 0 16 U
10 18 11 16 U
11 18 12 8 D
12 18 13 9 D
13 18 14 16 U
14 18 15 18 L
15 18 16 7 R
16 18 17 13 D
17 18 0 16 U
18 18 19 18 L
19 0 19 16 D
19 1 19 17 D
19 2 19 11 R
19 3 19 18 L
19 4 19 19 D
19 5 19 20 D
19 6 19 1 U
19 7 19 17 R
19 8 0 2 U
19 9 19 21 D
19 10 19 18 L
19 11 19 7 U
19 12 19 19 R
19 13 19 3 L
19 14 19 21 D
19 15 19 5 L
19 16 19 21 D
19 17 19 19 R
19 18 0 10 U
0 19 0 21 D
1 19 2 21 D
2 19 3 10 L
3 19 4 15 U
4 19 5 21 D
5 19 6 19 R
6 19 7 13 L
7 19 8 15 L
8 19 9 19 R
9 19 10 16 U
10 19 11 21 D
11 19 0 17 U
12 19 13 17 U
13 19 14 19 L
14 19 15 19 L
15 19 16 1 D
16 19 17 9 R
17 19 18 19 L
18 19 19 19 L
19 19 20 12 R
20 0 20 2 D
20 1 20 17 U
20 2 20 4 D
20 3 20 17 U
20 4 0 6 D
20 5 20 19 L
20 6 20 17 U
20 7 20 9 D
20 8 20 17 U
20 9 20 18 R
20 10 20 19 L
20 11 20 19 L
20 12 20 20 R
20 13 0 3 L
20 14 20 5 L
20 15 20 3 U
20 16 20 14 D
20 17 20 8 L
20 18 20 20 R
20 19 0 10 L
0 20 1 5 U
1 20 2 20 R
2 20 0 13 L
3 20 4 14 L
4 20 5 9 U
5 20 6 17 L
6 20 7 20 R
7 20 8 19 L
8 20 9 11 U
9 20 10 12 U
10 20 11 20 L
11 20 0 14 L
12 20 13 21 D
13 20 14 17 U
14 20 15 20 L
15 20 16 1 R
16 20 17 20 L
17 20 18 22 D
18 20 19 20 L
19 20 0 18 U
20 20 21 18 U
21 0 21 22 D
21 1 21 20 L
21 2 21 22 D
21 3 0 20 L
21 4 21 22 D
21 5 21 18 U
21 6 0 22 D
21 7 21 18 U
21 8 21 15 R
21 9 21 22 D
21 10 21 18 U
21 11 21 18 U
21 12 21 6 L
21 13 21 22 D
21 14 0 18 U
21 15 21 21 R
21 16 21 22 D
21 17 21 22 D
21 18 21 2 U
21 19 21 22 D
21 20 0 22 D
0 21 1 6 U
1 21 2 11 L
2 21 3 12 L
3 21 0 8 U
4 21 5 0 D
5 21 6 1 D
6 21 7 18 L
7 21 8 12 U
8 21 9 5 D
9 21 10 21 L
10 21 11 21 L
11 21 12 18 U
12 21 0 7 D
13 21 14 9 D
14 21 15 19 U
15 21 16 21 L
16 21 17 21 L
17 21 18 19 U
18 21 19 14 D
19 21 0 19 U
20 21 21 19 U
21 21 22 21 L
22 0 22 19 U
22 1 22 22 D
22 2 22 21 L
22 3 22 1 U
22 4 22 11 R
22 5 22 23 D
22 6 0 23 D
22 7 22 6 U
22 8 22 21 L
22 9 22 23 D
22 10 22 11 U
22 11 22 16 R
22 12 0 5 L
22 13 22 15 U
22 14 22 8 L
22 15 22 20 U
22 16 22 20 R
22 17 0 12 L
22 18 22 20 U
22 19 22 20 U
22 20 0 17 L
22 21 0 1 D
0 22 1 20 U
1 22 2 2 D
2 22 0 20 U
3 22 4 20 U
4 22 5 22 L
5 22 0 6 D
6 22 7 22 R
7 22 8 5 U
8 22 0 8 D
9 22 10 7 U
10 22 11 9 D
11 22 12 10 U
12 22 13 22 R
13 22 14 22 R
14 22 0 14 U
15 22 16 22 L
16 22 17 2 R
17 22 18 13 D
18 22 19 4 R
19 22 20 14 D
20 22 21 21 U
21 22 22 21 U
22 22 0 8 R
23 0 23 22 L
23 1 23 10 R
23 2 23 11 R
23 3 23 21 U
23 4 23 12 R
23 5 23 19 D
23 6 23 21 U
23 7 23 21 D
23 8 0 17 R
23 9 23 22 D
23 10 23 19 R
23 11 23 20 R
23 12 23 23 R
23 13 23 21 U
23 14 23 24 D
23 15 23 6 L
23 16 23 21 U
23 17 0 23 R
23 18 23 21 U
23 19 23 23 R
23 20 23 23 R
23 21 23 0 U
23 22 0 24 D
0 23 1 23 R
1 23 2 3 U
2 23 3 13 L
3 23 4 15 L
4 23 5 23 R
5 23 0 24 D
6 23 7 18 L
7 23 8 7 U
8 23 9 23 R
9 23 10 24 D
10 23 11 23 R
11 23 12 10 U
12 23 13 23 L
13 23 0 23 R
14 23 15 23 L
15 23 16 13 U
16 23 17 23 R
17 23 18 15 U
18 23 19 23 L
19 23 0 0 R
20 23 21 23 L
21 23 22 18 U
22 23 23 19 U
23 23 24 23 L
24 0 0 4 R
24 1 24 23 L
24 2 24 24 D
24 3 24 23 L
24 4 0 22 U
24 5 24 22 U
24 6 0 3 L
24 7 24 22 U
24 8 0 11 R
24 9 24 22 U
24 10 24 7 L
24 11 24 15 R
24 12 0 22 U
24 13 24 17 R
24 14 24 10 L
24 15 24 20 R
24 16 0 22 U
24 17 24 23 R
24 18 24 3 U
24 19 24 24 R
24 20 24 24 R
24 21 0 24 R
24 22 24 5 D
24 23 0 24 R
0 24 1 18 L
1 24 2 24 R
2 24 3 24 R
3 24 4 6 D
4 24 0 16 U
5 24 6 21 U
6 24 7 24 L
7 24 8 24 R
8 24 9 24 R
9 24 10 23 U
10 24 0 10 D
11 24 12 24 R
12 24 13 23 U
13 24 0 24 R
14 24 15 24 R
15 24 16 23 U
16 24 0 24 R
17 24 18 23 U
18 24 19 24 L
19 24 0 24 R
20 24 21 24 L
21 24 0 18 D
22 24 0 5 U
23 24 0 0 R
24 24 25 24 L
25 0 0 12 U
25 1 25 16 U
25 2 0 24 L
25 3 25 1 L
25 4 0 2 L
25 5 25 8 R
25 6 25 3 L
25 7 0 4 L
25 8 25 11 R
25 9 25 24 U
25 10 0 7 L
25 11 25 13 R
25 12 0 9 L
25 13 25 15 R
25 14 0 12 L
25 15 25 17 R
25 16 0 14 L
25 17 25 19 R
25 18 0 16 L
25 19 0 24 U
