24 23 530
0 0 1 2 0 0 0 0 0 0 0 0 0
0 1 3 4 2 5 5 0 0 0 0 0 0
0 5 2 6 5 7 3 7 8 8 8 8 0
0 1 6 0 9 9 9 2 7 10 10 10 2
0 4 10 11 11 3 10 12 4 10 13 13 13
0 13 1 0 4 9 14 14 14 14 0 2 7
0 9 14 15 15 15 15 3 6 11 16 16 16
0 16 2 6 8 12 17 17 17 17 2 5 10
13 14 18 18 18 3 11 19 19 19 19 2 8
12 13 16 20 20 20 20 20 2 7 11 13 17
20 21 21 21 21 21 21 2 4 7 10 13 17
19 20 22 22 22 22 22 0 22 22 22 22 22
0 22 0 2 3 5 8 11 13 16 19 21 23
0 1 0 2 D
1 1 2 1 L
2 0 0 1 R
2 1 0 2 R
0 2 0 4 D
1 2 2 1 R
2 2 3 4 D
3 0 0 5 D
3 1 3 2 R
3 2 0 5 D
0 3 1 3 R
1 3 2 5 D
2 3 3 1 U
3 3 4 0 U
4 0 4 1 D
4 1 0 0 L
4 2 4 2 L
4 3 0 4 R
0 4 1 3 L
1 4 0 0 L
2 4 3 0 R
3 4 4 4 L
4 4 0 4 L
5 0 5 2 R
5 1 0 4 L
5 2 0 1 L
5 3 5 2 U
5 4 0 8 D
0 5 1 8 D
1 5 0 8 D
2 5 3 8 D
3 5 4 3 U
4 5 5 8 D
5 5 6 3 U
6 0 6 3 U
6 1 6 0 D
6 2 6 6 R
6 3 6 5 L
6 4 0 1 U
6 5 0 5 L
0 6 1 5 L
1 6 2 2 L
2 6 3 1 R
3 6 4 3 L
4 6 0 4 L
5 6 6 5 L
6 6 7 6 L
7 0 7 6 L
7 1 7 2 D
7 2 7 6 L
7 3 0 6 L
7 4 7 6 L
7 5 7 6 L
7 6 0 0 L
0 7 1 6 D
1 7 2 2 L
2 7 0 3 L
3 7 4 5 L
4 7 5 7 L
5 7 6 7 L
6 7 0 7 L
7 7 8 1 R
8 0 0 2 R
8 1 8 3 R
8 2 0 4 R
8 3 8 5 R
8 4 0 4 D
8 5 0 6 R
8 6 8 8 R
8 7 0 10 D
0 8 0 10 D
1 8 2 3 U
2 8 3 10 D
3 8 4 10 D
4 8 5 10 D
5 8 0 10 D
6 8 7 0 D
7 8 8 1 D
8 8 9 0 U
9 0 9 3 D
9 1 0 8 L
0 0 1 5 D
1 0 0 1 L
9 2 9 9 D
9 3 0 0 L
9 4 9 4 U
9 5 9 6 U
9 6 0 11 D
9 7 9 7 U
9 8 0 7 U
0 9 1 7 U
1 9 0 7 U
2 9 3 7 U
3 9 4 9 R
4 9 5 12 D
5 9 6 0 R
6 9 0 0 U
7 9 8 12 D
8 9 9 2 R
9 9 10 9 L
10 0 0 3 R
10 1 10 9 L
10 2 10 6 R
10 3 10 7 R
10 4 0 0 D
10 5 10 1 L
10 6 10 1 D
10 7 0 10 R
10 8 10 5 L
10 9 0 7 U
0 10 1 4 D
1 10 0 5 D
2 10 3 8 L
3 10 0 8 D
4 10 5 9 D
5 10 6 8 U
6 10 7 11 D
7 10 8 12 D
8 10 9 13 D
9 10 0 4 R
10 10 11 10 L
11 0 11 13 D
11 1 11 13 D
11 2 11 8 U
11 3 11 6 R
11 4 0 7 R
11 5 11 10 L
11 6 11 8 R
11 7 0 11 R
11 8 11 11 R
11 9 11 13 D
11 10 0 11 R
0 11 1 11 R
1 11 2 3 U
2 11 0 11 R
3 11 4 4 U
4 11 5 11 R
5 11 6 5 U
6 11 7 0 R
7 11 8 13 D
8 11 9 3 R
9 11 0 6 R
10 11 11 7 U
11 11 12 8 R
12 0 12 8 U
12 1 12 9 R
12 2 12 9 U
12 3 12 11 R
12 4 12 12 R
12 5 12 9 U
12 6 0 12 R
12 7 12 11 L
12 8 12 9 U
12 9 12 12 R
12 10 12 2 L
12 11 0 9 U
0 12 1 4 D
1 12 2 9 U
2 12 3 5 L
3 12 0 9 U
4 12 5 6 D
5 12 6 7 L
6 12 7 12 R
7 12 8 10 L
8 12 9 9 U
9 12 0 12 L
10 12 11 12 L
11 12 12 11 D
12 12 13 12 L
13 0 0 13 D
13 1 13 14 D
13 2 0 12 L
13 3 13 9 U
13 4 13 14 D
13 5 13 14 D
13 6 0 2 L
13 7 13 10 U
13 8 0 14 D
13 9 13 14 D
13 10 13 10 U
13 11 13 14 D
13 12 0 14 D
0 13 0 14 D
1 13 2 0 D
2 13 3 1 D
3 13 0 2 U
4 13 5 5 D
5 13 6 10 U
6 13 7 11 U
7 13 8 11 U
8 13 0 0 L
9 13 10 11 U
10 13 11 11 U
11 13 12 11 D
12 13 13 13 L
13 13 0 13 L
14 0 14 1 U
14 1 14 13 L
14 2 14 4 U
14 3 0 13 L
14 4 14 15 D
14 5 0 3 L
14 6 14 15 D
14 7 14 12 U
14 8 14 12 U
14 9 0 5 L
14 10 14 12 U
14 11 14 15 D
14 12 14 15 D
14 13 0 9 L
0 14 1 3 D
1 14 0 12 L
2 14 3 3 U
3 14 4 7 D
4 14 5 14 L
5 14 6 9 D
6 14 0 6 U
7 14 8 7 U
8 14 0 13 D
9 14 10 14 R
10 14 11 10 U
11 14 12 15 D
12 14 13 16 D
13 14 0 16 D
14 14 15 3 R
15 0 15 16 D
15 1 15 16 D
15 2 0 13 U
15 3 0 4 R
15 4 15 8 R
15 5 15 16 D
15 6 15 13 U
15 7 0 13 U
15 8 15 13 R
15 9 15 13 U
15 10 15 13 U
15 11 15 16 D
15 12 0 16 D
15 13 15 15 R
15 14 0 12 L
0 15 1 0 U
1 15 2 1 U
2 15 0 2 U
3 15 4 15 R
4 15 5 15 L
5 15 0 8 D
6 15 7 15 R
7 15 8 9 D
8 15 9 7 U
9 15 10 15 L
10 15 0 8 U
11 15 12 0 R
12 15 13 10 U
13 15 14 15 D
14 15 15 15 L
15 15 0 17 D
16 0 16 4 R
16 1 16 5 R
16 2 16 15 L
16 3 0 17 D
16 4 16 11 R
16 5 16 17 D
16 6 16 14 U
16 7 16 2 L
16 8 16 14 U
16 9 16 17 D
16 10 0 14 U
16 11 16 17 D
16 12 16 14 U
16 13 0 17 D
16 14 16 14 U
16 15 0 1 D
0 16 1 2 D
1 16 0 16 R
2 16 3 16 R
3 16 4 4 D
4 16 5 2 U
5 16 0 16 R
6 16 7 16 R
7 16 0 16 R
8 16 9 16 R
9 16 10 6 U
10 16 11 7 U
11 16 0 0 R
12 16 13 9 U
13 16 14 10 U
14 16 15 18 D
15 16 16 18 D
16 16 17 3 R
17 0 0 4 R
17 1 17 14 U
17 2 17 15 U
17 3 17 6 R
17 4 17 7 R
17 5 0 15 U
17 6 17 10 R
17 7 17 12 R
17 8 0 5 D
17 9 17 6 D
17 10 17 16 R
17 11 17 15 U
17 12 17 17 R
17 13 0 15 U
17 14 17 15 U
17 15 17 15 D
17 16 0 16 D
0 17 1 17 R
1 17 0 13 L
2 17 3 1 U
3 17 4 19 D
4 17 0 17 R
5 17 6 19 D
6 17 7 6 U
7 17 8 8 U
8 17 9 19 D
9 17 0 10 U
10 17 11 19 D
11 17 12 12 U
12 17 0 19 D
13 17 0 17 R
14 17 15 19 D
15 17 16 14 U
16 17 17 19 D
17 17 18 6 R
18 0 18 8 R
18 1 18 9 R
18 2 0 11 R
18 3 18 17 L
18 4 18 19 D
18 5 18 17 L
18 6 18 19 D
18 7 18 0 L
18 8 18 15 R
18 9 18 19 D
18 10 18 16 U
18 11 0 1 D
18 12 18 3 L
18 13 18 5 L
18 14 18 7 L
18 15 0 18 R
18 16 18 12 L
18 17 0 13 L
0 18 1 14 L
1 18 2 18 R
2 18 0 16 U
3 18 4 16 L
4 18 5 17 L
5 18 6 18 L
6 18 7 18 R
7 18 8 16 U
8 18 9 10 D
9 18 10 11 D
10 18 0 16 U
11 18 12 18 L
12 18 13 1 R
13 18 14 18 L
14 18 15 18 L
15 18 16 4 R
16 18 17 1 U
17 18 18 2 U
18 18 0 5 U
19 0 19 18 L
19 1 19 7 R
19 2 19 18 L
19 3 19 18 L
19 4 19 10 R
19 5 0 18 L
19 6 19 0 L
19 7 19 12 R
19 8 19 2 L
19 9 19 3 L
19 10 19 14 R
19 11 0 11 U
19 12 19 18 R
19 13 19 8 L
19 14 19 14 U
19 15 19 20 D
19 16 0 20 D
19 17 19 17 U
19 18 0 19 R
0 19 1 13 L
1 19 0 20 D
2 19 3 20 D
3 19 4 19 R
4 19 5 19 L
5 19 6 17 U
6 19 7 20 D
7 19 0 17 U
8 19 9 20 D
9 19 10 17 U
10 19 11 19 L
11 19 0 20 D
12 19 0 17 U
13 19 14 0 D
14 19 15 17 U
15 19 0 2 D
16 19 17 3 R
17 19 18 3 D
18 19 19 4 D
19 19 20 5 D
20 0 20 10 U
20 1 0 7 D
20 2 20 19 L
20 3 0 5 R
20 4 20 2 L
20 5 20 8 R
20 6 0 18 U
20 7 20 4 L
20 8 20 14 R
20 9 20 18 U
20 10 20 15 D
20 11 20 16 D
20 12 0 18 U
20 13 20 7 L
20 14 20 20 R
20 15 20 18 U
20 16 20 18 U
20 17 20 18 U
20 18 0 12 L
20 19 0 13 L
0 20 1 20 R
1 20 0 18 L
2 20 3 19 L
3 20 4 20 R
4 20 5 9 U
5 20 6 20 L
6 20 0 11 U
7 20 8 20 L
8 20 9 20 R
9 20 10 20 L
10 20 0 21 D
11 20 12 17 U
12 20 0 21 D
13 20 14 20 R
14 20 15 19 U
15 20 16 21 D
16 20 0 19 U
17 20 18 21 D
18 20 19 19 U
19 20 0 21 D
20 20 0 19 U
21 0 21 21 D
21 1 21 19 U
21 2 0 0 D
21 3 21 1 D
21 4 21 8 R
21 5 21 2 D
21 6 21 0 U
21 7 0 9 R
21 8 21 10 R
21 9 0 11 R
21 10 21 13 R
21 11 21 17 R
21 12 0 6 U
21 13 21 19 R
21 14 21 9 U
21 15 21 11 D
21 16 21 21 R
21 17 0 21 R
21 18 21 15 U
21 19 21 21 R
21 20 0 16 U
0 21 1 17 U
1 21 0 21 R
2 21 3 21 R
3 21 0 21 R
4 21 5 20 U
5 21 6 20 U
6 21 0 21 R
7 21 8 20 U
8 21 9 16 D
9 21 0 21 R
10 21 11 21 L
11 21 12 21 R
12 21 0 17 D
13 21 14 21 L
14 21 15 20 U
15 21 16 18 D
16 21 0 20 U
17 21 18 21 L
18 21 0 20 D
19 21 0 20 U
20 21 21 21 D
21 21 22 1 U
22 0 0 21 L
22 1 22 22 D
22 2 22 22 D
22 3 22 6 U
22 4 0 6 R
22 5 22 4 L
22 6 0 8 R
22 7 22 5 L
22 8 22 12 R
22 9 0 12 U
22 10 22 14 U
22 11 22 7 L
22 12 0 14 R
22 13 22 18 U
22 14 0 20 U
22 15 0 21 U
22 16 0 22 D
22 17 0 22 D
22 18 22 22 D
22 19 0 21 U
22 20 0 0 D
22 21 0 21 U
0 22 1 22 R
1 22 0 3 U
2 22 0 22 R
3 22 4 22 R
4 22 0 9 U
5 22 6 22 R
6 22 7 10 U
7 22 0 22 L
8 22 9 13 U
9 22 10 22 L
10 22 0 22 L
11 22 12 22 L
12 22 0 22 L
13 22 14 22 L
14 22 15 15 U
15 22 0 22 L
16 22 17 22 L
17 22 18 22 L
18 22 0 22 L
19 22 20 22 L
20 22 0 22 L
21 22 22 22 L
22 22 0 19 U
23 0 0 22 L
