26 25 636
1 0 2 0 1 4 5 3 9 3 0
9 10 10 10 10 3 12 12 2 6 0
13 13 13 13 10 7 15 15 15 15 0
6 9 13 16 16 9 17 17 17 0 8
9 12 18 1 18 19 1 6 11 17 20
20 20 20 20 20 5 12 16 19 21 21
21 21 21 2 4 11 18 22 22 1 10
12 14 18 22 23 23 23 23 23 23 6
9 11 12 17 20 23 24 24 24 24 24
3 0 4 9 11 0 12 13 17 19 21
23 24 25 25 25 0 0 25 25 25 25
1 0 0 0 D
0 1 1 0 L
1 1 0 3 D
2 0 2 1 L
2 1 0 1 L
0 2 0 8 D
1 2 2 9 D
2 2 3 5 R
3 0 3 10 D
3 1 3 1 R
3 2 0 10 D
0 3 1 3 R
1 3 2 10 D
2 3 3 5 R
3 3 4 10 D
4 0 4 6 R
4 1 4 10 D
4 2 4 6 R
4 3 0 0 D
0 4 1 6 R
1 4 2 2 D
2 4 3 0 R
3 4 4 4 D
4 4 5 2 R
5 0 5 6 D
5 1 5 4 R
5 2 5 7 D
5 3 5 6 R
5 4 0 9 D
0 5 1 7 R
1 5 2 11 D
2 5 3 7 R
3 5 0 11 D
4 5 5 2 L
5 5 6 11 D
6 0 6 0 L
6 1 6 11 D
6 2 6 2 L
6 3 6 11 D
6 4 6 3 L
6 5 0 11 D
0 6 1 3 L
1 6 2 11 D
2 6 3 1 L
3 6 4 11 D
4 6 5 3 L
5 6 6 11 D
6 6 7 4 L
7 0 7 11 D
7 1 7 4 L
7 2 7 11 D
7 3 7 0 L
7 4 7 0 D
7 5 7 2 L
7 6 0 1 D
0 7 1 4 L
1 7 2 2 D
2 7 3 5 L
3 7 4 3 D
4 7 0 5 L
5 7 6 5 L
6 7 7 0 L
7 7 8 2 L
8 0 8 4 L
8 1 8 6 L
8 2 8 6 L
8 3 8 6 L
8 4 8 6 L
8 5 8 1 L
8 6 8 3 L
8 7 0 5 L
0 8 1 7 L
1 8 2 7 L
2 8 0 7 L
3 8 4 7 L
4 8 5 7 L
5 8 6 0 L
6 8 7 2 L
7 8 8 3 L
8 8 9 5 L
9 0 9 7 L
9 1 9 8 L
9 2 9 8 L
9 3 0 8 L
9 4 9 8 L
9 5 9 9 R
9 6 9 8 L
9 7 9 8 L
9 8 0 8 L
0 9 1 0 L
1 9 2 1 L
2 9 0 3 L
3 9 4 4 L
4 9 5 12 D
5 9 6 6 L
6 9 7 7 L
7 9 8 9 L
8 9 0 9 L
9 9 10 0 D
10 0 0 1 D
10 1 10 9 L
10 2 10 4 D
10 3 0 5 D
10 4 10 0 U
10 5 10 2 L
10 6 0 1 U
10 7 10 2 U
10 8 0 13 D
10 9 0 13 D
0 10 1 2 U
1 10 2 13 D
2 10 3 1 U
3 10 4 0 D
4 10 5 3 U
5 10 6 2 D
6 10 7 3 U
7 10 8 4 D
8 10 9 0 U
9 10 10 6 D
10 10 11 2 U
11 0 11 8 D
11 1 11 4 U
11 2 11 10 D
11 3 11 4 U
11 4 11 12 D
11 5 11 4 U
11 6 11 1 U
11 7 11 14 D
11 8 11 3 U
11 9 11 14 D
11 10 0 5 U
0 11 1 14 D
1 11 2 5 U
2 11 0 14 D
3 11 4 5 R
4 11 5 14 D
5 11 6 14 D
6 11 7 6 R
7 11 8 14 D
8 11 9 14 D
9 11 10 14 D
10 11 11 14 D
11 11 12 14 D
12 0 12 14 D
12 1 12 0 D
12 2 12 1 D
12 3 0 2 D
12 4 12 7 U
12 5 12 10 R
12 6 12 4 D
12 7 12 1 U
12 8 12 4 U
12 9 0 6 U
12 10 12 12 R
12 11 0 8 U
0 12 1 8 U
1 12 0 2 U
2 12 3 12 R
3 12 4 5 U
4 12 5 8 U
5 12 0 9 U
6 12 7 14 D
7 12 8 9 U
8 12 9 15 D
9 12 10 9 U
10 12 11 9 U
11 12 12 9 U
12 12 0 9 U
13 0 13 15 D
13 1 13 15 D
13 2 0 6 R
13 3 13 1 U
13 4 13 15 D
13 5 13 15 D
13 6 0 15 D
13 7 13 4 U
13 8 13 5 U
13 9 0 6 U
13 10 13 13 R
13 11 13 13 R
13 12 0 1 R
0 13 1 3 R
1 13 2 5 R
2 13 3 7 R
3 13 4 9 R
4 13 5 11 R
5 13 6 13 R
6 13 7 14 R
7 13 8 7 U
8 13 9 10 D
9 13 0 14 R
10 13 11 12 D
11 13 12 10 U
12 13 13 13 D
13 13 14 10 U
14 0 14 14 D
14 1 14 10 U
14 2 14 15 D
14 3 14 10 U
14 4 14 16 D
14 5 14 10 U
14 6 14 16 D
14 7 14 10 U
14 8 14 16 D
14 9 14 1 U
14 10 14 16 D
14 11 14 3 U
14 12 14 16 D
14 13 0 5 U
0 14 1 16 D
1 14 2 8 U
2 14 3 13 L
3 14 4 10 U
4 14 5 16 D
5 14 6 11 U
6 14 0 16 D
7 14 8 16 D
8 14 9 16 D
9 14 10 16 D
10 14 11 16 D
11 14 12 6 R
12 14 13 16 D
13 14 14 16 D
14 14 15 16 D
15 0 15 16 D
15 1 15 0 D
15 2 0 1 D
15 3 15 4 U
15 4 15 4 D
15 5 15 7 U
15 6 15 8 U
15 7 0 9 U
15 8 15 11 U
15 9 15 12 U
15 10 0 12 U
15 11 15 12 U
15 12 15 12 U
15 13 0 12 U
15 14 0 17 D
0 15 1 12 U
1 15 2 17 D
2 15 3 12 U
3 15 4 12 U
4 15 5 12 U
5 15 0 12 U
6 15 7 17 D
7 15 8 17 D
8 15 0 2 U
9 15 10 3 U
10 15 11 17 D
11 15 12 0 D
12 15 0 1 D
13 15 14 7 U
14 15 15 8 U
15 15 0 9 U
16 0 16 10 U
16 1 16 11 U
16 2 16 12 U
16 3 16 13 U
16 4 16 13 U
16 5 16 13 U
16 6 16 13 U
16 7 16 13 U
16 8 16 13 U
16 9 16 13 U
16 10 16 18 D
16 11 0 13 U
16 12 16 18 D
16 13 16 0 D
16 14 16 1 D
16 15 0 2 D
0 16 1 3 D
1 16 2 4 D
2 16 3 5 D
3 16 4 6 D
4 16 5 7 D
5 16 6 8 D
6 16 7 14 U
7 16 8 10 D
8 16 0 11 D
9 16 10 12 D
10 16 11 3 R
11 16 12 13 D
12 16 13 14 D
13 16 14 15 D
14 16 15 16 D
15 16 16 6 R
16 16 17 17 D
17 0 17 18 D
17 1 0 19 D
17 2 17 3 U
17 3 17 8 R
17 4 17 5 U
17 5 17 7 U
17 6 0 10 R
17 7 17 8 U
17 8 17 12 R
17 9 17 9 U
17 10 17 15 R
17 11 0 10 U
17 12 17 19 D
17 13 17 11 U
17 14 17 12 U
17 15 17 17 R
17 16 0 13 U
0 17 1 19 D
1 17 2 15 U
2 17 3 19 D
3 17 4 15 U
4 17 5 15 U
5 17 6 2 D
6 17 7 15 U
7 17 0 15 U
8 17 0 6 D
9 17 10 7 D
10 17 11 17 R
11 17 0 15 U
12 17 13 15 U
13 17 14 4 R
14 17 15 6 R
15 17 16 9 R
16 17 17 10 R
17 17 18 13 R
18 0 18 12 D
18 1 18 16 R
18 2 18 17 R
18 3 0 17 L
18 4 18 18 R
18 5 18 15 U
18 6 18 18 R
18 7 18 18 R
18 8 18 17 L
18 9 18 18 R
18 10 18 18 R
18 11 18 18 R
18 12 18 15 U
18 13 18 18 R
18 14 18 18 R
18 15 18 15 U
18 16 18 18 R
18 17 0 18 R
0 18 0 3 L
1 18 2 0 U
2 18 3 5 L
3 18 4 1 U
4 18 5 2 U
5 18 6 8 L
6 18 7 3 U
7 18 8 4 U
8 18 9 5 U
9 18 10 12 L
10 18 11 6 U
11 18 12 7 U
12 18 13 8 U
13 18 14 15 L
14 18 15 9 U
15 18 16 9 R
16 18 17 11 U
17 18 0 18 L
18 18 19 18 D
19 0 19 18 L
19 1 19 19 D
19 2 19 18 L
19 3 19 20 D
19 4 19 20 D
19 5 19 18 L
19 6 19 20 D
19 7 19 20 D
19 8 19 18 L
19 9 19 16 U
19 10 19 20 D
19 11 0 18 L
19 12 19 20 D
19 13 19 20 D
19 14 19 20 D
19 15 19 20 D
19 16 19 20 D
19 17 19 20 D
19 18 0 19 R
0 19 0 19 R
1 19 2 2 U
2 19 3 19 R
3 19 4 5 U
4 19 5 19 R
5 19 0 19 R
6 19 7 7 U
7 19 8 19 R
8 19 9 9 U
9 19 10 11 U
10 19 0 19 R
11 19 12 20 D
12 19 13 20 D
13 19 14 13 U
14 19 15 14 U
15 19 16 16 U
16 19 0 4 R
17 19 18 4 D
18 19 19 17 U
19 19 20 6 D
20 0 20 17 U
20 1 20 17 U
20 2 20 9 D
20 3 20 17 U
20 4 0 17 U
20 5 20 17 U
20 6 0 12 D
20 7 20 13 D
20 8 0 17 U
20 9 20 17 U
20 10 20 17 U
20 11 20 17 U
20 12 20 8 L
20 13 0 2 U
20 14 20 7 U
20 15 20 11 U
20 16 0 14 U
20 17 0 18 U
20 18 20 21 D
20 19 0 21 D
0 20 1 21 D
1 20 2 21 D
2 20 3 21 D
3 20 4 21 D
4 20 0 21 D
5 20 6 21 D
6 20 7 20 R
7 20 8 21 D
8 20 9 21 D
9 20 10 21 D
10 20 11 21 D
11 20 0 21 D
12 20 13 19 U
13 20 14 19 U
14 20 15 20 R
15 20 0 19 U
16 20 17 19 U
17 20 18 1 R
18 20 0 19 U
19 20 20 15 D
20 20 21 17 D
21 0 21 19 U
21 1 21 7 R
21 2 21 19 U
21 3 0 19 U
21 4 21 22 D
21 5 21 19 U
21 6 21 22 D
21 7 21 0 U
21 8 21 1 U
21 9 21 22 D
21 10 0 3 U
21 11 21 5 U
21 12 0 22 D
21 13 0 15 R
21 14 21 9 U
21 15 21 22 D
21 16 21 10 U
21 17 21 11 U
21 18 0 13 U
21 19 21 14 U
21 20 0 15 U
0 21 1 16 U
1 21 0 18 L
2 21 3 17 U
3 21 0 21 L
4 21 5 1 D
5 21 6 2 D
6 21 7 3 D
7 21 8 4 D
8 21 9 21 L
9 21 10 5 D
10 21 0 21 L
11 21 12 21 R
12 21 13 20 U
13 21 14 1 R
14 21 15 2 R
15 21 16 3 R
16 21 17 4 R
17 21 0 5 R
18 21 19 20 U
19 21 20 6 R
20 21 21 8 D
21 21 22 20 U
22 0 22 9 D
22 1 22 10 R
22 2 22 12 R
22 3 22 13 R
22 4 22 20 U
22 5 0 14 R
22 6 22 10 D
22 7 22 20 U
22 8 22 21 L
22 9 22 0 L
22 10 22 12 D
22 11 22 20 U
22 12 22 13 D
22 13 22 14 D
22 14 0 15 D
22 15 22 16 D
22 16 22 8 L
22 17 22 17 D
22 18 22 0 U
22 19 22 9 L
22 20 22 11 L
22 21 0 2 U
0 22 0 3 U
1 22 2 21 D
2 22 3 5 U
3 22 4 16 L
4 22 5 23 D
5 22 6 20 L
6 22 7 8 U
7 22 8 23 D
8 22 9 22 L
9 22 0 10 U
10 22 11 11 U
11 22 0 23 D
12 22 13 22 R
13 22 0 22 R
14 22 15 14 U
15 22 16 23 D
16 22 17 16 U
17 22 0 17 U
18 22 19 22 L
19 22 20 19 U
20 22 21 20 U
21 22 0 21 U
22 22 23 22 L
23 0 0 22 L
23 1 23 22 L
23 2 23 0 L
23 3 23 23 D
23 4 23 23 D
23 5 0 23 D
23 6 0 21 U
23 7 23 21 U
23 8 23 21 U
23 9 0 1 D
23 10 23 2 D
23 11 23 7 U
23 12 23 4 D
23 13 23 5 D
23 14 23 20 R
23 15 0 6 D
23 16 23 7 D
23 17 23 8 D
23 18 23 18 U
23 19 23 19 U
23 20 0 21 U
23 21 23 12 D
23 22 0 22 U
0 23 1 22 U
1 23 2 16 D
2 23 3 22 U
3 23 4 22 U
4 23 5 22 U
5 23 0 22 U
6 23 7 22 U
7 23 8 22 D
8 23 0 24 D
9 23 10 22 U
10 23 0 22 U
11 23 0 23 L
12 23 13 24 D
13 23 14 24 D
14 23 15 22 U
15 23 16 24 D
16 23 0 22 U
17 23 18 23 L
18 23 19 23 L
19 23 0 23 L
20 23 21 23 L
21 23 22 23 L
22 23 0 23 L
23 23 0 6 U
24 0 24 7 U
24 1 0 23 L
24 2 24 24 D
24 3 24 11 U
24 4 24 11 R
24 5 24 24 D
24 6 0 24 D
24 7 24 14 R
24 8 24 24 D
24 9 24 18 U
24 10 24 19 U
24 11 0 17 R
24 12 24 24 D
24 13 24 22 U
24 14 24 21 R
24 15 24 23 U
24 16 24 10 L
24 17 24 23 R
24 18 24 23 U
24 19 24 23 U
24 20 0 23 U
24 21 24 23 U
24 22 24 15 L
24 23 0 23 U
0 24 1 18 L
1 24 2 19 L
2 24 0 20 L
3 24 0 23 U
4 24 5 0 D
5 24 6 1 D
6 24 7 23 U
7 24 8 2 D
8 24 0 23 U
9 24 10 24 L
10 24 0 24 L
11 24 0 24 L
12 24 0 0 U
13 24 14 6 D
14 24 15 3 U
15 24 16 7 D
16 24 0 24 R
17 24 18 9 U
18 24 0 24 R
19 24 20 13 U
20 24 0 24 R
21 24 22 24 U
22 24 0 24 U
23 24 0 24 U
24 24 0 24 L
25 0 25 24 L
25 1 25 3 R
25 2 0 4 R
25 3 25 24 U
25 4 0 5 R
25 5 0 24 U
0 0 0 24 U
25 6 25 24 U
25 7 0 8 R
25 8 0 9 R
25 9 0 10 R
25 10 0 24 U
