14 13 174
0 0 0 0 2 2 0 1 3 0
0 3 3 0 1 4 4 4 1 0
0 2 5 5 5 3 6 6 0 0
6 6 3 7 7 4 7 8 0 0
8 8 8 0 2 7 0 8 0 0
9 9 9 0 3 10 10 2 0 0
0 5 0 8 9 11 0 4 7 9
10 11 12 12 12 0 12 0 0 0
1 2 0 5 9 13 13 13 0 0
0 0 0 0 0 0 0 0 0 0
2 0 0 3 D
2 1 0 0 L
0 2 0 1 L
1 2 2 2 L
2 2 0 2 L
3 0 0 2 L
3 1 0 4 D
3 2 0 3 R
0 3 0 3 R
1 3 2 0 R
2 3 3 5 D
3 3 0 1 R
4 0 4 2 R
4 1 0 5 D
4 2 0 3 R
4 3 0 4 R
0 4 0 2 U
1 4 0 0 U
2 4 3 1 U
3 4 4 5 D
4 4 0 0 R
5 0 5 2 R
5 1 0 2 U
5 2 5 4 R
5 3 0 5 R
5 4 0 5 R
0 5 1 5 R
1 5 2 3 U
2 5 0 7 D
3 5 4 7 D
4 5 5 0 R
5 5 0 7 D
6 0 0 1 R
6 1 6 1 D
6 2 0 4 U
6 3 0 3 D
6 4 6 4 U
6 5 0 5 D
0 6 1 6 R
1 6 2 4 U
2 6 0 3 L
3 6 4 6 L
4 6 5 1 R
5 6 6 1 U
6 6 0 6 L
7 0 7 6 L
7 1 7 6 R
7 2 7 3 U
7 3 7 6 L
7 4 0 6 L
7 5 7 0 L
7 6 0 7 R
0 7 1 5 U
1 7 2 8 D
2 7 3 3 L
3 7 0 4 L
4 7 5 7 R
5 7 6 8 D
6 7 0 7 L
7 7 0 0 R
8 0 8 8 D
8 1 8 0 D
8 2 0 2 U
8 3 0 2 D
8 4 8 4 U
8 5 8 4 D
8 6 0 6 U
8 7 0 6 L
0 8 1 7 L
1 8 0 2 U
2 8 3 5 U
3 8 4 8 L
4 8 5 7 U
5 8 6 1 D
6 8 0 7 U
7 8 0 5 D
8 8 9 10 D
9 0 9 10 D
9 1 0 2 U
9 2 0 6 R
9 3 9 4 U
9 4 9 10 D
9 5 9 7 R
9 6 0 8 R
9 7 9 9 R
9 8 0 9 R
0 9 1 9 R
1 9 2 8 U
2 9 0 3 R
3 9 4 8 U
4 9 5 10 D
5 9 6 8 U
6 9 7 1 D
7 9 8 6 R
8 9 9 2 D
9 9 10 3 D
10 0 10 8 U
10 1 10 5 D
10 2 10 8 U
10 3 0 8 R
10 4 10 9 L
10 5 10 9 L
10 6 10 9 L
10 7 10 9 L
10 8 0 10 R
10 9 0 4 L
0 10 1 7 L
1 10 0 10 R
2 10 3 9 L
3 10 4 10 L
4 10 0 1 U
5 10 6 3 U
6 10 7 0 D
7 10 0 5 U
8 10 0 9 U
9 10 10 9 U
10 10 11 7 D
11 0 11 9 U
11 1 11 8 D
11 2 11 9 D
11 3 11 10 D
11 4 11 0 U
11 5 11 9 R
11 6 0 2 U
11 7 11 10 L
11 8 11 0 L
11 9 11 11 R
11 10 0 6 L
0 11 1 7 L
1 11 2 8 L
2 11 3 11 R
3 11 0 10 L
4 11 5 11 L
5 11 6 11 R
6 11 0 11 L
7 11 8 11 R
8 11 0 11 L
9 11 0 11 L
10 11 0 12 D
11 11 12 10 U
12 0 12 12 D
12 1 12 11 L
12 2 0 10 U
12 3 12 11 L
12 4 0 1 L
12 5 12 4 L
12 6 0 10 U
12 7 12 5 L
12 8 12 12 D
12 9 12 12 D
12 10 0 4 U
12 11 0 11 U
0 12 0 11 U
1 12 0 12 R
2 12 3 0 R
3 12 4 1 R
4 12 0 2 U
0 0 1 3 U
1 0 0 12 R
0 1 1 12 R
1 1 0 12 L
5 12 6 12 R
6 12 7 12 R
7 12 8 1 L
8 12 0 6 U
9 12 10 0 R
10 12 11 1 R
11 12 12 12 L
12 12 0 12 L
13 0 13 2 R
13 1 0 3 R
13 2 13 11 U
13 3 0 4 R
13 4 0 12 U
