30 29 848
0 0 1 2 1 3 4 2 5 0 2 3 0 0
0 4 5 6 3 7 7 1 3 4 5 6 0 8
0 0 8 8 5 8 9 0 5 8 10 10 0 10
10 10 1 9 11 11 5 11 12 12 12 1 5 6
8 10 12 13 3 5 10 14 14 14 14 2 8 10
13 15 15 6 16 16 5 16 17 0 4 9 15 17
18 18 18 18 2 5 11 19 19 19 19 1 7 9
14 16 17 20 20 20 20 4 17 21 21 0 8 10
16 18 21 22 22 8 23 23 14 23 24 24 24 24
24 24 24 24 24 1 7 15 25 25 4 13 22 26
26 26 26 0 26 26 26 9 19 25 27 27 27 1
10 11 13 14 15 18 22 28 28 28 28 28 28 28
0 28 0 0 28 28 0 0 0 0 0 2 4 6
0 8 9 10 11 13 15 18 21 24 27 29 29 29
1 1 0 0 D
2 0 2 2 R
2 1 0 0 R
0 2 0 6 D
1 2 2 6 D
2 2 3 3 R
3 0 3 3 R
3 1 0 2 L
3 2 0 2 L
0 3 1 1 R
1 3 2 2 R
2 3 3 1 L
3 3 0 4 R
4 0 4 2 L
4 1 4 4 D
4 2 4 4 R
4 3 0 4 R
0 4 1 3 L
1 4 0 1 R
2 4 3 0 L
3 4 4 2 R
4 4 5 3 R
5 0 5 4 L
5 1 0 7 D
5 2 5 5 R
5 3 5 7 D
5 4 0 0 L
0 5 1 7 D
1 5 0 4 L
2 5 0 5 L
3 5 0 7 D
4 5 0 3 R
5 5 6 1 U
6 0 6 2 D
6 1 6 4 D
6 2 6 5 L
6 3 0 6 D
6 4 6 6 R
6 5 0 0 U
0 6 1 1 U
1 6 2 6 R
2 6 0 8 D
3 6 4 8 D
4 6 5 0 R
5 6 6 8 D
6 6 0 2 R
7 0 7 8 D
7 1 7 6 L
7 2 7 7 R
7 3 0 3 U
7 4 7 3 D
7 5 7 3 U
7 6 0 1 L
0 7 0 6 D
1 7 2 4 U
2 7 0 9 D
3 7 0 9 D
4 7 0 9 D
5 7 0 5 U
6 7 7 5 U
7 7 0 5 D
8 0 0 7 D
8 1 8 5 U
8 2 8 10 D
8 3 8 1 U
8 4 8 10 D
8 5 8 2 U
8 6 0 10 D
8 7 0 4 U
0 8 1 5 U
1 8 2 6 U
2 8 3 6 U
3 8 4 3 D
4 8 0 5 D
5 8 6 7 D
6 8 7 8 D
7 8 0 2 R
8 8 9 11 D
9 0 9 3 U
9 1 9 11 D
9 2 0 8 R
9 3 9 11 D
9 4 9 5 U
9 5 9 6 U
9 6 9 11 D
9 7 9 1 L
9 8 0 9 R
0 9 1 7 U
1 9 2 3 D
2 9 3 4 D
3 9 4 7 L
4 9 0 9 R
5 9 6 6 D
6 9 7 9 L
7 9 0 0 R
8 9 9 9 D
9 9 10 9 L
10 0 0 3 R
10 1 10 7 U
10 2 10 9 L
10 3 0 12 D
10 4 10 7 U
10 5 0 12 D
10 6 10 0 U
10 7 0 12 D
10 8 0 12 D
10 9 0 8 L
0 10 0 10 R
1 10 2 9 L
2 10 3 1 U
3 10 4 1 D
4 10 5 3 U
5 10 6 3 D
6 10 7 4 D
7 10 8 5 U
8 10 0 6 D
9 10 10 6 R
10 10 11 7 U
11 0 11 8 U
11 1 11 8 U
11 2 11 8 U
11 3 11 13 D
11 4 11 8 U
11 5 0 13 D
11 6 11 10 R
11 7 11 11 R
11 8 11 13 D
11 9 0 8 U
11 10 0 13 D
0 11 1 11 R
1 11 2 13 D
2 11 3 0 U
3 11 4 13 D
4 11 0 9 L
5 11 6 0 R
6 11 7 13 D
7 11 8 4 U
8 11 9 5 U
9 11 10 0 D
10 11 0 11 L
11 11 12 9 U
12 0 12 5 R
12 1 12 7 R
12 2 12 9 U
12 3 12 5 D
12 4 0 6 D
12 5 12 8 R
12 6 12 8 D
12 7 0 9 D
12 8 12 11 D
12 9 0 12 D
12 10 12 1 U
12 11 0 2 U
0 12 0 14 D
1 12 2 14 D
2 12 3 4 U
3 12 4 14 D
4 12 0 12 R
5 12 0 14 D
6 12 7 6 U
7 12 0 14 D
8 12 9 14 D
9 12 0 14 D
10 12 11 10 U
11 12 0 12 L
12 12 13 10 U
13 0 13 10 U
13 1 13 10 D
13 2 13 10 U
13 3 13 13 D
13 4 13 14 D
13 5 13 10 U
13 6 13 15 D
13 7 0 12 L
13 8 13 10 U
13 9 13 10 U
13 10 13 0 U
13 11 13 1 U
13 12 0 2 U
0 13 1 0 D
1 13 2 4 U
2 13 0 2 D
3 13 4 13 R
4 13 0 8 D
5 13 6 12 D
6 13 7 14 D
7 13 8 13 R
8 13 9 11 U
9 13 0 16 D
10 13 11 16 D
11 13 12 16 D
12 13 13 11 U
13 13 14 11 U
14 0 14 16 D
14 1 0 11 U
14 2 14 11 U
14 3 14 1 U
14 4 14 2 U
14 5 14 5 D
14 6 14 8 D
14 7 0 10 R
14 8 14 12 D
14 9 14 13 D
14 10 0 16 D
14 11 14 17 D
14 12 0 17 D
14 13 0 10 U
0 14 1 11 U
1 14 0 17 D
2 14 3 12 U
3 14 4 17 D
4 14 5 14 R
5 14 6 12 U
6 14 7 17 D
7 14 0 12 U
8 14 9 17 D
9 14 0 17 D
10 14 11 12 U
11 14 12 0 D
12 14 0 2 D
13 14 14 2 R
14 14 15 3 D
15 0 15 5 R
15 1 0 5 D
15 2 15 8 R
15 3 15 11 R
15 4 15 12 U
15 5 15 15 R
15 6 0 1 L
15 7 15 12 U
15 8 15 15 R
15 9 15 0 U
15 10 15 15 R
15 11 15 15 R
15 12 15 2 U
15 13 15 10 D
15 14 0 11 D
0 15 1 5 U
1 15 2 12 D
2 15 3 15 R
3 15 4 7 U
4 15 5 1 R
5 15 0 6 L
6 15 7 8 U
7 15 8 7 L
8 15 9 9 U
9 15 10 9 L
10 15 11 10 U
11 15 12 11 U
12 15 13 12 L
13 15 14 15 L
14 15 15 12 U
15 15 16 15 L
16 0 16 18 D
16 1 16 13 U
16 2 16 10 R
16 3 0 15 L
16 4 16 15 L
16 5 16 15 L
16 6 16 13 U
16 7 16 15 L
16 8 16 15 L
16 9 16 15 L
16 10 16 16 R
16 11 0 3 L
16 12 16 18 D
16 13 16 4 L
16 14 16 18 D
16 15 0 5 L
0 16 1 7 L
1 16 2 9 L
2 16 3 16 R
3 16 4 13 U
4 16 0 11 L
5 16 6 13 L
6 16 7 15 L
7 16 8 18 D
8 16 9 18 D
9 16 10 13 U
10 16 11 16 L
11 16 12 13 U
12 16 13 18 D
13 16 14 16 L
14 16 15 6 R
15 16 0 1 U
16 16 17 2 U
17 0 17 16 L
17 1 17 16 L
17 2 17 16 L
17 3 17 3 U
17 4 17 4 U
17 5 17 7 D
17 6 17 14 R
17 7 17 8 D
17 8 17 9 D
17 9 0 7 U
17 10 17 0 L
17 11 17 1 L
17 12 17 2 L
17 13 17 11 D
17 14 17 12 D
17 15 17 7 L
17 16 0 13 D
0 17 1 10 L
1 17 2 11 L
2 17 3 14 D
3 17 0 15 L
4 17 5 17 L
5 17 6 13 U
6 17 7 17 L
7 17 8 14 U
8 17 0 19 D
9 17 10 14 U
10 17 11 19 D
11 17 12 14 U
12 17 13 14 U
13 17 14 19 D
14 17 0 14 U
15 17 16 19 D
16 17 0 19 D
17 17 18 14 U
18 0 18 19 D
18 1 18 14 U
18 2 0 19 D
18 3 18 19 D
18 4 18 0 U
18 5 0 19 D
18 6 18 3 U
18 7 18 4 U
18 8 0 4 L
18 9 18 6 L
18 10 18 17 R
18 11 18 19 D
18 12 18 19 D
18 13 18 15 U
18 14 0 8 L
18 15 18 15 U
18 16 18 9 L
18 17 0 18 R
0 18 1 4 D
1 18 0 14 L
2 18 3 16 L
3 18 4 6 U
4 18 0 18 R
5 18 6 8 D
6 18 7 9 D
7 18 8 18 L
8 18 9 18 R
9 18 10 11 D
10 18 0 16 U
11 18 12 14 D
12 18 13 18 L
13 18 14 15 D
14 18 15 16 U
15 18 16 17 D
16 18 17 18 L
17 18 18 16 U
18 18 19 20 D
19 0 19 16 U
19 1 0 16 U
19 2 19 16 U
19 3 19 18 L
19 4 19 3 U
19 5 19 18 L
19 6 19 4 U
19 7 19 20 D
19 8 19 20 D
19 9 19 20 D
19 10 0 9 U
19 11 19 20 D
19 12 19 0 D
19 13 0 3 D
19 14 0 5 D
19 15 19 17 U
19 16 19 17 U
19 17 19 17 U
19 18 0 17 U
0 19 0 20 D
1 19 2 17 U
2 19 3 21 D
3 19 4 17 U
4 19 5 17 U
5 19 6 21 D
6 19 0 17 U
7 19 8 21 D
8 19 0 21 D
9 19 10 17 U
10 19 11 21 D
11 19 12 21 D
12 19 13 1 U
13 19 0 21 D
14 19 15 21 D
15 19 0 21 D
16 19 0 7 U
17 19 18 19 L
18 19 19 21 D
19 19 20 0 D
20 0 0 13 U
20 1 20 15 U
20 2 20 19 L
20 3 20 18 U
20 4 0 7 R
20 5 20 18 U
20 6 20 2 L
20 7 0 12 R
20 8 20 22 D
20 9 20 22 D
20 10 20 6 L
20 11 20 19 R
20 12 20 20 R
20 13 0 18 U
20 14 20 0 D
20 15 20 2 D
20 16 20 18 U
20 17 20 4 D
20 18 20 10 L
20 19 0 18 U
0 20 1 10 D
1 20 2 0 U
2 20 3 20 R
3 20 0 1 U
4 20 5 2 U
5 20 6 20 R
6 20 7 3 U
7 20 8 18 L
8 20 9 4 U
9 20 10 5 U
10 20 11 6 U
11 20 12 23 D
12 20 13 20 R
13 20 14 23 D
14 20 15 1 R
15 20 16 2 R
16 20 0 10 U
17 20 18 4 R
18 20 19 23 D
19 20 20 6 R
20 20 21 7 R
21 0 21 8 R
21 1 21 9 R
21 2 21 10 R
21 3 0 23 D
21 4 21 11 R
21 5 21 23 D
21 6 21 13 R
21 7 21 14 R
21 8 21 16 R
21 9 21 2 D
21 10 0 18 R
21 11 21 21 R
21 12 21 15 U
21 13 21 21 R
21 14 21 21 R
21 15 21 16 U
21 16 21 21 R
21 17 21 17 U
21 18 21 21 R
21 19 21 18 U
21 20 0 5 D
0 21 1 19 U
1 21 2 12 L
2 21 3 19 U
3 21 4 15 L
4 21 5 19 U
5 21 6 17 L
6 21 7 19 U
7 21 0 19 L
8 21 9 7 D
9 21 0 21 L
10 21 11 19 U
11 21 12 9 D
12 21 13 19 U
13 21 14 11 D
14 21 15 19 U
15 21 0 13 D
16 21 17 14 D
17 21 0 21 R
18 21 19 2 R
19 21 20 4 R
20 21 0 5 R
21 21 22 7 R
22 0 22 8 R
22 1 22 21 L
22 2 22 11 R
22 3 22 0 U
22 4 22 14 R
22 5 0 15 R
22 6 22 1 U
22 7 22 18 R
22 8 22 19 R
22 9 22 21 R
22 10 22 1 L
22 11 22 22 R
22 12 22 3 U
22 13 22 22 R
22 14 22 22 R
22 15 0 22 R
22 16 22 20 D
22 17 22 5 U
22 18 22 22 R
22 19 22 22 R
22 20 22 9 L
22 21 0 22 R
0 22 1 10 L
1 22 2 22 R
2 22 3 22 D
3 22 4 23 D
4 22 5 22 R
5 22 6 24 D
6 22 7 22 R
7 22 0 22 R
8 22 9 24 D
9 22 10 24 D
10 22 11 16 L
11 22 12 24 D
12 22 13 5 R
13 22 14 20 L
14 22 15 24 D
15 22 16 22 L
16 22 17 8 R
17 22 18 22 L
18 22 19 22 L
19 22 20 13 U
20 22 21 22 L
21 22 22 24 D
22 22 0 24 D
23 0 23 24 D
23 1 23 22 L
23 2 23 24 D
23 3 23 16 U
23 4 23 24 D
23 5 23 24 D
23 6 23 22 L
23 7 23 22 L
23 8 23 23 R
23 9 23 22 L
23 10 23 24 D
23 11 23 20 U
23 12 23 22 L
23 13 23 22 L
23 14 0 20 U
23 15 23 20 U
23 16 23 20 U
23 17 23 20 U
23 18 23 1 L
23 19 23 20 U
23 20 23 20 U
23 21 23 24 D
23 22 0 20 U
0 23 1 20 U
1 23 2 6 L
2 23 3 7 L
3 23 4 23 R
4 23 5 9 L
5 23 6 23 R
6 23 7 0 D
7 23 8 1 D
8 23 9 12 L
9 23 10 13 L
10 23 11 20 U
11 23 12 20 U
12 23 13 5 D
13 23 0 6 D
14 23 15 18 L
15 23 16 21 L
16 23 17 20 U
17 23 18 23 L
18 23 19 1 R
19 23 20 23 L
20 23 21 23 L
21 23 22 23 L
22 23 0 23 L
23 23 24 23 L
24 0 24 23 L
24 1 24 23 L
24 2 24 23 L
24 3 0 23 L
24 4 24 0 L
24 5 0 3 L
24 6 0 4 L
24 7 0 6 L
24 8 24 21 U
24 9 24 4 D
24 10 24 21 U
24 11 24 6 D
24 12 24 21 U
24 13 0 8 D
24 14 0 10 D
24 15 0 21 U
24 16 0 3 U
24 17 24 6 U
24 18 24 12 U
24 19 0 13 U
24 20 24 13 D
24 21 24 17 U
24 22 24 15 D
24 23 0 19 L
0 24 0 16 D
1 24 2 17 D
2 24 3 18 D
3 24 4 19 D
4 24 5 21 D
5 24 6 22 D
6 24 0 23 D
7 24 8 25 D
8 24 9 26 D
9 24 10 3 U
10 24 11 26 D
11 24 12 26 D
12 24 13 26 D
13 24 14 11 U
14 24 0 14 U
15 24 16 15 U
16 24 17 16 U
17 24 18 17 U
18 24 19 19 U
19 24 20 20 U
20 24 21 26 D
21 24 22 22 U
22 24 23 23 U
23 24 24 23 U
24 24 25 23 U
25 0 25 26 D
25 1 25 26 D
25 2 25 23 U
25 3 25 23 U
25 4 25 23 U
25 5 25 26 D
25 6 0 26 D
25 7 25 24 L
25 8 25 24 L
25 9 25 24 L
25 10 25 24 L
25 11 25 24 L
25 12 25 24 L
25 13 25 24 L
25 14 25 24 L
25 15 25 2 L
25 16 25 3 L
25 17 0 4 L
25 18 25 7 L
25 19 25 8 L
25 20 25 9 L
25 21 25 10 L
25 22 25 11 L
25 23 25 12 L
25 24 0 13 L
0 25 1 14 L
1 25 2 15 L
2 25 3 16 L
3 25 0 17 L
4 25 5 18 L
5 25 6 20 L
6 25 7 21 L
7 25 8 22 L
8 25 9 23 L
9 25 10 24 L
10 25 11 25 L
11 25 12 25 L
12 25 0 25 L
13 25 14 25 L
14 25 15 25 L
15 25 16 25 L
16 25 17 25 L
17 25 18 25 L
18 25 19 25 L
19 25 20 25 L
20 25 21 25 L
21 25 0 25 L
22 25 23 25 L
23 25 24 25 L
24 25 25 25 L
25 25 26 25 L
26 0 26 25 L
26 1 26 25 L
26 2 0 25 L
26 3 26 8 U
26 4 26 27 D
26 5 26 10 U
26 6 26 27 D
26 7 26 12 U
26 8 26 27 D
26 9 0 8 U
26 10 0 27 D
26 11 0 15 U
26 12 0 16 U
0 0 1 17 U
1 0 0 12 L
0 1 0 18 U
26 13 26 27 D
26 14 26 21 U
26 15 26 0 L
26 16 0 27 D
26 17 26 27 D
26 18 26 24 R
26 19 26 27 D
26 20 26 26 R
26 21 26 27 D
26 22 26 26 R
26 23 0 27 D
26 24 26 26 R
26 25 0 27 D
0 26 1 27 D
1 26 2 24 U
2 26 3 26 R
3 26 4 26 R
4 26 5 27 D
5 26 6 26 R
6 26 7 24 U
7 26 8 26 R
8 26 0 24 U
9 26 10 24 U
10 26 11 26 R
11 26 12 26 R
12 26 13 26 R
13 26 14 26 R
14 26 15 26 L
15 26 16 2 D
16 26 17 26 R
17 26 18 3 D
18 26 0 26 R
19 26 20 26 R
20 26 21 0 R
21 26 22 1 R
22 26 23 2 R
23 26 24 3 R
24 26 0 4 R
25 26 26 19 U
26 26 27 5 R
27 0 27 6 R
27 1 27 7 R
27 2 27 8 R
27 3 27 25 U
27 4 0 9 R
27 5 27 10 R
27 6 27 11 R
27 7 27 12 R
27 8 27 14 R
27 9 0 16 R
27 10 27 18 R
27 11 27 20 R
27 12 27 21 R
27 13 27 25 U
27 14 27 24 R
27 15 27 25 U
27 16 0 27 R
27 17 27 25 U
27 18 27 27 R
27 19 27 25 U
27 20 27 25 U
27 21 27 27 R
27 22 27 25 U
27 23 27 0 U
27 24 27 27 R
27 25 27 1 U
27 26 0 2 U
0 27 0 27 R
1 27 2 3 U
2 27 3 19 L
3 27 4 5 U
4 27 5 22 L
5 27 6 7 U
6 27 7 19 D
7 27 8 25 L
8 27 9 26 L
9 27 0 9 U
10 27 0 27 R
11 27 12 27 R
12 27 0 11 U
13 27 0 27 R
14 27 0 1 U
15 27 16 23 D
16 27 17 14 U
17 27 0 25 D
18 27 19 27 R
19 27 20 20 U
20 27 21 26 D
21 27 0 27 D
22 27 23 0 R
23 27 24 1 R
24 27 25 28 D
25 27 26 26 U
26 27 27 28 D
27 27 0 26 U
28 0 28 4 R
28 1 28 5 R
28 2 28 6 R
28 3 0 27 L
28 4 28 7 R
28 5 28 8 R
28 6 0 9 R
28 7 28 10 R
28 8 28 26 U
28 9 0 11 R
28 10 28 12 R
28 11 0 15 R
28 12 28 16 R
28 13 28 13 U
28 14 28 15 U
28 15 0 18 R
28 16 28 17 U
28 17 28 23 U
28 18 0 20 R
28 19 28 28 D
28 20 28 27 U
28 21 0 27 U
28 22 0 27 U
28 23 28 28 D
28 24 28 27 U
28 25 0 28 D
28 26 28 28 D
28 27 0 28 D
0 28 1 27 U
1 28 0 28 D
2 28 3 13 U
3 28 0 14 U
4 28 5 17 U
5 28 0 28 L
6 28 7 28 L
7 28 0 21 U
8 28 0 22 U
9 28 0 28 L
10 28 0 28 L
11 28 12 24 U
12 28 0 28 L
13 28 14 28 R
14 28 0 28 R
15 28 16 28 R
16 28 17 28 R
17 28 0 28 R
18 28 19 28 R
19 28 20 28 R
20 28 0 28 R
21 28 22 28 R
22 28 23 28 R
23 28 0 28 R
24 28 25 28 R
25 28 26 28 R
26 28 0 0 R
27 28 28 1 R
28 28 29 2 R
29 0 0 3 R
29 1 29 28 U
29 2 29 4 R
29 3 0 5 R
29 4 29 28 U
29 5 0 6 R
29 6 0 28 U
