24 23 536
0 0 0 0 1 0 2 0 1 2 3 3 3 0 1 0 0 0
0 0 0 0 0 0 2 3 4 4 4 4 0 1 2 0 0 0
4 5 5 5 5 5 0 5 6 2 6 7 7 7 0 3 4 5
6 0 0 0 0 0 7 8 0 8 1 3 5 6 7 0 0 8
9 0 0 0 0 0 9 9 0 9 1 2 0 0 0 0 0 3
4 5 6 7 8 9 10 10 10 10 4 5 6 7 8 9 10 11
0 0 0 11 0 10 12 6 13 13 5 0 0 0 0 0 0 0
0 0 0 6 14 14 14 3 8 13 15 15 15 0 2 0 0 0
0 0 0 3 0 0 0 0 0 0 0 8 12 13 0 0 0 0
0 0 0 15 16 16 16 3 8 13 17 17 0 3 8 13 18 18
0 18 18 18 0 0 0 0 18 18 18 1 0 11 12 14 16 19
0 0 19 19 19 19 19 19 19 19 19 19 4 5 6 8 10 11
0 0 13 14 0 0 0 15 16 19 20 20 20 20 20 20 0 20
0 0 20 20 0 0 0 0 1 4 5 10 17 18 19 21 0 21
0 21 21 21 21 21 21 21 21 1 3 8 0 0 10 0 0 12
0 14 15 16 17 18 19 20 0 21 22 22 0 0 22 22 0 22
0 22 22 0 0 0 0 22 22 22 22 22 0 1 2 3 0 0
0 4 5 7 9 11 13 15 17 19 22 23 23 23 23 23 0 0
1 0 0 1 R
0 1 1 0 L
1 1 0 1 R
2 0 2 1 L
2 1 0 3 D
0 2 0 0 L
1 2 0 2 L
2 2 0 2 L
3 0 0 2 L
3 1 0 0 L
3 2 0 1 L
0 3 0 2 L
1 3 0 3 L
2 3 0 3 R
3 3 0 0 R
4 0 0 1 R
4 1 0 2 R
4 2 0 3 R
4 3 0 4 R
0 4 0 4 R
1 4 0 4 R
2 4 3 3 U
3 4 0 7 D
4 4 0 0 R
5 0 0 1 R
5 1 0 2 R
5 2 0 3 R
5 3 0 4 R
5 4 0 5 R
0 5 1 7 D
1 5 2 0 R
2 5 3 1 D
3 5 4 2 R
4 5 0 4 R
5 5 6 5 L
6 0 6 2 D
6 1 6 5 L
6 2 6 3 D
6 3 6 5 L
6 4 0 4 D
6 5 0 5 L
0 6 1 1 L
1 6 0 3 L
2 6 3 5 L
3 6 4 6 R
4 6 5 6 L
5 6 0 6 L
6 6 7 1 R
7 0 0 6 L
7 1 7 3 R
7 2 0 0 L
7 3 7 5 R
7 4 0 2 L
7 5 7 7 R
7 6 0 4 L
0 7 1 4 U
1 7 2 8 D
2 7 0 6 L
3 7 0 7 L
4 7 0 7 L
5 7 0 7 L
6 7 0 4 U
7 7 8 1 D
8 0 8 5 U
8 1 0 2 D
8 2 8 3 D
8 3 8 4 D
8 4 0 5 D
8 5 8 6 U
8 6 8 6 U
8 7 0 8 R
0 8 0 6 U
1 8 2 9 D
2 8 0 8 R
3 8 4 8 L
4 8 0 9 D
5 8 0 8 L
6 8 0 8 L
7 8 0 8 L
8 8 0 7 U
9 0 0 7 U
9 1 9 0 U
9 2 0 0 D
9 3 9 1 D
9 4 9 2 D
9 5 0 3 D
9 6 9 5 U
9 7 9 6 U
9 8 0 7 U
0 9 0 8 U
1 9 0 10 D
2 9 0 10 D
3 9 0 8 U
4 9 0 0 U
5 9 0 9 L
6 9 0 9 L
7 9 0 9 L
8 9 0 9 L
9 9 0 9 L
10 0 0 9 L
10 1 10 4 R
10 2 10 5 R
10 3 0 6 R
10 4 10 8 R
10 5 10 10 R
10 6 0 10 R
10 7 10 6 U
10 8 10 11 D
10 9 0 7 U
0 10 1 8 U
1 10 2 13 D
2 10 3 9 U
3 10 0 13 D
4 10 0 13 D
5 10 0 10 R
6 10 0 10 R
7 10 0 10 R
8 10 0 10 R
9 10 0 10 R
10 10 0 0 R
11 0 0 9 U
11 1 11 11 R
11 2 11 13 D
11 3 11 11 R
11 4 11 13 D
11 5 11 11 R
11 6 11 13 D
11 7 11 11 R
11 8 11 13 D
11 9 11 11 R
11 10 0 1 D
0 11 1 11 R
1 11 2 2 L
2 11 3 0 R
3 11 4 4 L
4 11 5 2 R
5 11 6 6 L
6 11 7 4 R
7 11 8 8 L
8 11 9 6 R
9 11 0 10 L
10 11 11 8 R
11 11 12 11 L
12 0 12 10 R
12 1 12 11 L
12 2 12 12 R
12 3 12 11 L
12 4 12 12 R
12 5 12 11 L
12 6 12 12 R
12 7 0 11 L
12 8 12 12 R
12 9 12 11 L
12 10 12 12 R
12 11 0 1 L
0 12 1 12 R
1 12 2 3 L
2 12 3 12 R
3 12 4 5 L
4 12 5 1 R
5 12 0 7 L
6 12 7 2 R
7 12 8 9 L
8 12 9 4 R
9 12 10 11 L
10 12 11 6 R
11 12 12 12 L
12 12 13 8 R
13 0 13 12 L
13 1 0 12 L
13 2 13 10 R
13 3 13 12 L
13 4 13 12 R
13 5 13 12 L
13 6 13 13 R
13 7 13 12 L
13 8 13 13 R
13 9 0 0 L
13 10 13 7 U
13 11 13 3 L
13 12 0 9 U
0 13 1 5 L
1 13 2 10 U
2 13 3 7 L
3 13 4 10 U
4 13 0 9 L
5 13 0 13 L
6 13 7 1 U
7 13 8 15 D
8 13 9 3 U
9 13 10 15 D
10 13 11 5 U
11 13 12 15 D
12 13 13 7 U
13 13 14 15 D
14 0 14 9 U
14 1 0 15 D
14 2 14 13 L
14 3 14 13 L
14 4 14 13 L
14 5 14 13 L
14 6 0 0 L
14 7 14 2 L
14 8 14 3 L
14 9 14 4 L
14 10 14 5 L
14 11 0 6 L
14 12 14 7 L
14 13 0 8 L
0 14 1 9 L
1 14 2 10 L
2 14 0 11 L
3 14 4 12 L
4 14 5 13 L
5 14 6 14 L
6 14 7 14 L
7 14 0 14 L
8 14 9 14 L
9 14 10 14 L
10 14 11 14 L
11 14 12 14 L
12 14 0 14 L
13 14 14 14 L
14 14 15 14 L
15 0 15 14 L
15 1 15 14 L
15 2 0 14 L
15 3 15 14 L
15 4 15 14 L
15 5 15 0 L
15 6 15 1 L
15 7 0 2 L
15 8 15 3 L
15 9 15 4 L
15 10 15 5 L
15 11 15 6 L
15 12 0 7 L
15 13 15 8 L
15 14 0 10 L
0 15 1 13 L
1 15 0 14 L
2 15 0 15 L
3 15 4 15 D
4 15 5 0 D
5 15 6 1 D
6 15 7 2 D
7 15 0 3 D
8 15 9 9 U
9 15 10 11 D
10 15 11 11 U
11 15 0 12 U
12 15 0 15 L
13 15 14 15 U
14 15 0 15 L
0 0 0 15 U
15 15 16 4 R
16 0 16 5 R
16 1 16 6 R
16 2 16 7 R
16 3 0 8 R
16 4 16 9 R
16 5 16 10 R
16 6 16 11 R
16 7 16 12 R
16 8 0 13 R
16 9 16 14 R
16 10 16 15 R
16 11 16 16 R
16 12 16 16 R
16 13 0 16 R
16 14 16 16 R
16 15 0 16 R
0 16 1 16 R
1 16 2 16 R
2 16 0 16 R
3 16 4 16 R
4 16 5 16 R
5 16 6 16 R
6 16 7 16 R
7 16 0 16 R
8 16 9 16 R
9 16 10 16 R
10 16 11 16 R
11 16 12 16 R
12 16 0 0 R
13 16 14 1 R
14 16 15 2 R
15 16 16 3 R
16 16 17 4 R
17 0 0 5 R
17 1 17 6 R
17 2 17 8 R
17 3 17 9 R
17 4 17 13 R
17 5 0 16 R
17 6 17 18 D
17 7 17 15 U
17 8 17 18 D
17 9 17 18 D
17 10 17 17 R
17 11 17 18 D
17 12 17 15 U
17 13 17 18 D
17 14 17 17 R
17 15 17 15 U
17 16 0 18 D
0 17 1 17 R
1 17 2 17 R
2 17 0 15 L
3 17 4 15 U
4 17 5 17 R
5 17 6 15 U
6 17 7 17 R
7 17 0 17 L
8 17 9 17 L
9 17 10 17 R
10 17 11 17 R
11 17 12 17 R
12 17 0 17 L
13 17 14 1 R
14 17 15 18 D
15 17 16 2 R
16 17 17 18 D
17 17 18 4 R
18 0 0 17 L
18 1 18 17 L
18 2 18 18 D
18 3 18 17 L
18 4 18 18 D
18 5 0 0 L
18 6 0 5 L
18 7 0 0 L
18 8 0 7 L
18 9 0 8 L
18 10 18 12 R
18 11 0 13 R
18 12 18 15 R
18 13 18 16 R
18 14 0 18 R
18 15 18 18 R
18 16 18 18 R
18 17 0 18 R
0 18 0 18 R
1 18 2 16 D
2 18 3 7 U
3 18 4 17 D
4 18 5 18 D
5 18 6 10 U
6 18 7 19 D
7 18 8 12 U
8 18 9 19 D
9 18 10 14 U
10 18 0 19 D
11 18 0 17 U
12 18 13 17 U
13 18 0 17 U
14 18 15 19 D
15 18 0 19 D
16 18 17 19 D
17 18 18 3 U
18 18 0 0 R
19 0 19 19 D
19 1 0 6 U
19 2 0 19 D
19 3 19 2 L
19 4 0 9 U
19 5 0 3 L
19 6 0 5 L
19 7 0 6 L
19 8 0 7 L
19 9 19 10 U
19 10 19 11 U
19 11 0 12 R
19 12 19 14 R
19 13 0 14 U
19 14 19 19 R
19 15 0 17 U
19 16 19 1 D
19 17 19 2 D
19 18 0 3 D
0 19 1 19 R
1 19 2 4 D
2 19 3 6 D
3 19 0 7 D
4 19 0 19 R
5 19 0 18 U
6 19 7 18 U
7 19 0 18 U
8 19 9 13 D
9 19 0 14 D
10 19 0 18 U
11 19 12 15 D
12 19 0 1 U
13 19 0 17 D
14 19 0 4 U
15 19 0 8 U
16 19 17 9 U
17 19 18 10 U
18 19 0 11 U
19 19 0 13 U
20 0 0 15 U
20 1 20 20 D
20 2 20 20 D
20 3 20 20 D
20 4 20 20 D
20 5 20 0 L
20 6 20 20 D
20 7 0 20 D
20 8 0 5 L
20 9 0 8 L
20 10 20 19 U
20 11 20 19 U
20 12 0 9 L
20 13 20 1 D
20 14 0 12 L
20 15 20 2 D
20 16 0 19 U
20 17 0 18 R
20 18 20 7 D
20 19 0 19 U
0 20 0 19 U
1 20 2 19 U
2 20 3 19 U
3 20 0 19 U
4 20 0 19 U
5 20 6 21 D
6 20 7 21 D
7 20 8 21 D
8 20 9 21 D
9 20 0 21 D
10 20 11 20 L
11 20 12 21 D
12 20 13 20 L
13 20 14 20 L
14 20 15 21 D
15 20 16 20 L
16 20 0 20 L
17 20 0 20 L
18 20 0 20 L
19 20 20 10 U
20 20 21 20 L
21 0 0 11 U
21 1 0 20 L
21 2 21 21 D
21 3 0 16 U
21 4 0 6 R
21 5 21 8 R
21 6 0 9 R
21 7 21 21 D
21 8 21 10 R
21 9 0 19 U
21 10 0 11 R
21 11 0 13 R
21 12 21 15 R
21 13 0 16 R
21 14 21 20 U
21 15 21 19 R
21 16 21 20 R
21 17 0 21 R
21 18 21 14 L
21 19 21 20 U
21 20 0 20 U
0 21 0 20 U
1 21 2 18 L
2 21 0 20 U
3 21 4 21 L
4 21 5 0 D
5 21 6 1 D
6 21 7 2 D
7 21 0 3 D
8 21 9 4 D
9 21 0 5 D
10 21 11 20 U
11 21 0 0 U
12 21 13 9 D
13 21 0 3 U
14 21 0 4 U
15 21 0 5 U
16 21 0 21 R
17 21 0 21 R
18 21 0 21 R
19 21 0 12 U
20 21 0 17 U
21 21 0 21 U
22 0 22 16 D
22 1 22 17 D
22 2 22 18 D
22 3 0 19 D
22 4 22 20 D
22 5 0 21 D
22 6 22 21 U
22 7 0 21 U
22 8 0 7 L
22 9 0 21 U
22 10 0 21 U
22 11 0 21 U
22 12 0 21 U
22 13 0 12 L
22 14 22 13 L
22 15 0 21 U
22 16 22 22 D
22 17 22 14 L
22 18 22 0 D
22 19 0 1 D
22 20 22 22 R
22 21 0 2 D
0 22 0 22 R
1 22 0 22 R
2 22 0 6 U
3 22 0 8 U
4 22 0 10 U
5 22 6 11 U
6 22 0 22 L
7 22 8 22 L
8 22 0 22 L
9 22 10 22 L
10 22 0 22 L
11 22 12 22 L
12 22 0 22 L
13 22 14 22 L
14 22 0 22 L
15 22 16 22 L
16 22 0 22 L
17 22 18 22 L
18 22 0 22 L
19 22 20 22 L
20 22 21 15 U
21 22 0 22 L
22 22 23 22 L
23 0 23 22 L
23 1 0 22 L
23 2 0 3 R
23 3 0 4 R
23 4 0 5 R
23 5 0 6 R
23 6 0 22 U
