38 37 1400
1 2 4 2 5 5 2 7 8 8 5 3
4 5 7 11 5 12 8 0 13 10 14 15
15 15 15 6 16 0 9 17 17 17 2 14
16 17 18 18 8 15 19 19 4 14 20 20
20 20 2 12 21 7 21 22 23 8 24 24
24 24 2 18 25 1 6 11 26 26 26 26
26 26 7 21 24 0 29 29 20 25 28 0
29 30 30 0 31 25 32 13 32 33 33 0
3 5 14 20 34 34 34 3 11 20 27 33
35 35 35 35 35 3 7 13 17 23 29 33
35 36 36 36 36 0 13 27 32 36 37 37
0 37 0 37 37 37 37 37 37 37 37 0
1 3 0 0 R
2 3 3 2 R
3 3 4 3 L
4 0 0 4 R
4 1 4 3 L
4 2 4 4 R
4 3 0 3 L
0 4 1 0 R
1 4 0 2 R
2 4 3 1 L
3 4 4 4 R
4 4 5 3 L
5 0 5 5 R
5 1 5 4 L
5 2 0 5 R
5 3 5 4 L
5 4 0 0 R
0 5 1 4 L
1 5 2 2 R
2 5 3 1 L
3 5 4 5 R
4 5 0 6 R
5 5 6 3 L
6 0 6 6 R
6 1 6 5 L
6 2 6 6 R
6 3 6 1 R
6 4 6 5 L
6 5 0 3 R
0 6 1 5 L
1 6 0 5 R
2 6 3 5 L
3 6 4 7 R
4 6 5 1 L
5 6 6 7 R
6 6 7 7 R
7 0 7 3 L
7 1 7 7 R
7 2 7 4 L
7 3 7 0 R
7 4 7 6 L
7 5 0 2 R
7 6 0 6 L
0 7 1 4 R
1 7 2 6 L
2 7 3 6 R
3 7 4 6 L
4 7 5 8 R
5 7 6 0 L
6 7 7 8 R
7 7 8 2 L
8 0 8 8 R
8 1 8 4 L
8 2 0 8 R
8 3 8 6 L
8 4 8 0 R
8 5 8 7 L
8 6 8 3 R
8 7 0 7 L
0 8 1 5 R
1 8 2 7 R
2 8 3 7 L
3 8 4 9 R
4 8 5 7 L
5 8 6 9 R
6 8 7 1 L
7 8 0 9 R
8 8 9 3 L
9 0 9 9 R
9 1 9 9 R
9 2 9 5 L
9 3 9 1 R
9 4 9 7 L
9 5 9 4 R
9 6 9 8 L
9 7 9 6 R
9 8 0 8 L
0 9 1 8 R
1 9 2 8 L
2 9 3 10 R
3 9 4 8 L
4 9 0 10 R
5 9 6 8 L
6 9 7 10 D
7 9 8 12 D
8 9 9 1 L
9 9 10 14 D
10 0 10 2 L
10 1 10 14 D
10 2 10 10 R
10 3 10 4 L
10 4 10 14 D
10 5 10 6 L
10 6 10 14 D
10 7 10 8 L
10 8 10 14 D
10 9 0 9 L
0 10 1 14 D
1 10 2 9 L
2 10 0 0 D
3 10 0 2 D
4 10 0 10 R
5 10 6 10 L
6 10 0 10 R
7 10 8 10 L
8 10 9 4 R
9 10 10 8 R
10 10 11 10 R
11 0 11 11 R
11 1 11 15 D
11 2 0 11 R
11 3 11 10 L
11 4 11 11 R
11 5 11 11 R
11 6 11 11 R
11 7 11 11 R
11 8 11 11 R
11 9 11 0 R
11 10 0 1 R
0 11 1 2 R
1 11 2 2 D
2 11 3 1 L
3 11 4 4 R
4 11 0 5 R
5 11 6 7 R
6 11 7 3 L
7 11 8 9 R
8 11 9 10 R
9 11 10 11 R
10 11 11 12 R
11 11 12 12 R
12 0 12 12 R
12 1 12 12 R
12 2 12 12 R
12 3 12 12 R
12 4 12 12 R
12 5 0 12 R
12 6 12 12 R
12 7 12 12 R
12 8 12 11 L
12 9 12 12 R
12 10 12 0 R
12 11 0 1 R
0 12 1 2 R
1 12 2 3 R
2 12 3 4 R
3 12 4 16 D
4 12 5 5 R
5 12 6 6 R
6 12 7 7 R
7 12 0 8 R
8 12 9 0 R
9 12 10 1 R
10 12 11 8 L
11 12 12 1 R
12 12 13 16 D
13 0 13 0 R
13 1 13 1 R
13 2 13 2 R
13 3 13 2 R
13 4 13 2 R
13 5 13 0 R
13 6 13 1 R
13 7 13 2 R
13 8 0 3 R
0 0 1 0 D
1 0 0 9 R
0 1 1 10 R
1 1 2 11 R
2 0 2 12 R
2 1 0 13 R
0 2 1 13 R
1 2 2 13 R
2 2 3 13 R
3 0 3 13 R
3 1 3 13 R
3 2 0 13 R
0 3 0 13 R
13 9 13 13 R
13 10 13 13 R
13 11 13 13 R
13 12 0 13 R
0 13 1 0 R
1 13 2 10 D
2 13 3 1 R
3 13 4 2 R
4 13 5 3 R
5 13 6 4 R
6 13 7 5 R
7 13 8 6 R
8 13 9 7 R
9 13 0 8 R
10 13 11 9 R
11 13 12 11 R
12 13 13 13 R
13 13 14 14 R
14 0 14 14 R
14 1 14 14 R
14 2 14 14 R
14 3 14 14 R
14 4 14 17 D
14 5 14 14 R
14 6 14 14 R
14 7 14 14 R
14 8 0 14 R
14 9 14 9 U
14 10 14 17 D
14 11 14 9 U
14 12 14 17 D
14 13 0 1 R
0 14 1 9 U
1 14 2 17 D
2 14 3 17 D
3 14 4 0 U
4 14 5 17 D
5 14 6 2 U
6 14 7 3 U
7 14 8 17 D
8 14 9 5 U
9 14 10 17 D
10 14 11 7 U
11 14 12 17 D
12 14 13 9 U
13 14 14 17 D
14 14 15 10 U
15 0 0 17 D
15 1 15 17 D
15 2 0 17 D
15 3 15 7 R
15 4 0 9 R
15 5 15 17 D
15 6 15 11 R
15 7 15 13 R
15 8 15 4 L
15 9 0 15 R
15 10 15 5 L
15 11 15 15 R
15 12 15 15 R
15 13 15 15 R
15 14 0 10 U
0 15 1 10 U
1 15 2 0 U
2 15 3 7 D
3 15 4 2 U
4 15 5 8 L
5 15 0 4 R
6 15 7 10 D
7 15 8 10 L
8 15 9 9 R
9 15 10 10 R
10 15 11 5 U
11 15 12 6 U
12 15 13 11 R
13 15 14 12 R
14 15 15 13 R
15 15 16 7 U
16 0 16 9 U
16 1 16 11 U
16 2 16 18 D
16 3 16 11 U
16 4 16 15 R
16 5 0 11 U
16 6 16 15 L
16 7 16 11 U
16 8 16 15 L
16 9 16 16 R
16 10 16 16 R
16 11 16 18 D
16 12 16 16 R
16 13 16 16 R
16 14 16 3 U
16 15 0 16 R
0 16 1 6 L
1 16 2 6 U
2 16 3 8 L
3 16 4 16 R
4 16 5 16 R
5 16 6 16 R
6 16 7 2 D
7 16 8 3 D
8 16 0 16 R
9 16 10 16 L
10 16 11 16 L
11 16 12 3 R
12 16 13 12 U
13 16 14 12 U
14 16 15 9 D
15 16 16 4 R
16 16 0 5 R
17 0 17 14 D
17 1 17 16 L
17 2 17 16 L
17 3 17 8 R
17 4 17 11 R
17 5 0 19 D
17 6 17 1 L
17 7 17 2 L
17 8 17 15 R
17 9 17 13 U
17 10 17 19 D
17 11 17 16 R
17 12 17 19 D
17 13 0 13 U
17 14 17 7 L
17 15 17 19 D
17 16 0 17 R
0 17 1 19 D
1 17 0 12 L
2 17 3 0 D
3 17 4 14 L
4 17 5 1 D
5 17 6 3 D
6 17 7 4 D
7 17 8 6 D
8 17 9 7 D
9 17 10 8 D
10 17 11 9 D
11 17 12 10 D
12 17 13 17 L
13 17 0 11 D
14 17 15 12 D
15 17 0 15 D
16 17 0 3 U
17 17 18 17 D
18 0 18 6 U
18 1 0 20 D
18 2 18 12 U
18 3 18 14 U
18 4 18 15 U
18 5 18 15 U
18 6 18 1 L
18 7 18 20 D
18 8 18 15 U
18 9 0 15 U
18 10 18 20 D
18 11 18 20 D
18 12 18 18 R
18 13 18 15 U
18 14 18 15 U
18 15 18 18 R
18 16 18 15 U
18 17 0 15 U
0 18 1 15 U
1 18 2 0 U
2 18 3 4 L
3 18 4 1 U
4 18 5 9 D
5 18 6 3 U
6 18 7 5 U
7 18 0 18 R
8 18 9 7 U
9 18 10 11 L
10 18 11 18 R
11 18 12 21 D
12 18 13 1 R
13 18 14 14 U
14 18 0 4 R
15 18 16 16 U
16 18 17 18 L
17 18 18 18 L
18 18 19 7 R
19 0 19 21 D
19 1 19 11 R
19 2 19 21 D
19 3 19 21 D
19 4 0 13 R
19 5 19 18 L
19 6 19 18 L
19 7 19 2 D
19 8 19 16 U
19 9 19 4 D
19 10 19 0 L
19 11 19 18 R
19 12 19 19 R
19 13 0 19 R
19 14 19 14 D
19 15 19 5 L
19 16 19 6 L
19 17 19 10 L
19 18 0 19 R
0 19 1 19 R
1 19 2 22 D
2 19 3 19 R
3 19 0 0 D
4 19 5 6 U
5 19 6 15 L
6 19 7 16 L
7 19 8 17 L
8 19 9 9 U
9 19 10 11 D
10 19 11 19 R
11 19 12 19 R
12 19 13 23 D
13 19 0 13 U
14 19 15 19 L
15 19 16 19 L
16 19 17 19 L
17 19 18 5 R
18 19 19 23 D
19 19 0 23 D
20 0 20 19 L
20 1 20 2 D
20 2 20 19 L
20 3 20 5 D
20 4 20 6 D
20 5 20 14 R
20 6 20 8 D
20 7 20 10 D
20 8 20 11 D
20 9 20 12 D
20 10 20 17 U
20 11 0 13 D
20 12 20 14 D
20 13 20 2 L
20 14 20 17 D
20 15 0 18 D
20 16 0 17 U
20 17 20 20 D
20 18 20 0 U
20 19 0 16 L
0 20 1 24 D
1 20 0 24 D
2 20 3 2 U
3 20 4 19 L
4 20 5 3 U
5 20 6 5 U
6 20 7 6 U
7 20 8 24 D
8 20 9 8 U
9 20 10 9 U
10 20 11 20 L
11 20 0 14 R
12 20 13 16 R
13 20 14 17 R
14 20 15 24 D
15 20 16 12 U
16 20 17 13 U
17 20 18 18 R
18 20 19 19 R
19 20 20 14 U
20 20 21 20 L
21 0 21 15 U
21 1 21 21 R
21 2 21 16 U
21 3 21 21 R
21 4 21 17 U
21 5 21 18 U
21 6 21 18 U
21 7 21 18 U
21 8 21 18 U
21 9 21 15 D
21 10 21 18 U
21 11 21 20 L
21 12 21 21 R
21 13 21 18 U
21 14 21 21 R
21 15 0 18 U
21 16 21 21 R
21 17 21 21 R
21 18 21 21 R
21 19 21 21 R
21 20 0 20 L
0 21 1 23 D
1 21 2 21 R
2 21 3 21 R
3 21 4 18 U
4 21 5 11 L
5 21 6 21 R
6 21 0 21 R
7 21 8 21 R
8 21 9 0 R
9 21 10 18 U
10 21 11 5 R
11 21 12 25 D
12 21 13 6 R
13 21 14 20 L
14 21 15 8 R
15 21 16 9 R
16 21 17 25 D
17 21 18 10 R
18 21 19 21 L
19 21 20 12 R
20 21 0 13 R
21 21 22 15 R
22 0 22 16 R
22 1 22 21 L
22 2 22 25 D
22 3 22 8 U
22 4 22 25 D
22 5 22 20 R
22 6 22 21 R
22 7 22 21 L
22 8 22 22 R
22 9 22 22 R
22 10 22 22 R
22 11 22 21 L
22 12 22 12 U
22 13 0 22 R
22 14 22 25 D
22 15 22 1 R
22 16 22 3 R
22 17 22 1 L
22 18 22 25 D
22 19 22 25 D
22 20 22 7 R
22 21 0 8 R
0 22 1 25 D
1 22 2 7 L
2 22 3 25 D
3 22 4 12 R
4 22 5 25 D
5 22 6 25 D
6 22 7 15 R
7 22 8 25 D
8 22 9 19 U
9 22 10 25 D
10 22 11 25 D
11 22 12 25 D
12 22 13 25 D
13 22 14 21 R
14 22 15 25 D
15 22 16 25 D
16 22 17 0 D
17 22 18 1 D
18 22 19 11 L
19 22 20 2 D
20 22 21 3 D
21 22 22 23 R
22 22 23 5 D
23 0 0 6 D
23 1 23 7 D
23 2 23 19 U
23 3 23 9 D
23 4 23 17 L
23 5 23 18 L
23 6 23 19 L
23 7 23 23 R
23 8 23 11 D
23 9 23 22 L
23 10 23 22 L
23 11 23 22 L
23 12 23 12 D
23 13 23 22 L
23 14 23 22 L
23 15 23 14 D
23 16 23 22 L
23 17 23 22 L
23 18 23 22 L
23 19 23 22 L
23 20 23 22 L
23 21 23 23 R
23 22 0 22 L
0 23 1 22 L
1 23 2 22 L
2 23 3 22 L
3 23 4 22 L
4 23 5 15 D
5 23 6 19 U
6 23 7 22 L
7 23 0 22 L
8 23 9 5 L
9 23 10 6 L
10 23 11 3 R
11 23 12 9 L
12 23 13 10 L
13 23 14 14 L
14 23 15 16 L
15 23 16 17 L
16 23 17 18 L
17 23 18 19 L
18 23 19 20 L
19 23 20 22 L
20 23 21 23 L
21 23 22 23 L
22 23 23 23 L
23 23 24 23 L
24 0 0 23 L
24 1 24 23 L
24 2 24 23 L
24 3 24 15 R
24 4 24 23 L
24 5 24 23 L
24 6 24 23 L
24 7 24 23 L
24 8 24 23 L
24 9 24 23 L
24 10 24 23 L
24 11 24 23 L
24 12 24 23 L
24 13 0 0 L
24 14 24 1 L
24 15 24 13 U
24 16 24 4 L
24 17 24 7 L
24 18 0 9 L
24 19 0 23 R
24 20 24 24 R
24 21 24 18 U
24 22 24 19 L
24 23 0 24 R
0 24 1 24 R
1 24 0 24 R
2 24 3 26 D
3 24 4 24 R
4 24 5 21 L
5 24 6 20 U
6 24 7 20 U
7 24 8 22 L
8 24 9 26 D
9 24 10 20 U
10 24 11 20 U
11 24 12 13 R
12 24 13 26 D
13 24 14 20 U
14 24 15 20 U
15 24 16 26 D
16 24 17 19 R
17 24 0 20 U
18 24 19 20 U
19 24 20 21 R
20 24 21 24 L
21 24 22 26 D
22 24 23 22 R
23 24 24 20 U
24 24 25 20 U
25 0 25 20 U
25 1 25 20 U
25 2 25 20 U
25 3 25 0 U
25 4 25 1 U
25 5 25 2 U
25 6 25 3 U
25 7 25 4 U
25 8 25 5 U
25 9 25 6 U
25 10 25 24 L
25 11 25 7 U
25 12 25 24 L
25 13 25 24 R
25 14 25 8 U
25 15 25 27 D
25 16 25 10 U
25 17 25 12 U
25 18 25 13 U
25 19 25 25 R
25 20 0 15 U
25 21 25 25 R
25 22 25 25 R
25 23 25 6 D
25 24 0 21 U
0 25 0 25 R
1 25 2 25 R
2 25 3 28 D
3 25 4 28 D
4 25 5 28 D
5 25 0 25 R
6 25 7 2 D
7 25 8 4 D
8 25 9 3 U
9 25 10 6 D
10 25 0 4 R
11 25 12 27 D
12 25 13 28 D
13 25 14 29 D
14 25 15 29 D
15 25 16 29 D
16 25 17 29 D
17 25 18 29 D
18 25 19 29 D
19 25 20 22 U
20 25 21 29 D
21 25 22 29 D
22 25 23 29 D
23 25 24 29 D
24 25 25 29 D
25 25 26 29 D
26 0 26 29 D
26 1 26 29 D
26 2 26 29 D
26 3 26 29 D
26 4 26 29 D
26 5 26 29 D
26 6 0 29 D
26 7 26 29 D
26 8 26 2 U
26 9 26 17 R
26 10 26 4 U
26 11 26 19 R
26 12 26 29 D
26 13 26 13 U
26 14 26 20 R
26 15 26 29 D
26 16 0 23 U
26 17 26 21 R
26 18 26 10 L
26 19 26 22 R
26 20 0 23 U
26 21 26 18 L
26 22 0 23 R
26 23 0 16 U
26 24 0 26 R
26 25 0 26 R
0 26 1 26 R
1 26 2 26 R
2 26 3 24 L
3 26 4 26 R
4 26 5 26 R
5 26 6 26 R
6 26 0 26 R
7 26 8 16 D
8 26 9 24 U
9 26 10 24 U
10 26 11 4 R
11 26 12 24 U
12 26 13 23 D
13 26 14 24 U
14 26 15 27 R
15 26 16 26 L
16 26 17 24 U
17 26 18 24 U
18 26 19 26 D
19 26 20 24 U
20 26 0 24 U
21 26 22 30 D
22 26 23 24 U
23 26 24 30 D
24 26 25 24 U
25 26 26 30 D
26 26 27 24 U
27 0 27 30 D
27 1 27 30 D
27 2 27 24 U
27 3 27 30 D
27 4 27 1 R
27 5 27 30 D
27 6 27 24 U
27 7 27 30 D
27 8 27 0 U
27 9 27 30 D
27 10 27 1 U
27 11 27 30 D
27 12 27 2 U
27 13 27 30 D
27 14 27 3 U
27 15 27 30 D
27 16 27 4 U
27 17 27 30 D
27 18 27 5 U
27 19 27 30 D
27 20 27 6 U
27 21 27 30 D
27 22 27 7 U
27 23 27 30 D
27 24 27 12 R
27 25 27 0 D
27 26 0 8 U
0 27 1 2 D
1 27 2 3 D
2 27 3 9 U
3 27 4 5 D
4 27 5 10 U
5 27 6 11 U
6 27 7 26 L
7 27 8 9 D
8 27 9 12 U
9 27 10 11 D
10 27 11 20 R
11 27 12 12 D
12 27 13 14 U
13 27 14 14 D
14 27 15 16 U
15 27 16 16 D
16 27 17 17 U
17 27 18 18 D
18 27 19 18 U
19 27 20 20 D
20 27 21 22 D
21 27 22 23 D
22 27 23 20 U
23 27 0 25 D
24 27 25 26 L
25 27 26 26 L
26 27 27 0 L
27 27 28 1 L
28 0 28 3 L
28 1 28 28 R
28 2 28 5 L
28 3 28 7 L
28 4 28 9 L
28 5 28 11 L
28 6 28 13 L
28 7 28 15 L
28 8 28 17 L
28 9 28 19 L
28 10 28 21 L
28 11 28 23 L
28 12 28 28 R
28 13 28 25 L
28 14 28 27 L
28 15 28 27 L
28 16 28 27 L
28 17 28 27 L
28 18 28 27 L
28 19 28 27 L
28 20 28 28 R
28 21 28 27 L
28 22 28 27 L
28 23 28 27 L
28 24 28 27 L
28 25 28 27 L
28 26 28 27 L
28 27 0 27 L
0 28 1 27 L
1 28 2 27 L
2 28 3 27 L
3 28 4 27 L
4 28 5 0 L
5 28 6 5 R
6 28 7 2 L
7 28 8 3 L
8 28 9 4 L
9 28 10 5 L
10 28 11 7 L
11 28 12 8 L
12 28 13 9 L
13 28 14 10 L
14 28 15 11 L
15 28 16 13 R
16 28 17 13 L
17 28 18 14 L
18 28 19 15 L
19 28 20 16 L
20 28 21 17 L
21 28 22 18 L
22 28 23 19 L
23 28 24 21 L
24 28 25 22 L
25 28 26 23 L
26 28 27 24 L
27 28 28 25 L
28 28 29 26 L
29 0 0 27 L
29 1 29 28 L
29 2 29 28 L
29 3 29 28 L
29 4 29 28 L
29 5 29 25 U
29 6 29 28 L
29 7 29 28 L
29 8 29 28 L
29 9 29 28 L
29 10 29 28 L
29 11 29 28 L
29 12 29 28 L
29 13 29 29 R
29 14 29 28 L
29 15 29 28 L
29 16 29 28 L
29 17 29 28 L
29 18 29 28 L
29 19 29 28 L
29 20 29 28 L
29 21 29 28 L
29 22 29 28 L
29 23 29 28 L
29 24 29 28 L
29 25 29 28 L
29 26 0 0 L
29 27 29 1 L
29 28 0 3 L
0 29 1 7 L
1 29 2 8 L
2 29 3 9 L
3 29 4 10 L
4 29 5 11 L
5 29 6 12 L
6 29 7 25 U
7 29 8 14 L
8 29 9 15 L
9 29 10 16 L
10 29 11 17 L
11 29 12 18 L
12 29 13 19 L
13 29 14 20 L
14 29 15 21 L
15 29 16 22 L
16 29 17 23 L
17 29 18 24 L
18 29 19 25 L
19 29 0 26 L
20 29 21 8 U
21 29 22 29 R
22 29 23 13 U
23 29 24 29 R
24 29 0 16 U
25 29 26 29 L
26 29 27 29 R
27 29 0 29 L
28 29 0 29 L
29 29 30 3 R
30 0 30 11 R
30 1 0 15 R
30 2 30 33 D
30 3 30 25 U
30 4 30 33 D
30 5 30 26 U
30 6 30 33 D
30 7 30 20 R
30 8 30 33 D
30 9 30 26 U
30 10 30 0 L
30 11 30 26 U
30 12 30 33 D
30 13 30 26 U
30 14 30 33 D
30 15 0 26 U
30 16 30 2 L
30 17 30 4 L
30 18 30 26 U
30 19 30 6 L
30 20 30 33 D
30 21 30 8 L
30 22 30 6 R
30 23 30 33 D
30 24 30 26 U
30 25 30 10 L
30 26 30 33 D
30 27 30 12 L
30 28 30 14 L
30 29 0 2 L
0 30 1 33 D
1 30 2 26 U
2 30 3 33 D
3 30 4 26 U
4 30 5 28 R
5 30 6 26 U
6 30 7 17 L
7 30 8 29 R
8 30 9 2 U
9 30 10 33 D
10 30 11 33 D
11 30 12 6 U
12 30 13 31 R
13 30 14 8 U
14 30 15 33 D
15 30 16 10 U
16 30 17 33 D
17 30 18 12 U
18 30 19 33 D
19 30 20 14 U
20 30 21 31 R
21 30 22 19 L
22 30 23 16 U
23 30 24 31 R
24 30 25 18 U
25 30 26 33 D
26 30 27 20 U
27 30 28 33 D
28 30 29 22 U
29 30 30 33 D
30 30 31 24 U
31 0 31 33 D
31 1 31 26 U
31 2 31 21 L
31 3 31 31 R
31 4 31 27 U
31 5 31 0 D
31 6 31 31 R
31 7 31 27 U
31 8 31 27 U
31 9 31 2 D
31 10 31 27 U
31 11 31 3 D
31 12 31 4 D
31 13 31 27 U
31 14 31 5 D
31 15 31 27 U
31 16 31 25 L
31 17 31 27 U
31 18 31 6 D
31 19 31 27 U
31 20 31 7 D
31 21 31 27 L
31 22 31 28 L
31 23 31 8 D
31 24 31 27 U
31 25 0 29 L
31 26 31 30 L
31 27 31 30 L
31 28 31 9 D
31 29 31 31 R
31 30 0 30 L
0 31 1 30 L
1 31 2 31 R
2 31 3 30 L
3 31 4 30 L
4 31 5 30 L
5 31 6 30 L
6 31 7 2 R
7 31 8 30 L
8 31 9 4 R
9 31 10 30 L
10 31 11 30 L
11 31 12 30 L
12 31 13 1 L
13 31 14 8 R
14 31 15 4 L
15 31 16 10 R
16 31 17 7 L
17 31 18 8 L
18 31 19 10 L
19 31 20 13 L
20 31 21 15 L
21 31 22 17 L
22 31 23 19 L
23 31 24 21 L
24 31 0 24 L
25 31 26 26 L
26 31 27 27 L
27 31 28 30 L
28 31 29 31 L
29 31 30 23 R
30 31 31 31 L
31 31 32 31 L
32 0 32 31 L
32 1 32 31 L
32 2 32 28 R
32 3 32 31 L
32 4 32 30 R
32 5 32 31 L
32 6 32 31 L
32 7 32 31 L
32 8 32 32 R
32 9 32 31 L
32 10 32 32 R
32 11 32 31 L
32 12 32 31 L
32 13 32 31 L
32 14 32 31 L
32 15 32 31 L
32 16 32 31 L
32 17 32 31 L
32 18 32 31 L
32 19 0 31 L
32 20 32 31 L
32 21 32 31 L
32 22 32 31 L
32 23 32 32 R
32 24 32 31 L
32 25 32 31 L
32 26 32 0 L
32 27 32 1 L
32 28 32 32 R
32 29 32 3 L
32 30 32 32 R
32 31 0 5 L
0 32 1 6 L
1 32 2 7 L
2 32 3 32 R
3 32 4 9 L
4 32 5 32 R
5 32 6 11 L
6 32 7 12 L
7 32 8 13 L
8 32 9 14 L
9 32 10 15 L
10 32 11 16 L
11 32 12 17 L
12 32 0 18 L
13 32 14 20 L
14 32 15 21 L
15 32 16 24 L
16 32 17 26 L
17 32 18 27 L
18 32 19 2 R
19 32 20 29 L
20 32 21 4 R
21 32 22 31 L
22 32 23 32 L
23 32 24 7 R
24 32 25 32 L
25 32 26 8 R
26 32 27 32 L
27 32 28 32 L
28 32 29 32 L
29 32 30 32 L
30 32 31 32 L
31 32 0 32 L
32 32 33 32 L
33 0 33 32 L
33 1 33 32 L
33 2 33 15 R
33 3 33 32 L
33 4 33 17 R
33 5 33 32 L
33 6 33 32 L
33 7 33 32 L
33 8 33 20 R
33 9 33 32 L
33 10 33 32 L
33 11 33 32 L
33 12 33 32 L
33 13 0 32 L
33 14 33 0 L
33 15 33 26 R
33 16 33 3 L
33 17 33 27 R
33 18 33 5 L
33 19 33 6 L
33 20 33 34 D
33 21 33 9 L
33 22 33 10 L
33 23 33 12 L
33 24 0 13 L
33 25 33 14 L
33 26 33 16 L
33 27 33 33 R
33 28 33 18 L
33 29 33 19 L
33 30 33 21 L
33 31 33 23 L
33 32 0 24 L
0 33 1 28 L
1 33 2 31 L
2 33 0 32 L
3 33 4 29 U
4 33 0 1 U
5 33 6 3 D
6 33 7 4 D
7 33 8 5 U
8 33 9 7 U
9 33 10 6 D
10 33 11 9 U
11 33 12 7 D
12 33 13 13 U
13 33 0 9 D
14 33 15 18 U
15 33 16 11 D
16 33 17 22 U
17 33 18 12 D
18 33 19 24 U
19 33 0 14 D
20 33 21 15 D
21 33 22 16 D
22 33 23 30 U
23 33 24 18 D
24 33 25 10 R
25 33 26 19 D
26 33 27 11 R
27 33 28 20 D
28 33 29 30 U
29 33 30 22 D
30 33 31 23 D
31 33 32 12 R
32 33 33 30 U
33 33 34 24 D
34 0 34 25 D
34 1 34 33 L
34 2 34 16 R
34 3 34 26 D
34 4 34 27 D
34 5 34 28 D
34 6 34 29 D
34 7 34 30 D
34 8 0 31 D
34 9 34 32 D
34 10 34 17 R
34 11 34 18 R
34 12 34 19 R
34 13 34 33 L
34 14 34 31 U
34 15 34 1 L
34 16 0 22 R
34 17 34 25 R
34 18 34 27 R
34 19 34 29 R
34 20 34 13 L
34 21 34 15 L
34 22 34 32 R
34 23 34 34 R
34 24 0 19 U
34 25 34 22 U
34 26 34 25 U
34 27 34 34 R
34 28 34 32 U
34 29 34 34 R
34 30 34 20 L
34 31 34 21 L
34 32 34 34 R
34 33 0 23 L
0 34 1 34 R
1 34 2 32 U
2 34 0 32 U
3 34 4 32 U
4 34 5 34 R
5 34 6 34 R
6 34 7 30 L
7 34 8 31 L
8 34 9 34 R
9 34 10 33 L
10 34 0 32 U
11 34 12 32 U
12 34 13 35 D
13 34 14 1 U
14 34 15 34 R
15 34 16 34 L
16 34 17 34 L
17 34 18 34 R
18 34 19 34 L
19 34 0 11 U
20 34 21 34 R
21 34 22 34 L
22 34 23 34 L
23 34 24 35 D
24 34 25 22 U
25 34 26 34 R
26 34 0 34 L
27 34 28 25 U
28 34 29 29 U
29 34 30 34 R
30 34 31 34 L
31 34 32 30 U
32 34 0 34 L
33 34 34 34 L
34 34 35 33 U
35 0 0 33 U
35 1 35 33 U
35 2 0 33 U
35 3 35 1 L
35 4 35 0 D
35 5 35 33 U
35 6 35 33 U
35 7 35 1 D
35 8 35 33 U
35 9 0 3 D
35 10 35 33 U
35 11 35 21 R
35 12 35 5 D
35 13 35 33 U
35 14 0 6 D
35 15 35 7 D
35 16 35 8 D
35 17 35 33 U
35 18 35 10 D
35 19 35 12 D
35 20 35 13 D
35 21 35 33 U
35 22 35 33 R
35 23 35 34 R
35 24 35 14 D
35 25 35 35 R
35 26 35 13 L
35 27 35 16 D
35 28 35 17 D
35 29 35 35 R
35 30 35 19 D
35 31 0 20 D
35 32 35 23 D
35 33 35 35 R
35 34 0 35 R
0 35 1 14 U
1 35 2 29 D
2 35 0 35 R
3 35 4 35 R
4 35 5 35 R
5 35 6 35 R
6 35 0 24 U
7 35 8 26 U
8 35 9 28 U
9 35 10 35 R
10 35 11 34 U
11 35 12 34 U
12 35 0 35 R
13 35 14 35 R
14 35 15 34 U
15 35 16 35 R
16 35 0 35 R
17 35 18 34 U
18 35 19 35 R
19 35 20 34 U
20 35 21 35 R
21 35 22 34 U
22 35 0 35 R
23 35 24 35 R
24 35 25 36 D
25 35 26 34 U
26 35 27 1 D
27 35 28 34 U
28 35 0 35 R
29 35 30 34 U
30 35 31 34 U
31 35 32 34 U
32 35 0 35 R
33 35 34 34 U
34 35 0 0 U
35 35 0 2 U
36 0 36 5 U
36 1 36 8 D
36 2 36 8 U
36 3 0 35 L
36 4 36 10 U
36 5 36 15 R
36 6 0 18 R
36 7 36 21 R
36 8 36 22 R
36 9 36 17 U
36 10 36 24 R
36 11 36 4 L
36 12 36 26 R
36 13 36 27 R
36 14 36 28 R
36 15 36 30 R
36 16 36 31 R
36 17 36 32 R
36 18 36 33 R
36 19 36 34 R
36 20 0 35 R
36 21 36 36 R
36 22 36 36 R
36 23 36 9 L
36 24 36 36 R
36 25 36 11 L
36 26 36 36 R
36 27 36 36 R
36 28 36 35 U
36 29 36 36 R
36 30 36 36 R
36 31 36 36 R
36 32 36 36 R
36 33 36 36 R
36 34 36 36 R
36 35 0 36 R
0 36 1 36 R
1 36 2 36 R
2 36 3 36 R
3 36 4 25 L
4 36 5 36 R
5 36 6 36 R
6 36 7 36 R
7 36 8 36 R
8 36 9 36 R
9 36 10 36 R
10 36 11 36 R
11 36 12 36 R
12 36 0 35 U
13 36 14 15 D
14 36 15 36 R
15 36 16 16 D
16 36 17 36 L
17 36 18 17 D
18 36 19 35 U
19 36 20 36 R
20 36 21 19 D
21 36 22 36 R
22 36 23 35 U
23 36 24 20 D
24 36 25 21 D
25 36 26 35 U
26 36 0 36 R
27 36 28 35 U
28 36 29 35 U
29 36 30 36 R
30 36 31 36 R
31 36 0 36 R
32 36 33 35 U
33 36 34 2 R
34 36 35 35 U
35 36 0 3 R
36 36 37 4 R
37 0 37 35 U
37 1 37 29 D
37 2 37 35 U
37 3 0 6 R
37 4 37 35 U
37 5 37 35 U
37 6 0 7 R
37 7 0 35 U
37 8 0 2 U
37 9 0 11 R
37 10 37 9 L
37 11 0 14 R
37 12 37 18 R
37 13 37 10 L
37 14 0 22 R
37 15 37 23 R
37 16 37 36 U
37 17 37 12 L
37 18 37 36 U
37 19 37 24 R
37 20 37 25 R
37 21 37 13 L
37 22 0 36 U
37 23 37 36 U
37 24 37 26 R
37 25 0 27 R
37 26 37 28 R
37 27 0 36 U
37 28 37 0 U
37 29 0 30 R
37 30 0 5 U
