50 49 2427
2 3 3 0 3 4 2 5 4 0 7 2 8 4 9 3
4 6 8 10 10 4 11 11 6 12 12 4 10 13 13 13
14 14 14 14 14 1 5 10 15 15 15 6 13 16 16 17
17 17 17 8 18 2 19 4 20 15 3 22 23 14 2 11
13 15 18 24 26 26 26 3 13 27 21 28 28 1 30 31
31 31 31 31 31 31 31 5 18 32 2 9 16 22 30 33
0 33 0 2 4 7 11 15 34 11 16 22 28 32 35 35
35 35 2 6 9 13 17 24 36 36 1 8 15 20 27 37
37 37 37 37 37 37 4 15 38 38 38 38 2 6 11 34
35 39 39 39 39 39 39 1 31 40 40 40 40 40 40 4
5 10 15 22 24 27 32 41 41 12 20 27 32 36 39 42
42 42 42 7 24 43 43 35 44 26 44 45 45 45 7 27
28 30 31 36 37 38 40 44 46 46 46 46 46 46 46 3
4 6 7 12 15 18 22 29 37 45 47 47 47 47 47 47
47 47 47 2 8 14 20 27 35 43 48 48 48 48 48 48
48 48 48 48 0 5 11 18 0 26 34 43 49 49 49 49
2 2 0 9 D
3 0 0 2 L
3 1 3 0 L
3 2 0 9 D
0 3 1 1 L
1 3 2 2 L
2 3 0 5 D
3 3 4 3 L
4 0 4 3 L
4 1 0 3 L
4 2 4 10 D
4 3 0 3 L
0 4 1 0 L
1 4 0 1 L
2 4 3 2 L
3 4 4 3 L
4 4 5 1 D
5 0 5 4 L
5 1 0 4 L
5 2 5 4 L
5 3 5 4 L
5 4 0 4 L
0 5 1 0 L
1 5 2 1 L
2 5 3 11 D
3 5 0 5 R
4 5 5 2 L
5 5 6 3 L
6 0 6 4 L
6 1 6 11 D
6 2 6 5 L
6 3 6 5 L
6 4 6 5 L
6 5 0 0 R
0 6 1 5 L
1 6 2 5 L
2 6 3 0 L
3 6 4 1 L
4 6 5 2 L
5 6 6 3 L
6 6 7 4 L
7 0 0 7 R
7 1 7 6 L
7 2 7 6 L
7 3 7 6 L
7 4 7 6 L
7 5 7 6 L
7 6 0 6 L
0 7 1 6 L
1 7 0 2 R
2 7 3 1 L
3 7 4 2 L
4 7 5 3 L
5 7 6 12 D
6 7 7 4 L
7 7 8 5 L
8 0 8 6 L
8 1 8 7 L
8 2 0 8 R
8 3 8 7 L
8 4 8 7 L
8 5 8 7 L
8 6 8 7 L
8 7 0 7 L
0 8 1 7 L
1 8 2 0 L
2 8 3 1 L
3 8 0 3 R
4 8 5 3 L
5 8 6 4 L
6 8 7 5 L
7 8 8 6 L
8 8 9 7 L
9 0 9 8 L
9 1 9 8 L
9 2 9 8 L
9 3 0 9 D
9 4 9 8 L
9 5 9 8 L
9 6 9 13 D
9 7 9 8 L
9 8 0 0 L
0 9 1 1 L
1 9 2 2 L
2 9 0 9 R
3 9 0 0 D
4 9 5 1 D
5 9 0 2 D
6 9 7 3 D
7 9 0 9 L
8 9 9 9 L
9 9 10 3 R
10 0 10 9 L
10 1 0 7 D
10 2 10 9 L
10 3 10 10 R
10 4 10 0 L
10 5 10 10 D
10 6 10 1 L
10 7 0 11 D
10 8 10 2 L
10 9 0 14 D
0 10 1 10 R
1 10 2 4 L
2 10 3 6 L
3 10 0 7 L
4 10 5 8 L
5 10 6 14 D
6 10 7 9 L
7 10 8 4 R
8 10 9 10 L
9 10 10 10 L
10 10 0 10 L
11 0 11 10 L
11 1 11 14 D
11 2 11 14 D
11 3 11 10 L
11 4 11 11 R
11 5 11 10 L
11 6 11 10 L
11 7 0 10 L
11 8 11 0 L
11 9 11 2 L
11 10 0 3 L
0 11 1 11 R
1 11 2 5 L
2 11 3 14 D
3 11 4 6 L
4 11 5 7 L
5 11 0 5 U
6 11 7 8 L
7 11 8 9 L
8 11 9 5 D
9 11 10 10 L
10 11 11 5 R
11 11 12 11 L
12 0 12 6 D
12 1 12 11 L
12 2 0 11 L
12 3 12 11 L
12 4 12 11 L
12 5 12 12 D
12 6 12 11 L
12 7 12 0 L
12 8 12 1 L
12 9 0 2 L
12 10 12 3 L
12 11 0 4 L
0 12 1 6 L
1 12 2 7 L
2 12 3 8 L
3 12 0 9 L
4 12 5 15 D
5 12 6 10 L
6 12 7 11 L
7 12 8 12 L
8 12 9 12 L
9 12 0 12 L
10 12 11 12 L
11 12 12 12 L
12 12 13 12 L
13 0 13 12 L
13 1 0 12 L
13 2 13 8 U
13 3 13 8 U
13 4 13 12 L
13 5 13 12 L
13 6 13 12 L
13 7 13 0 L
13 8 13 1 L
13 9 0 10 D
13 10 13 2 L
13 11 13 4 U
13 12 0 5 U
0 13 1 13 R
1 13 2 6 U
2 13 3 16 D
3 13 4 4 L
4 13 5 7 U
5 13 6 5 L
6 13 7 8 U
7 13 8 6 L
8 13 9 9 U
9 13 10 7 L
10 13 11 9 U
11 13 12 8 L
12 13 0 9 U
13 13 14 2 D
14 0 0 3 D
14 1 14 5 D
14 2 0 6 D
14 3 14 7 D
14 4 0 10 D
14 5 14 4 L
14 6 14 17 D
14 7 0 17 D
14 8 14 5 L
14 9 14 6 L
14 10 14 17 D
14 11 0 1 D
14 12 14 8 L
14 13 0 9 L
0 14 0 12 D
1 14 2 18 D
2 14 3 12 L
3 14 4 13 L
4 14 0 18 D
5 14 6 14 L
6 14 7 8 D
7 14 8 14 L
8 14 9 12 D
9 14 0 14 L
10 14 11 19 D
11 14 12 14 L
12 14 13 14 L
13 14 14 14 L
14 14 15 2 D
15 0 0 11 U
15 1 15 11 U
15 2 15 14 L
15 3 15 14 L
15 4 15 14 L
15 5 15 20 D
15 6 15 20 D
15 7 0 14 L
15 8 15 1 L
15 9 15 2 L
15 10 15 3 L
15 11 15 4 L
15 12 15 10 D
15 13 0 7 L
15 14 0 8 L
0 15 1 9 L
1 15 2 10 L
2 15 3 11 L
3 15 4 21 D
4 15 5 13 L
5 15 0 12 U
6 15 7 14 L
7 15 8 15 L
8 15 9 15 L
9 15 10 15 L
10 15 11 15 L
11 15 12 22 D
12 15 0 15 L
13 15 14 15 L
14 15 15 15 L
15 15 16 15 L
16 0 16 15 L
16 1 16 15 L
16 2 0 15 L
16 3 16 15 L
16 4 16 15 L
16 5 16 15 L
16 6 16 0 L
16 7 16 1 L
16 8 16 3 U
16 9 16 2 L
16 10 0 24 D
16 11 16 3 L
16 12 16 10 U
16 13 16 4 L
16 14 16 5 L
16 15 0 11 U
0 16 1 12 U
1 16 2 6 L
2 16 3 24 D
3 16 4 13 U
4 16 5 7 L
5 16 6 13 U
6 16 7 8 L
7 16 8 13 U
8 16 9 13 U
9 16 10 13 U
10 16 11 13 U
11 16 12 13 U
12 16 13 13 U
13 16 14 13 U
14 16 15 9 L
15 16 16 13 U
16 16 17 13 U
17 0 0 13 U
17 1 17 16 L
17 2 17 16 L
17 3 0 25 D
17 4 17 9 R
17 5 17 11 R
17 6 0 13 R
17 7 17 14 R
17 8 17 4 L
17 9 17 16 R
17 10 17 17 R
17 11 17 17 R
17 12 17 17 R
17 13 0 17 R
17 14 17 17 R
17 15 17 8 L
17 16 0 17 R
0 17 1 17 R
1 17 2 17 R
2 17 3 17 R
3 17 4 12 L
4 17 5 17 R
5 17 6 17 R
6 17 7 0 R
7 17 0 3 R
8 17 9 4 R
9 17 10 15 L
10 17 11 6 R
11 17 12 7 R
12 17 13 8 R
13 17 14 9 R
14 17 15 17 L
15 17 16 11 R
16 17 17 14 R
17 17 18 15 R
18 0 18 16 R
18 1 18 17 R
18 2 18 17 L
18 3 0 18 R
18 4 18 18 R
18 5 18 17 L
18 6 18 18 R
18 7 18 18 R
18 8 18 18 R
18 9 18 18 R
18 10 18 17 L
18 11 18 18 R
18 12 18 18 R
18 13 18 18 R
18 14 18 18 R
18 15 18 18 R
18 16 18 18 R
18 17 0 18 R
0 18 1 2 L
1 18 0 1 R
2 18 3 2 R
3 18 4 5 L
4 18 5 4 R
5 18 6 5 R
6 18 7 6 R
7 18 8 7 R
8 18 9 9 R
9 18 10 10 L
10 18 11 11 R
11 18 12 13 R
12 18 13 13 L
13 18 14 15 R
14 18 15 16 R
15 18 16 17 R
16 18 17 18 R
17 18 18 19 R
18 18 19 19 R
19 0 19 18 L
19 1 0 19 R
19 2 19 19 R
19 3 19 18 L
19 4 19 19 R
19 5 19 19 R
19 6 19 19 R
19 7 19 19 R
19 8 19 19 R
19 9 19 19 R
19 10 19 18 L
19 11 19 19 R
19 12 19 19 R
19 13 19 19 R
19 14 19 18 L
19 15 19 19 R
19 16 19 19 R
19 17 19 0 R
19 18 0 1 R
0 19 1 3 R
1 19 2 4 R
2 19 3 0 L
3 19 0 6 R
4 19 5 8 R
5 19 6 3 L
6 19 7 10 R
7 19 8 11 R
8 19 9 13 R
9 19 10 14 R
10 19 11 15 R
11 19 12 16 R
12 19 13 17 R
13 19 14 10 L
14 19 15 19 R
15 19 16 20 R
16 19 17 20 R
17 19 18 14 L
18 19 19 20 R
19 19 20 20 R
20 0 20 20 R
20 1 20 20 R
20 2 20 20 R
20 3 20 20 R
20 4 20 20 R
20 5 20 19 L
20 6 20 20 R
20 7 0 0 U
20 8 20 20 R
20 9 20 19 L
20 10 20 20 R
20 11 20 20 R
20 12 20 20 R
20 13 20 0 R
20 14 20 1 R
20 15 20 2 R
20 16 20 3 R
20 17 20 4 R
20 18 20 19 L
20 19 0 6 R
0 20 1 7 R
1 20 2 8 R
2 20 3 9 R
3 20 4 19 L
4 20 5 12 R
5 20 6 13 R
6 20 7 14 R
7 20 8 15 R
8 20 9 16 R
9 20 10 18 R
10 20 11 19 R
11 20 12 20 R
12 20 13 5 L
13 20 14 21 R
14 20 0 7 L
15 20 16 21 R
16 20 17 9 L
17 20 18 21 R
18 20 19 21 R
19 20 20 12 L
20 20 21 21 R
21 0 21 21 R
21 1 21 21 R
21 2 21 21 R
21 3 21 21 R
21 4 21 21 R
21 5 21 18 L
21 6 21 21 R
21 7 21 21 R
21 8 21 21 R
21 9 21 21 R
21 10 21 21 R
21 11 21 20 L
21 12 21 0 R
21 13 21 1 R
21 14 21 2 R
21 15 21 3 R
21 16 21 4 R
21 17 21 6 R
21 18 21 7 R
21 19 21 8 R
21 20 0 10 R
0 21 1 20 L
1 21 2 12 R
2 21 0 20 L
3 21 4 14 R
4 21 5 20 L
5 21 6 16 R
6 21 7 17 R
7 21 8 20 L
8 21 9 19 R
9 21 10 20 R
10 21 11 21 R
11 21 12 22 R
12 21 13 22 R
13 21 14 22 R
14 21 15 22 R
15 21 16 5 L
16 21 17 22 R
17 21 18 22 R
18 21 19 22 R
19 21 20 22 R
20 21 21 22 R
21 21 22 11 L
22 0 22 22 R
22 1 22 22 R
22 2 22 22 R
22 3 22 22 R
22 4 22 22 R
22 5 22 17 L
22 6 22 22 R
22 7 22 22 R
22 8 22 22 R
22 9 22 15 U
22 10 22 22 R
22 11 22 21 L
22 12 22 1 R
22 13 0 21 L
22 14 22 3 R
22 15 22 21 L
22 16 22 5 R
22 17 22 6 R
22 18 22 21 L
22 19 22 8 R
22 20 22 9 R
22 21 0 10 R
0 22 1 11 R
1 22 2 12 R
2 22 3 13 R
3 22 4 14 R
4 22 5 21 L
5 22 6 16 R
6 22 7 17 R
7 22 8 18 R
8 22 9 19 R
9 22 10 20 R
10 22 11 21 R
11 22 12 21 L
12 22 13 23 R
13 22 14 23 R
14 22 15 23 R
15 22 16 23 R
16 22 17 23 R
17 22 18 5 L
18 22 19 23 R
19 22 20 23 R
20 22 21 23 R
21 22 22 9 L
22 22 23 23 R
23 0 23 11 L
23 1 23 23 R
23 2 0 13 L
23 3 23 23 R
23 4 23 15 L
23 5 23 23 R
23 6 23 23 R
23 7 23 18 L
23 8 23 23 R
23 9 23 23 R
23 10 23 23 R
23 11 23 23 R
23 12 23 0 R
23 13 23 1 R
23 14 23 2 R
23 15 23 22 L
23 16 23 4 R
23 17 23 5 R
23 18 23 6 R
23 19 23 7 R
23 20 23 8 R
23 21 23 9 R
23 22 0 22 L
0 23 1 11 R
1 23 2 12 R
2 23 3 13 R
3 23 4 14 R
4 23 5 15 R
5 23 6 22 L
6 23 7 17 R
7 23 8 18 R
8 23 9 19 R
9 23 10 22 L
10 23 11 21 R
11 23 12 0 L
12 23 13 23 R
13 23 0 2 L
14 23 15 24 R
15 23 16 4 L
16 23 17 24 R
17 23 18 24 R
18 23 19 24 R
19 23 20 7 L
20 23 21 24 R
21 23 22 24 R
22 23 23 24 R
23 23 24 24 R
24 0 24 24 R
24 1 24 24 R
24 2 24 0 R
24 3 24 15 L
24 4 24 2 R
24 5 24 4 R
24 6 24 6 R
24 7 24 8 R
24 8 24 10 R
24 9 24 12 R
24 10 24 22 L
24 11 24 14 R
24 12 24 16 R
24 13 24 18 R
24 14 24 20 R
24 15 24 22 R
24 16 24 23 L
24 17 24 24 R
24 18 24 25 R
24 19 24 25 R
24 20 24 23 L
24 21 24 25 R
24 22 24 23 L
24 23 0 25 R
0 24 1 23 L
1 24 0 25 R
2 24 3 11 U
3 24 4 4 D
4 24 5 6 D
5 24 6 23 L
6 24 7 8 D
7 24 8 12 U
8 24 9 10 D
9 24 10 23 L
10 24 11 12 D
11 24 12 23 L
12 24 13 14 D
13 24 14 13 U
14 24 15 16 D
15 24 16 14 U
16 24 17 18 D
17 24 18 15 U
18 24 19 20 D
19 24 20 16 U
20 24 21 22 D
21 24 22 16 U
22 24 23 24 D
23 24 24 25 D
24 24 25 16 U
25 0 25 27 D
25 1 25 3 L
25 2 25 29 D
25 3 25 16 U
25 4 25 30 D
25 5 25 16 U
25 6 25 30 D
25 7 25 16 U
25 8 25 30 D
25 9 25 16 U
25 10 25 30 D
25 11 25 16 U
25 12 25 30 D
25 13 25 10 L
25 14 25 30 D
25 15 25 16 U
25 16 25 30 D
25 17 25 16 U
25 18 25 30 D
25 19 25 16 U
25 20 25 30 D
25 21 25 16 U
25 22 25 30 D
25 23 25 16 L
25 24 0 30 D
0 25 1 16 U
1 25 2 30 D
2 25 3 16 U
3 25 4 30 D
4 25 5 20 L
5 25 6 30 D
6 25 7 0 U
7 25 8 22 L
8 25 9 30 D
9 25 10 24 L
10 25 0 1 D
11 25 12 1 U
12 25 0 25 L
13 25 14 3 D
14 25 0 25 R
15 25 16 25 L
16 25 17 25 R
17 25 0 25 R
18 25 19 25 L
19 25 20 25 L
20 25 21 0 R
21 25 22 1 R
22 25 23 2 R
23 25 0 4 R
24 25 25 25 L
25 25 26 25 L
26 0 26 7 R
26 1 26 8 R
26 2 26 9 R
26 3 26 25 L
26 4 0 11 R
26 5 26 25 L
26 6 26 25 L
26 7 26 14 R
26 8 26 16 R
26 9 26 17 R
26 10 26 3 L
26 11 0 19 R
26 12 26 5 L
26 13 26 6 L
26 14 26 22 R
26 15 26 21 D
26 16 26 24 R
26 17 26 25 R
26 18 26 10 L
26 19 0 26 R
26 20 26 12 L
26 21 26 13 L
26 22 26 26 R
26 23 26 15 L
26 24 26 26 R
26 25 0 26 R
0 26 1 31 D
1 26 2 18 L
2 26 0 26 R
3 26 4 20 L
4 26 5 21 L
5 26 6 26 R
6 26 7 23 L
7 26 8 26 R
8 26 9 26 R
9 26 10 26 L
10 26 11 26 L
11 26 12 6 R
12 26 0 31 D
13 26 14 18 R
14 26 15 26 L
15 26 16 19 R
16 26 17 26 L
17 26 18 21 R
18 26 19 22 R
19 26 20 23 R
20 26 21 24 R
21 26 22 25 R
22 26 23 26 L
23 26 24 26 R
24 26 25 27 R
25 26 26 27 R
26 26 27 27 R
27 0 27 27 R
27 1 27 26 L
27 2 27 27 R
27 3 27 27 R
27 4 27 27 R
27 5 27 26 L
27 6 27 27 R
27 7 27 27 R
27 8 27 11 D
27 9 27 27 R
27 10 27 27 R
27 11 27 27 R
27 12 27 27 R
27 13 27 27 R
27 14 27 27 R
27 15 27 27 R
27 16 27 27 R
27 17 0 26 L
27 18 27 27 R
27 19 27 27 R
27 20 27 26 L
27 21 27 27 R
27 22 27 27 R
27 23 27 27 R
27 24 27 27 R
27 25 27 0 R
27 26 0 1 R
0 27 1 2 R
1 27 2 3 R
2 27 3 4 R
3 27 4 5 R
4 27 5 1 L
5 27 6 7 R
6 27 7 8 R
7 27 8 9 R
8 27 9 5 L
9 27 10 11 R
10 27 11 30 D
11 27 12 13 R
12 27 13 14 R
13 27 14 15 R
14 27 15 16 R
15 27 16 17 R
16 27 17 18 R
17 27 18 20 R
18 27 19 21 R
19 27 20 22 R
20 27 0 17 L
21 27 22 24 R
22 27 23 25 R
23 27 24 20 L
24 27 25 27 R
25 27 26 28 R
26 27 27 28 R
27 27 28 28 R
28 0 28 28 R
28 1 28 28 R
28 2 28 28 R
28 3 28 28 R
28 4 28 28 R
28 5 28 28 R
28 6 28 27 L
28 7 28 28 R
28 8 28 28 R
28 9 28 28 R
28 10 28 27 L
28 11 28 28 R
28 12 28 27 L
28 13 28 28 R
28 14 28 28 R
28 15 28 28 R
28 16 28 28 R
28 17 28 28 R
28 18 28 28 R
28 19 28 28 R
28 20 28 28 R
28 21 28 28 R
28 22 28 28 R
28 23 0 27 L
28 24 28 28 R
28 25 28 0 R
28 26 28 27 L
28 27 0 2 R
0 28 1 3 R
1 28 2 4 R
2 28 3 5 R
3 28 4 6 R
4 28 5 7 R
5 28 6 8 R
6 28 7 9 R
7 28 8 10 R
8 28 9 11 R
9 28 10 12 R
10 28 11 6 L
11 28 12 14 R
12 28 13 15 R
13 28 14 10 L
14 28 15 16 R
15 28 16 12 L
16 28 17 18 R
17 28 18 19 R
18 28 19 20 R
19 28 20 21 R
20 28 21 22 R
21 28 22 23 R
22 28 23 24 R
23 28 24 25 R
24 28 25 26 R
25 28 26 27 R
26 28 27 23 L
27 28 0 29 R
28 28 29 29 R
29 0 29 29 R
29 1 29 26 L
29 2 29 29 R
29 3 29 29 R
29 4 29 29 R
29 5 29 29 R
29 6 29 29 R
29 7 29 29 R
29 8 29 29 R
29 9 29 29 R
29 10 29 29 R
29 11 29 29 R
29 12 29 29 R
29 13 29 28 L
29 14 29 29 R
29 15 29 29 R
29 16 29 29 R
29 17 29 28 L
29 18 29 29 R
29 19 29 29 R
29 20 29 32 D
29 21 29 29 R
29 22 29 29 R
29 23 29 29 R
29 24 29 29 R
29 25 29 29 R
29 26 29 29 R
29 27 29 29 R
29 28 0 28 L
0 29 0 2 R
1 29 2 3 R
2 29 3 5 R
3 29 4 1 L
4 29 5 7 R
5 29 6 9 R
6 29 7 11 R
7 29 8 13 R
8 29 9 15 R
9 29 10 17 R
10 29 11 19 R
11 29 12 21 R
12 29 13 23 R
13 29 14 26 R
14 29 15 28 R
15 29 16 13 L
16 29 17 30 R
17 29 18 30 R
18 29 19 30 R
19 29 20 17 L
20 29 21 30 R
21 29 22 30 R
22 29 23 30 R
23 29 24 30 R
24 29 25 32 D
25 29 26 30 R
26 29 27 30 R
27 29 28 30 R
28 29 29 30 R
29 29 30 30 R
30 0 30 30 R
30 1 30 28 L
30 2 0 0 R
30 3 30 24 U
30 4 30 32 D
30 5 30 24 U
30 6 30 29 L
30 7 30 24 U
30 8 30 32 D
30 9 30 24 U
30 10 30 32 D
30 11 30 24 U
30 12 30 0 D
30 13 30 24 U
30 14 30 1 D
30 15 30 24 U
30 16 30 2 D
30 17 30 24 U
30 18 30 4 D
30 19 30 24 U
30 20 30 6 D
30 21 30 24 U
30 22 30 7 D
30 23 30 24 U
30 24 30 8 D
30 25 30 9 D
30 26 30 24 U
30 27 30 10 D
30 28 30 1 U
30 29 0 11 D
0 30 1 3 U
1 30 2 12 D
2 30 3 13 D
3 30 4 5 U
4 30 5 14 D
5 30 6 7 U
6 30 7 29 L
7 30 8 9 U
8 30 9 16 D
9 30 10 11 U
10 30 11 17 D
11 30 12 13 U
12 30 13 18 D
13 30 14 15 U
14 30 15 19 D
15 30 16 17 U
16 30 17 20 D
17 30 18 19 U
18 30 19 22 D
19 30 20 21 U
20 30 21 24 D
21 30 22 23 U
22 30 23 25 D
23 30 24 25 U
24 30 25 26 D
25 30 26 25 U
26 30 27 27 D
27 30 28 25 U
28 30 29 28 D
29 30 30 25 U
30 30 31 1 L
31 0 31 25 U
31 1 0 29 D
31 2 0 25 U
31 3 31 5 R
31 4 0 25 U
31 5 31 7 R
31 6 0 4 L
31 7 31 10 R
31 8 31 6 L
31 9 0 25 U
31 10 31 14 R
31 11 31 8 L
31 12 31 9 L
31 13 0 18 R
31 14 31 19 R
31 15 31 11 L
31 16 31 12 L
31 17 31 13 L
31 18 0 25 R
31 19 31 26 R
31 20 31 28 R
31 21 31 29 R
31 22 31 15 L
31 23 31 16 L
31 24 31 17 L
31 25 0 31 R
31 26 31 31 R
31 27 31 20 L
31 28 31 31 R
31 29 31 31 R
31 30 0 22 L
0 31 1 23 L
1 31 2 31 R
2 31 3 24 L
3 31 4 31 R
4 31 0 31 R
5 31 6 31 R
6 31 7 27 L
7 31 8 31 R
8 31 9 31 R
9 31 10 31 R
10 31 11 30 L
11 31 12 31 L
12 31 13 5 R
13 31 14 31 L
14 31 15 16 R
15 31 16 31 L
16 31 17 21 R
17 31 0 26 R
18 31 19 26 U
19 31 20 26 U
20 31 21 9 D
21 31 22 26 U
22 31 23 31 L
23 31 24 12 D
24 31 25 26 U
25 31 26 26 U
26 31 27 26 U
27 31 28 31 L
28 31 29 16 D
29 31 30 26 U
30 31 31 26 U
31 31 32 19 D
32 0 32 31 L
32 1 32 31 L
32 2 32 26 U
32 3 32 26 U
32 4 32 0 U
32 5 32 23 D
32 6 32 2 U
32 7 32 3 U
32 8 32 4 U
32 9 32 7 U
32 10 32 8 U
32 11 32 29 D
32 12 32 9 U
32 13 32 10 U
32 14 32 11 U
32 15 32 31 L
32 16 32 33 D
32 17 32 32 R
32 18 32 12 U
32 19 32 13 U
32 20 32 31 L
32 21 32 34 D
32 22 32 32 R
32 23 32 14 U
32 24 32 15 U
32 25 32 16 U
32 26 0 34 D
32 27 32 31 L
32 28 32 0 L
32 29 32 1 L
32 30 32 34 D
32 31 0 15 L
0 32 1 32 R
1 32 0 34 D
2 32 3 27 L
3 32 4 28 L
4 32 5 29 L
5 32 6 32 R
6 32 7 31 L
7 32 8 32 R
8 32 0 19 U
9 32 10 28 U
10 32 11 32 L
11 32 12 32 L
12 32 13 34 D
13 32 14 32 L
14 32 15 32 R
15 32 0 28 U
16 32 17 32 L
17 32 18 32 L
18 32 19 34 D
19 32 20 34 D
20 32 21 32 L
21 32 0 32 R
22 32 23 32 L
23 32 24 32 L
24 32 25 29 U
25 32 26 32 L
26 32 27 32 L
27 32 28 29 U
28 32 29 34 D
29 32 0 0 U
30 32 31 3 D
31 32 32 4 D
32 32 33 5 D
33 0 33 6 D
33 1 33 7 D
33 2 33 30 R
33 3 33 32 L
33 4 33 8 D
33 5 33 32 L
33 6 33 10 D
33 7 33 11 D
33 8 33 12 D
33 9 33 13 D
33 10 33 14 D
33 11 33 15 D
33 12 33 16 D
33 13 33 17 D
33 14 33 18 D
33 15 33 30 U
33 16 33 20 D
33 17 33 32 L
33 18 33 32 L
33 19 33 21 D
33 20 33 22 D
33 21 33 30 U
33 22 33 24 D
33 23 33 30 U
33 24 33 26 D
33 25 33 27 D
33 26 33 28 D
33 27 33 29 D
33 28 33 30 D
33 29 0 31 D
33 30 33 3 L
33 31 0 2 U
33 32 0 34 D
0 33 1 35 D
1 33 0 32 L
2 33 3 33 L
3 33 0 33 L
4 33 5 33 L
5 33 6 33 L
6 33 0 35 D
7 33 8 33 L
8 33 9 33 L
9 33 10 35 D
10 33 0 33 L
11 33 12 33 L
12 33 13 33 L
13 33 14 33 L
14 33 0 33 L
15 33 16 8 R
16 33 17 10 R
17 33 18 13 R
18 33 19 14 R
19 33 20 15 R
20 33 21 17 R
21 33 22 18 R
22 33 23 20 R
23 33 24 21 R
24 33 25 22 R
25 33 26 24 R
26 33 27 25 R
27 33 28 26 R
28 33 29 27 R
29 33 30 28 R
30 33 31 30 R
31 33 32 31 R
32 33 33 32 R
33 33 34 34 R
34 0 34 34 R
34 1 34 34 R
34 2 34 34 R
34 3 34 34 R
34 4 34 34 R
34 5 34 34 R
34 6 0 34 R
34 7 34 31 U
34 8 34 31 U
34 9 34 17 D
34 10 34 31 U
34 11 34 31 U
34 12 34 19 D
34 13 34 31 U
34 14 34 31 U
34 15 34 31 U
34 16 34 20 D
34 17 34 31 U
34 18 34 31 U
34 19 34 21 D
34 20 34 2 U
34 21 34 3 U
34 22 34 4 U
34 23 34 22 D
34 24 34 6 U
34 25 34 7 U
34 26 34 8 U
34 27 34 9 U
34 28 34 10 U
34 29 34 23 D
34 30 34 12 U
34 31 34 13 U
34 32 34 14 U
34 33 0 24 D
0 34 1 17 U
1 34 2 18 U
2 34 3 19 U
3 34 4 34 R
4 34 5 20 U
5 34 6 26 D
6 34 7 22 U
7 34 8 23 U
8 34 9 24 U
9 34 10 25 U
10 34 0 28 D
11 34 12 30 D
12 34 13 32 D
13 34 14 34 R
14 34 15 34 R
15 34 0 34 D
16 34 17 34 L
17 34 18 32 U
18 34 19 34 R
19 34 20 32 U
20 34 21 34 R
21 34 0 32 U
22 34 23 34 L
23 34 24 32 U
24 34 25 36 D
25 34 26 36 D
26 34 27 34 R
27 34 0 32 U
28 34 29 34 L
29 34 30 36 D
30 34 31 36 D
31 34 0 0 R
32 34 33 34 L
33 34 34 32 U
34 34 35 36 D
35 0 35 23 R
35 1 35 32 U
35 2 0 34 L
35 3 35 34 L
35 4 35 36 D
35 5 35 36 D
35 6 35 36 D
35 7 35 36 D
35 8 35 36 D
35 9 35 5 U
35 10 35 36 D
35 11 35 36 D
35 12 35 36 D
35 13 35 36 D
35 14 35 0 D
35 15 35 1 D
35 16 35 2 D
35 17 35 3 D
35 18 35 4 D
35 19 35 15 U
35 20 35 6 D
35 21 35 7 D
35 22 35 8 D
35 23 35 21 U
35 24 35 9 D
35 25 35 23 U
35 26 35 11 D
35 27 35 12 D
35 28 35 13 D
35 29 35 14 D
35 30 35 15 D
35 31 0 2 L
35 32 0 31 U
35 33 0 17 D
35 34 0 20 D
0 35 1 33 L
1 35 0 24 D
2 35 3 25 D
3 35 4 26 D
4 35 5 35 L
5 35 0 35 L
6 35 7 35 L
7 35 8 35 L
8 35 0 35 L
9 35 10 35 L
10 35 11 35 L
11 35 12 35 D
12 35 0 35 L
13 35 14 35 L
14 35 15 35 L
15 35 16 37 D
16 35 0 35 L
17 35 18 35 L
18 35 19 33 U
19 35 20 33 U
20 35 21 35 L
21 35 22 33 U
22 35 23 33 U
23 35 0 35 L
24 35 25 33 U
25 35 26 33 U
26 35 27 33 U
27 35 28 33 U
28 35 29 33 U
29 35 30 33 U
30 35 31 33 U
31 35 32 33 U
32 35 33 33 U
33 35 34 33 U
34 35 35 33 U
35 35 36 33 U
36 0 36 33 U
36 1 36 33 U
36 2 36 33 U
36 3 36 33 U
36 4 36 33 U
36 5 36 33 U
36 6 36 33 U
36 7 36 0 U
36 8 36 1 U
36 9 36 2 U
36 10 36 3 U
36 11 36 4 U
36 12 36 5 U
36 13 36 4 D
36 14 36 6 U
36 15 0 29 R
36 16 36 7 U
36 17 36 8 D
36 18 36 11 U
36 19 36 9 D
36 20 36 11 D
36 21 36 12 D
36 22 36 14 D
36 23 36 15 D
36 24 36 16 D
36 25 36 34 U
36 26 36 19 D
36 27 36 13 L
36 28 36 20 D
36 29 0 36 R
36 30 36 21 D
36 31 36 18 L
36 32 36 24 D
36 33 36 34 U
36 34 36 27 D
36 35 0 27 L
0 36 0 36 R
1 36 2 31 L
2 36 3 34 U
3 36 4 34 U
4 36 5 34 U
5 36 6 35 L
6 36 7 34 D
7 36 0 36 R
8 36 9 36 L
9 36 10 34 U
10 36 11 36 D
11 36 12 38 D
12 36 13 36 L
13 36 14 36 L
14 36 0 34 U
15 36 16 36 L
16 36 17 38 D
17 36 18 38 D
18 36 19 36 L
19 36 0 36 L
20 36 21 36 L
21 36 22 34 U
22 36 23 38 D
23 36 24 38 D
24 36 25 36 L
25 36 26 36 L
26 36 0 1 U
27 36 28 36 L
28 36 29 38 D
29 36 30 38 D
30 36 31 38 D
31 36 32 38 D
32 36 33 9 U
33 36 34 38 D
34 36 35 38 D
35 36 36 38 D
36 36 37 38 D
37 0 37 38 D
37 1 37 38 D
37 2 37 38 D
37 3 37 38 D
37 4 37 38 D
37 5 37 19 U
37 6 37 38 D
37 7 37 38 D
37 8 37 36 L
37 9 37 38 D
37 10 37 25 U
37 11 37 38 D
37 12 37 38 D
37 13 37 38 D
37 14 37 36 L
37 15 0 36 L
37 16 0 32 U
37 17 37 38 D
37 18 37 22 R
37 19 0 38 D
37 20 37 2 D
37 21 37 3 D
37 22 37 28 R
37 23 37 19 L
37 24 0 4 D
37 25 37 5 D
37 26 37 7 D
37 27 37 21 L
37 28 37 10 D
37 29 0 23 L
37 30 37 27 L
37 31 0 29 L
37 32 37 14 D
37 33 37 30 L
37 34 37 31 L
37 35 0 18 D
37 36 0 32 L
0 37 1 33 L
1 37 2 20 D
2 37 3 34 L
3 37 0 24 D
4 37 5 35 U
5 37 6 36 L
6 37 7 35 U
7 37 8 35 U
8 37 9 37 L
9 37 10 35 U
10 37 11 35 U
11 37 12 37 L
12 37 13 35 U
13 37 14 35 U
14 37 0 37 L
15 37 16 35 U
16 37 17 35 U
17 37 18 35 U
18 37 19 35 U
19 37 20 35 U
20 37 21 10 R
21 37 22 35 U
22 37 23 35 U
23 37 24 35 U
24 37 25 35 U
25 37 26 35 U
26 37 27 35 U
27 37 28 35 U
28 37 29 0 U
29 37 30 1 U
30 37 31 2 U
31 37 32 3 U
32 37 33 4 U
33 37 34 5 U
34 37 35 6 U
35 37 36 7 U
36 37 37 17 R
37 37 38 8 U
38 0 38 9 U
38 1 38 10 U
38 2 38 11 U
38 3 38 12 U
38 4 38 39 D
38 5 38 14 U
38 6 0 15 U
38 7 38 16 U
38 8 38 39 D
38 9 38 39 D
38 10 38 22 R
38 11 38 39 D
38 12 38 39 D
38 13 38 39 D
38 14 38 23 R
38 15 38 39 D
38 16 38 39 D
38 17 38 25 R
38 18 38 25 U
38 19 38 1 D
38 20 0 2 D
38 21 38 3 D
38 22 38 28 R
38 23 38 31 R
38 24 38 4 D
38 25 38 5 D
38 26 38 33 U
38 27 0 7 D
38 28 38 35 R
38 29 38 36 U
38 30 38 36 U
38 31 38 37 R
38 32 38 36 U
38 33 38 11 D
38 34 0 12 D
38 35 38 36 U
38 36 38 14 D
38 37 0 38 R
0 38 1 15 D
1 38 0 33 L
2 38 3 38 R
3 38 4 17 D
4 38 5 18 D
5 38 0 38 L
6 38 7 36 U
7 38 8 38 R
8 38 9 20 D
9 38 10 38 L
10 38 0 36 U
11 38 12 22 D
12 38 13 23 D
13 38 14 24 D
14 38 15 25 D
15 38 16 36 U
16 38 17 27 D
17 38 18 28 D
18 38 19 29 D
19 38 20 30 D
20 38 21 31 D
21 38 22 38 L
22 38 23 32 D
23 38 24 33 D
24 38 25 34 D
25 38 26 35 D
26 38 27 5 U
27 38 28 37 D
28 38 29 38 D
29 38 30 39 D
30 38 31 10 U
31 38 32 40 D
32 38 33 40 D
33 38 0 40 D
34 38 0 16 U
35 38 36 40 D
36 38 37 40 D
37 38 38 18 U
38 38 0 40 D
39 0 39 38 L
39 1 39 40 D
39 2 39 40 D
39 3 39 40 D
39 4 0 40 D
39 5 39 40 D
39 6 39 0 L
39 7 39 40 D
39 8 39 1 L
39 9 39 40 D
39 10 0 40 D
39 11 39 6 L
39 12 39 9 L
39 13 0 40 D
39 14 39 40 D
39 15 39 11 L
39 16 39 12 L
39 17 39 13 L
39 18 0 40 D
39 19 39 15 L
39 20 39 40 D
39 21 39 40 D
39 22 39 16 L
39 23 39 17 L
39 24 0 40 D
39 25 39 37 U
39 26 39 37 U
39 27 39 19 L
39 28 39 37 U
39 29 39 37 U
39 30 39 37 U
39 31 39 37 U
39 32 39 37 U
39 33 39 21 L
39 34 39 22 L
39 35 39 37 U
39 36 39 23 L
39 37 39 37 U
39 38 0 37 U
0 39 0 37 U
1 39 2 37 U
2 39 3 37 U
3 39 4 37 U
4 39 5 37 U
5 39 6 37 U
6 39 7 37 U
7 39 8 37 U
8 39 9 37 U
9 39 10 37 U
10 39 11 37 U
11 39 12 37 U
12 39 13 37 U
13 39 14 37 U
14 39 15 37 U
15 39 16 37 U
16 39 17 37 U
17 39 18 37 U
18 39 19 37 U
19 39 20 37 U
20 39 21 37 U
21 39 22 37 U
22 39 23 37 U
23 39 24 37 U
24 39 25 0 U
25 39 26 1 U
26 39 27 2 U
27 39 28 3 U
28 39 29 37 D
29 39 30 5 U
30 39 0 6 U
31 39 32 7 U
32 39 33 41 D
33 39 34 41 D
34 39 35 41 D
35 39 36 41 D
36 39 37 13 U
37 39 38 41 D
38 39 39 41 D
39 39 40 41 D
40 0 40 18 U
40 1 40 41 D
40 2 0 41 D
40 3 40 41 D
40 4 40 41 D
40 5 40 41 D
40 6 40 26 U
40 7 0 41 D
40 8 40 29 U
40 9 40 30 U
40 10 40 32 U
40 11 40 41 D
40 12 0 41 D
40 13 40 16 R
40 14 40 41 D
40 15 0 41 D
40 16 40 19 R
40 17 40 41 D
40 18 0 41 D
40 19 40 26 R
40 20 40 41 D
40 21 0 38 U
40 22 40 41 D
40 23 40 41 D
40 24 40 41 D
40 25 40 0 D
40 26 40 38 U
40 27 40 1 D
40 28 40 2 D
40 29 40 3 D
40 30 40 4 D
40 31 40 5 D
40 32 40 6 D
40 33 40 7 D
40 34 40 8 D
40 35 40 9 D
40 36 40 38 U
40 37 40 11 D
40 38 40 12 D
40 39 0 13 D
0 40 1 38 U
1 40 2 15 D
2 40 3 16 D
3 40 0 17 D
4 40 0 38 U
5 40 6 19 D
6 40 7 20 D
7 40 8 38 U
8 40 9 22 D
9 40 0 23 D
10 40 11 24 D
11 40 12 25 D
12 40 13 26 D
13 40 14 40 L
14 40 0 31 D
15 40 16 32 D
16 40 17 33 D
17 40 18 8 U
18 40 19 39 D
19 40 20 40 D
20 40 21 40 L
21 40 0 42 D
22 40 23 42 D
23 40 0 40 L
24 40 25 42 D
25 40 26 40 L
26 40 0 42 D
27 40 28 10 D
28 40 29 12 D
29 40 30 13 D
30 40 31 40 L
31 40 0 28 D
32 40 33 25 U
33 40 34 26 U
34 40 35 27 U
35 40 36 28 U
36 40 37 29 U
37 40 38 30 U
38 40 39 40 L
39 40 40 31 U
40 40 41 32 U
41 0 41 33 U
41 1 41 34 U
41 2 41 35 U
41 3 41 36 U
41 4 41 43 D
41 5 41 40 L
41 6 41 37 U
41 7 41 38 U
41 8 0 39 U
41 9 41 39 U
41 10 41 39 U
41 11 41 39 U
41 12 41 39 U
41 13 41 39 U
41 14 41 39 U
41 15 41 39 U
41 16 41 39 U
41 17 41 39 U
41 18 41 39 U
41 19 41 41 R
41 20 41 39 U
41 21 41 39 U
41 22 41 39 U
41 23 41 39 U
41 24 41 39 U
41 25 41 39 U
41 26 41 39 U
41 27 41 39 U
41 28 41 39 U
41 29 41 39 U
41 30 41 39 U
41 31 41 39 U
41 32 41 39 U
41 33 41 39 U
41 34 41 39 U
41 35 41 39 U
41 36 41 39 U
41 37 41 39 D
41 38 41 39 U
41 39 0 39 U
41 40 0 39 U
0 41 1 44 D
1 41 2 44 D
2 41 3 44 D
3 41 4 44 D
4 41 5 41 R
5 41 6 39 U
6 41 7 44 D
7 41 8 44 D
8 41 9 44 D
9 41 10 0 U
10 41 11 44 D
11 41 0 44 D
12 41 13 44 D
13 41 14 44 D
14 41 15 41 R
15 41 16 44 D
16 41 17 44 D
17 41 18 41 L
18 41 19 6 U
19 41 0 44 D
20 41 21 41 L
21 41 22 8 U
22 41 23 9 U
23 41 24 41 R
24 41 25 10 U
25 41 26 41 L
26 41 0 14 D
27 41 28 41 L
28 41 29 13 U
29 41 30 18 D
30 41 31 21 D
31 41 0 41 R
32 41 33 41 L
33 41 34 35 D
34 41 35 37 D
35 41 0 38 D
36 41 37 41 L
37 41 38 45 D
38 41 0 21 U
39 41 40 45 D
40 41 41 41 L
41 41 42 45 D
42 0 42 45 D
42 1 42 45 D
42 2 42 45 D
42 3 42 45 D
42 4 42 45 D
42 5 42 45 D
42 6 42 45 D
42 7 42 45 D
42 8 42 45 D
42 9 42 45 D
42 10 42 36 U
42 11 42 45 D
42 12 42 45 D
42 13 42 45 D
42 14 42 40 U
42 15 42 45 D
42 16 42 45 D
42 17 0 45 D
42 18 0 40 U
42 19 42 45 D
42 20 42 27 R
42 21 42 40 U
42 22 42 28 R
42 23 0 29 R
42 24 42 35 R
42 25 42 36 R
42 26 42 37 R
42 27 42 38 R
42 28 42 42 R
42 29 42 42 R
42 30 42 42 R
42 31 0 42 R
42 32 42 42 R
42 33 42 42 R
42 34 42 40 U
42 35 42 42 R
42 36 42 42 R
42 37 42 42 R
42 38 42 42 R
42 39 42 42 R
42 40 42 45 D
42 41 0 45 D
0 42 1 40 U
1 42 2 42 R
2 42 3 42 R
3 42 4 42 R
4 42 5 42 R
5 42 6 42 R
6 42 0 42 R
7 42 8 42 R
8 42 9 42 R
9 42 10 42 R
10 42 11 42 R
11 42 12 42 R
12 42 13 42 R
13 42 14 42 R
14 42 15 42 R
15 42 16 41 L
16 42 17 42 R
17 42 18 42 R
18 42 19 42 R
19 42 20 42 R
20 42 21 42 R
21 42 22 42 R
22 42 23 0 R
23 42 0 1 R
24 42 25 2 R
25 42 26 3 R
26 42 27 5 R
27 42 28 6 R
28 42 29 7 R
29 42 30 8 R
30 42 31 9 R
31 42 32 11 R
32 42 33 14 R
33 42 34 15 R
34 42 35 42 L
35 42 36 17 R
36 42 37 18 R
37 42 38 42 L
38 42 39 20 R
39 42 40 21 R
40 42 41 23 R
41 42 42 24 R
42 42 43 25 R
43 0 43 26 R
43 1 0 27 R
43 2 43 30 R
43 3 43 33 R
43 4 43 36 R
43 5 43 38 R
43 6 43 39 R
43 7 43 41 R
43 8 43 43 R
43 9 43 43 R
43 10 43 43 R
43 11 43 43 R
43 12 43 43 R
43 13 43 43 R
43 14 43 43 R
43 15 43 43 R
43 16 43 42 L
43 17 43 43 R
43 18 43 43 R
43 19 43 42 L
43 20 43 43 R
43 21 43 43 R
43 22 43 43 R
43 23 43 43 R
43 24 43 43 R
43 25 43 43 R
43 26 43 43 R
43 27 43 43 R
43 28 0 43 R
43 29 43 40 U
43 30 43 43 R
43 31 43 43 R
43 32 43 40 U
43 33 43 43 R
43 34 43 43 R
43 35 43 40 U
43 36 43 43 R
43 37 43 40 U
43 38 43 0 R
43 39 43 1 R
43 40 43 40 U
43 41 43 3 R
43 42 0 40 U
0 43 1 5 R
1 43 2 6 R
2 43 3 40 U
3 43 4 8 R
4 43 5 40 U
5 43 6 10 R
6 43 7 40 U
7 43 8 12 R
8 43 9 0 U
9 43 10 14 R
10 43 11 15 R
11 43 12 1 U
12 43 13 17 R
13 43 14 16 L
14 43 15 20 R
15 43 16 2 U
16 43 17 23 R
17 43 18 24 R
18 43 19 19 L
19 43 20 26 R
20 43 21 3 U
21 43 22 28 R
22 43 23 29 R
23 43 24 4 U
24 43 25 31 R
25 43 26 32 R
26 43 27 5 U
27 43 28 34 R
28 43 29 6 U
29 43 30 36 R
30 43 31 7 U
31 43 32 38 R
32 43 33 40 R
33 43 34 8 U
34 43 0 42 R
35 43 36 29 L
36 43 37 9 U
37 43 38 10 U
38 43 39 32 L
39 43 40 11 U
40 43 41 12 U
41 43 42 35 L
42 43 43 13 U
43 43 44 37 L
44 0 44 14 U
44 1 44 15 U
44 2 44 40 L
44 3 44 16 U
44 4 44 42 L
44 5 44 17 U
44 6 44 45 D
44 7 44 43 L
44 8 44 18 U
44 9 44 43 L
44 10 44 19 U
44 11 44 43 L
44 12 44 20 U
44 13 44 43 L
44 14 44 21 U
44 15 44 22 U
44 16 44 43 L
44 17 44 23 U
44 18 44 24 U
44 19 44 43 L
44 20 44 25 U
44 21 44 26 U
44 22 44 43 L
44 23 44 27 U
44 24 44 28 U
44 25 44 43 L
44 26 44 29 U
44 27 44 43 L
44 28 44 30 U
44 29 44 31 U
44 30 44 43 L
44 31 44 32 U
44 32 44 33 U
44 33 44 43 L
44 34 44 34 U
44 35 44 43 L
44 36 44 35 U
44 37 44 43 L
44 38 44 36 U
44 39 44 2 D
44 40 44 38 U
44 41 44 43 L
44 42 0 39 U
44 43 0 40 U
0 44 1 43 L
1 44 2 4 D
2 44 3 43 L
3 44 4 43 L
4 44 5 43 L
5 44 6 6 D
6 44 7 2 L
7 44 8 7 D
8 44 9 4 L
9 44 10 7 L
10 44 11 9 L
11 44 12 41 U
12 44 13 11 L
13 44 14 13 L
14 44 15 16 L
15 44 16 19 L
16 44 17 9 D
17 44 18 22 L
18 44 19 25 L
19 44 20 27 L
20 44 21 30 L
21 44 22 10 D
22 44 23 33 L
23 44 24 35 L
24 44 25 37 L
25 44 0 41 L
26 44 27 44 L
27 44 28 44 L
28 44 29 44 L
29 44 30 44 L
30 44 31 44 L
31 44 32 44 L
32 44 33 44 L
33 44 34 44 L
34 44 35 44 L
35 44 36 12 D
36 44 37 44 L
37 44 38 44 L
38 44 39 44 L
39 44 40 44 L
40 44 41 41 U
41 44 42 44 L
42 44 43 44 L
43 44 0 44 L
44 44 45 44 L
45 0 45 44 L
45 1 45 41 U
45 2 45 41 U
45 3 45 44 L
45 4 45 44 L
45 5 45 44 L
45 6 45 44 L
45 7 45 44 L
45 8 45 41 U
45 9 45 44 L
45 10 45 44 L
45 11 45 44 L
45 12 45 44 L
45 13 45 44 L
45 14 0 20 D
45 15 45 44 L
45 16 45 0 L
45 17 45 41 U
45 18 45 3 L
45 19 45 4 L
45 20 45 5 L
45 21 45 24 D
45 22 45 6 L
45 23 45 7 L
45 24 45 9 L
45 25 45 10 L
45 26 45 11 L
45 27 45 12 L
45 28 0 13 L
45 29 45 15 L
45 30 45 16 L
45 31 45 19 L
45 32 45 20 L
45 33 45 22 L
45 34 45 23 L
45 35 45 30 D
45 36 45 24 L
45 37 45 25 L
45 38 45 31 D
45 39 45 26 L
45 40 0 28 L
45 41 45 29 L
45 42 45 30 L
45 43 45 31 L
45 44 0 32 L
0 45 1 33 L
1 45 2 34 L
2 45 3 36 L
3 45 4 39 L
4 45 5 35 D
5 45 6 40 L
6 45 0 41 U
7 45 8 38 D
8 45 9 41 L
9 45 10 42 L
10 45 11 39 D
11 45 12 40 D
12 45 13 41 D
13 45 14 43 L
14 45 15 44 L
15 45 16 45 L
16 45 17 42 D
17 45 18 45 L
18 45 19 43 D
19 45 20 10 U
20 45 21 45 L
21 45 22 45 L
22 45 23 45 D
23 45 24 14 U
24 45 25 46 D
25 45 26 46 D
26 45 0 45 L
27 45 0 18 U
28 45 29 46 D
29 45 0 21 U
30 45 0 30 U
31 45 32 34 U
32 45 33 46 D
33 45 34 46 D
34 45 35 42 U
35 45 0 42 U
36 45 0 42 U
37 45 0 42 U
38 45 39 4 U
39 45 0 22 U
40 45 41 31 U
41 45 42 34 U
42 45 43 45 L
43 45 0 43 U
44 45 45 45 L
45 45 46 46 D
46 0 46 18 U
46 1 46 21 U
46 2 0 46 D
46 3 46 43 U
46 4 46 46 D
46 5 46 45 L
46 6 46 46 D
46 7 46 46 D
46 8 46 44 U
46 9 46 46 D
46 10 0 13 R
46 11 46 5 L
46 12 46 0 D
46 13 46 19 R
46 14 0 44 U
46 15 46 11 L
46 16 46 1 U
46 17 46 2 U
46 18 46 8 U
46 19 46 25 R
46 20 0 7 D
46 21 46 15 L
46 22 46 17 U
46 23 46 16 L
46 24 46 10 D
46 25 46 32 R
46 26 0 27 U
46 27 46 21 L
46 28 46 23 L
46 29 46 16 D
46 30 46 18 D
46 31 46 19 D
46 32 0 36 R
46 33 46 28 L
46 34 46 29 L
46 35 46 23 D
46 36 46 46 R
46 37 0 45 U
46 38 46 25 D
46 39 46 33 L
46 40 46 26 D
46 41 46 27 D
46 42 46 34 L
46 43 46 28 D
46 44 46 45 U
46 45 0 31 D
0 46 1 45 U
1 46 2 32 D
2 46 0 33 D
3 46 0 45 U
4 46 5 36 D
5 46 0 45 U
6 46 0 45 U
7 46 8 45 U
8 46 9 45 D
9 46 10 46 D
10 46 11 45 U
11 46 0 45 U
12 46 13 47 D
13 46 14 45 U
14 46 0 46 L
15 46 16 46 L
16 46 17 45 U
17 46 0 46 L
18 46 19 46 L
19 46 20 46 R
20 46 21 45 U
21 46 0 46 L
22 46 23 45 U
23 46 24 45 U
24 46 25 46 L
25 46 26 46 L
26 46 27 46 R
27 46 28 45 U
28 46 0 46 L
29 46 30 46 L
30 46 31 46 L
31 46 32 47 D
32 46 33 46 L
33 46 34 46 R
34 46 35 0 U
35 46 36 1 U
36 46 0 46 L
37 46 38 3 U
38 46 39 46 L
39 46 40 47 D
40 46 41 47 D
41 46 42 46 L
42 46 43 46 L
43 46 44 8 U
44 46 0 46 L
45 46 46 46 L
46 46 47 46 L
47 0 47 6 R
47 1 0 14 U
47 2 47 46 L
47 3 47 17 U
47 4 47 46 L
47 5 47 18 U
47 6 47 12 R
47 7 0 8 D
47 8 47 22 U
47 9 47 2 L
47 10 47 4 L
47 11 47 5 L
47 12 47 11 D
47 13 0 26 U
47 14 47 27 U
47 15 47 9 L
47 16 47 18 D
47 17 47 11 L
47 18 47 22 R
47 19 0 19 D
47 20 47 15 L
47 21 47 17 L
47 22 47 29 R
47 23 47 23 D
47 24 0 37 U
47 25 47 27 D
47 26 47 20 L
47 27 47 28 D
47 28 47 21 L
47 29 47 35 R
47 30 47 44 U
47 31 47 31 D
47 32 47 32 D
47 33 0 33 D
47 34 47 46 U
47 35 0 35 D
47 36 47 36 D
47 37 47 39 R
47 38 0 46 U
47 39 47 43 R
47 40 47 38 L
47 41 0 46 U
47 42 47 46 U
47 43 47 47 R
47 44 47 40 L
47 45 47 42 D
47 46 0 43 D
0 47 1 46 U
1 47 0 41 L
2 47 3 42 L
3 47 4 47 R
4 47 5 47 R
5 47 6 46 U
6 47 7 44 L
7 47 0 47 L
8 47 9 47 L
9 47 10 47 R
10 47 11 46 U
11 47 12 47 R
12 47 13 47 L
13 47 0 47 L
14 47 15 47 L
15 47 16 47 R
16 47 17 47 R
17 47 18 47 L
18 47 19 46 U
19 47 0 47 L
20 47 21 46 U
21 47 22 47 L
22 47 23 47 R
23 47 24 47 R
24 47 25 47 L
25 47 26 46 U
26 47 0 47 L
27 47 28 47 L
28 47 29 47 R
29 47 30 48 D
30 47 31 47 R
31 47 32 47 L
32 47 33 46 U
33 47 34 47 L
34 47 0 47 L
35 47 36 46 U
36 47 37 47 L
37 47 38 47 R
38 47 39 47 R
39 47 40 47 R
40 47 41 47 L
41 47 42 47 L
42 47 0 47 L
43 47 44 2 R
44 47 45 3 R
45 47 46 4 R
46 47 47 47 L
47 47 48 47 L
48 0 48 47 L
48 1 0 1 U
48 2 48 9 R
48 3 48 3 U
48 4 48 10 R
48 5 48 47 L
48 6 48 0 L
48 7 48 1 L
48 8 0 48 D
48 9 48 8 U
48 10 48 17 R
48 11 48 0 D
48 12 48 5 L
48 13 48 6 L
48 14 48 7 L
48 15 0 13 U
48 16 48 14 U
48 17 48 22 R
48 18 48 7 D
48 19 48 12 L
48 20 48 13 L
48 21 0 14 L
48 22 48 29 R
48 23 48 17 D
48 24 48 20 L
48 25 48 21 L
48 26 0 24 U
48 27 48 20 D
48 28 48 21 D
48 29 48 34 R
48 30 48 30 U
48 31 48 24 L
48 32 48 25 L
48 33 0 24 D
48 34 48 34 U
48 35 0 25 D
48 36 48 38 R
48 37 0 37 U
48 38 48 40 R
48 39 0 37 L
48 40 48 44 R
48 41 48 39 L
48 42 48 47 R
48 43 0 47 U
48 44 48 48 R
48 45 48 41 L
48 46 48 47 U
48 47 0 48 R
0 48 1 48 R
1 48 2 47 U
2 48 3 45 L
3 48 4 46 L
4 48 0 48 R
5 48 6 48 R
6 48 7 48 L
7 48 8 48 L
8 48 9 48 L
9 48 10 48 R
10 48 0 47 U
11 48 12 47 U
12 48 13 48 R
13 48 14 48 L
14 48 15 48 L
15 48 16 48 L
16 48 17 48 R
17 48 0 48 L
18 48 19 48 L
19 48 20 1 R
20 48 21 48 L
21 48 22 48 L
22 48 23 48 L
23 48 24 1 R
24 48 25 47 U
25 48 0 48 L
0 0 1 47 U
1 0 0 48 L
0 1 1 48 R
1 1 2 48 L
2 0 2 48 L
2 1 0 48 R
0 2 1 48 L
1 2 0 48 L
26 48 27 0 L
27 48 28 48 R
28 48 29 1 L
29 48 30 0 L
30 48 31 47 U
31 48 32 48 R
32 48 33 2 L
33 48 0 2 L
34 48 35 48 L
35 48 36 48 R
36 48 37 48 L
37 48 38 48 L
38 48 39 48 L
39 48 40 48 R
40 48 41 48 L
41 48 42 48 L
42 48 0 3 R
43 48 44 48 L
44 48 45 5 R
45 48 46 48 L
46 48 47 48 L
47 48 48 48 L
48 48 49 9 R
49 0 49 48 L
49 1 49 48 L
49 2 49 15 U
49 3 0 12 R
49 4 49 48 L
49 5 49 16 U
49 6 49 48 L
49 7 49 48 L
49 8 49 48 L
49 9 49 16 R
49 10 49 1 L
49 11 49 2 L
49 12 0 19 R
49 13 49 4 L
49 14 49 6 L
49 15 49 8 L
49 16 49 23 R
49 17 49 10 L
49 18 49 11 L
49 19 0 26 U
49 20 49 13 L
49 21 49 14 L
49 22 49 15 L
49 23 49 30 U
49 24 0 18 L
49 25 0 22 L
