30 30 874
3 3 0 3 4 4 1 0 6 4
7 7 2 6 8 8 5 9 1 8
3 6 11 11 9 12 11 3 14 15
16 3 9 17 17 10 18 7 14 17
17 21 22 22 22 22 5 13 23 4
7 10 16 24 24 24 6 16 25 25
4 5 8 14 21 26 26 26 11 14
18 20 23 27 27 27 27 4 23 26
28 28 28 28 28 0 8 18 28 29
29 29 29 29 29 29 29 29 2 3
3 0 0 5 D
3 1 3 6 D
3 2 0 0 L
0 3 1 1 L
1 3 2 7 D
2 3 0 2 L
3 3 4 3 L
4 0 4 3 L
4 1 4 3 L
4 2 0 1 D
4 3 0 3 L
0 4 1 0 L
1 4 2 3 R
2 4 3 1 L
3 4 0 2 L
4 4 5 3 L
5 0 5 7 D
5 1 5 4 L
5 2 5 4 L
5 3 5 5 R
5 4 0 4 L
0 5 0 4 L
1 5 2 4 L
2 5 3 0 L
3 5 4 1 L
4 5 5 2 L
5 5 6 1 R
6 0 6 1 D
6 1 6 4 L
6 2 0 5 L
0 0 1 3 D
1 0 0 5 L
0 1 1 5 L
1 1 2 5 L
2 0 2 5 L
2 1 0 6 R
0 2 1 0 L
1 2 2 1 L
2 2 0 2 L
6 3 6 0 L
6 4 6 1 L
6 5 0 1 L
0 6 1 9 D
1 6 2 2 L
2 6 3 2 L
3 6 0 2 L
4 6 5 9 D
5 6 6 3 L
6 6 7 4 L
7 0 7 5 L
7 1 7 6 L
7 2 7 6 L
7 3 0 6 L
7 4 7 10 D
7 5 0 10 D
7 6 0 10 D
0 7 1 4 L
1 7 0 0 D
2 7 3 5 D
3 7 4 7 R
4 7 5 7 L
5 7 0 7 L
6 7 7 7 L
7 7 8 11 D
8 0 8 7 L
8 1 8 11 D
8 2 0 7 L
8 3 8 7 L
8 4 8 0 L
8 5 8 5 D
8 6 0 2 L
8 7 0 12 D
0 8 1 3 L
1 8 2 4 L
2 8 3 8 R
3 8 4 5 L
4 8 0 6 L
5 8 6 8 L
6 8 7 8 L
7 8 8 8 L
8 8 9 8 D
9 0 9 8 L
9 1 9 12 D
9 2 0 8 L
9 3 9 13 D
9 4 9 8 L
9 5 9 8 L
9 6 9 8 L
9 7 9 0 L
9 8 0 0 U
0 9 0 2 L
1 9 2 4 L
2 9 3 5 L
3 9 4 6 L
4 9 5 7 L
5 9 6 14 D
6 9 7 0 D
7 9 0 9 L
8 9 9 6 U
9 9 10 11 D
10 0 10 6 U
10 1 10 6 U
10 2 10 0 U
10 3 10 9 L
10 4 10 9 L
10 5 10 9 L
10 6 10 9 L
10 7 10 9 L
10 8 10 6 D
10 9 0 1 U
0 10 1 2 U
1 10 2 3 U
2 10 0 9 L
3 10 4 10 R
4 10 5 10 R
5 10 0 10 R
6 10 7 10 L
7 10 8 2 R
8 10 9 4 R
9 10 10 6 R
10 10 11 7 R
11 0 0 8 R
11 1 11 10 L
11 2 11 10 R
11 3 11 11 R
11 4 11 11 R
11 5 11 11 R
11 6 11 11 R
11 7 11 11 R
11 8 0 11 R
11 9 11 1 L
11 10 0 11 R
0 11 1 3 L
1 11 2 0 R
2 11 3 1 R
3 11 4 2 R
4 11 5 3 R
5 11 6 4 R
6 11 7 6 R
7 11 8 7 R
8 11 0 8 R
9 11 10 9 L
10 11 11 10 R
11 11 12 11 L
12 0 12 12 R
12 1 12 12 R
12 2 12 12 R
12 3 12 12 R
12 4 12 12 R
12 5 12 12 R
12 6 12 12 R
12 7 12 12 R
12 8 0 12 R
12 9 12 11 L
12 10 12 12 R
12 11 0 11 L
0 12 1 1 R
1 12 2 2 R
2 12 3 3 R
3 12 4 4 R
4 12 5 5 R
5 12 6 7 R
6 12 7 9 R
7 12 8 11 R
8 12 9 13 R
9 12 10 13 R
10 12 0 13 R
11 12 12 9 L
12 12 13 13 R
13 0 13 11 L
13 1 13 13 R
13 2 13 13 R
13 3 13 13 R
13 4 13 13 R
13 5 13 13 R
13 6 13 13 R
13 7 13 0 R
13 8 13 1 R
13 9 13 2 R
13 10 13 12 L
13 11 13 5 R
13 12 0 6 R
0 13 1 7 R
1 13 2 8 R
2 13 0 9 R
3 13 4 10 R
4 13 5 12 L
5 13 6 12 R
6 13 7 0 L
7 13 8 14 R
8 13 9 14 R
9 13 10 14 R
10 13 11 14 R
11 13 12 14 R
12 13 13 6 L
13 13 14 14 R
14 0 14 14 R
14 1 14 14 R
14 2 14 14 R
14 3 14 8 U
14 4 14 10 L
14 5 14 14 R
14 6 14 1 R
14 7 14 2 R
14 8 14 3 R
14 9 0 4 R
14 10 14 5 R
14 11 14 13 L
14 12 14 7 R
14 13 0 9 R
0 14 1 13 L
1 14 2 13 R
2 14 3 15 R
3 14 4 15 R
4 14 5 15 R
5 14 6 15 R
6 14 7 13 L
7 14 8 15 R
8 14 9 15 R
9 14 10 15 R
10 14 11 15 R
11 14 12 3 L
12 14 13 0 R
13 14 14 4 L
14 14 15 2 R
15 0 15 4 R
15 1 15 8 R
15 2 15 10 R
15 3 15 12 R
15 4 0 14 R
15 5 15 20 D
15 6 15 11 L
15 7 15 20 D
15 8 15 13 L
15 9 15 0 D
15 10 15 9 U
15 11 15 3 D
15 12 15 14 L
15 13 15 5 D
15 14 0 0 U
0 15 1 7 D
1 15 2 1 U
2 15 3 9 D
3 15 4 2 U
4 15 5 11 D
5 15 6 3 U
6 15 7 13 D
7 15 8 14 L
8 15 9 15 D
9 15 10 4 U
10 15 11 17 D
11 15 12 5 U
12 15 13 19 D
13 15 14 6 U
14 15 15 21 D
15 15 16 14 L
16 0 16 21 D
16 1 16 14 L
16 2 16 21 D
16 3 16 7 U
16 4 16 21 D
16 5 16 8 U
16 6 16 21 D
16 7 16 9 U
16 8 16 21 D
16 9 16 10 U
16 10 16 21 D
16 11 16 10 U
16 12 16 21 D
16 13 16 10 U
16 14 0 21 D
16 15 0 16 R
0 16 1 16 R
1 16 2 16 R
2 16 0 21 D
3 16 4 16 R
4 16 5 16 R
5 16 6 16 R
6 16 7 16 R
7 16 8 16 R
8 16 0 16 L
9 16 10 4 R
10 16 11 5 R
11 16 12 4 D
12 16 13 6 R
13 16 14 16 L
14 16 15 8 R
15 16 16 9 R
16 16 17 10 R
17 0 0 16 L
17 1 17 13 R
17 2 17 14 R
17 3 17 10 D
17 4 17 16 R
17 5 17 17 R
17 6 17 17 R
17 7 17 16 L
17 8 17 17 R
17 9 17 17 R
17 10 17 17 R
17 11 17 0 L
17 12 0 17 R
17 13 17 17 R
17 14 17 17 R
17 15 17 3 L
17 16 0 17 R
0 17 1 17 R
1 17 2 17 R
2 17 3 0 R
3 17 4 7 L
4 17 5 2 R
5 17 6 3 R
6 17 7 4 R
7 17 8 11 L
8 17 9 6 R
9 17 0 19 D
10 17 11 7 R
11 17 12 8 R
12 17 13 9 R
13 17 14 15 L
14 17 15 12 R
15 17 16 13 R
16 17 17 14 R
17 17 18 15 R
18 0 18 16 R
18 1 18 17 L
18 2 18 18 R
18 3 18 18 R
18 4 18 18 R
18 5 18 17 L
18 6 0 18 R
18 7 18 18 R
18 8 18 18 R
18 9 18 18 R
18 10 18 22 D
18 11 18 17 L
18 12 18 2 R
18 13 18 4 R
18 14 18 6 R
18 15 18 8 R
18 16 18 10 R
18 17 0 1 L
0 18 1 12 R
1 18 2 18 R
2 18 3 19 R
3 18 4 19 R
4 18 5 5 L
5 18 6 19 R
6 18 0 19 R
7 18 8 22 D
8 18 9 19 R
9 18 10 22 D
10 18 11 19 R
11 18 12 22 D
12 18 13 19 R
13 18 14 22 D
14 18 15 1 R
15 18 16 10 L
16 18 17 3 R
17 18 18 22 D
18 18 19 11 L
19 0 19 5 R
19 1 19 0 D
19 2 19 7 R
19 3 19 1 D
19 4 19 9 R
19 5 19 2 D
19 6 19 11 R
19 7 19 3 D
19 8 19 13 R
19 9 19 4 D
19 10 19 15 R
19 11 19 17 L
19 12 19 17 R
19 13 19 5 D
19 14 19 19 R
19 15 19 8 D
19 16 19 20 R
19 17 19 10 D
19 18 0 20 R
0 19 1 11 D
1 19 2 20 R
2 19 3 12 D
3 19 4 20 R
4 19 5 13 D
5 19 6 18 L
6 19 7 20 R
7 19 8 16 D
8 19 9 20 R
9 19 10 17 D
10 19 11 20 R
11 19 12 18 D
12 19 13 20 R
13 19 0 20 D
14 19 15 18 L
15 19 16 20 R
16 19 17 18 L
17 19 18 20 R
18 19 19 18 L
19 19 20 1 R
20 0 20 18 L
20 1 20 2 R
20 2 20 18 L
20 3 20 4 R
20 4 20 18 L
20 5 20 6 R
20 6 20 1 L
20 7 20 8 R
20 8 20 3 L
20 9 20 10 R
20 10 20 5 L
20 11 20 12 R
20 12 20 7 L
20 13 20 14 R
20 14 20 9 L
20 15 20 16 R
20 16 20 11 L
20 17 20 18 R
20 18 20 13 L
20 19 0 20 R
0 20 1 15 L
1 20 2 21 R
2 20 3 17 L
3 20 4 21 R
4 20 5 19 L
5 20 6 21 R
6 20 7 19 L
7 20 8 21 R
8 20 9 19 L
9 20 10 21 R
10 20 11 19 L
11 20 12 21 R
12 20 13 19 L
13 20 14 21 R
14 20 15 19 L
15 20 16 21 R
16 20 0 19 L
17 20 18 19 L
18 20 19 6 U
19 20 20 19 L
20 20 21 8 U
21 0 21 19 L
21 1 21 0 L
21 2 21 10 U
21 3 21 2 L
21 4 21 12 U
21 5 21 4 L
21 6 21 14 U
21 7 21 6 L
21 8 21 15 U
21 9 21 8 L
21 10 21 15 U
21 11 21 10 L
21 12 21 15 U
21 13 21 12 L
21 14 21 15 U
21 15 21 14 L
21 16 21 15 U
21 17 21 16 L
21 18 21 15 U
21 19 21 18 L
21 20 0 15 U
0 21 1 20 L
1 21 2 15 U
2 21 3 20 L
3 21 4 1 U
4 21 5 20 L
5 21 6 3 U
6 21 7 20 L
7 21 8 5 U
8 21 9 20 L
9 21 10 7 U
10 21 11 20 L
11 21 12 9 U
12 21 13 20 L
13 21 14 11 U
14 21 15 20 L
15 21 16 13 U
16 21 0 20 L
17 21 18 15 U
18 21 19 16 U
19 21 20 16 U
20 21 0 23 D
21 21 22 23 D
22 0 22 21 L
22 1 0 16 U
22 2 22 23 D
22 3 22 16 U
22 4 22 23 D
22 5 22 16 U
22 6 0 21 L
22 7 22 1 U
22 8 22 14 R
22 9 22 2 U
22 10 22 15 R
22 11 22 6 L
22 12 22 12 U
22 13 0 12 D
22 14 22 22 R
22 15 22 22 R
22 16 22 17 U
22 17 22 11 L
22 18 22 17 U
22 19 22 21 D
22 20 0 13 L
22 21 0 17 U
0 22 1 22 R
1 22 2 22 R
2 22 3 17 U
3 22 4 17 L
4 22 0 20 L
5 22 6 21 L
6 22 7 22 R
7 22 8 22 R
8 22 9 24 D
9 22 10 22 L
10 22 11 18 U
11 22 12 18 U
12 22 0 22 L
13 22 14 24 D
14 22 15 24 D
15 22 16 21 R
16 22 17 18 U
17 22 18 24 D
18 22 19 22 R
19 22 20 18 U
20 22 21 24 D
21 22 22 18 U
22 22 23 0 U
23 0 23 24 D
23 1 23 24 D
23 2 23 24 D
23 3 23 0 D
23 4 23 1 D
23 5 23 2 D
23 6 23 22 L
23 7 23 14 U
23 8 23 4 D
23 9 23 16 U
23 10 23 6 D
23 11 23 7 D
23 12 23 8 D
23 13 23 9 D
23 14 23 19 U
23 15 23 19 U
23 16 23 12 D
23 17 23 13 D
23 18 23 14 D
23 19 23 19 U
23 20 0 22 L
23 21 23 23 R
23 22 0 22 L
0 23 1 22 L
1 23 2 7 L
2 23 3 14 L
3 23 0 19 L
4 23 5 23 D
5 23 6 23 L
6 23 0 23 L
7 23 8 21 U
8 23 9 21 U
9 23 0 23 R
10 23 11 23 L
11 23 12 25 D
12 23 13 0 U
13 23 14 1 U
14 23 15 0 R
15 23 0 1 R
16 23 17 2 U
17 23 18 2 R
18 23 19 23 L
19 23 20 3 U
20 23 21 25 D
21 23 22 5 U
22 23 23 25 D
23 23 24 23 L
24 0 24 9 R
24 1 0 11 R
24 2 24 13 R
24 3 24 7 U
24 4 24 8 U
24 5 24 9 U
24 6 24 23 L
24 7 24 23 L
24 8 24 23 L
24 9 24 19 R
24 10 24 12 U
24 11 24 22 R
24 12 0 13 R
24 13 24 23 R
24 14 24 4 L
24 15 24 6 L
24 16 24 16 U
24 17 24 7 L
24 18 24 8 L
24 19 24 24 R
24 20 24 18 U
24 21 24 2 D
24 22 0 24 R
24 23 0 4 D
0 24 1 15 L
1 24 2 22 U
2 24 3 17 L
3 24 4 18 L
4 24 5 24 R
5 24 0 24 R
6 24 7 22 U
7 24 8 24 R
8 24 9 24 R
9 24 10 24 L
10 24 11 24 L
11 24 12 22 U
12 24 13 24 L
13 24 14 10 R
14 24 15 22 U
15 24 0 15 R
16 24 17 16 D
17 24 18 17 D
18 24 19 20 D
19 24 20 21 D
20 24 21 22 U
21 24 22 17 R
22 24 23 24 L
23 24 24 22 D
24 24 25 23 D
25 0 25 24 D
25 1 25 25 D
25 2 25 26 D
25 3 25 6 U
25 4 25 26 D
25 5 25 9 U
25 6 25 24 L
25 7 25 26 D
25 8 25 24 L
25 9 25 19 R
25 10 25 20 R
25 11 25 15 U
25 12 25 26 D
25 13 25 26 D
25 14 25 26 D
25 15 0 22 R
25 16 25 26 D
25 17 25 24 R
25 18 25 23 U
25 19 25 25 R
25 20 25 25 R
25 21 25 26 D
25 22 0 23 U
25 23 25 16 L
25 24 0 26 D
0 25 1 23 U
1 25 2 23 U
2 25 3 26 D
3 25 0 21 L
4 25 0 23 U
5 25 6 25 R
6 25 7 23 U
7 25 0 23 U
8 25 9 23 U
9 25 10 23 U
10 25 11 26 D
11 25 12 23 U
12 25 13 25 R
13 25 0 0 D
14 25 15 25 L
15 25 16 3 U
16 25 17 5 U
17 25 18 25 R
18 25 19 25 R
19 25 20 0 R
20 25 0 10 U
21 25 22 25 L
22 25 23 25 L
23 25 24 14 U
24 25 25 16 U
25 25 26 6 R
26 0 26 7 R
26 1 26 20 U
26 2 0 15 D
26 3 26 25 L
26 4 26 25 L
26 5 26 24 U
26 6 26 12 R
26 7 0 13 R
26 8 26 24 U
26 9 26 3 L
26 10 26 24 U
26 11 26 5 L
26 12 26 26 R
26 13 26 26 R
26 14 26 24 U
26 15 0 24 U
26 16 26 27 D
26 17 26 27 D
26 18 26 9 L
26 19 26 27 D
26 20 26 27 D
26 21 26 27 D
26 22 26 27 D
26 23 26 27 D
26 24 26 11 L
26 25 0 27 D
0 26 1 27 D
1 26 2 3 U
2 26 3 26 R
3 26 4 27 D
4 26 5 5 U
5 26 6 14 L
6 26 7 27 D
7 26 8 11 U
8 26 9 27 D
9 26 10 27 D
10 26 0 27 D
11 26 12 19 L
12 26 13 18 U
13 26 0 26 L
14 26 15 27 D
15 26 16 25 U
16 26 17 0 D
17 26 0 25 U
18 26 19 25 U
19 26 0 3 D
20 26 21 26 L
21 26 22 25 U
22 26 0 25 U
23 26 24 25 U
24 26 25 8 D
25 26 26 25 U
26 26 27 26 L
27 0 27 10 D
27 1 0 26 L
27 2 27 25 U
27 3 27 26 L
27 4 27 25 U
27 5 27 26 L
27 6 27 25 U
27 7 27 1 L
27 8 0 25 U
27 9 27 25 U
27 10 27 3 L
27 11 27 5 L
27 12 27 7 L
27 13 27 1 U
27 14 27 8 L
27 15 0 26 D
27 16 27 9 L
27 17 27 10 L
27 18 27 11 L
27 19 27 12 L
27 20 27 28 D
27 21 0 14 L
27 22 27 8 U
27 23 27 16 L
27 24 27 10 U
27 25 27 17 L
27 26 0 18 L
0 27 1 19 L
1 27 2 15 U
2 27 3 20 L
3 27 0 21 L
4 27 5 22 L
5 27 6 18 U
6 27 7 23 L
7 27 8 28 D
8 27 9 28 D
9 27 10 25 L
10 27 11 28 D
11 27 12 28 D
12 27 13 28 D
13 27 14 26 L
14 27 15 28 D
15 27 16 26 U
16 27 17 27 L
17 27 18 27 R
18 27 19 26 U
19 27 20 28 D
20 27 21 27 L
21 27 22 28 D
22 27 0 27 L
23 27 24 27 L
24 27 25 27 L
25 27 0 27 L
26 27 27 1 D
27 27 28 26 U
28 0 28 2 D
28 1 0 26 U
28 2 28 26 U
28 3 0 5 R
28 4 28 2 L
28 5 28 9 R
28 6 0 26 U
28 7 28 4 L
28 8 28 26 U
28 9 28 17 R
28 10 28 18 R
28 11 0 6 L
28 12 28 13 D
28 13 28 2 U
28 14 28 7 L
28 15 28 15 D
28 16 28 4 U
28 17 28 6 U
28 18 28 17 D
28 19 28 24 R
28 20 0 11 L
28 21 28 12 L
28 22 28 14 L
28 23 28 15 L
28 24 28 28 R
28 25 28 13 U
28 26 28 28 R
28 27 0 20 L
0 28 1 21 L
1 28 2 22 L
2 28 3 23 L
3 28 4 28 R
4 28 5 25 L
5 28 6 28 R
6 28 7 28 R
7 28 0 27 L
8 28 9 28 L
9 28 10 24 U
10 28 11 28 L
11 28 12 28 L
12 28 13 25 D
13 28 14 27 U
14 28 15 28 L
15 28 16 28 R
16 28 17 26 D
17 28 0 28 L
18 28 19 28 L
19 28 20 28 D
20 28 21 28 L
21 28 22 28 L
22 28 23 29 D
23 28 24 27 U
24 28 25 28 R
25 28 26 28 L
26 28 27 28 L
27 28 0 27 U
28 28 29 27 U
29 0 0 27 U
29 1 29 27 U
29 2 29 29 D
29 3 0 1 U
29 4 0 7 R
29 5 29 10 R
29 6 29 4 L
29 7 0 12 R
29 8 29 14 R
29 9 29 5 L
29 10 29 16 R
29 11 29 6 L
29 12 0 18 R
29 13 29 8 L
29 14 29 13 U
29 15 29 9 L
29 16 29 16 U
29 17 29 11 L
29 18 0 19 U
29 19 0 22 R
29 20 29 24 R
29 21 29 19 L
29 22 0 27 R
29 23 29 20 L
29 24 29 28 U
29 25 29 29 R
29 26 29 21 L
29 27 0 28 U
29 28 0 23 L
0 29 1 28 U
1 29 0 29 R
2 29 0 0 U
3 29 0 3 U
