41 41 1672
0 3 4 5 6 3 7 8 3 9 9 3 6
7 10 2 11 12 13 14 16 18 19 12 20 10
19 21 21 1 13 22 22 23 13 21 24 24 5
14 19 24 25 25 4 12 26 27 27 27 3 11
21 0 26 28 28 0 10 29 14 22 30 30 30
30 1 5 12 21 30 31 2 29 32 32 32 32
1 4 7 13 22 33 33 33 20 33 34 34 11
19 22 26 33 35 35 35 10 24 29 36 36 36
36 36 36 1 9 23 32 37 37 37 0 2 13
18 19 21 27 34 38 38 38 3 7 11 12 21
25 26 29 34 39 39 39 39 2 5 8 9 16
19 20 23 29 37 40 40 40 40 40 40 40 3
5 6 8 11 14 18 20 22 24 27 0 29 31
0 2 1 3 R
1 2 2 3 R
2 2 3 3 R
3 0 3 0 R
3 1 0 3 D
3 2 0 2 R
0 3 1 3 R
1 3 2 4 R
2 3 3 6 D
3 3 4 4 R
4 0 4 4 R
4 1 0 1 L
4 2 4 1 R
4 3 0 2 R
0 4 1 3 R
1 4 2 3 L
2 4 3 5 R
3 4 4 10 D
4 4 5 5 R
5 0 0 1 L
5 1 5 0 R
5 2 5 1 R
5 3 5 2 R
5 4 0 4 L
0 5 1 4 R
1 5 2 4 L
2 5 3 6 R
3 5 4 1 D
4 5 5 0 L
5 5 0 6 R
6 0 6 6 R
6 1 6 6 R
6 2 6 6 D
6 3 6 4 L
6 4 6 6 R
6 5 0 5 L
0 6 1 1 R
1 6 2 5 L
2 6 0 4 R
3 6 4 5 R
4 6 5 7 R
5 6 6 3 L
6 6 7 7 R
7 0 7 5 L
7 1 7 7 R
7 2 7 13 D
7 3 7 6 L
7 4 0 0 R
7 5 7 5 D
7 6 0 1 R
0 7 1 2 R
1 7 2 6 L
2 7 3 4 R
3 7 4 0 L
4 7 5 6 R
5 7 6 2 L
6 7 7 8 R
7 7 8 3 L
8 0 0 8 R
8 1 8 8 R
8 2 8 8 R
8 3 8 7 L
8 4 8 8 R
8 5 8 7 L
8 6 8 17 D
8 7 0 7 L
0 8 1 0 R
1 8 2 7 L
2 8 0 2 R
3 8 4 8 D
4 8 5 3 R
5 8 6 3 L
6 8 7 5 R
7 8 8 5 L
8 8 9 7 L
9 0 9 6 R
9 1 9 8 L
9 2 0 7 R
9 3 9 8 R
9 4 9 8 L
9 5 9 12 D
9 6 9 9 R
9 7 0 9 R
9 8 0 19 D
0 9 1 4 L
1 9 2 9 R
2 9 0 9 R
3 9 4 9 L
4 9 5 9 R
5 9 0 20 D
6 9 0 20 D
7 9 8 2 U
8 9 9 2 U
9 9 10 2 U
10 0 10 8 R
10 1 10 2 D
10 2 10 0 U
10 3 0 4 D
10 4 10 2 U
10 5 10 10 R
10 6 10 8 D
10 7 10 10 R
10 8 10 10 R
10 9 0 1 L
0 10 1 10 R
1 10 0 2 R
2 10 3 5 R
3 10 4 8 R
4 10 5 9 R
5 10 6 10 R
6 10 7 11 R
7 10 8 11 R
8 10 9 9 L
9 10 10 11 R
10 10 11 11 R
11 0 11 18 D
11 1 11 10 L
11 2 11 11 R
11 3 11 11 R
11 4 0 2 R
11 5 11 5 R
11 6 11 7 R
11 7 11 8 R
11 8 11 9 R
11 9 11 10 R
11 10 0 11 R
0 11 1 12 R
1 11 2 12 R
2 11 3 12 R
3 11 4 10 L
4 11 5 12 R
5 11 6 12 R
6 11 7 12 R
7 11 8 12 R
8 11 9 0 L
9 11 10 1 L
10 11 11 12 R
11 11 12 12 R
12 0 12 5 U
12 1 12 21 D
12 2 12 3 R
12 3 0 5 U
12 4 12 4 R
12 5 12 5 R
12 6 12 6 R
12 7 12 7 R
12 8 12 8 R
12 9 12 11 R
12 10 12 12 R
12 11 0 13 R
0 12 1 13 R
1 12 2 13 R
2 12 3 13 R
3 12 4 13 R
4 12 5 11 L
5 12 6 13 R
6 12 7 13 R
7 12 8 21 D
8 12 9 13 R
9 12 10 13 R
10 12 11 11 L
11 12 12 13 R
12 12 13 0 R
13 0 13 1 R
13 1 13 2 R
13 2 13 3 R
13 3 0 4 R
13 4 13 6 R
13 5 13 10 R
13 6 13 13 R
13 7 13 14 R
13 8 13 14 R
13 9 13 14 R
13 10 13 14 R
13 11 13 14 R
13 12 0 14 R
0 13 1 2 R
1 13 2 4 R
2 13 3 6 R
3 13 4 8 R
4 13 5 9 R
5 13 6 11 R
6 13 7 12 L
7 13 8 13 R
8 13 9 15 R
9 13 10 15 R
10 13 11 15 R
11 13 12 15 R
12 13 13 12 L
13 13 14 15 R
14 0 14 15 R
14 1 14 0 R
14 2 14 2 R
14 3 14 4 R
14 4 0 10 R
14 5 14 7 D
14 6 14 11 R
14 7 14 8 D
14 8 14 6 U
14 9 14 10 D
14 10 14 14 R
14 11 14 11 D
14 12 14 12 D
14 13 0 16 R
0 14 1 16 R
1 14 2 13 D
2 14 3 16 R
3 14 4 14 D
4 14 5 16 R
5 14 6 16 D
6 14 7 16 R
7 14 8 17 D
8 14 9 16 R
9 14 10 19 D
10 14 11 16 R
11 14 12 20 D
12 14 13 16 R
13 14 14 21 D
14 14 15 16 R
15 0 15 22 D
15 1 15 22 D
15 2 15 2 R
15 3 15 22 D
15 4 15 4 R
15 5 15 22 D
15 6 15 6 R
15 7 15 22 D
15 8 15 8 R
15 9 15 9 R
15 10 15 22 D
15 11 15 11 R
15 12 15 13 L
15 13 15 13 R
15 14 0 22 D
0 15 1 15 R
1 15 2 22 D
2 15 3 17 R
3 15 4 22 D
4 15 5 22 D
5 15 6 17 R
6 15 7 17 R
7 15 8 22 D
8 15 9 7 U
9 15 10 13 L
10 15 11 17 R
11 15 12 22 D
12 15 13 17 R
13 15 14 22 D
14 15 15 17 R
15 15 16 22 D
16 0 16 17 R
16 1 16 22 D
16 2 16 17 R
16 3 16 22 D
16 4 16 0 R
16 5 16 22 D
16 6 16 2 R
16 7 16 22 D
16 8 16 4 R
16 9 16 0 D
16 10 0 6 R
16 11 16 1 D
16 12 16 7 L
16 13 16 9 L
16 14 16 2 D
16 15 0 11 L
0 16 1 12 L
1 16 2 4 D
2 16 3 5 D
3 16 4 14 L
4 16 5 6 D
5 16 6 14 L
6 16 7 7 D
7 16 8 14 L
8 16 9 8 D
9 16 10 14 L
10 16 11 9 D
11 16 12 14 L
12 16 13 10 D
13 16 14 14 L
14 16 15 11 D
15 16 16 14 L
16 16 17 12 D
17 0 17 0 L
17 1 17 1 L
17 2 17 13 D
17 3 17 3 L
17 4 17 14 D
17 5 17 5 L
17 6 17 16 D
17 7 17 7 L
17 8 17 18 R
17 9 17 18 D
17 10 17 10 L
17 11 17 19 D
17 12 17 12 L
17 13 17 20 D
17 14 17 14 L
17 15 17 21 D
17 16 0 15 L
0 17 1 18 R
1 17 2 15 L
2 17 3 23 D
3 17 4 15 L
4 17 5 23 D
5 17 6 23 D
6 17 7 15 L
7 17 8 15 L
8 17 9 23 D
9 17 10 15 L
10 17 11 23 D
11 17 12 15 L
12 17 13 23 D
13 17 14 15 L
14 17 15 23 D
15 17 16 1 L
16 17 17 18 R
17 17 18 3 L
18 0 18 23 D
18 1 18 5 L
18 2 18 23 D
18 3 18 7 L
18 4 18 23 D
18 5 18 9 L
18 6 0 23 D
18 7 18 12 L
18 8 18 13 L
18 9 18 15 L
18 10 18 16 L
18 11 18 16 L
18 12 18 16 L
18 13 18 16 L
18 14 18 16 L
18 15 18 16 L
18 16 18 16 L
18 17 0 0 L
0 18 1 1 L
1 18 2 3 L
2 18 3 15 R
3 18 4 8 U
4 18 5 10 L
5 18 6 12 L
6 18 7 14 L
7 18 8 19 R
8 18 9 17 L
9 18 10 17 L
10 18 11 8 U
11 18 12 17 L
12 18 13 17 L
13 18 14 17 L
14 18 15 17 L
15 18 16 19 R
16 18 17 17 L
17 18 18 1 L
18 18 19 3 L
19 0 19 5 L
19 1 0 1 U
19 2 19 7 L
19 3 19 9 L
19 4 19 10 L
19 5 19 11 L
19 6 19 12 L
19 7 19 13 L
19 8 19 14 L
19 9 19 15 L
19 10 19 16 L
19 11 19 17 L
19 12 19 3 D
19 13 19 18 L
19 14 19 18 L
19 15 19 5 D
19 16 19 18 L
19 17 19 18 L
19 18 0 18 L
0 19 1 2 R
1 19 2 18 L
2 19 3 18 L
3 19 4 18 L
4 19 5 18 L
5 19 6 18 L
6 19 7 18 L
7 19 8 8 R
8 19 9 18 L
9 19 10 18 L
10 19 11 0 L
11 19 0 7 L
12 19 13 2 L
13 19 14 11 D
14 19 15 5 L
15 19 16 6 L
16 19 17 7 L
17 19 18 9 L
18 19 19 11 L
19 19 20 13 L
20 0 20 16 L
20 1 20 17 L
20 2 20 20 R
20 3 20 19 L
20 4 20 19 L
20 5 20 19 L
20 6 20 19 L
20 7 20 19 L
20 8 20 20 R
20 9 20 19 L
20 10 20 19 L
20 11 20 19 L
20 12 20 19 D
20 13 0 19 L
20 14 20 9 U
20 15 20 19 L
20 16 20 19 L
20 17 20 19 L
20 18 20 19 L
20 19 0 19 L
0 20 1 0 L
1 20 2 1 L
2 20 3 20 R
3 20 4 3 L
4 20 5 7 L
5 20 6 9 L
6 20 7 10 L
7 20 8 11 L
8 20 9 12 L
9 20 0 13 L
10 20 11 15 L
11 20 12 17 L
12 20 13 19 L
13 20 14 20 L
14 20 15 20 L
15 20 16 20 L
16 20 17 24 D
17 20 18 20 L
18 20 0 20 L
19 20 20 9 U
20 20 21 9 U
21 0 21 9 U
21 1 21 0 U
21 2 21 24 D
21 3 21 2 U
21 4 0 11 R
21 5 21 4 U
21 6 21 5 U
21 7 21 20 L
21 8 21 24 D
21 9 21 7 U
21 10 21 10 U
21 11 0 21 R
21 12 21 6 L
21 13 21 7 L
21 14 21 21 R
21 15 21 10 U
21 16 21 10 U
21 17 21 10 U
21 18 21 21 R
21 19 21 3 U
21 20 0 4 U
0 21 0 7 D
1 21 2 12 L
2 21 3 13 L
3 21 4 6 U
4 21 5 7 U
5 21 6 11 U
6 21 7 11 U
7 21 8 11 U
8 21 9 11 U
9 21 10 21 R
10 21 11 0 U
11 21 12 17 D
12 21 0 3 U
13 21 14 4 U
14 21 15 21 L
15 21 16 21 L
16 21 17 12 U
17 21 18 12 U
18 21 19 24 D
19 21 20 6 R
20 21 21 0 U
21 21 22 1 U
22 0 0 2 U
22 1 22 21 L
22 2 22 21 L
22 3 22 9 U
22 4 22 10 U
22 5 22 13 U
22 6 0 22 R
22 7 22 25 D
22 8 22 25 D
22 9 22 8 U
22 10 22 25 D
22 11 22 25 D
22 12 22 2 L
22 13 22 25 D
22 14 22 25 D
22 15 22 14 U
22 16 22 25 D
22 17 22 25 D
22 18 22 14 U
22 19 22 25 D
22 20 22 25 D
22 21 0 25 D
0 22 1 25 D
1 22 2 0 D
2 22 3 1 D
3 22 4 2 D
4 22 5 3 D
5 22 6 4 D
6 22 7 5 D
7 22 8 6 D
8 22 9 7 D
9 22 10 8 D
10 22 11 9 D
11 22 12 10 D
12 22 13 15 U
13 22 14 12 D
14 22 15 15 U
15 22 16 14 D
16 22 17 15 D
17 22 18 16 D
18 22 19 17 D
19 22 20 18 D
20 22 21 6 U
21 22 22 20 D
22 22 23 8 U
23 0 0 22 D
23 1 23 23 D
23 2 23 24 D
23 3 23 16 U
23 4 23 26 D
23 5 23 23 R
23 6 23 23 R
23 7 23 26 D
23 8 23 26 D
23 9 23 26 D
23 10 23 26 D
23 11 23 26 D
23 12 23 26 D
23 13 23 26 D
23 14 23 26 D
23 15 23 5 U
23 16 23 26 D
23 17 23 7 U
23 18 23 26 D
23 19 23 26 D
23 20 23 26 D
23 21 23 26 D
23 22 0 16 U
0 23 1 26 D
1 23 2 26 D
2 23 3 26 D
3 23 4 26 D
4 23 5 26 D
5 23 6 26 D
6 23 7 17 U
7 23 8 26 D
8 23 9 17 U
9 23 10 26 D
10 23 11 0 D
11 23 12 1 D
12 23 0 2 D
13 23 14 23 R
14 23 15 0 R
15 23 16 18 U
16 23 17 18 U
17 23 18 18 U
18 23 19 9 D
19 23 20 9 R
20 23 0 1 U
21 23 22 3 U
22 23 23 12 R
23 23 24 4 U
24 0 24 14 R
24 1 24 8 U
24 2 24 10 U
24 3 24 15 D
24 4 24 14 U
24 5 24 17 D
24 6 24 18 U
24 7 24 19 U
24 8 24 23 L
24 9 0 20 R
24 10 24 19 U
24 11 24 24 D
24 12 24 22 R
24 13 24 23 L
24 14 24 19 U
24 15 24 4 U
24 16 24 5 U
24 17 24 6 U
24 18 24 8 L
24 19 24 27 D
24 20 0 24 R
24 21 24 14 U
24 22 24 13 L
24 23 0 16 U
0 24 1 18 U
1 24 2 20 U
2 24 3 18 L
3 24 4 20 U
4 24 0 24 R
5 24 6 20 U
6 24 7 20 U
7 24 8 20 U
8 24 9 20 U
9 24 10 20 U
10 24 11 27 D
11 24 12 20 U
12 24 13 20 U
13 24 0 27 D
14 24 15 20 U
15 24 16 0 U
16 24 17 1 U
17 24 18 27 D
18 24 0 3 U
19 24 20 5 U
20 24 21 1 D
21 24 22 9 U
22 24 23 24 L
23 24 0 10 U
24 24 25 14 U
25 0 25 15 U
25 1 25 24 L
25 2 25 16 U
25 3 25 17 U
25 4 25 24 L
25 5 25 19 U
25 6 25 20 U
25 7 0 6 D
25 8 25 21 U
25 9 25 1 L
25 10 25 21 U
25 11 25 21 U
25 12 25 3 L
25 13 25 21 U
25 14 25 4 L
25 15 25 21 U
25 16 25 21 U
25 17 25 16 D
25 18 0 21 U
25 19 25 21 U
25 20 25 9 L
25 21 25 21 U
25 22 25 21 U
25 23 25 12 L
25 24 0 13 L
0 25 1 14 L
1 25 2 21 U
2 25 3 21 U
3 25 0 0 U
4 25 5 1 U
5 25 6 3 U
6 25 7 4 U
7 25 8 28 D
8 25 9 20 L
9 25 10 5 U
10 25 11 23 L
11 25 0 25 L
12 25 13 28 D
13 25 14 28 D
14 25 15 9 U
15 25 16 28 D
16 25 17 28 D
17 25 18 28 D
18 25 19 15 U
19 25 20 28 D
20 25 21 28 D
21 25 22 18 U
22 25 23 28 D
23 25 24 28 D
24 25 25 25 L
25 25 26 25 L
26 0 26 28 D
26 1 26 28 D
26 2 26 28 D
26 3 26 28 D
26 4 26 28 D
26 5 26 28 D
26 6 26 25 L
26 7 26 28 D
26 8 26 25 L
26 9 26 28 D
26 10 26 0 D
26 11 26 22 U
26 12 26 2 D
26 13 26 22 U
26 14 26 4 D
26 15 26 5 D
26 16 26 6 D
26 17 26 7 D
26 18 26 8 D
26 19 26 22 U
26 20 26 10 D
26 21 26 22 U
26 22 0 12 D
26 23 26 13 D
26 24 26 14 D
26 25 0 3 U
0 26 1 16 D
1 26 2 17 D
2 26 3 19 D
3 26 4 20 D
4 26 5 21 D
5 26 6 22 D
6 26 7 23 D
7 26 8 24 D
8 26 9 25 D
9 26 10 15 U
10 26 11 27 D
11 26 12 17 U
12 26 13 4 R
13 26 14 29 D
14 26 15 29 D
15 26 16 29 D
16 26 17 22 U
17 26 18 29 D
18 26 19 29 D
19 26 20 29 D
20 26 21 29 D
21 26 22 29 D
22 26 23 29 D
23 26 24 23 U
24 26 25 29 D
25 26 26 23 U
26 26 27 7 R
27 0 27 29 D
27 1 27 29 D
27 2 0 29 D
27 3 27 23 U
27 4 27 18 R
27 5 27 23 U
27 6 27 26 L
27 7 27 22 R
27 8 27 23 U
27 9 27 29 D
27 10 27 23 U
27 11 0 23 U
27 12 27 23 U
27 13 27 1 U
27 14 27 2 U
27 15 27 29 D
27 16 27 4 U
27 17 27 29 D
27 18 27 25 R
27 19 27 6 U
27 20 27 7 U
27 21 27 6 L
27 22 0 8 L
27 23 27 10 U
27 24 27 4 D
27 25 27 27 R
27 26 0 15 U
0 27 1 16 U
1 27 2 17 U
2 27 0 9 D
3 27 4 21 U
4 27 5 23 U
5 27 6 24 U
6 27 7 27 R
7 27 8 27 L
8 27 9 24 U
9 27 10 24 U
10 27 0 24 U
11 27 12 24 U
12 27 13 24 U
13 27 14 24 U
14 27 15 24 U
15 27 16 24 U
16 27 17 27 L
17 27 18 23 D
18 27 19 24 U
19 27 20 24 U
20 27 0 26 D
21 27 22 1 R
22 27 23 24 U
23 27 24 24 U
24 27 25 29 D
25 27 0 24 U
0 0 1 24 U
1 0 0 27 L
0 1 1 27 R
1 1 2 30 D
2 0 2 24 U
2 1 0 3 R
26 27 27 0 L
27 27 28 8 R
28 0 28 24 U
28 1 28 0 U
28 2 28 2 U
28 3 28 14 R
28 4 28 5 U
28 5 28 6 U
28 6 0 30 D
28 7 28 27 L
28 8 28 30 D
28 9 28 8 U
28 10 28 0 L
28 11 28 10 U
28 12 28 11 U
28 13 28 15 U
28 14 28 23 R
28 15 28 16 U
28 16 28 30 D
28 17 0 18 U
28 18 28 7 L
28 19 28 19 U
28 20 28 10 L
28 21 28 21 U
28 22 28 22 U
28 23 28 28 R
28 24 28 30 D
28 25 28 25 U
28 26 28 25 U
28 27 0 25 U
0 28 1 18 L
1 28 2 25 U
2 28 3 20 L
3 28 4 25 U
4 28 5 25 U
5 28 6 3 D
6 28 7 25 U
7 28 8 5 D
8 28 9 3 R
9 28 0 24 L
10 28 11 28 L
11 28 12 7 D
12 28 13 25 U
13 28 14 9 D
14 28 15 10 D
15 28 16 28 L
16 28 17 11 D
17 28 18 12 D
18 28 19 25 U
19 28 20 14 D
20 28 21 15 D
21 28 22 16 D
22 28 23 17 D
23 28 24 18 D
24 28 25 19 D
25 28 26 20 D
26 28 27 21 D
27 28 28 22 D
28 28 29 23 D
29 0 29 24 D
29 1 29 11 U
29 2 29 28 L
29 3 29 13 U
29 4 29 28 L
29 5 29 25 D
29 6 29 26 D
29 7 29 27 D
29 8 29 28 D
29 9 29 19 U
29 10 29 30 D
29 11 29 21 U
29 12 0 31 D
29 13 29 31 D
29 14 29 31 D
29 15 29 25 U
29 16 29 31 D
29 17 29 31 D
29 18 29 29 R
29 19 29 31 D
29 20 29 31 D
29 21 29 31 D
29 22 29 29 R
29 23 29 31 D
29 24 29 31 D
29 25 29 31 D
29 26 29 26 U
29 27 29 31 D
29 28 0 26 U
0 29 1 31 D
1 29 2 31 D
2 29 3 26 U
3 29 4 31 D
4 29 5 31 D
5 29 6 31 D
6 29 7 29 R
7 29 8 31 D
8 29 9 31 D
9 29 10 26 U
10 29 11 31 D
11 29 12 31 D
12 29 13 31 D
13 29 0 31 D
14 29 15 29 R
15 29 16 29 R
16 29 17 3 U
17 29 18 5 U
18 29 19 0 R
19 29 20 1 D
20 29 21 10 U
21 29 0 11 U
22 29 23 12 U
23 29 24 5 R
24 29 25 13 U
25 29 26 14 U
26 29 27 8 D
27 29 28 16 U
28 29 29 29 L
29 29 30 19 U
30 0 30 8 R
30 1 30 20 U
30 2 0 21 U
30 3 30 23 U
30 4 30 14 D
30 5 30 11 R
30 6 30 26 U
30 7 30 27 U
30 8 30 15 R
30 9 0 18 D
30 10 30 27 U
30 11 30 18 R
30 12 30 27 U
30 13 30 27 U
30 14 30 7 L
30 15 30 27 U
30 16 30 27 U
30 17 0 27 U
30 18 30 27 U
30 19 30 27 U
30 20 30 27 U
30 21 30 27 U
30 22 30 27 U
30 23 30 14 L
30 24 30 27 U
30 25 30 27 U
30 26 0 32 D
30 27 30 27 U
30 28 30 27 U
30 29 0 32 D
0 30 0 27 U
1 30 2 27 L
2 30 3 30 R
3 30 4 0 U
4 30 0 1 U
5 30 6 30 L
6 30 7 30 R
7 30 8 1 U
8 30 9 2 U
9 30 10 4 U
10 30 11 5 U
11 30 0 32 D
12 30 13 32 D
13 30 14 30 L
14 30 15 9 U
15 30 16 11 U
16 30 17 12 U
17 30 18 13 U
18 30 19 15 U
19 30 20 32 D
20 30 0 17 U
21 30 22 19 U
22 30 23 30 L
23 30 24 21 U
24 30 25 22 U
25 30 26 32 D
26 30 27 25 U
27 30 28 26 U
28 30 29 27 U
29 30 0 32 D
30 30 31 28 U
31 0 31 30 L
31 1 31 28 U
31 2 31 28 U
31 3 31 4 D
31 4 31 28 U
31 5 31 8 D
31 6 0 30 L
31 7 31 9 D
31 8 31 28 U
31 9 31 11 D
31 10 31 0 L
31 11 31 12 D
31 12 31 13 D
31 13 31 28 U
31 14 31 14 D
31 15 31 15 D
31 16 31 4 L
31 17 31 16 D
31 18 31 17 D
31 19 31 18 D
31 20 31 19 D
31 21 31 20 D
31 22 31 21 D
31 23 31 22 D
31 24 31 1 U
31 25 31 23 D
31 26 31 24 D
31 27 31 25 D
31 28 31 26 D
31 29 31 9 U
31 30 0 6 L
0 31 1 11 U
1 31 0 29 D
2 31 3 31 R
3 31 4 30 D
4 31 5 15 U
5 31 6 32 D
6 31 7 33 D
7 31 8 18 U
8 31 9 31 R
9 31 10 33 D
10 31 11 33 D
11 31 12 33 D
12 31 13 33 D
13 31 14 33 D
14 31 15 26 U
15 31 16 31 R
16 31 17 28 U
17 31 18 33 D
18 31 19 33 D
19 31 20 33 D
20 31 21 33 D
21 31 22 33 D
22 31 23 33 D
23 31 24 33 D
24 31 25 29 U
25 31 26 33 D
26 31 27 33 D
27 31 28 33 D
28 31 0 33 D
29 31 30 4 R
30 31 31 6 R
31 31 32 31 L
32 0 32 29 U
32 1 32 33 D
32 2 32 29 U
32 3 0 29 U
32 4 32 13 R
32 5 32 29 U
32 6 32 15 R
32 7 32 29 U
32 8 32 4 D
32 9 32 29 U
32 10 32 29 U
32 11 32 1 U
32 12 0 2 U
32 13 32 3 U
32 14 32 15 D
32 15 32 20 R
32 16 32 10 L
32 17 32 6 U
32 18 0 28 D
32 19 32 10 U
32 20 32 12 U
32 21 32 13 U
32 22 32 16 L
32 23 32 16 U
32 24 0 17 U
32 25 32 19 U
32 26 32 20 U
32 27 32 21 U
32 28 32 22 L
32 29 32 22 U
32 30 32 24 U
32 31 0 25 U
0 32 0 34 D
1 32 2 28 U
2 32 3 34 D
3 32 0 30 U
4 32 5 34 D
5 32 6 30 U
6 32 0 30 U
7 32 8 32 L
8 32 9 30 U
9 32 10 30 U
10 32 11 30 U
11 32 12 30 U
12 32 0 34 D
13 32 14 34 D
14 32 15 32 L
15 32 16 30 U
16 32 17 30 U
17 32 18 30 U
18 32 19 32 L
19 32 20 30 U
20 32 21 6 D
21 32 0 30 U
22 32 23 30 U
23 32 24 32 L
24 32 25 32 L
25 32 26 11 D
26 32 27 30 U
27 32 28 30 U
28 32 29 32 L
29 32 30 30 U
30 32 31 30 U
31 32 32 30 U
32 32 0 20 D
33 0 33 30 U
33 1 33 32 L
33 2 33 1 U
33 3 33 2 U
33 4 33 24 D
33 5 33 26 D
33 6 33 32 L
33 7 33 32 L
33 8 0 27 D
33 9 33 28 D
33 10 33 8 U
33 11 33 30 D
33 12 33 1 L
33 13 33 13 U
33 14 33 31 D
33 15 33 32 D
33 16 33 33 D
33 17 33 34 D
33 18 33 6 L
33 19 33 7 L
33 20 33 35 D
33 21 33 35 D
33 22 33 35 D
33 23 33 35 D
33 24 33 35 D
33 25 33 35 D
33 26 33 35 D
33 27 33 29 U
33 28 33 31 U
33 29 0 35 D
33 30 33 35 D
33 31 33 31 U
33 32 0 33 R
0 33 1 35 D
1 33 2 31 U
2 33 3 35 D
3 33 4 33 R
4 33 5 33 R
5 33 6 35 D
6 33 7 35 D
7 33 8 31 U
8 33 9 33 R
9 33 10 33 R
10 33 11 35 D
11 33 12 35 D
12 33 13 33 R
13 33 14 35 D
14 33 15 35 D
15 33 16 31 U
16 33 17 35 D
17 33 18 33 R
18 33 19 33 R
19 33 0 35 D
20 33 21 0 R
21 33 22 2 R
22 33 23 3 R
23 33 24 6 R
24 33 25 7 R
25 33 26 0 U
26 33 27 8 R
27 33 28 11 R
28 33 29 12 R
29 33 30 13 R
30 33 31 14 R
31 33 32 2 U
32 33 0 3 U
33 33 34 5 U
34 0 34 16 R
34 1 34 7 U
34 2 34 17 R
34 3 34 18 R
34 4 34 19 R
34 5 34 9 U
34 6 34 20 R
34 7 34 21 R
34 8 34 23 R
34 9 34 11 U
34 10 34 12 U
34 11 34 24 R
34 12 34 25 R
34 13 34 26 R
34 14 0 27 R
34 15 34 2 D
34 16 34 30 R
34 17 34 32 R
34 18 34 33 R
34 19 34 34 R
34 20 34 34 R
34 21 34 34 R
34 22 34 17 U
34 23 34 34 R
34 24 34 34 R
34 25 34 34 R
34 26 34 34 R
34 27 34 34 R
34 28 34 4 D
34 29 0 5 D
34 30 34 6 D
34 31 34 19 U
34 32 34 8 D
34 33 0 9 D
0 34 1 21 U
1 34 2 11 D
2 34 3 12 D
3 34 4 13 D
4 34 5 34 R
5 34 6 23 U
6 34 7 14 D
7 34 8 15 D
8 34 9 24 U
9 34 10 17 D
10 34 0 29 L
11 34 12 25 U
12 34 13 26 U
13 34 14 27 U
14 34 15 28 U
15 34 16 29 U
16 34 17 30 U
17 34 18 31 U
18 34 0 34 L
19 34 20 32 U
20 34 21 25 D
21 34 0 32 U
22 34 23 34 R
23 34 24 32 U
24 34 25 34 R
25 34 0 32 U
26 34 27 34 R
27 34 28 32 U
28 34 29 32 U
29 34 30 2 R
30 34 31 34 L
31 34 32 32 U
32 34 0 36 D
33 34 34 36 D
34 34 35 9 R
35 0 35 34 L
35 1 35 32 U
35 2 35 14 R
35 3 35 32 U
35 4 35 34 L
35 5 35 32 U
35 6 35 36 D
35 7 0 32 U
35 8 35 32 U
35 9 35 22 R
35 10 35 0 L
35 11 35 36 D
35 12 35 32 U
35 13 35 32 U
35 14 35 36 D
35 15 35 3 L
35 16 35 4 L
35 17 35 32 U
35 18 35 32 U
35 19 35 32 U
35 20 0 36 D
35 21 35 0 U
35 22 35 2 U
35 23 35 3 U
35 24 35 36 D
35 25 35 5 U
35 26 35 36 D
35 27 0 16 L
35 28 35 36 D
35 29 35 10 U
35 30 35 36 D
35 31 35 36 D
35 32 35 36 D
35 33 35 0 D
35 34 0 1 D
0 35 1 2 D
1 35 2 3 D
2 35 3 4 D
3 35 4 5 D
4 35 5 6 D
5 35 6 7 D
6 35 7 8 D
7 35 8 27 U
8 35 9 28 U
9 35 0 11 D
10 35 11 12 D
11 35 12 31 U
12 35 13 14 D
13 35 14 33 U
14 35 15 16 D
15 35 16 17 D
16 35 17 33 U
17 35 18 35 R
18 35 19 18 D
19 35 20 19 D
20 35 21 20 D
21 35 22 33 U
22 35 23 22 D
23 35 0 23 D
24 35 25 35 R
25 35 26 33 U
26 35 27 33 U
27 35 28 33 U
28 35 0 33 U
29 35 30 33 U
30 35 31 30 D
31 35 32 1 U
32 35 33 5 U
33 35 34 3 R
34 35 35 9 U
35 35 36 10 U
36 0 36 36 D
36 1 0 35 L
36 2 36 35 L
36 3 36 22 U
36 4 36 0 L
36 5 0 1 L
36 6 36 37 D
36 7 36 31 U
36 8 36 37 D
36 9 36 37 D
36 10 36 34 U
36 11 36 19 R
36 12 36 37 D
36 13 36 37 D
36 14 36 37 D
36 15 36 37 D
36 16 36 34 U
36 17 0 37 D
36 18 36 34 U
36 19 36 34 U
36 20 36 34 U
36 21 36 34 U
36 22 36 34 U
36 23 0 34 U
36 24 36 34 U
36 25 36 28 R
36 26 0 34 U
36 27 36 34 U
36 28 36 33 R
36 29 36 26 L
36 30 0 34 U
36 31 36 27 L
36 32 36 34 U
36 33 36 36 R
36 34 36 29 L
36 35 0 34 U
0 36 0 37 D
1 36 2 37 D
2 36 3 31 L
3 36 4 36 R
4 36 5 1 U
5 36 6 34 L
6 36 7 5 U
7 36 8 37 D
8 36 0 7 U
9 36 10 8 U
10 36 11 10 U
11 36 12 36 L
12 36 13 37 D
13 36 14 12 U
14 36 15 13 U
15 36 16 36 L
16 36 17 36 L
17 36 18 2 D
18 36 19 15 U
19 36 20 17 U
20 36 21 18 U
21 36 22 19 U
22 36 0 36 R
23 36 24 21 U
24 36 25 23 U
25 36 26 36 L
26 36 27 25 U
27 36 28 12 D
28 36 29 14 D
29 36 30 36 L
30 36 31 36 L
31 36 0 10 R
32 36 33 17 D
33 36 34 29 U
34 36 35 19 D
35 36 36 20 D
36 36 37 21 D
37 0 37 22 D
37 1 37 23 D
37 2 37 36 L
37 3 37 36 L
37 4 37 24 D
37 5 37 26 D
37 6 37 27 D
37 7 37 28 D
37 8 37 29 D
37 9 37 35 U
37 10 37 35 U
37 11 0 31 D
37 12 37 32 D
37 13 37 35 U
37 14 37 34 D
37 15 37 35 U
37 16 37 36 D
37 17 37 24 R
37 18 37 37 D
37 19 37 26 R
37 20 37 38 D
37 21 37 35 U
37 22 37 38 D
37 23 0 38 D
37 24 37 32 R
37 25 37 35 U
37 26 37 33 R
37 27 37 35 U
37 28 0 35 U
37 29 37 35 U
37 30 37 38 D
37 31 37 35 U
37 32 37 35 U
37 33 37 37 R
37 34 37 35 U
37 35 37 35 U
37 36 0 38 D
0 37 1 34 L
1 37 0 35 L
2 37 3 38 D
3 37 4 7 U
4 37 5 37 R
5 37 6 38 D
6 37 7 10 U
7 37 8 38 D
8 37 9 38 D
9 37 10 38 D
10 37 11 38 D
11 37 12 16 U
12 37 0 38 D
13 37 14 18 U
14 37 15 20 U
15 37 16 21 U
16 37 17 22 U
17 37 0 23 U
18 37 0 24 U
19 37 20 37 L
20 37 0 30 U
21 37 22 37 L
22 37 23 32 U
23 37 24 37 L
24 37 25 37 R
25 37 26 35 U
26 37 0 37 R
27 37 28 38 D
28 37 29 37 L
29 37 30 37 L
30 37 31 6 R
31 37 32 36 U
32 37 33 37 L
33 37 0 36 U
34 37 35 36 U
35 37 36 36 U
36 37 37 37 L
37 37 38 7 D
38 0 38 36 U
38 1 38 37 L
38 2 38 9 D
38 3 38 16 R
38 4 38 36 U
38 5 38 36 U
38 6 38 36 U
38 7 0 36 U
38 8 38 36 U
38 9 38 36 U
38 10 38 37 L
38 11 38 36 U
38 12 38 19 D
38 13 38 36 U
38 14 38 21 D
38 15 38 1 L
38 16 0 25 R
38 17 38 24 D
38 18 38 36 U
38 19 38 25 D
38 20 38 9 L
38 21 38 26 D
38 22 38 10 L
38 23 38 27 D
38 24 38 15 L
38 25 38 28 D
38 26 38 29 D
38 27 38 30 D
38 28 38 31 D
38 29 38 32 D
38 30 38 9 U
38 31 0 34 D
38 32 38 38 R
38 33 38 13 U
38 34 38 36 D
38 35 38 15 U
38 36 38 37 D
38 37 0 38 D
0 38 1 21 U
1 38 2 39 D
2 38 0 39 D
3 38 4 38 R
4 38 5 25 U
5 38 6 27 U
6 38 0 28 U
7 38 8 29 U
8 38 9 39 D
9 38 10 31 U
10 38 0 38 L
11 38 0 37 U
12 38 13 37 U
13 38 14 39 D
14 38 15 37 U
15 38 16 39 D
16 38 17 39 D
17 38 18 38 R
18 38 19 39 D
19 38 20 37 U
20 38 0 39 D
21 38 22 37 U
22 38 23 37 U
23 38 24 37 U
24 38 0 37 U
25 38 0 38 R
26 38 27 38 L
27 38 28 38 R
28 38 0 38 R
29 38 30 38 R
30 38 31 38 L
31 38 32 37 U
32 38 33 38 L
33 38 0 37 U
34 38 35 1 R
35 38 36 38 L
36 38 37 4 R
37 38 38 38 L
38 38 39 38 L
39 0 0 37 U
39 1 39 39 D
39 2 39 37 U
39 3 39 38 L
39 4 39 17 R
39 5 39 37 U
39 6 39 38 L
39 7 39 1 D
39 8 39 0 U
39 9 39 3 D
39 10 39 3 U
39 11 39 4 U
39 12 39 5 U
39 13 39 38 L
39 14 39 7 U
39 15 0 0 L
39 16 39 3 L
39 17 39 8 U
39 18 39 11 U
39 19 39 12 D
39 20 39 13 U
39 21 39 6 L
39 22 39 13 L
39 23 0 15 L
39 24 39 18 U
39 25 39 16 L
39 26 39 16 D
39 27 39 17 D
39 28 39 18 D
39 29 39 19 D
39 30 39 22 L
39 31 39 20 D
39 32 39 21 D
39 33 39 30 U
39 34 0 23 L
39 35 39 33 U
39 36 39 35 U
39 37 39 24 D
39 38 0 25 D
0 39 1 26 D
1 39 0 27 D
2 39 3 29 D
3 39 4 38 U
4 39 0 38 U
5 39 6 33 D
6 39 7 39 L
7 39 0 38 U
8 39 0 38 U
9 39 10 38 D
10 39 11 38 U
11 39 12 40 D
12 39 13 40 D
13 39 14 40 D
14 39 15 38 U
15 39 0 39 R
16 39 17 38 U
17 39 18 38 U
18 39 0 38 U
19 39 0 39 R
20 39 21 39 R
21 39 22 39 R
22 39 0 39 R
23 39 24 39 R
24 39 25 39 L
25 39 26 39 R
26 39 27 39 R
27 39 28 39 R
28 39 0 39 R
29 39 30 39 R
30 39 31 39 L
31 39 32 0 R
32 39 33 2 R
33 39 34 5 R
34 39 35 6 R
35 39 36 39 L
36 39 0 8 R
37 39 38 40 D
38 39 39 2 U
39 39 40 39 L
40 0 40 5 U
40 1 40 40 D
40 2 40 8 U
40 3 40 40 D
40 4 40 39 L
40 5 40 10 U
40 6 40 11 U
40 7 40 39 L
40 8 40 12 U
40 9 0 14 U
40 10 40 39 L
40 11 40 18 U
40 12 40 40 D
40 13 40 20 U
40 14 40 7 L
40 15 0 9 L
40 16 40 10 L
40 17 40 11 L
40 18 40 40 D
40 19 40 14 L
40 20 40 15 L
40 21 40 40 D
40 22 0 33 U
40 23 40 35 U
40 24 40 28 R
40 25 40 30 R
40 26 40 31 R
40 27 0 40 D
40 28 40 34 R
40 29 40 40 D
40 30 40 39 U
40 31 40 36 R
40 32 0 39 U
40 33 40 40 D
40 34 40 39 U
40 35 40 39 U
40 36 0 37 R
40 37 0 39 U
40 38 40 40 D
40 39 0 39 U
0 40 1 40 R
1 40 2 40 D
2 40 0 39 U
3 40 4 39 U
4 40 0 39 U
5 40 0 39 U
6 40 7 39 U
7 40 0 40 L
8 40 9 40 L
9 40 10 40 L
10 40 0 39 U
11 40 12 40 L
12 40 13 40 L
13 40 0 40 L
14 40 15 40 L
15 40 16 40 L
16 40 17 4 U
17 40 0 40 L
18 40 19 13 U
19 40 0 40 L
20 40 21 40 L
21 40 0 22 U
22 40 23 23 U
23 40 0 40 R
24 40 25 40 L
25 40 26 40 R
26 40 0 32 U
27 40 28 40 L
28 40 0 35 U
29 40 30 39 U
30 40 0 40 R
31 40 0 40 U
