41 40 1632
0 3 0 3 5 2 6 3 0 6 8 8 1 3 4 0
5 6 9 9 9 2 7 10 6 9 11 11 11 11 11 0
0 0 4 10 12 8 13 14 15 4 16 16 5 15 17 0
0 17 17 17 17 17 6 18 19 2 7 13 19 20 20 0
0 20 0 20 20 20 0 21 21 0 6 13 21 22 22 22
22 22 22 22 0 8 15 19 24 13 25 25 2 8 11 13
14 15 19 22 26 26 2 6 28 25 0 30 12 31 31 12
0 17 19 22 26 32 32 5 8 13 16 27 33 33 33 33
33 33 33 7 18 32 34 34 34 34 34 7 17 21 24 34
35 35 35 35 35 35 35 5 8 0 11 18 27 30 32 36
0 36 36 36 36 36 0 13 16 0 19 26 35 37 37 37
0 37 37 37 37 37 1 15 20 26 29 36 38 38 38 38
0 38 38 38 38 5 0 10 14 18 20 25 31 32 35 39
0 0 39 39 39 39 39 39 39 39 0 4 9 11 14 16
0 0 17 20 22 24 27 34 38 40 40 40 40 40 0 0
0 0 40 40 40 40 40 40 40 40 40 40 40 40 0 0
0 3 1 8 D
1 3 2 0 R
2 3 0 2 R
3 3 4 3 L
4 0 4 8 D
4 1 4 3 L
4 2 4 8 D
4 3 0 0 D
0 4 1 3 L
1 4 2 1 L
2 4 0 3 L
3 4 4 4 L
4 4 5 4 L
5 0 5 5 D
5 1 0 4 L
5 2 5 4 L
5 3 5 4 L
5 4 0 0 L
0 5 1 1 L
1 5 0 9 D
2 5 3 9 D
3 5 4 2 L
4 5 5 3 L
5 5 6 4 L
6 0 6 5 L
6 1 0 5 L
6 2 6 5 L
6 3 6 5 L
6 4 6 5 L
6 5 0 5 L
0 6 1 0 L
1 6 2 1 L
2 6 0 1 D
3 6 4 2 L
4 6 5 7 R
5 6 6 3 L
6 6 7 4 L
7 0 7 5 L
7 1 7 6 L
7 2 7 7 R
7 3 7 7 R
7 4 7 6 L
7 5 7 7 R
7 6 0 6 L
0 7 1 6 L
1 7 2 7 R
2 7 3 0 R
3 7 4 10 D
4 7 5 1 R
5 7 0 6 L
6 7 7 7 L
7 7 8 4 R
8 0 8 5 R
8 1 8 10 D
8 2 0 7 L
8 3 8 7 L
8 4 8 1 D
8 5 8 7 R
8 6 0 2 L
8 7 0 2 D
0 8 0 6 L
1 8 2 5 D
2 8 0 8 R
3 8 0 8 R
4 8 0 10 D
5 8 0 3 U
6 8 7 11 D
7 8 8 11 D
8 8 9 11 D
9 0 0 2 R
9 1 9 8 L
9 2 0 6 R
9 3 9 1 L
9 4 9 11 D
9 5 9 2 D
9 6 0 9 R
9 7 9 3 L
9 8 0 4 L
0 9 1 9 R
1 9 0 12 D
2 9 3 7 L
3 9 4 12 D
4 9 5 8 L
5 9 6 9 R
6 9 0 9 D
7 9 8 9 L
8 9 9 9 L
9 9 10 9 R
10 0 10 9 L
10 1 0 13 D
10 2 10 9 L
10 3 10 9 L
10 4 10 6 U
10 5 10 6 U
10 6 10 6 U
10 7 10 0 U
10 8 10 1 U
10 9 0 10 R
0 10 1 2 U
1 10 2 3 U
2 10 3 4 U
3 10 4 10 R
4 10 5 5 U
5 10 0 0 L
6 10 7 10 R
7 10 8 14 D
8 10 0 15 D
9 10 10 15 D
10 10 0 15 D
11 0 11 3 U
11 1 0 2 D
11 2 11 16 D
11 3 0 8 U
11 4 11 8 U
11 5 11 16 D
11 6 11 8 U
11 7 11 9 R
11 8 0 16 D
11 9 0 16 D
11 10 0 1 D
0 11 1 11 R
1 11 2 11 R
2 11 3 11 R
3 11 0 11 R
4 11 5 11 R
5 11 6 0 R
6 11 7 1 R
7 11 8 11 L
8 11 9 4 R
9 11 0 6 R
10 11 11 8 R
11 11 12 9 R
12 0 12 10 R
12 1 12 11 R
12 2 12 12 R
12 3 12 11 L
12 4 12 12 R
12 5 12 11 L
12 6 12 12 R
12 7 0 12 R
12 8 12 12 R
12 9 12 12 R
12 10 12 12 R
12 11 0 12 R
0 12 1 1 R
1 12 2 3 L
2 12 3 3 R
3 12 4 5 L
4 12 5 5 R
5 12 6 6 R
6 12 7 7 L
7 12 0 8 R
8 12 9 10 R
9 12 10 11 R
10 12 11 12 R
11 12 12 13 R
12 12 13 13 R
13 0 13 13 R
13 1 13 13 R
13 2 13 12 L
13 3 13 13 R
13 4 13 12 L
13 5 13 13 R
13 6 13 13 R
13 7 13 12 L
13 8 13 13 R
13 9 0 13 R
13 10 13 1 R
13 11 13 2 R
13 12 0 5 R
0 13 1 8 R
1 13 2 10 R
2 13 3 0 L
3 13 4 13 R
4 13 5 14 R
5 13 6 2 L
6 13 7 14 R
7 13 8 4 L
8 13 9 14 R
9 13 10 14 R
10 13 11 7 L
11 13 12 1 R
12 13 13 3 R
13 13 0 4 R
14 0 14 2 U
14 1 14 16 D
14 2 14 17 D
14 3 14 6 R
14 4 14 3 U
14 5 14 18 D
14 6 14 4 U
14 7 14 5 U
14 8 14 18 D
14 9 14 6 U
14 10 14 7 R
14 11 14 8 R
14 12 14 13 L
14 13 0 18 D
0 14 1 10 R
1 14 2 7 U
2 14 3 18 D
3 14 4 8 U
4 14 5 13 L
5 14 6 18 D
6 14 7 13 L
7 14 8 18 D
8 14 9 10 U
9 14 10 10 U
10 14 11 10 U
11 14 12 2 D
12 14 13 10 U
13 14 14 15 R
14 14 15 10 U
15 0 15 13 L
15 1 15 15 R
15 2 15 10 U
15 3 15 10 D
15 4 15 11 D
15 5 0 15 R
15 6 15 15 R
15 7 15 15 R
15 8 15 15 R
15 9 15 12 L
15 10 15 15 R
15 11 15 15 D
15 12 15 15 R
15 13 15 14 L
15 14 0 17 D
0 15 1 19 D
1 15 2 15 R
2 15 3 15 R
3 15 0 15 R
4 15 5 1 R
5 15 6 3 R
6 15 7 4 R
7 15 8 9 L
8 15 9 5 R
9 15 10 11 L
10 15 11 6 R
11 15 12 13 L
12 15 13 8 R
13 15 14 19 D
14 15 15 9 R
15 15 0 10 R
16 0 16 0 U
16 1 16 11 R
16 2 16 19 D
16 3 16 12 R
16 4 16 15 L
16 5 16 13 R
16 6 16 14 R
16 7 16 15 L
16 8 16 16 R
16 9 16 16 R
16 10 0 16 R
16 11 16 16 R
16 12 16 16 R
16 13 16 16 R
16 14 16 16 R
16 15 0 7 L
0 16 1 19 D
1 16 2 16 R
2 16 3 19 D
3 16 4 3 U
4 16 0 16 R
5 16 6 4 U
6 16 7 19 D
7 16 8 6 U
8 16 9 16 R
9 16 10 7 U
10 16 11 15 L
11 16 12 0 R
12 16 13 8 U
13 16 14 16 L
14 16 0 4 D
15 16 16 2 R
16 16 17 16 L
17 0 0 6 D
17 1 17 8 D
17 2 0 9 D
17 3 0 10 D
17 4 17 7 R
17 5 0 3 L
17 6 17 4 L
17 7 17 11 R
17 8 17 12 R
17 9 0 5 L
17 10 17 6 L
17 11 17 16 R
17 12 17 17 R
17 13 17 9 L
17 14 17 17 R
17 15 0 17 R
17 16 0 17 R
0 17 1 17 R
1 17 2 17 R
2 17 3 13 L
3 17 4 3 R
4 17 5 5 R
5 17 0 6 R
6 17 7 14 R
7 17 8 15 R
8 17 9 20 D
9 17 10 18 R
10 17 11 18 R
11 17 12 18 R
12 17 13 18 R
13 17 14 18 R
14 17 15 17 L
15 17 16 18 R
16 17 17 18 R
17 17 18 18 R
18 0 18 18 R
18 1 18 18 R
18 2 18 18 R
18 3 18 18 R
18 4 18 0 R
18 5 18 1 R
18 6 18 3 R
18 7 18 4 R
18 8 18 5 R
18 9 18 6 R
18 10 18 7 R
18 11 18 8 R
18 12 18 9 R
18 13 0 12 R
18 14 18 13 R
18 15 18 0 U
18 16 18 17 L
18 17 0 2 D
0 18 1 3 U
1 18 2 4 U
2 18 3 3 D
3 18 4 6 U
4 18 5 7 U
5 18 6 6 D
6 18 7 9 U
7 18 8 17 L
8 18 9 11 U
9 18 10 7 D
10 18 11 14 U
11 18 12 14 U
12 18 13 8 D
13 18 14 14 U
14 18 15 14 U
15 18 16 9 D
16 18 17 16 R
17 18 18 10 D
18 18 19 14 U
19 0 19 14 U
19 1 19 14 U
19 2 19 11 D
19 3 19 18 R
19 4 19 14 U
19 5 19 14 U
19 6 19 19 R
19 7 19 14 U
19 8 19 0 U
19 9 19 2 U
19 10 19 12 D
19 11 19 14 D
19 12 0 5 U
19 13 19 19 R
19 14 19 18 L
19 15 19 17 D
19 16 19 12 U
19 17 19 18 D
19 18 0 19 R
0 19 1 19 D
1 19 0 19 R
2 19 3 19 R
3 19 4 14 L
4 19 5 19 R
5 19 6 19 R
6 19 0 21 D
7 19 8 19 R
8 19 9 0 U
9 19 10 21 D
10 19 11 19 L
11 19 12 19 R
12 19 0 19 R
13 19 14 21 D
14 19 15 19 L
15 19 16 21 D
16 19 17 1 R
17 19 18 2 R
18 19 0 21 D
19 19 20 21 D
20 0 20 19 L
20 1 20 2 D
20 2 20 7 R
20 3 20 16 U
20 4 0 4 D
20 5 20 0 L
20 6 20 6 D
20 7 0 7 D
20 8 20 5 L
20 9 0 8 D
20 10 0 13 D
20 11 0 8 U
20 12 20 10 U
20 13 20 11 L
20 14 20 14 U
20 15 0 15 U
20 16 20 17 U
20 17 20 13 L
20 18 20 17 U
20 19 0 22 D
0 20 1 17 U
1 20 2 22 D
2 20 3 17 U
3 20 4 17 U
4 20 5 4 R
5 20 6 17 L
6 20 7 17 U
7 20 8 17 U
8 20 9 17 U
9 20 10 17 U
10 20 11 0 U
11 20 12 1 U
12 20 13 2 U
13 20 14 4 U
14 20 15 7 U
15 20 16 8 U
16 20 17 9 U
17 20 18 10 U
18 20 19 11 U
19 20 20 12 U
20 20 21 13 R
21 0 21 13 U
21 1 0 19 L
21 2 21 23 D
21 3 21 23 D
21 4 21 15 R
21 5 21 20 L
21 6 21 1 D
21 7 21 2 D
21 8 21 4 D
21 9 21 6 D
21 10 21 7 D
21 11 21 11 D
21 12 21 18 D
21 13 21 20 R
21 14 0 19 D
21 15 21 21 R
21 16 21 5 L
21 17 21 24 D
21 18 21 21 R
21 19 21 24 D
21 20 0 21 R
0 21 1 21 R
1 21 2 16 L
2 21 3 21 R
3 21 4 24 D
4 21 5 0 D
5 21 0 21 R
6 21 7 19 U
7 21 8 6 D
8 21 9 21 R
9 21 10 21 L
10 21 11 21 R
11 21 12 21 L
12 21 0 21 R
13 21 14 16 D
14 21 15 0 R
15 21 16 21 L
16 21 17 21 D
17 21 18 22 D
18 21 19 21 L
19 21 20 25 D
20 21 0 3 R
21 21 22 25 D
22 0 22 5 R
22 1 22 21 L
22 2 22 21 L
22 3 22 3 U
22 4 0 25 D
22 5 22 1 L
22 6 22 25 D
22 7 0 9 R
22 8 22 25 D
22 9 0 10 R
22 10 0 25 D
22 11 0 12 R
22 12 22 15 R
22 13 22 25 D
22 14 0 25 D
22 15 22 18 R
22 16 22 14 L
22 17 0 21 R
22 18 22 22 R
22 19 22 16 L
22 20 22 17 L
22 21 0 22 R
0 22 1 12 U
1 22 2 22 R
2 22 3 3 D
3 22 4 19 L
4 22 5 14 U
5 22 6 15 U
6 22 7 20 L
7 22 0 22 R
8 22 9 22 R
9 22 10 16 U
10 22 11 18 U
11 22 12 22 L
12 22 13 22 L
13 22 14 24 D
14 22 0 26 D
15 22 16 20 U
16 22 17 26 D
17 22 18 26 D
18 22 19 23 R
19 22 20 26 D
20 22 21 26 D
21 22 22 20 U
22 22 23 26 D
23 0 23 20 U
23 1 23 26 D
23 2 23 20 U
23 3 23 26 D
23 4 23 20 U
23 5 23 20 U
23 6 23 26 D
23 7 23 20 U
23 8 23 26 D
23 9 23 20 U
23 10 23 26 D
23 11 23 20 U
23 12 23 26 D
23 13 23 20 U
23 14 23 1 D
23 15 23 20 U
23 16 23 3 D
23 17 23 22 L
23 18 23 9 R
23 19 23 6 D
23 20 23 20 U
23 21 23 8 D
23 22 0 9 D
0 23 1 10 D
1 23 2 20 U
2 23 3 12 D
3 23 4 20 U
4 23 5 15 D
5 23 6 20 U
6 23 7 17 D
7 23 8 20 U
8 23 9 19 D
9 23 10 20 U
10 23 11 22 D
11 23 12 22 L
12 23 13 20 U
13 23 14 25 D
14 23 15 20 U
15 23 16 27 D
16 23 17 0 U
17 23 18 27 D
18 23 0 1 U
19 23 20 22 L
20 23 21 22 R
21 23 22 22 L
22 23 23 22 L
23 23 24 22 L
24 0 24 1 L
24 1 24 3 L
24 2 24 6 L
24 3 24 8 L
24 4 24 10 L
24 5 24 12 L
24 6 24 14 L
24 7 24 16 L
24 8 24 17 L
24 9 24 19 L
24 10 24 21 L
24 11 24 22 L
24 12 24 23 L
24 13 24 23 L
24 14 24 23 L
24 15 24 23 L
24 16 24 23 L
24 17 24 23 L
24 18 24 23 L
24 19 24 23 L
24 20 0 23 L
24 21 24 23 L
24 22 24 24 R
24 23 0 23 L
0 24 1 0 L
1 24 2 3 L
2 24 3 24 R
3 24 4 5 L
4 24 5 8 L
5 24 6 10 L
6 24 7 12 L
7 24 8 13 L
8 24 9 14 L
9 24 10 15 L
10 24 11 16 L
11 24 12 17 L
12 24 0 20 L
13 24 14 21 L
14 24 15 4 R
15 24 16 23 L
16 24 17 24 L
17 24 18 24 L
18 24 19 8 R
19 24 20 24 L
20 24 21 24 L
21 24 22 24 L
22 24 23 24 L
23 24 24 24 L
24 24 25 24 L
25 0 25 24 L
25 1 25 24 L
25 2 0 24 L
25 3 25 24 L
25 4 25 21 U
25 5 25 24 L
25 6 25 24 L
25 7 25 24 L
25 8 25 19 R
25 9 25 24 L
25 10 25 24 L
25 11 25 24 L
25 12 25 24 L
25 13 25 24 L
25 14 25 1 L
25 15 0 2 L
25 16 25 3 L
25 17 25 5 L
25 18 25 7 L
25 19 25 25 R
25 20 25 9 L
25 21 25 10 L
25 22 25 11 L
25 23 25 12 L
25 24 0 13 L
0 25 1 14 L
1 25 0 15 L
2 25 3 17 L
3 25 4 18 L
4 25 5 20 L
5 25 6 23 L
6 25 7 24 L
7 25 0 25 L
8 25 9 25 L
9 25 10 25 L
10 25 0 25 L
11 25 12 25 L
12 25 0 25 L
13 25 0 25 L
14 25 0 11 U
15 25 16 25 L
16 25 17 25 R
17 25 18 25 R
18 25 0 31 D
19 25 20 25 L
20 25 21 25 R
21 25 0 25 R
22 25 23 25 L
23 25 24 6 R
24 25 25 31 D
25 25 0 9 R
26 0 26 22 U
26 1 26 25 L
26 2 26 22 U
26 3 26 31 D
26 4 26 16 R
26 5 26 17 R
26 6 26 18 R
26 7 26 19 R
26 8 26 25 L
26 9 26 21 R
26 10 26 22 U
26 11 26 22 U
26 12 26 23 R
26 13 0 26 R
26 14 26 1 L
26 15 26 22 U
26 16 26 26 R
26 17 26 26 R
26 18 26 26 R
26 19 26 26 R
26 20 26 8 L
26 21 26 4 R
26 22 26 22 U
26 23 26 20 R
26 24 26 13 D
26 25 0 27 R
0 26 1 27 R
1 26 0 15 D
2 26 3 22 U
3 26 4 16 D
4 26 5 14 L
5 26 6 17 D
6 26 7 18 D
7 26 8 27 R
8 26 9 22 U
9 26 10 20 D
10 26 11 27 R
11 26 12 0 U
12 26 13 21 D
13 26 14 27 R
14 26 15 2 U
15 26 16 23 D
16 26 17 4 U
17 26 18 27 R
18 26 19 5 U
19 26 20 25 D
20 26 21 7 U
21 26 22 26 D
22 26 23 9 U
23 26 24 27 D
24 26 25 11 U
25 26 26 27 R
26 26 27 27 R
27 0 27 13 U
27 1 27 27 R
27 2 27 15 U
27 3 27 20 L
27 4 27 27 R
27 5 27 18 U
27 6 27 28 D
27 7 27 20 U
27 8 27 29 D
27 9 27 30 D
27 10 27 31 D
27 11 27 23 U
27 12 27 27 R
27 13 27 27 R
27 14 27 23 U
27 15 27 32 D
27 16 27 23 U
27 17 27 2 R
27 18 27 23 U
27 19 27 32 D
27 20 27 4 R
27 21 27 23 U
27 22 27 6 R
27 23 27 23 U
27 24 27 23 U
27 25 27 9 R
27 26 0 23 U
0 27 1 32 D
1 27 2 11 R
2 27 3 12 R
3 27 4 23 U
4 27 5 14 R
5 27 0 23 U
6 27 7 26 L
7 27 8 16 R
8 27 9 26 L
9 27 10 18 R
10 27 11 26 L
11 27 12 20 R
12 27 13 26 L
13 27 14 22 R
14 27 15 26 L
15 27 16 26 L
16 27 17 26 L
17 27 18 26 L
18 27 19 27 R
19 27 20 28 R
20 27 21 0 L
21 27 22 28 R
22 27 23 2 L
23 27 24 28 R
24 27 25 5 L
25 27 26 7 L
26 27 27 28 R
27 27 28 28 R
28 0 28 14 L
28 1 28 16 L
28 2 28 28 R
28 3 28 18 L
28 4 28 28 R
28 5 28 21 L
28 6 28 28 R
28 7 28 23 L
28 8 28 24 L
28 9 28 28 R
28 10 28 26 L
28 11 28 28 R
28 12 28 28 R
28 13 28 27 L
28 14 28 28 R
28 15 0 27 L
28 16 28 28 R
28 17 28 27 L
28 18 28 28 R
28 19 28 27 L
28 20 28 28 R
28 21 28 27 L
28 22 28 1 R
28 23 28 27 L
28 24 28 27 L
28 25 28 27 L
28 26 28 27 L
28 27 0 5 R
0 28 1 6 R
1 28 2 27 L
2 28 3 8 R
3 28 4 27 L
4 28 5 10 R
5 28 6 27 L
6 28 7 27 L
7 28 8 12 R
8 28 9 13 R
9 28 10 0 L
10 28 11 1 L
11 28 12 16 R
12 28 13 3 L
13 28 14 17 R
14 28 15 5 L
15 28 16 19 R
16 28 17 7 L
17 28 18 8 L
18 28 19 22 R
19 28 20 10 L
20 28 21 24 R
21 28 22 25 R
22 28 23 13 L
23 28 24 27 R
24 28 0 15 L
25 28 26 17 L
26 28 27 29 R
27 28 28 19 L
28 28 29 29 R
29 0 29 21 L
29 1 29 29 R
29 2 29 23 L
29 3 29 24 L
29 4 29 25 L
29 5 29 29 R
29 6 29 29 R
29 7 29 28 L
29 8 29 29 R
29 9 29 28 L
29 10 29 29 R
29 11 29 28 L
29 12 29 29 R
29 13 29 29 R
29 14 29 28 L
29 15 29 28 L
29 16 29 29 R
29 17 29 29 R
29 18 29 28 L
29 19 29 29 R
29 20 29 28 L
29 21 29 28 L
29 22 29 0 R
29 23 29 28 L
29 24 29 2 R
29 25 29 4 R
29 26 29 28 L
29 27 29 6 R
29 28 0 28 L
0 29 1 8 R
1 29 2 28 L
2 29 3 10 R
3 29 4 0 L
4 29 5 12 R
5 29 6 2 L
6 29 7 3 L
7 29 8 14 R
8 29 9 32 D
9 29 10 16 R
10 29 11 7 L
11 29 12 18 R
12 29 13 9 L
13 29 14 20 R
14 29 15 32 D
15 29 16 22 R
16 29 17 11 L
17 29 18 24 R
18 29 19 32 D
19 29 20 26 R
20 29 21 32 D
21 29 22 14 L
22 29 23 15 L
23 29 24 28 R
24 29 25 32 D
25 29 26 30 R
26 29 27 18 L
27 29 28 30 R
28 29 29 20 L
29 29 30 21 L
30 0 30 30 R
30 1 30 23 L
30 2 30 30 R
30 3 30 32 D
30 4 30 30 R
30 5 30 26 L
30 6 30 30 R
30 7 0 28 L
30 8 30 32 D
30 9 30 29 L
30 10 30 32 D
30 11 30 29 L
30 12 30 30 R
30 13 30 29 L
30 14 30 30 R
30 15 30 29 L
30 16 30 30 R
30 17 30 29 L
30 18 30 32 D
30 19 30 29 L
30 20 30 30 R
30 21 30 29 L
30 22 30 32 D
30 23 30 29 L
30 24 30 30 R
30 25 30 29 L
30 26 30 30 R
30 27 30 29 L
30 28 30 30 R
30 29 0 29 L
0 30 1 0 D
1 30 2 29 L
2 30 3 30 R
3 30 4 29 L
4 30 5 0 R
5 30 6 1 L
6 30 7 1 D
7 30 8 3 L
8 30 9 3 R
9 30 10 5 L
10 30 11 2 D
11 30 0 7 L
12 30 13 5 R
13 30 14 13 L
14 30 15 7 R
15 30 16 15 L
16 30 17 9 R
17 30 18 17 L
18 30 19 19 L
19 30 20 4 D
20 30 21 21 L
21 30 22 23 L
22 30 23 12 R
23 30 24 25 L
24 30 25 14 R
25 30 26 27 L
26 30 27 16 R
27 30 28 29 L
28 30 29 30 L
29 30 30 19 R
30 30 31 30 L
31 0 31 21 R
31 1 31 30 L
31 2 31 30 L
31 3 31 24 R
31 4 0 30 L
31 5 31 26 R
31 6 31 30 L
31 7 31 28 R
31 8 31 30 L
31 9 31 30 R
31 10 31 30 L
31 11 31 30 L
31 12 31 31 R
31 13 31 30 L
31 14 31 31 R
31 15 31 30 L
31 16 31 31 R
31 17 31 30 L
31 18 31 30 L
31 19 31 31 R
31 20 31 30 L
31 21 31 31 R
31 22 31 1 L
31 23 31 2 L
31 24 31 31 R
31 25 0 4 L
31 26 31 10 D
31 27 31 6 L
31 28 31 11 D
31 29 31 8 L
31 30 0 13 D
0 31 1 10 L
1 31 2 15 D
2 31 3 13 L
3 31 4 16 D
4 31 5 15 L
5 31 6 17 D
6 31 7 17 L
7 31 8 18 D
8 31 9 20 L
9 31 10 22 L
10 31 11 19 D
11 31 0 25 L
12 31 13 27 L
13 31 14 31 L
14 31 15 31 L
15 31 16 31 L
16 31 0 31 L
17 31 18 25 U
18 31 0 31 R
19 31 20 31 R
20 31 21 31 L
21 31 0 31 R
22 31 23 31 L
23 31 24 31 R
24 31 25 31 L
25 31 0 2 R
26 31 27 0 U
27 31 28 31 L
28 31 29 33 D
29 31 30 2 U
30 31 31 33 D
31 31 32 4 U
32 0 32 5 U
32 1 32 7 U
32 2 32 33 D
32 3 32 10 U
32 4 32 11 U
32 5 32 12 R
32 6 32 12 U
32 7 0 13 U
32 8 32 15 U
32 9 32 31 L
32 10 32 0 L
32 11 32 22 U
32 12 32 32 R
32 13 32 1 D
32 14 32 25 U
32 15 0 4 D
32 16 32 5 D
32 17 32 6 D
32 18 32 7 D
32 19 32 26 U
32 20 32 9 L
32 21 32 9 D
32 22 32 10 L
32 23 32 10 D
32 24 32 26 U
32 25 32 12 D
32 26 32 13 D
32 27 32 14 D
32 28 32 15 D
32 29 32 16 D
32 30 32 17 D
32 31 0 11 U
0 32 1 13 U
1 32 2 19 D
2 32 3 32 R
3 32 4 20 D
4 32 0 21 D
5 32 6 27 U
6 32 7 22 L
7 32 0 32 R
8 32 9 26 U
9 32 10 28 U
10 32 11 32 R
11 32 12 28 U
12 32 0 31 D
13 32 14 4 U
14 32 15 32 R
15 32 0 32 L
16 32 17 29 U
17 32 18 34 D
18 32 19 34 D
19 32 20 29 U
20 32 21 34 D
21 32 22 34 D
22 32 23 29 U
23 32 24 29 U
24 32 25 34 D
25 32 26 29 U
26 32 0 32 L
27 32 28 34 D
28 32 29 9 U
29 32 30 34 D
30 32 31 11 U
31 32 32 34 D
32 32 33 34 D
33 0 33 34 D
33 1 33 34 D
33 2 33 34 D
33 3 0 30 U
33 4 33 34 D
33 5 33 30 U
33 6 0 30 U
33 7 33 11 U
33 8 33 18 U
33 9 0 23 U
33 10 33 34 D
33 11 33 34 D
33 12 33 29 U
33 13 33 34 D
33 14 33 31 U
33 15 33 34 D
33 16 33 34 D
33 17 33 24 R
33 18 33 34 D
33 19 33 34 D
33 20 0 31 U
33 21 33 31 U
33 22 33 31 U
33 23 33 31 U
33 24 33 31 U
33 25 0 31 U
33 26 0 3 D
33 27 33 26 L
33 28 0 33 R
33 29 33 33 R
33 30 33 33 R
33 31 33 27 L
33 32 0 33 R
0 33 1 9 D
1 33 2 33 R
2 33 3 33 R
3 33 4 33 R
4 33 5 33 R
5 33 6 28 L
6 33 0 33 R
7 33 8 33 R
8 33 9 33 R
9 33 10 31 L
10 33 11 33 R
11 33 12 33 L
12 33 13 33 R
13 33 14 33 R
14 33 15 33 R
15 33 16 33 R
16 33 17 33 L
17 33 0 33 R
18 33 19 31 U
19 33 20 17 D
20 33 21 31 U
21 33 22 18 D
22 33 23 31 U
23 33 24 33 L
24 33 25 1 U
25 33 26 19 D
26 33 27 3 U
27 33 28 4 U
28 33 29 5 U
29 33 30 6 U
30 33 31 33 L
31 33 0 7 U
32 33 33 8 U
33 33 34 33 L
34 0 34 11 U
34 1 34 23 D
34 2 34 14 U
34 3 34 33 L
34 4 0 25 D
34 5 34 26 D
34 6 34 33 L
34 7 34 27 D
34 8 34 19 U
34 9 34 28 D
34 10 34 29 D
34 11 34 24 U
34 12 34 31 D
34 13 34 33 L
34 14 34 32 D
34 15 34 33 D
34 16 34 34 D
34 17 34 35 D
34 18 34 32 U
34 19 34 35 D
34 20 34 35 D
34 21 34 35 D
34 22 0 3 L
34 23 34 32 U
34 24 34 32 U
34 25 34 27 R
34 26 0 22 L
34 27 34 32 R
34 28 34 32 U
34 29 34 32 U
34 30 34 32 U
34 31 0 26 L
34 32 0 32 U
34 33 0 32 U
0 34 1 35 D
1 34 2 35 D
2 34 3 32 U
3 34 4 35 D
4 34 5 32 U
5 34 6 35 D
6 34 0 32 U
7 34 8 35 D
8 34 9 32 U
9 34 10 35 D
10 34 11 32 U
11 34 12 34 R
12 34 13 35 D
13 34 14 35 D
14 34 15 35 D
15 34 16 35 D
16 34 0 3 U
17 34 18 34 R
18 34 19 35 D
19 34 20 5 U
20 34 0 6 U
21 34 22 7 U
22 34 23 8 U
23 34 0 9 U
24 34 25 35 D
25 34 26 35 D
26 34 27 12 U
27 34 28 35 D
28 34 29 14 U
29 34 30 1 D
30 34 31 2 D
31 34 32 3 D
32 34 33 4 D
33 34 0 20 U
34 34 35 21 U
35 0 35 22 U
35 1 35 23 U
35 2 0 25 U
35 3 0 4 R
35 4 0 7 R
35 5 35 29 U
35 6 35 30 U
35 7 35 14 D
35 8 35 32 U
35 9 35 16 D
35 10 35 33 U
35 11 35 33 U
35 12 35 33 U
35 13 0 33 U
35 14 35 5 L
35 15 0 33 U
35 16 35 14 L
35 17 35 25 D
35 18 35 26 D
35 19 35 27 D
35 20 0 33 U
35 21 35 16 L
35 22 35 0 U
35 23 35 33 D
35 24 35 2 U
35 25 0 35 D
35 26 35 21 L
35 27 35 8 U
35 28 35 36 D
35 29 35 36 D
35 30 35 11 U
35 31 35 36 D
35 32 35 36 D
35 33 35 36 D
35 34 0 36 D
0 35 1 36 D
1 35 2 18 U
2 35 3 36 D
3 35 4 36 D
4 35 0 36 D
5 35 6 23 U
6 35 7 24 U
7 35 0 25 U
8 35 9 28 U
9 35 10 29 U
10 35 0 30 U
11 35 12 33 U
12 35 13 36 D
13 35 14 36 D
14 35 15 34 U
15 35 16 36 D
16 35 17 36 D
17 35 0 34 U
18 35 19 36 D
19 35 20 34 U
20 35 21 36 D
21 35 22 34 U
22 35 23 36 D
23 35 24 36 D
24 35 25 36 D
25 35 26 36 D
26 35 0 34 U
27 35 28 36 D
28 35 29 34 U
29 35 0 34 U
30 35 31 34 U
31 35 0 34 U
32 35 33 3 D
33 35 34 4 D
34 35 35 34 U
35 35 36 6 D
36 0 36 34 U
36 1 36 8 D
36 2 36 8 R
36 3 36 9 D
36 4 36 10 D
36 5 0 34 U
36 6 36 34 U
36 7 36 0 U
36 8 36 1 U
36 9 0 2 U
36 10 36 13 R
36 11 36 17 R
36 12 0 20 R
36 13 36 6 U
36 14 36 18 D
36 15 36 8 U
36 16 36 20 D
36 17 36 10 U
36 18 36 11 U
36 19 36 12 L
36 20 36 12 U
36 21 0 13 U
36 22 36 15 U
36 23 36 19 L
36 24 0 26 D
36 25 36 27 D
36 26 36 28 D
36 27 36 31 D
36 28 36 20 U
36 29 36 23 L
36 30 0 24 L
36 31 36 22 U
36 32 36 29 L
36 33 36 30 L
36 34 36 24 U
36 35 0 37 D
0 36 1 36 R
1 36 2 37 D
2 36 3 37 D
3 36 4 30 U
4 36 5 37 D
5 36 6 37 D
6 36 7 37 D
7 36 8 37 D
8 36 9 37 D
9 36 10 35 U
10 36 11 32 L
11 36 12 37 D
12 36 0 37 D
13 36 14 35 U
14 36 15 35 U
15 36 0 35 U
16 36 17 35 U
17 36 18 35 U
18 36 0 35 U
19 36 20 35 U
20 36 21 37 D
21 36 22 37 D
22 36 23 35 U
23 36 24 37 D
24 36 25 37 D
25 36 0 35 U
26 36 27 37 D
27 36 28 35 U
28 36 29 0 D
29 36 30 35 U
30 36 31 2 D
31 36 32 3 D
32 36 33 4 D
33 36 34 5 D
34 36 0 35 U
35 36 36 6 D
36 36 37 35 U
37 0 0 35 U
37 1 37 35 U
37 2 0 35 U
37 3 37 12 D
37 4 37 13 D
37 5 37 35 U
37 6 37 15 D
37 7 37 0 U
37 8 37 16 D
37 9 37 17 D
37 10 37 18 D
37 11 0 5 U
37 12 37 6 U
37 13 37 7 U
37 14 0 9 U
37 15 37 10 U
37 16 0 11 U
37 17 37 15 L
37 18 37 25 D
37 19 37 15 U
37 20 37 27 D
37 21 37 18 U
37 22 0 21 U
37 23 37 17 L
37 24 37 22 U
37 25 37 30 R
37 26 0 35 D
37 27 37 23 L
37 28 37 37 D
37 29 37 25 L
37 30 37 34 R
37 31 37 38 D
37 32 0 28 U
37 33 37 29 L
37 34 37 37 R
37 35 37 31 U
37 36 0 34 U
0 37 0 38 D
1 37 2 36 U
2 37 3 0 D
3 37 4 1 D
4 37 5 36 U
5 37 6 33 L
6 37 7 37 R
7 37 8 0 D
8 37 9 35 L
9 37 10 2 D
10 37 11 2 D
11 37 12 0 D
12 37 13 36 U
13 37 14 1 D
14 37 0 2 D
15 37 16 36 U
16 37 17 37 R
17 37 18 36 U
18 37 19 37 L
19 37 0 37 L
20 37 21 37 R
21 37 22 36 U
22 37 23 37 L
23 37 24 36 U
24 37 25 37 L
25 37 0 36 U
26 37 27 38 D
27 37 28 37 L
28 37 0 37 L
29 37 30 36 U
30 37 31 38 D
31 37 32 37 L
32 37 33 36 U
33 37 34 37 L
34 37 35 38 D
35 37 0 36 U
36 37 37 38 D
37 37 38 36 U
38 0 38 38 D
38 1 38 36 U
38 2 38 7 R
38 3 38 38 D
38 4 38 38 D
38 5 0 36 U
38 6 38 36 U
38 7 38 9 R
38 8 0 0 U
38 9 38 38 D
38 10 38 1 U
38 11 0 2 U
38 12 38 38 D
38 13 38 38 D
38 14 38 5 U
38 15 38 7 U
38 16 38 38 D
38 17 38 22 R
38 18 38 0 D
38 19 0 11 U
38 20 38 12 U
38 21 38 13 U
38 22 0 14 U
38 23 38 16 U
38 24 0 0 L
38 25 38 3 D
38 26 38 19 U
38 27 38 5 D
38 28 38 23 L
38 29 38 21 U
38 30 38 22 U
38 31 0 24 L
38 32 38 24 U
38 33 38 28 L
38 34 38 29 L
38 35 38 9 D
38 36 0 31 L
38 37 0 10 D
0 38 1 33 L
1 38 2 38 R
2 38 3 34 L
3 38 4 32 U
4 38 0 36 L
5 38 6 38 L
6 38 7 2 R
7 38 8 38 L
8 38 9 36 U
9 38 0 38 L
0 0 1 37 U
1 0 0 19 D
0 1 1 20 D
1 1 2 37 U
2 0 2 22 D
2 1 0 38 L
0 2 1 38 R
1 2 2 23 D
2 2 3 38 L
3 0 3 24 D
3 1 3 25 D
3 2 0 27 D
10 38 11 37 U
11 38 12 37 U
12 38 13 1 L
13 38 0 38 R
14 38 15 37 U
15 38 16 38 L
16 38 17 37 U
17 38 0 37 U
18 38 19 37 D
19 38 0 38 L
20 38 21 37 U
21 38 22 38 L
22 38 23 37 U
23 38 24 39 D
24 38 0 37 U
25 38 26 39 D
26 38 27 37 U
27 38 28 39 D
28 38 29 1 U
29 38 30 39 D
30 38 0 39 D
31 38 0 8 U
32 38 33 39 D
33 38 34 10 U
34 38 0 11 U
35 38 36 39 D
36 38 37 39 D
37 38 38 14 U
38 38 39 2 R
39 0 0 19 U
39 1 39 20 U
39 2 0 21 U
39 3 39 39 D
39 4 39 26 U
39 5 39 39 D
39 6 0 30 U
39 7 39 32 U
39 8 39 4 L
39 9 0 13 R
39 10 39 7 L
39 11 39 8 L
39 12 39 38 U
39 13 0 16 R
39 14 39 11 L
39 15 39 12 L
39 16 39 26 R
39 17 0 38 U
39 18 39 14 L
39 19 39 29 R
39 20 39 39 D
39 21 39 1 U
39 22 39 39 D
39 23 39 39 D
39 24 39 15 L
39 25 39 39 D
39 26 39 31 R
39 27 0 39 D
39 28 39 18 L
39 29 39 38 U
39 30 39 38 U
39 31 0 35 R
39 32 39 28 L
39 33 39 38 U
39 34 39 38 U
39 35 0 38 R
39 36 39 32 L
39 37 39 3 D
39 38 0 39 R
0 39 1 38 U
1 39 2 38 U
2 39 3 7 D
3 39 0 38 U
4 39 5 8 D
5 39 6 38 U
6 39 7 38 U
7 39 8 39 R
8 39 0 9 D
9 39 10 38 U
10 39 0 39 R
11 39 12 11 D
12 39 13 38 U
13 39 0 38 U
14 39 15 39 R
15 39 0 38 U
16 39 0 1 U
17 39 18 39 R
18 39 19 13 D
19 39 0 6 U
20 39 21 39 R
21 39 0 39 L
22 39 23 39 R
23 39 0 39 L
24 39 25 39 R
25 39 26 39 L
26 39 0 17 U
27 39 28 39 R
28 39 29 18 D
29 39 30 21 U
30 39 31 39 R
31 39 32 39 R
32 39 33 39 L
33 39 0 20 D
34 39 35 39 R
35 39 36 30 U
36 39 37 39 R
37 39 0 0 R
38 39 39 2 R
39 39 40 33 U
40 0 40 4 R
40 1 0 34 U
40 2 40 36 U
40 3 40 23 D
40 4 0 6 R
40 5 40 39 U
40 6 40 39 U
40 7 0 26 D
40 8 40 39 U
40 9 0 27 D
40 10 0 39 U
40 11 40 30 D
40 12 0 39 U
40 13 0 14 R
40 14 0 15 R
40 15 0 16 R
40 16 40 19 R
40 17 0 39 U
40 18 40 39 U
40 19 40 21 R
40 20 0 17 L
40 21 0 39 U
40 22 0 1 U
40 23 40 25 R
40 24 0 22 L
40 25 40 5 U
40 26 0 24 L
40 27 0 29 R
40 28 40 10 U
40 29 0 31 R
40 30 40 28 L
40 31 0 12 U
