0 13 10 2 1 19 11 5 6 8 14 16 3 17 7 4 18 12 9 15
152
-1
-1
-1
-1
-1
-1
10 6 253
-1
-1
-1
-1
-1
-1
-1
-1
-1
-1
-1
-1
-1
-1
-1
-1
-1
-1
-1
-1
-1
-1
-1
-1
-1
-1
-1
-1
-1
50 12 11
-1
-1
-1
-1
-1
-1
-1
-1
46 148 318
-1
-1
-1
-1
-1
-1
-1
-1
-1
-1
-1
-1
-1
-1
-1
-1
-1
-1
-1
-1
-1
21 238 2
-1
-1
-1
-1
-1
-1
-1
-1
-1
-1
-1
-1
-1
28 272 308
-1
-1
-1
-1
-1
-1
-1
-1
-1
-1
-1
-1
-1
-1
-1
-1
-1
-1
-1
-1
-1
-1
-1
-1
-1
-1
-1
-1
-1
-1
-1
-1
-1
-1
-1
-1
-1
-1
-1
-1
-1
-1
-1
-1
-1
-1
23 14 19
-1
-1
-1
34 248 185
-1
-1
-1
-1
-1
-1
-1
-1
-1
-1
-1
-1
-1
-1
-1
6 0 9
29 65 87
-1
-1
-1
-1
-1
-1
-1
13 8 15
-1
-1
-1
-1
-1
-1
-1
56 26 56
-1
-1
-1
-1
-1
-1
-1
-1
-1
-1
-1
-1
-1
-1
-1
-1
-1
-1
-1
-1
-1
-1
-1
-1
-1
-1
-1
-1
-1
-1
-1
-1
-1
-1
-1
-1
-1
-1
58 177 101
-1
-1
-1
-1
-1
-1
-1
-1
-1
-1
-1
-1
-1
10 318 242
-1
-1
-1
37 168 318
-1
-1
-1
-1
-1
44 169 224
-1
-1
-1
-1
9 18 1
-1
-1
-1
-1
-1
-1
-1
-1
-1
-1
-1
-1
-1
-1
-1
-1
-1
-1
8 3 5
-1
-1
-1
-1
-1
-1
-1
-1
-1
-1
-1
-1
-1
-1
-1
-1
-1
-1
-1
-1
-1
-1
-1
-1
-1
-1
-1
-1
-1
-1
-1
-1
-1
-1
-1
6 10 13
-1
-1
-1
-1
-1
-1
-1
-1
-1
17 7 16
-1
-1
-1
-1
