0 2 12 11 5 9 16 7 3 17 6 18 1 8 13 15 4 10 14
116
-1
-1
-1
-1
-1
-1
-1
-1
26 16 7
-1
-1
-1
-1
-1
-1
-1
-1
-1
-1
-1
-1
-1
-1
-1
-1
24 97 4
-1
-1
-1
-1
-1
-1
-1
-1
-1
-1
-1
-1
-1
34 9 5
-1
-1
-1
-1
-1
-1
-1
-1
-1
-1
-1
-1
-1
-1
-1
-1
-1
-1
-1
-1
36 148 148
-1
-1
-1
-1
-1
-1
-1
-1
-1
-1
-1
-1
-1
-1
-1
-1
-1
48 144 6
17 125 58
-1
-1
-1
-1
-1
-1
-1
-1
-1
-1
-1
-1
-1
-1
-1
-1
-1
37 98 132
-1
-1
-1
-1
-1
20 2 44
-1
-1
41 14 17
-1
-1
-1
-1
-1
-1
31 210 182
-1
-1
-1
-1
-1
-1
-1
-1
-1
-1
-1
42 15 12
-1
-1
-1
16 204 27
-1
-1
-1
-1
-1
-1
-1
-1
-1
-1
-1
-1
-1
-1
-1
-1
-1
-1
-1
-1
-1
-1
-1
-1
-1
-1
-1
-1
-1
-1
-1
-1
-1
14 122 144
-1
-1
-1
-1
-1
-1
-1
-1
-1
-1
-1
-1
-1
-1
-1
-1
-1
-1
-1
-1
-1
29 3 11
-1
-1
-1
-1
-1
15 148 79
-1
-1
-1
-1
-1
-1
-1
-1
-1
-1
-1
-1
-1
-1
-1
-1
-1
-1
-1
-1
-1
-1
-1
-1
-1
-1
-1
-1
-1
-1
-1
-1
