2 0 14 6 13 3 8 9 12 16 10 15 7 1 19 5 17 18 4 11
47
-1
-1
-1
-1
-1
-1
-1
-1
-1
-1
-1
-1
-1
-1
-1
-1
-1
-1
-1
-1
-1
-1
-1
-1
-1
-1
5 3 10
44 125 272
-1
-1
-1
-1
-1
-1
-1
-1
-1
-1
-1
-1
-1
-1
-1
-1
-1
-1
-1
-1
39 101 46
-1
-1
-1
-1
-1
-1
-1
-1
-1
-1
-1
-1
41 15 11
-1
-1
-1
-1
-1
-1
-1
-1
-1
-1
38 253 18
-1
-1
-1
-1
-1
-1
23 68 155
-1
8 46 46
-1
-1
-1
-1
16 14 19
-1
32 92 199
-1
-1
-1
-1
-1
-1
-1
-1
-1
-1
-1
-1
-1
-1
-1
-1
41 244 272
-1
-1
-1
-1
-1
-1
-1
-1
-1
-1
-1
-1
-1
-1
-1
-1
-1
-1
-1
-1
-1
-1
-1
-1
-1
-1
-1
-1
-1
43 2 12
-1
-1
-1
-1
3 108 199
-1
-1
-1
-1
-1
-1
-1
-1
-1
-1
-1
-1
-1
-1
-1
39 13 9
-1
-1
-1
-1
-1
-1
-1
-1
-1
-1
-1
-1
-1
-1
-1
-1
-1
-1
-1
-1
-1
-1
11 99 81
-1
-1
-1
-1
-1
-1
-1
-1
-1
-1
-1
-1
-1
-1
-1
-1
-1
-1
-1
-1
-1
-1
-1
-1
-1
-1
-1
-1
-1
-1
-1
-1
-1
-1
47 270 176
-1
-1
-1
-1
-1
-1
-1
-1
-1
59 160 4
-1
-1
-1
-1
-1
-1
-1
-1
7 18 18
-1
-1
-1
-1
-1
-1
-1
-1
-1
-1
-1
-1
-1
-1
-1
-1
14 106 1
-1
21 199 234
-1
-1
-1
-1
-1
-1
-1
-1
-1
-1
-1
-1
