1 8 5 2 6 3 0 11 9 4 7 10
75
-1
-1
-1
-1
-1
-1
-1
-1
-1
-1
-1
-1
8 195 177
-1
-1
-1
22 195 4
-1
-1
-1
-1
-1
-1
-1
-1
-1
-1
-1
-1
-1
-1
-1
-1
-1
-1
-1
-1
-1
-1
-1
-1
-1
-1
-1
-1
-1
-1
-1
-1
-1
-1
-1
-1
-1
-1
-1
-1
-1
-1
-1
-1
33 9 3
-1
19 124 24
-1
-1
-1
-1
-1
-1
-1
-1
-1
-1
-1
-1
-1
-1
-1
-1
-1
-1
-1
-1
-1
-1
-1
-1
-1
-1
-1
-1
-1
-1
-1
-1
10 0 10
-1
-1
-1
-1
-1
-1
-1
-1
-1
9 8 2
-1
-1
-1
-1
-1
27 108 132
-1
-1
-1
-1
-1
-1
-1
1 118 28
-1
-1
-1
-1
-1
-1
-1
-1
-1
-1
-1
-1
-1
-1
-1
-1
-1
-1
-1
-1
-1
-1
-1
-1
-1
-1
-1
-1
-1
-1
-1
15 73 1
-1
-1
-1
-1
-1
-1
-1
-1
-1
-1
-1
-1
25 164 11
-1
-1
-1
-1
-1
-1
-1
-1
-1
-1
-1
-1
-1
-1
-1
-1
-1
28 6 5
-1
-1
-1
-1
-1
-1
-1
-1
-1
