3 5 2 11 8 7 9 1 0 4 6 10
115
-1
-1
-1
-1
-1
-1
-1
40 50 50
-1
-1
-1
-1
-1
-1
-1
-1
-1
-1
-1
-1
-1
-1
-1
-1
-1
-1
-1
-1
-1
-1
-1
-1
-1
-1
-1
-1
-1
-1
7 155 2
-1
-1
-1
-1
-1
-1
-1
-1
-1
-1
-1
-1
-1
31 97 147
18 7 9
-1
-1
-1
-1
-1
-1
-1
-1
-1
-1
-1
-1
-1
-1
-1
-1
-1
-1
-1
-1
-1
-1
-1
-1
-1
-1
35 6 3
-1
-1
-1
-1
17 129 106
-1
-1
-1
-1
-1
-1
-1
-1
26 4 0
-1
-1
-1
-1
-1
-1
-1
-1
4 92 64
-1
-1
-1
-1
-1
-1
-1
-1
-1
-1
-1
-1
-1
15 65 8
-1
-1
-1
-1
-1
-1
-1
-1
-1
-1
-1
-1
-1
-1
-1
-1
-1
1 5 19
-1
-1
-1
-1
-1
-1
-1
15 10 11
-1
-1
-1
-1
-1
-1
-1
-1
-1
-1
-1
-1
-1
-1
-1
-1
-1
-1
-1
-1
-1
-1
-1
-1
-1
-1
-1
-1
-1
-1
-1
-1
-1
-1
-1
