3 6 13 8 2 10 4 7 9 0 11 12 1 5
132
-1
-1
-1
-1
-1
-1
-1
-1
-1
24 9 40
-1
-1
-1
-1
-1
36 23 0
-1
-1
-1
-1
-1
-1
-1
-1
-1
-1
25 3 4
-1
-1
-1
-1
-1
-1
-1
-1
-1
-1
-1
-1
-1
-1
-1
-1
-1
-1
-1
-1
-1
-1
-1
-1
25 13 12
-1
-1
-1
-1
-1
45 170 8
-1
-1
-1
-1
-1
-1
-1
-1
-1
-1
-1
-1
-1
-1
-1
-1
-1
-1
-1
-1
-1
-1
-1
-1
-1
-1
2 111 12
-1
-1
-1
-1
-1
-1
-1
-1
-1
-1
-1
-1
23 65 65
-1
-1
-1
-1
-1
-1
-1
-1
-1
-1
-1
-1
-1
-1
-1
-1
-1
-1
-1
-1
10 217 29
-1
-1
-1
-1
-1
-1
-1
-1
-1
26 2 7
-1
13 142 71
-1
-1
-1
-1
-1
-1
-1
-1
-1
-1
-1
-1
-1
-1
-1
-1
-1
-1
-1
-1
-1
-1
-1
-1
-1
12 23 6
-1
-1
-1
-1
-1
-1
-1
-1
-1
-1
-1
-1
-1
-1
-1
-1
-1
12 98 12
-1
-1
-1
-1
-1
-1
-1
-1
-1
-1
-1
-1
-1
-1
-1
-1
-1
-1
-1
-1
-1
-1
-1
-1
-1
-1
-1
-1
35 188 144
-1
-1
-1
-1
-1
-1
-1
-1
