6 3 7 11 8 2 9 0 12 10 5 4 1
181
-1
-1
-1
-1
-1
-1
6 137 9
-1
-1
-1
-1
-1
-1
-1
-1
-1
-1
-1
-1
-1
-1
-1
-1
-1
-1
-1
-1
-1
-1
-1
-1
-1
-1
-1
-1
-1
-1
-1
-1
-1
-1
-1
-1
7 149 10
-1
-1
-1
-1
-1
-1
-1
-1
-1
-1
-1
-1
-1
-1
-1
-1
-1
-1
-1
-1
-1
-1
-1
-1
-1
-1
-1
-1
-1
-1
-1
-1
-1
-1
-1
-1
-1
-1
-1
-1
-1
-1
-1
-1
-1
-1
13 0 6
-1
-1
-1
-1
-1
-1
0 5 11
-1
-1
-1
-1
-1
-1
-1
-1
-1
-1
-1
-1
-1
-1
-1
-1
-1
-1
-1
-1
-1
-1
-1
-1
-1
-1
0 103 56
-1
-1
-1
-1
-1
-1
-1
-1
-1
-1
-1
6 4 152
-1
-1
14 3 1
-1
-1
-1
-1
-1
-1
-1
-1
-1
-1
-1
-1
-1
19 12 173
-1
-1
-1
-1
-1
-1
3 8 176
-1
-1
23 2 110
-1
-1
-1
-1
8 166 182
20 56 19
-1
