7 3 5 9 6 10 2 0 13 12 1 4 8 11
34
-1
-1
-1
-1
-1
-1
-1
-1
-1
-1
-1
-1
-1
-1
-1
-1
-1
-1
-1
-1
11 169 150
-1
-1
-1
-1
-1
-1
-1
-1
-1
-1
-1
-1
-1
-1
-1
-1
-1
-1
-1
-1
-1
-1
-1
-1
8 140 2
-1
-1
-1
-1
-1
7 0 159
-1
-1
-1
-1
-1
-1
-1
-1
-1
-1
-1
-1
-1
-1
-1
-1
-1
-1
-1
-1
-1
-1
-1
-1
-1
-1
16 171 108
-1
-1
-1
-1
-1
-1
-1
-1
-1
-1
-1
-1
-1
-1
-1
21 130 130
-1
-1
-1
-1
-1
-1
-1
-1
-1
-1
-1
-1
-1
-1
-1
-1
-1
-1
-1
-1
-1
6 65 5
-1
-1
-1
-1
-1
-1
-1
-1
-1
21 10 167
-1
-1
-1
-1
-1
-1
-1
-1
-1
2 6 178
-1
-1
-1
-1
-1
-1
-1
-1
10 11 171
-1
-1
-1
-1
-1
-1
-1
9 8 12
-1
0 92 167
-1
10 7 9
-1
-1
-1
-1
-1
-1
5 59 4
-1
-1
-1
