5 4 6 1 10 0 3 2 8 9 7
95
-1
-1
-1
-1
-1
-1
-1
-1
-1
-1
-1
-1
-1
-1
-1
-1
-1
-1
-1
7 2 0
30 9 62
-1
-1
-1
-1
-1
-1
33 7 82
18 1 3
-1
-1
-1
-1
-1
-1
-1
-1
-1
-1
-1
22 8 30
-1
-1
-1
-1
-1
-1
-1
-1
-1
-1
16 39 4
-1
-1
-1
-1
-1
-1
-1
-1
-1
-1
-1
-1
-1
-1
-1
-1
-1
-1
-1
6 6 168
-1
-1
-1
-1
-1
-1
-1
-1
-1
-1
-1
-1
13 51 38
-1
-1
-1
-1
-1
-1
-1
-1
-1
-1
-1
-1
-1
-1
-1
-1
-1
-1
-1
-1
-1
-1
-1
-1
-1
-1
-1
-1
-1
-1
-1
-1
-1
-1
-1
-1
-1
-1
-1
-1
-1
-1
-1
-1
-1
-1
-1
-1
-1
31 39 31
-1
-1
-1
-1
-1
-1
-1
-1
-1
-1
-1
-1
-1
-1
-1
-1
-1
-1
-1
-1
-1
-1
36 145 5
-1
-1
-1
-1
-1
-1
-1
-1
-1
