5 1 10 8 9 3 6 7 2 4 0
87
-1
-1
-1
-1
-1
-1
-1
-1
22 158 4
-1
-1
-1
-1
-1
-1
-1
-1
-1
-1
-1
-1
-1
-1
-1
-1
-1
-1
-1
-1
24 1 0
-1
-1
-1
-1
-1
-1
23 158 9
-1
-1
-1
-1
-1
-1
-1
-1
-1
-1
-1
-1
-1
-1
-1
-1
-1
-1
-1
-1
-1
-1
-1
-1
-1
-1
-1
-1
-1
-1
-1
-1
-1
-1
-1
-1
-1
-1
-1
13 47 98
-1
-1
-1
-1
-1
-1
-1
-1
-1
4 19 2
19 145 124
-1
-1
-1
-1
-1
-1
-1
-1
-1
-1
-1
-1
-1
-1
-1
-1
-1
-1
-1
-1
-1
-1
-1
-1
-1
9 151 40
-1
-1
-1
-1
-1
-1
-1
-1
-1
-1
-1
-1
-1
-1
-1
-1
-1
-1
-1
-1
21 97 5
-1
-1
-1
-1
-1
1 10 8
-1
-1
-1
-1
-1
-1
19 7 6
-1
-1
-1
-1
-1
-1
-1
