1 6 0 8 11 7 3 5 10 9 2 4
163
-1
-1
-1
-1
-1
-1
-1
-1
-1
-1
-1
-1
-1
-1
-1
-1
-1
-1
-1
-1
12 95 7
-1
-1
-1
-1
-1
-1
-1
-1
-1
-1
-1
-1
-1
-1
-1
-1
-1
-1
-1
-1
-1
-1
-1
-1
-1
-1
-1
-1
-1
-1
-1
-1
-1
-1
-1
-1
-1
-1
-1
-1
-1
-1
-1
-1
-1
-1
-1
-1
-1
-1
-1
-1
23 8 9
-1
-1
-1
-1
-1
-1
-1
20 2 4
-1
13 93 3
-1
-1
-1
-1
-1
-1
-1
-1
-1
-1
-1
-1
-1
-1
-1
-1
-1
-1
-1
-1
-1
-1
21 126 192
-1
-1
-1
-1
-1
-1
-1
5 175 32
-1
-1
-1
-1
-1
-1
-1
-1
-1
-1
-1
-1
-1
-1
-1
-1
-1
-1
-1
-1
-1
-1
-1
-1
-1
-1
-1
-1
-1
-1
-1
-1
-1
-1
-1
0 11 0
18 118 184
-1
-1
-1
-1
-1
-1
-1
-1
-1
-1
-1
17 85 85
-1
-1
-1
-1
-1
-1
-1
-1
6 1 6
-1
-1
-1
-1
-1
-1
-1
15 10 162
-1
-1
