1 4 0 5 12 6 9 2 11 3 10 13 8 7
142
-1
-1
-1
-1
-1
-1
-1
13 3 12
-1
-1
-1
-1
-1
-1
-1
-1
-1
-1
-1
-1
-1
-1
-1
-1
-1
-1
-1
-1
-1
-1
-1
2 72 2
-1
-1
-1
-1
-1
-1
-1
-1
-1
-1
-1
-1
-1
-1
-1
11 104 1
-1
-1
-1
-1
-1
-1
-1
-1
-1
-1
1 4 147
-1
-1
3 61 45
-1
-1
-1
-1
-1
-1
10 21 11
-1
-1
-1
-1
2 5 1
-1
-1
-1
-1
-1
-1
-1
-1
-1
-1
-1
-1
-1
-1
-1
-1
14 7 87
10 75 75
-1
-1
-1
-1
-1
-1
-1
-1
-1
-1
-1
-1
-1
-1
-1
-1
-1
-1
-1
-1
-1
-1
-1
-1
-1
12 10 0
-1
-1
-1
2 131 82
-1
-1
-1
-1
-1
-1
9 135 105
-1
-1
-1
-1
6 6 8
-1
-1
-1
-1
-1
-1
-1
